ts_code,trade_date,open,high,low,close,pre_close,change,pct_chg,vol,amount,adj_factor,adj_close,adj_open,adj_high,adj_low
300192.SZ,20110322,27.0,29.8,26.58,27.9,22.82,5.08,22.26,120992.72,340068.2083,1.0,7.387401699896735,7.149098419254905,7.890486403473933,7.0378902216220505
300192.SZ,20110323,26.89,27.36,26.39,27.21,27.9,-0.69,-2.47,64374.91,173170.8569,1.0,7.204702518071333,7.119972462732015,7.244419731511637,6.987581751264331
300192.SZ,20110324,26.76,27.97,26.69,27.04,27.21,-0.17,-0.62,50665.86,138849.0224,1.0,7.159689676172319,7.085550877750418,7.40593639950221,7.067016178144942
300192.SZ,20110325,26.2,26.3,25.58,25.61,27.04,-1.43,-5.29,52750.11,136256.1194,1.0,6.781052241374745,6.937273280906611,6.963751423200149,6.773108798686684
300192.SZ,20110328,25.6,25.66,24.66,24.91,25.61,-0.7,-2.73,31040.33,77711.9574,1.0,6.595705245319989,6.778404427145392,6.794291312521514,6.529509889586147
300192.SZ,20110329,24.9,24.9,23.75,23.83,24.91,-1.08,-4.34,25908.82,62483.0906,1.0,6.309741308549792,6.593057431090634,6.593057431090634,6.288558794714963
300192.SZ,20110330,23.78,24.09,23.6,23.7,23.83,-0.13,-0.55,10621.31,25354.5185,1.0,6.275319723568194,6.296502237403025,6.378584478512988,6.248841581274658
300192.SZ,20110331,23.62,24.08,23.53,23.72,23.7,0.02,0.08,11201.81,26673.6202,1.0,6.280615352026902,6.254137209733366,6.375936664283634,6.230306881669183
300192.SZ,20110401,23.6,23.7,23.05,23.36,23.72,-0.36,-1.52,16608.92,38572.5117,1.0,6.185294039770169,6.248841581274658,6.275319723568194,6.103211798660206
300192.SZ,20110406,23.4,23.57,23.21,23.43,23.36,0.07,0.3,9673.06,22624.2137,1.0,6.203828739375646,6.195885296687584,6.240898138586597,6.145576826329865
300192.SZ,20110407,23.47,23.49,22.9,23.37,23.43,-0.06,-0.26,10134.02,23481.1655,1.0,6.187941853999524,6.21441999629306,6.219715624751767,6.0634945852199005
300192.SZ,20110408,23.27,23.49,23.2,23.41,23.37,0.04,0.17,8307.87,19429.4032,1.0,6.198533110916938,6.161463711705987,6.219715624751767,6.142929012100511
300192.SZ,20110411,23.26,23.37,22.4,22.42,23.41,-0.99,-4.23,19433.64,44310.5844,1.0,5.936399502210925,6.158815897476633,6.187941853999524,5.9311038737522175
300192.SZ,20110412,21.65,22.35,21.65,21.87,22.42,-0.55,-2.45,13733.71,30046.3811,1.0,5.790769719596473,5.7325178065506925,5.9178648026054494,5.7325178065506925
300192.SZ,20110413,21.85,22.18,21.6,22.15,21.87,0.28,1.28,6688.22,14718.2831,1.0,5.864908518018376,5.785474091137767,5.872851960706437,5.7192787354039245
300192.SZ,20110414,22.15,22.15,21.85,21.95,22.15,-0.2,-0.9,5140.35,11281.8015,1.0,5.811952233431303,5.864908518018376,5.864908518018376,5.785474091137767
300192.SZ,20110415,21.8,21.98,21.62,21.74,21.95,-0.21,-0.96,6006.1,13051.2967,1.0,5.756348134614875,5.7722350199909975,5.819895676119364,5.724574363862632
300192.SZ,20110418,21.69,21.8,21.55,21.76,21.74,0.02,0.09,5035.25,10917.6693,1.0,5.761643763073583,5.743109063468108,5.7722350199909975,5.706039664257156
300192.SZ,20110419,21.66,21.74,21.21,21.35,21.76,-0.41,-1.88,6870.07,14713.2037,1.0,5.653083379670083,5.735165620780046,5.756348134614875,5.616013980459131
300192.SZ,20110420,21.35,21.74,21.35,21.7,21.35,0.35,1.64,4897.22,10555.3714,1.0,5.745756877697461,5.653083379670083,5.756348134614875,5.653083379670083
300192.SZ,20110421,21.71,21.86,21.65,21.75,21.7,0.05,0.23,4975.7,10808.9263,1.0,5.7589959488442295,5.748404691926814,5.788121905367119,5.7325178065506925
300192.SZ,20110422,21.8,21.86,21.51,21.55,21.75,-0.2,-0.92,4264.68,9231.2772,1.0,5.706039664257156,5.7722350199909975,5.788121905367119,5.695448407339741
300192.SZ,20110425,21.21,21.4,20.66,20.71,21.55,-0.84,-3.9,7692.71,16121.31,1.0,5.483623268991448,5.616013980459131,5.666322450816851,5.470384197844679
300192.SZ,20110426,20.3,20.95,20.3,20.5,20.71,-0.21,-1.01,3450.79,7088.4773,1.0,5.428019170175021,5.375062885587948,5.547170810495936,5.375062885587948
300192.SZ,20110427,20.57,20.79,20.04,20.07,20.5,-0.43,-2.1,3206.38,6538.0527,1.0,5.314163158312813,5.446553869780496,5.504805782826277,5.306219715624752
300192.SZ,20110428,20.2,20.4,19.33,19.45,20.07,-0.62,-3.09,4768.51,9426.8573,1.0,5.149998676092885,5.348584743294411,5.401541027881484,5.118224905340641
300192.SZ,20110429,19.15,19.53,19.15,19.47,19.45,0.02,0.1,3296.76,6389.7071,1.0,5.155294304551592,5.070564249212275,5.171181189927715,5.070564249212275
300192.SZ,20110503,19.44,19.46,19.18,19.4,19.47,-0.07,-0.36,4401.94,8501.7744,1.0,5.136759604946117,5.147350861863532,5.15264649032224,5.078507691900336
300192.SZ,20110504,19.4,19.54,19.1,19.23,19.4,-0.17,-0.88,3950.35,7624.8454,1.0,5.091746763047105,5.136759604946117,5.173829004157068,5.057325178065508
300192.SZ,20110505,19.05,19.4,19.03,19.38,19.23,0.15,0.78,2328.67,4494.7143,1.0,5.131463976487409,5.044086106918739,5.136759604946117,5.038790478460031
300192.SZ,20110506,19.31,19.31,19.08,19.24,19.38,-0.14,-0.72,2789.35,5353.8612,1.0,5.094394577276458,5.112929276881934,5.112929276881934,5.052029549606799
300192.SZ,20110509,19.18,19.55,19.18,19.47,19.24,0.23,1.2,3639.97,7079.5326,1.0,5.155294304551592,5.078507691900336,5.176476818386423,5.078507691900336
300192.SZ,20110510,19.52,19.63,19.4,19.49,19.47,0.02,0.1,2157.8,4204.5172,1.0,5.1605899330103,5.168533375698361,5.197659332221251,5.136759604946117
300192.SZ,20110511,19.51,19.58,19.31,19.44,19.49,-0.05,-0.26,2216.2,4309.5689,1.0,5.147350861863532,5.165885561469008,5.184420261074482,5.112929276881934
300192.SZ,20110512,19.39,19.4,18.92,18.92,19.44,-0.52,-2.67,3835.22,7345.0514,1.0,5.009664521937141,5.134111790716764,5.136759604946117,5.009664521937141
300192.SZ,20110513,18.88,19.08,18.62,18.92,18.92,0.0,0.0,3382.57,6371.2929,1.0,5.009664521937141,4.999073265019726,5.052029549606799,4.930230095056531
300192.SZ,20110516,19.07,19.5,18.92,19.35,18.92,0.43,2.27,4792.88,9260.6952,1.0,5.123520533799349,5.049381735377446,5.163237747239654,5.009664521937141
300192.SZ,20110517,19.29,19.39,19.11,19.38,19.35,0.03,0.16,2188.99,4226.6109,1.0,5.131463976487409,5.107633648423226,5.134111790716764,5.059972992294861
300192.SZ,20110518,19.34,19.49,19.21,19.42,19.38,0.04,0.21,2858.78,5542.079,1.0,5.142055233404824,5.120872719569995,5.1605899330103,5.086451134588398
300192.SZ,20110519,19.45,20.07,19.45,19.58,19.42,0.16,0.82,7187.73,14221.3157,1.0,5.184420261074482,5.149998676092885,5.314163158312813,5.149998676092885
300192.SZ,20110520,19.63,19.67,19.05,19.45,19.58,-0.13,-0.66,4026.43,7809.1135,1.0,5.149998676092885,5.197659332221251,5.208250589138666,5.044086106918739
300192.SZ,20110523,19.31,19.39,18.28,18.28,19.45,-1.17,-6.02,4722.02,8849.4087,1.0,4.840204411258506,5.112929276881934,5.134111790716764,4.840204411258506
300192.SZ,20110524,18.41,18.82,18.04,18.78,18.28,0.5,2.74,4371.87,8080.3845,1.0,4.97259512272619,4.874625996240104,4.9831863796436044,4.776656869754018
300192.SZ,20110525,18.52,18.7,18.15,18.2,18.78,-0.58,-3.09,2128.2,3914.8782,1.0,4.819021897423677,4.9037519527629945,4.95141260889136,4.805782826276908
300192.SZ,20110526,18.49,18.49,18.05,18.12,18.2,-0.08,-0.44,1912.25,3496.622,1.0,4.797839383588848,4.895808510074933,4.895808510074933,4.779304683983372
300192.SZ,20110527,18.22,18.22,17.99,18.02,18.12,-0.1,-0.55,2092.96,3780.3565,1.0,4.771361241295311,4.824317525882384,4.824317525882384,4.763417798607249
300192.SZ,20110530,17.98,18.18,17.7,17.9,18.02,-0.12,-0.67,2053.83,3700.7649,1.0,4.739587470543066,4.760769984377896,4.813726268964969,4.686631185955993
300192.SZ,20110531,17.92,18.28,17.75,18.19,17.9,0.29,1.62,2021.5,3634.5007,1.0,4.816374083194323,4.744883099001775,4.840204411258506,4.699870257102762
300192.SZ,20110601,18.23,18.35,18.12,18.2,18.19,0.01,0.06,2013.98,3670.4536,1.0,4.819021897423677,4.826965340111738,4.858739110863982,4.797839383588848
300192.SZ,20110602,18.1,18.1,17.7,17.86,18.2,-0.34,-1.87,2603.0,4640.3355,1.0,4.728996213625652,4.792543755130141,4.792543755130141,4.686631185955993
300192.SZ,20110603,17.98,18.19,17.85,18.17,17.86,0.31,1.74,1803.55,3260.2592,1.0,4.8110784547356165,4.760769984377896,4.816374083194323,4.726348399396299
300192.SZ,20110607,17.95,18.23,17.95,18.19,18.17,0.02,0.11,1859.69,3365.0894,1.0,4.816374083194323,4.752826541689835,4.826965340111738,4.752826541689835
300192.SZ,20110608,18.21,18.21,17.76,18.01,18.19,-0.18,-0.99,1632.17,2928.4552,1.0,4.768713427065958,4.821669711653031,4.821669711653031,4.702518071332116
300192.SZ,20110609,17.89,18.08,17.66,17.66,18.01,-0.35,-1.94,2045.49,3646.3867,1.0,4.676039929038579,4.736939656313713,4.787248126671432,4.676039929038579
300192.SZ,20110610,17.66,17.67,17.21,17.56,17.66,-0.1,-0.57,3356.22,5837.083,1.0,4.649561786745042,4.676039929038579,4.678687743267933,4.556888288717664
300192.SZ,20110613,17.5,17.64,17.31,17.57,17.56,0.01,0.06,1704.7,2990.4076,1.0,4.652209600974396,4.63367490136892,4.670744300579871,4.5833664310112
300192.SZ,20110614,17.51,17.71,17.5,17.65,17.57,0.08,0.46,1742.3,3071.4356,1.0,4.673392114809225,4.636322715598274,4.689279000185348,4.63367490136892
300192.SZ,20110615,17.69,17.7,17.5,17.5,17.65,-0.15,-0.85,1613.0,2835.5941,1.0,4.63367490136892,4.68398337172664,4.686631185955993,4.63367490136892
300192.SZ,20110616,17.34,17.35,17.08,17.18,17.5,-0.32,-1.83,2222.7,3817.8327,1.0,4.5489448460296025,4.591309873699261,4.593957687928615,4.5224667037360655
300192.SZ,20110617,17.28,17.28,16.93,16.93,17.18,-0.25,-1.46,1462.56,2501.4327,1.0,4.4827494902957605,4.575422988323139,4.575422988323139,4.4827494902957605
300192.SZ,20110620,16.91,16.99,16.74,16.8,16.93,-0.13,-0.77,1049.6,1769.8319,1.0,4.448327905314163,4.477453861837054,4.498636375671882,4.43244101993804
300192.SZ,20110621,16.83,16.95,16.6,16.85,16.8,0.05,0.3,1433.98,2408.0751,1.0,4.461566976460932,4.456271348002224,4.488045118754468,4.39537162072709
300192.SZ,20110622,16.9,16.9,15.97,16.06,16.85,-0.79,-4.69,14606.2,23772.7824,1.0,4.252389652341991,4.474806047607699,4.474806047607699,4.228559324277809
300192.SZ,20110623,15.99,16.5,15.45,16.4,16.06,0.34,2.12,15300.9,24354.0817,1.0,4.342415336140016,4.233854952736516,4.368893478433553,4.090872984351418
300192.SZ,20110624,16.1,16.96,16.1,16.85,16.4,0.45,2.74,15009.34,24920.6352,1.0,4.461566976460932,4.262980909259407,4.490692932983822,4.262980909259407
300192.SZ,20110627,16.88,17.21,16.76,16.98,16.85,0.13,0.77,8882.06,15099.9887,1.0,4.4959885614425295,4.4695104191489925,4.556888288717664,4.437736648396749
300192.SZ,20110628,16.88,17.01,16.7,16.98,16.98,0.0,0.0,5675.32,9564.0008,1.0,4.4959885614425295,4.4695104191489925,4.503932004130591,4.421849763020626
300192.SZ,20110629,16.89,17.1,16.8,16.81,16.98,-0.17,-1.0,4273.2,7241.5765,1.0,4.450975719543517,4.472158233378346,4.527762332194774,4.448327905314163
300192.SZ,20110630,16.77,17.07,16.7,17.05,16.81,0.24,1.43,5043.27,8533.5956,1.0,4.514523261048005,4.440384462626102,4.519818889506713,4.421849763020626
300192.SZ,20110701,17.08,17.16,16.95,16.99,17.05,-0.06,-0.35,6978.21,11901.8772,1.0,4.498636375671882,4.5224667037360655,4.543649217570895,4.488045118754468
300192.SZ,20110704,17.11,17.35,16.99,17.31,16.99,0.32,1.88,7385.93,12682.9925,1.0,4.5833664310112,4.530410146424127,4.593957687928615,4.498636375671882
300192.SZ,20110705,17.34,17.48,17.17,17.37,17.31,0.06,0.35,9110.24,15740.3208,1.0,4.599253316387323,4.591309873699261,4.6283792729102124,4.54629703180025
300192.SZ,20110706,17.31,17.68,17.26,17.67,17.37,0.3,1.73,11802.25,20696.3889,1.0,4.678687743267933,4.5833664310112,4.681335557497286,4.570127359864433
300192.SZ,20110707,17.64,18.43,17.63,18.0,17.67,0.33,1.87,16324.32,29557.262,1.0,4.766065612836603,4.670744300579871,4.879921624698811,4.668096486350517
300192.SZ,20110708,17.86,18.04,17.74,17.86,18.0,-0.14,-0.78,5946.83,10615.2625,1.0,4.728996213625652,4.728996213625652,4.776656869754018,4.697222442873407
300192.SZ,20110711,17.81,18.17,17.75,18.06,17.86,0.2,1.12,5367.05,9674.0742,1.0,4.781952498212725,4.715757142478884,4.8110784547356165,4.699870257102762
300192.SZ,20110712,17.97,17.97,17.56,17.58,18.06,-0.48,-2.66,6412.47,11346.0744,1.0,4.6548574152037485,4.758122170148543,4.758122170148543,4.649561786745042
300192.SZ,20110713,17.58,18.12,17.58,18.08,17.58,0.5,2.84,6995.53,12507.7449,1.0,4.787248126671432,4.6548574152037485,4.797839383588848,4.6548574152037485
300192.SZ,20110714,18.11,18.69,18.11,18.58,18.08,0.5,2.77,12164.92,22368.1944,1.0,4.919638838139115,4.795191569359494,4.948764794662007,4.795191569359494
300192.SZ,20110715,18.49,19.24,18.46,18.93,18.58,0.35,1.88,13384.15,25436.4089,1.0,5.012312336166494,4.895808510074933,5.094394577276458,4.887865067386873
300192.SZ,20110718,19.02,19.18,18.51,18.59,18.93,-0.34,-1.8,10411.98,19539.7847,1.0,4.92228665236847,5.0361426642306775,5.078507691900336,4.901104138533641
300192.SZ,20110719,18.48,18.48,17.98,18.01,18.59,-0.58,-3.12,11282.96,20458.539,1.0,4.768713427065958,4.893160695845579,4.893160695845579,4.760769984377896
300192.SZ,20110720,18.1,18.38,17.86,18.11,18.01,0.1,0.56,8276.94,14943.0438,1.0,4.795191569359494,4.792543755130141,4.866682553552042,4.728996213625652
300192.SZ,20110721,18.21,18.23,17.63,17.66,18.11,-0.45,-2.48,7916.55,14085.3624,1.0,4.676039929038579,4.821669711653031,4.826965340111738,4.668096486350517
300192.SZ,20110722,17.71,17.97,17.68,17.92,17.66,0.26,1.47,8779.79,15692.7119,1.0,4.744883099001775,4.689279000185348,4.758122170148543,4.681335557497286
300192.SZ,20110725,17.85,18.36,17.41,17.45,17.92,-0.47,-2.62,11325.87,20250.4412,1.0,4.620435830222151,4.726348399396299,4.861386925093336,4.609844573304737
300192.SZ,20110726,17.43,17.56,17.09,17.28,17.45,-0.17,-0.97,4605.5,7958.7093,1.0,4.575422988323139,4.615140201763444,4.649561786745042,4.525114517965419
300192.SZ,20110727,17.14,17.77,17.08,17.66,17.28,0.38,2.2,5715.59,10013.8777,1.0,4.676039929038579,4.538353589112188,4.705165885561469,4.5224667037360655
300192.SZ,20110728,17.5,18.24,17.38,18.23,17.66,0.57,3.23,11694.19,20828.0514,1.0,4.826965340111738,4.63367490136892,4.829613154341091,4.601901130616676
300192.SZ,20110729,18.15,18.29,17.81,17.92,18.23,-0.31,-1.7,8242.86,14871.5454,1.0,4.744883099001775,4.805782826276908,4.842852225487859,4.715757142478884
300192.SZ,20110801,17.72,18.51,17.58,18.5,17.92,0.58,3.24,12170.89,22155.9906,1.0,4.898456324304287,4.691926814414701,4.901104138533641,4.6548574152037485
300192.SZ,20110802,18.36,20.26,18.3,19.98,18.5,1.48,8.0,45261.23,87631.76,1.0,5.29033283024863,4.861386925093336,5.364471628670533,4.845500039717214
300192.SZ,20110803,19.6,19.89,19.24,19.41,19.98,-0.57,-2.85,24240.22,47434.9922,1.0,5.139407419175471,5.189715889533191,5.266502502184447,5.094394577276458
300192.SZ,20110804,19.39,19.58,18.8,19.01,19.41,-0.4,-2.06,14925.31,28491.5741,1.0,5.033494850001325,5.134111790716764,5.184420261074482,4.977890751184897
300192.SZ,20110805,18.36,18.87,18.07,18.5,19.01,-0.51,-2.68,11758.69,21835.816,1.0,4.898456324304287,4.861386925093336,4.9964254507903725,4.78460031244208
300192.SZ,20110808,18.29,18.4,16.8,17.0,18.5,-1.5,-8.11,16173.63,28184.6722,1.0,4.501284189901237,4.842852225487859,4.87197818201075,4.448327905314163
300192.SZ,20110809,16.58,17.2,16.16,17.0,17.0,0.0,0.0,10277.87,17156.3035,1.0,4.501284189901237,4.390075992268382,4.55424047448831,4.278867794635529
300192.SZ,20110810,17.3,17.55,17.12,17.14,17.0,0.14,0.82,7582.87,13158.3917,1.0,4.538353589112188,4.580718616781847,4.646913972515689,4.533057960653481
300192.SZ,20110811,17.09,17.75,16.78,17.65,17.14,0.51,2.98,10967.88,19092.8902,1.0,4.673392114809225,4.525114517965419,4.699870257102762,4.443032276855456
300192.SZ,20110812,18.0,18.21,17.75,17.94,17.65,0.29,1.64,10050.25,18081.3223,1.0,4.750178727460482,4.766065612836603,4.821669711653031,4.699870257102762
300192.SZ,20110815,18.22,18.66,18.0,18.6,17.94,0.66,3.68,13101.09,23981.6393,1.0,4.924934466597824,4.824317525882384,4.940821351973946,4.766065612836603
300192.SZ,20110816,18.69,18.69,18.19,18.24,18.6,-0.36,-1.94,8247.82,15140.69,1.0,4.829613154341091,4.948764794662007,4.948764794662007,4.816374083194323
300192.SZ,20110817,18.38,18.9,18.23,18.65,18.24,0.41,2.25,12161.29,22609.8462,1.0,4.938173537744592,4.866682553552042,5.004368893478433,4.826965340111738
300192.SZ,20110818,18.73,18.78,18.29,18.3,18.65,-0.35,-1.88,8136.41,15018.1868,1.0,4.845500039717214,4.959356051579421,4.97259512272619,4.842852225487859
300192.SZ,20110819,17.98,18.06,17.6,18.04,18.3,-0.26,-1.42,8325.67,14830.2986,1.0,4.776656869754018,4.760769984377896,4.781952498212725,4.660153043662457
300192.SZ,20110822,18.18,18.87,18.08,18.7,18.04,0.66,3.66,12668.33,23506.8087,1.0,4.95141260889136,4.813726268964969,4.9964254507903725,4.787248126671432
300192.SZ,20110823,18.88,19.38,18.7,19.33,18.7,0.63,3.37,16545.44,31756.6079,1.0,5.118224905340641,4.999073265019726,5.131463976487409,4.95141260889136
300192.SZ,20110824,19.38,19.63,19.01,19.01,19.33,-0.32,-1.66,16385.54,31568.4776,1.0,5.033494850001325,5.131463976487409,5.197659332221251,5.033494850001325
300192.SZ,20110825,19.0,19.14,18.46,18.98,19.01,-0.03,-0.16,16024.33,30105.6335,1.0,5.025551407313263,5.03084703577197,5.067916434982922,4.887865067386873
300192.SZ,20110826,18.93,19.6,18.7,19.54,18.98,0.56,2.95,16525.06,31958.426,1.0,5.173829004157068,5.012312336166494,5.189715889533191,4.95141260889136
300192.SZ,20110829,19.57,20.15,19.4,19.9,19.54,0.36,1.84,19933.68,39569.2844,1.0,5.2691503164138,5.181772446845129,5.335345672147642,5.136759604946117
300192.SZ,20110830,19.88,19.9,18.98,18.99,19.9,-0.91,-4.57,13108.98,25598.0308,1.0,5.028199221542616,5.263854687955093,5.2691503164138,5.025551407313263
300192.SZ,20110831,18.91,19.1,18.58,18.88,18.99,-0.11,-0.58,9078.98,17061.042,1.0,4.999073265019726,5.007016707707788,5.057325178065508,4.919638838139115
300192.SZ,20110901,19.04,19.27,18.69,18.81,18.88,-0.07,-0.37,6230.52,11822.6449,1.0,4.980538565414251,5.041438292689385,5.102338019964519,4.948764794662007
300192.SZ,20110902,18.7,18.86,18.22,18.45,18.81,-0.36,-1.91,5385.01,9948.2921,1.0,4.885217253157518,4.95141260889136,4.993777636561019,4.824317525882384
300192.SZ,20110905,18.11,18.3,17.97,18.09,18.45,-0.36,-1.95,5896.67,10666.2988,1.0,4.789895940900786,4.795191569359494,4.845500039717214,4.758122170148543
300192.SZ,20110906,17.9,18.1,17.4,17.7,18.09,-0.39,-2.16,4963.57,8799.6693,1.0,4.686631185955993,4.739587470543066,4.792543755130141,4.607196759075383
300192.SZ,20110907,17.8,18.3,17.8,18.29,17.7,0.59,3.33,4518.4,8171.663,1.0,4.842852225487859,4.71310932824953,4.845500039717214,4.71310932824953
300192.SZ,20110908,18.28,18.42,17.82,17.82,18.29,-0.47,-2.57,4091.51,7429.4305,1.0,4.718404956708238,4.840204411258506,4.877273810469458,4.718404956708238
300192.SZ,20110909,17.7,17.99,17.55,17.58,17.82,-0.24,-1.35,2818.2,4994.5034,1.0,4.6548574152037485,4.686631185955993,4.763417798607249,4.646913972515689
300192.SZ,20110913,17.41,17.41,17.07,17.2,17.58,-0.38,-2.16,2856.83,4921.2966,1.0,4.55424047448831,4.609844573304737,4.609844573304737,4.519818889506713
300192.SZ,20110914,17.25,17.55,16.92,17.54,17.2,0.34,1.98,3799.78,6552.9124,1.0,4.644266158286334,4.567479545635078,4.646913972515689,4.480101676066408
300192.SZ,20110915,17.51,17.84,17.42,17.42,17.54,-0.12,-0.68,3850.3,6775.494,1.0,4.612492387534092,4.636322715598274,4.723700585166945,4.612492387534092
300192.SZ,20110916,17.52,17.7,17.41,17.41,17.42,-0.01,-0.06,2587.92,4537.0982,1.0,4.609844573304737,4.638970529827628,4.686631185955993,4.609844573304737
300192.SZ,20110919,17.3,17.3,16.8,16.8,17.41,-0.61,-3.5,3557.83,6059.2527,1.0,4.448327905314163,4.580718616781847,4.580718616781847,4.448327905314163
300192.SZ,20110920,16.68,17.05,16.65,16.99,16.8,0.19,1.13,2663.39,4497.3268,1.0,4.498636375671882,4.41655413456192,4.514523261048005,4.408610691873858
300192.SZ,20110921,16.94,17.55,16.77,17.47,16.99,0.48,2.83,4678.43,8105.0541,1.0,4.625731458680859,4.485397304525115,4.646913972515689,4.440384462626102
300192.SZ,20110922,17.35,17.47,16.8,16.87,17.47,-0.6,-3.43,5003.85,8543.0871,1.0,4.46686260491964,4.593957687928615,4.625731458680859,4.448327905314163
300192.SZ,20110923,16.62,16.87,16.5,16.74,16.87,-0.13,-0.77,3192.27,5310.5031,1.0,4.43244101993804,4.400667249185798,4.46686260491964,4.368893478433553
300192.SZ,20110926,16.71,16.87,16.4,16.47,16.74,-0.27,-1.61,2537.99,4217.2614,1.0,4.360950035745492,4.424497577249981,4.46686260491964,4.342415336140016
300192.SZ,20110927,16.65,16.67,16.4,16.53,16.47,0.06,0.36,2588.04,4277.0738,1.0,4.376836921121615,4.408610691873858,4.413906320332566,4.342415336140016
300192.SZ,20110928,16.66,16.68,16.24,16.36,16.53,-0.17,-1.03,2006.39,3304.5121,1.0,4.331824079222602,4.411258506103212,4.41655413456192,4.300050308470357
300192.SZ,20110929,16.29,16.29,15.88,15.9,16.36,-0.46,-2.81,3496.57,5599.2315,1.0,4.210024624672333,4.313289379617126,4.313289379617126,4.204728996213626
300192.SZ,20110930,15.85,16.08,15.5,15.96,15.9,0.06,0.38,2144.02,3391.1692,1.0,4.225911510048455,4.196785553525564,4.257685280800699,4.104112055498186
300192.SZ,20111010,15.96,16.28,15.82,15.87,15.96,-0.09,-0.56,985.0,1572.0839,1.0,4.202081181984272,4.225911510048455,4.3106415653877725,4.188842110837504
300192.SZ,20111011,16.24,16.3,15.81,15.89,15.87,0.02,0.13,2275.11,3654.5887,1.0,4.207376810442979,4.300050308470357,4.31593719384648,4.18619429660815
300192.SZ,20111012,15.82,16.49,15.82,16.4,15.89,0.51,3.21,3936.07,6396.8019,1.0,4.342415336140016,4.188842110837504,4.366245664204199,4.188842110837504
300192.SZ,20111013,16.4,16.71,16.39,16.65,16.4,0.25,1.52,3312.08,5493.9991,1.0,4.408610691873858,4.342415336140016,4.424497577249981,4.339767521910663
300192.SZ,20111014,16.66,16.86,16.49,16.73,16.65,0.08,0.48,2858.37,4768.8362,1.0,4.429793205708688,4.411258506103212,4.464214790690285,4.366245664204199
300192.SZ,20111017,16.82,16.93,16.7,16.8,16.73,0.07,0.42,2994.96,5035.1009,1.0,4.448327905314163,4.453623533772871,4.4827494902957605,4.421849763020626
300192.SZ,20111018,16.77,16.78,16.11,16.12,16.8,-0.68,-4.05,3365.0,5526.2728,1.0,4.268276537718114,4.440384462626102,4.443032276855456,4.26562872348876
300192.SZ,20111019,16.07,16.45,15.97,16.2,16.12,0.08,0.5,2104.45,3409.0834,1.0,4.289459051552943,4.255037466571346,4.355654407286784,4.228559324277809
300192.SZ,20111020,16.19,16.2,15.71,15.91,16.2,-0.29,-1.79,2826.57,4491.7382,1.0,4.212672438901687,4.286811237323589,4.289459051552943,4.159716154314614
300192.SZ,20111021,16.05,16.05,15.6,15.63,15.91,-0.28,-1.76,1096.61,1721.5313,1.0,4.138533640479785,4.249741838112638,4.249741838112638,4.130590197791723
300192.SZ,20111024,15.74,16.29,15.52,16.28,15.63,0.65,4.16,4497.07,7145.6743,1.0,4.3106415653877725,4.167659597002674,4.313289379617126,4.109407683956894
300192.SZ,20111025,16.08,16.99,16.05,16.9,16.28,0.62,3.81,6993.21,11650.0964,1.0,4.474806047607699,4.257685280800699,4.498636375671882,4.249741838112638
300192.SZ,20111026,16.85,17.76,16.67,16.9,16.9,0.0,0.0,10060.09,17098.4199,1.0,4.474806047607699,4.461566976460932,4.702518071332116,4.413906320332566
300192.SZ,20111028,17.08,17.2,16.8,17.16,16.9,0.26,1.54,7969.27,13591.4746,1.0,4.543649217570895,4.5224667037360655,4.55424047448831,4.448327905314163
300192.SZ,20111031,17.2,17.3,16.96,17.12,17.16,-0.04,-0.23,5299.82,9060.1744,1.0,4.533057960653481,4.55424047448831,4.580718616781847,4.490692932983822
300192.SZ,20111101,16.92,17.35,16.84,17.13,17.12,0.01,0.06,4824.97,8260.5639,1.0,4.535705774882834,4.480101676066408,4.593957687928615,4.458919162231578
300192.SZ,20111102,16.85,17.53,16.75,17.46,17.13,0.33,1.93,9902.45,16913.1666,1.0,4.623083644451506,4.461566976460932,4.641618344056981,4.435088834167395
300192.SZ,20111103,17.46,17.96,17.46,17.46,17.46,0.0,0.0,11750.54,20778.1156,1.0,4.623083644451506,4.623083644451506,4.755474355919189,4.623083644451506
300192.SZ,20111104,17.58,17.66,17.38,17.46,17.46,0.0,0.0,5114.37,8948.1006,1.0,4.623083644451506,4.6548574152037485,4.676039929038579,4.601901130616676
300192.SZ,20111107,17.46,18.08,17.4,17.75,17.46,0.29,1.66,7615.43,13539.1406,1.0,4.699870257102762,4.623083644451506,4.787248126671432,4.607196759075383
300192.SZ,20111108,17.77,17.87,17.37,17.41,17.75,-0.34,-1.92,5434.61,9583.0995,1.0,4.609844573304737,4.705165885561469,4.731644027855006,4.599253316387323
300192.SZ,20111109,17.41,17.78,17.2,17.77,17.41,0.36,2.07,6498.75,11384.8321,1.0,4.705165885561469,4.609844573304737,4.707813699790823,4.55424047448831
300192.SZ,20111110,17.54,18.35,17.52,17.85,17.77,0.08,0.45,14816.76,26624.4573,1.0,4.726348399396299,4.644266158286334,4.858739110863982,4.638970529827628
300192.SZ,20111111,17.8,18.35,17.58,18.03,17.85,0.18,1.01,12057.15,21672.4866,1.0,4.774009055524664,4.71310932824953,4.858739110863982,4.6548574152037485
300192.SZ,20111114,18.24,18.5,18.07,18.35,18.03,0.32,1.77,12067.95,22138.5011,1.0,4.858739110863982,4.829613154341091,4.898456324304287,4.78460031244208
300192.SZ,20111115,18.31,18.43,18.08,18.43,18.35,0.08,0.44,9107.1,16615.9898,1.0,4.879921624698811,4.848147853946567,4.879921624698811,4.787248126671432
300192.SZ,20111116,18.8,18.8,17.66,17.78,18.43,-0.65,-3.53,13140.02,23929.9083,1.0,4.707813699790823,4.977890751184897,4.977890751184897,4.676039929038579
300192.SZ,20111117,17.65,18.25,17.62,17.96,17.78,0.18,1.01,8749.21,15695.0839,1.0,4.755474355919189,4.673392114809225,4.832260968570445,4.6654486721211645
300192.SZ,20111118,17.86,17.86,17.21,17.27,17.96,-0.69,-3.84,9259.78,16186.1267,1.0,4.572775174093786,4.728996213625652,4.728996213625652,4.556888288717664
300192.SZ,20111121,17.26,17.47,17.08,17.4,17.27,0.13,0.75,5641.31,9733.866,1.0,4.607196759075383,4.570127359864433,4.625731458680859,4.5224667037360655
300192.SZ,20111122,17.2,17.29,16.9,17.2,17.4,-0.2,-1.15,3016.4,5170.7196,1.0,4.55424047448831,4.55424047448831,4.578070802552492,4.474806047607699
300192.SZ,20111123,17.23,17.49,17.23,17.39,17.2,0.19,1.1,4533.42,7885.4906,1.0,4.60454894484603,4.562183917176371,4.631027087139566,4.562183917176371
300192.SZ,20111124,17.11,17.44,17.03,17.35,17.39,-0.04,-0.23,1999.99,3449.9933,1.0,4.593957687928615,4.530410146424127,4.617788015992798,4.5092276325892975
300192.SZ,20111125,17.3,17.55,17.18,17.3,17.35,-0.05,-0.29,5027.72,8728.261,1.0,4.580718616781847,4.580718616781847,4.646913972515689,4.5489448460296025
300192.SZ,20111128,17.4,17.46,17.3,17.4,17.3,0.1,0.58,2949.95,5125.2691,1.0,4.607196759075383,4.607196759075383,4.623083644451506,4.580718616781847
300192.SZ,20111129,17.49,17.7,17.31,17.69,17.4,0.29,1.67,5602.92,9811.2203,1.0,4.68398337172664,4.631027087139566,4.686631185955993,4.5833664310112
300192.SZ,20111130,17.65,17.77,16.43,16.58,17.69,-1.11,-6.27,7064.49,12013.9402,1.0,4.390075992268382,4.673392114809225,4.705165885561469,4.3503587788280775
300192.SZ,20111201,17.05,17.34,16.92,16.97,16.58,0.39,2.35,6478.88,11098.3293,1.0,4.493340747213176,4.514523261048005,4.591309873699261,4.480101676066408
300192.SZ,20111202,17.05,17.05,16.46,16.46,16.97,-0.51,-3.01,3419.7,5697.4373,1.0,4.358302221516139,4.514523261048005,4.514523261048005,4.358302221516139
300192.SZ,20111205,16.33,16.59,15.84,15.84,16.46,-0.62,-3.77,3540.2,5684.8444,1.0,4.194137739296211,4.323880636534541,4.392723806497736,4.194137739296211
300192.SZ,20111206,16.07,16.2,15.77,16.08,15.84,0.24,1.52,1596.24,2548.7031,1.0,4.257685280800699,4.255037466571346,4.289459051552943,4.175603039690735
300192.SZ,20111207,16.18,16.26,15.9,16.16,16.08,0.08,0.5,1733.39,2787.3412,1.0,4.278867794635529,4.284163423094236,4.305345936929066,4.210024624672333
300192.SZ,20111208,16.16,16.39,15.82,16.23,16.16,0.07,0.43,2671.08,4321.1116,1.0,4.2974024942410045,4.278867794635529,4.339767521910663,4.188842110837504
300192.SZ,20111209,16.0,16.28,16.0,16.08,16.23,-0.15,-0.92,1291.25,2082.6728,1.0,4.257685280800699,4.23650276696587,4.3106415653877725,4.23650276696587
300192.SZ,20111212,16.17,16.17,15.96,15.98,16.08,-0.1,-0.62,1128.3,1811.193,1.0,4.231207138507163,4.281515608864883,4.281515608864883,4.225911510048455
300192.SZ,20111213,15.99,15.99,15.46,15.51,15.98,-0.47,-2.94,2672.39,4174.4416,1.0,4.10675986972754,4.233854952736516,4.233854952736516,4.093520798580772
300192.SZ,20111214,15.48,15.65,15.32,15.36,15.51,-0.15,-0.97,1778.28,2760.4748,1.0,4.067042656287235,4.098816427039479,4.143829268938491,4.05645139936982
300192.SZ,20111215,15.27,15.3,14.84,14.96,15.36,-0.4,-2.6,2551.27,3824.7045,1.0,3.961130087113089,4.043212328223052,4.051155770911113,3.929356316360844
300192.SZ,20111216,15.08,15.35,14.9,15.28,14.96,0.32,2.14,2918.6,4407.7068,1.0,4.045860142452406,3.992903857865332,4.064394842057881,3.9452432017369663
300192.SZ,20111219,15.28,15.44,14.95,15.35,15.28,0.07,0.46,2675.71,4045.4102,1.0,4.064394842057881,4.045860142452406,4.088225170122064,3.9584822728837343
300192.SZ,20111220,15.35,15.93,15.3,15.69,15.35,0.34,2.22,6770.28,10661.263,1.0,4.1544205258559055,4.064394842057881,4.217968067360394,4.051155770911113
300192.SZ,20111221,15.8,15.85,15.26,15.32,15.69,-0.37,-2.36,2773.57,4324.1176,1.0,4.05645139936982,4.183546482378796,4.196785553525564,4.040564513993698
300192.SZ,20111222,15.21,15.21,14.4,14.69,15.32,-0.63,-4.11,3516.45,5185.7854,1.0,3.889639102920539,4.02732544284693,4.02732544284693,3.812852490269283
300192.SZ,20111223,14.65,15.05,14.55,14.76,14.69,0.07,0.48,1933.82,2871.7341,1.0,3.908173802526015,3.879047846003125,3.9849604151772713,3.852569703709588
300192.SZ,20111226,14.8,14.98,14.51,14.69,14.76,-0.07,-0.47,2006.36,2946.1268,1.0,3.889639102920539,3.91876505944343,3.966425715571796,3.841978446792173
300192.SZ,20111227,14.45,14.6,13.92,14.02,14.69,-0.67,-4.56,3009.28,4269.2017,1.0,3.712235549553843,3.826091561416051,3.865808774856356,3.6857574072603065
300192.SZ,20111228,13.81,13.93,13.3,13.68,14.02,-0.34,-2.43,4253.29,5752.9899,1.0,3.6222098657558175,3.656631450737416,3.68840522148966,3.5215929250403795
300192.SZ,20111229,13.6,13.74,13.4,13.69,13.68,0.01,0.07,1509.92,2056.9956,1.0,3.624857679985172,3.601027351920989,3.6380967511319406,3.548071067333916
300192.SZ,20111230,13.8,13.91,13.62,13.82,13.69,0.13,0.95,2173.7,2996.9881,1.0,3.65927926496677,3.653983636508063,3.683109593030953,3.606322980379697
300192.SZ,20120104,13.84,14.0,13.45,14.0,13.82,0.18,1.3,2792.54,3858.6772,1.0,3.706939921095136,3.664574893425477,3.706939921095136,3.561310138480684
300192.SZ,20120105,13.83,13.83,13.25,13.25,14.0,-0.75,-5.36,3549.2,4803.4649,1.0,3.508353853893611,3.661927079196124,3.661927079196124,3.508353853893611
300192.SZ,20120106,13.25,13.4,12.7,13.2,13.25,-0.05,-0.38,2581.58,3344.2526,1.0,3.4951147827468425,3.508353853893611,3.548071067333916,3.362724071279159
300192.SZ,20120109,13.2,13.66,12.86,13.62,13.2,0.42,3.18,2409.04,3235.8746,1.0,3.606322980379697,3.4951147827468425,3.6169142372971113,3.405089098948818
300192.SZ,20120110,13.66,14.18,13.6,14.1,13.62,0.48,3.52,2838.81,3963.5086,1.0,3.733418063388672,3.6169142372971113,3.754600577223502,3.601027351920989
300192.SZ,20120111,14.06,14.21,13.9,14.07,14.1,-0.03,-0.21,1987.02,2792.3425,1.0,3.725474620700612,3.722826806471258,3.762544019911563,3.6804617788016
300192.SZ,20120112,13.82,14.25,13.82,13.94,14.07,-0.13,-0.92,1949.04,2734.6422,1.0,3.6910530357190137,3.65927926496677,3.773135276828978,3.65927926496677
300192.SZ,20120113,13.83,13.97,13.11,13.24,13.94,-0.7,-5.02,2422.55,3269.164,1.0,3.505706039664257,3.661927079196124,3.698996478407075,3.47128445468266
300192.SZ,20120116,13.25,13.25,12.75,12.77,13.24,-0.47,-3.55,1491.0,1928.0154,1.0,3.3812587708846347,3.508353853893611,3.508353853893611,3.3759631424259275
300192.SZ,20120117,12.82,13.53,12.82,13.45,12.77,0.68,5.33,2809.53,3704.2465,1.0,3.561310138480684,3.394497842031403,3.5824926523155134,3.394497842031403
300192.SZ,20120118,13.49,13.55,12.88,12.98,13.45,-0.47,-3.49,2495.37,3300.4646,1.0,3.436862869701062,3.571901395398099,3.587788280774221,3.4103847274075254
300192.SZ,20120119,13.19,13.38,12.91,13.3,12.98,0.32,2.47,1591.23,2108.4746,1.0,3.5215929250403795,3.4924669685174887,3.542775438875209,3.4183281700955863
300192.SZ,20120120,13.42,13.65,13.3,13.52,13.3,0.22,1.65,2525.53,3411.8334,1.0,3.57984483808616,3.553366695792623,3.614266423067758,3.5215929250403795
300192.SZ,20120130,13.68,13.72,13.45,13.57,13.52,0.05,0.37,2063.71,2812.7622,1.0,3.5930839092329285,3.6222098657558175,3.6328011226732335,3.561310138480684
300192.SZ,20120131,13.54,13.6,13.26,13.4,13.57,-0.17,-1.25,2492.11,3336.4715,1.0,3.548071067333916,3.585140466544867,3.601027351920989,3.5110016681229643
300192.SZ,20120201,13.4,13.57,13.28,13.4,13.4,0.0,0.0,1162.49,1563.6111,1.0,3.548071067333916,3.548071067333916,3.5930839092329285,3.516297296581672
300192.SZ,20120202,13.38,13.64,13.35,13.64,13.4,0.24,1.79,1627.63,2192.734,1.0,3.611618608838404,3.542775438875209,3.611618608838404,3.5348319961871475
300192.SZ,20120203,13.6,13.98,13.53,13.9,13.64,0.26,1.91,3152.86,4353.7198,1.0,3.6804617788016,3.601027351920989,3.701644292636429,3.5824926523155134
300192.SZ,20120206,13.9,14.02,13.83,14.0,13.9,0.1,0.72,3466.16,4829.4156,1.0,3.706939921095136,3.6804617788016,3.712235549553843,3.661927079196124
300192.SZ,20120207,14.0,14.03,13.7,13.77,14.0,-0.23,-1.64,3217.29,4449.0883,1.0,3.6460401938200016,3.706939921095136,3.714883363783197,3.627505494214526
300192.SZ,20120208,13.82,14.15,13.75,14.15,13.77,0.38,2.76,4675.11,6563.8504,1.0,3.746657134535442,3.65927926496677,3.746657134535442,3.6407445653612944
300192.SZ,20120209,14.25,14.44,14.1,14.2,14.15,0.05,0.35,7317.55,10471.7943,1.0,3.7598962056822094,3.773135276828978,3.823443747186697,3.733418063388672
300192.SZ,20120210,14.13,14.48,14.13,14.45,14.2,0.25,1.76,7174.49,10327.2361,1.0,3.826091561416051,3.741361506076734,3.834035004104112,3.741361506076734
300192.SZ,20120213,14.4,14.59,14.25,14.46,14.45,0.01,0.07,4534.7,6564.3968,1.0,3.828739375645405,3.812852490269283,3.8631609606270025,3.773135276828978
300192.SZ,20120214,14.36,14.46,14.24,14.33,14.46,-0.13,-0.9,4276.05,6130.9645,1.0,3.7943177906638073,3.802261233351868,3.828739375645405,3.770487462599624
300192.SZ,20120215,14.5,14.59,14.29,14.59,14.33,0.26,1.81,4920.11,7112.4394,1.0,3.8631609606270025,3.8393306325628194,3.8631609606270025,3.783726533746392
300192.SZ,20120216,14.45,14.77,14.39,14.55,14.59,-0.04,-0.27,5686.07,8296.6747,1.0,3.852569703709588,3.826091561416051,3.910821616755368,3.810204676039929
300192.SZ,20120217,14.55,14.69,14.26,14.35,14.55,-0.2,-1.37,3870.0,5581.5896,1.0,3.7996134191225135,3.852569703709588,3.889639102920539,3.775783091058331
300192.SZ,20120220,14.49,14.62,14.37,14.42,14.35,0.07,0.49,4518.32,6544.7072,1.0,3.81814811872799,3.836682818333466,3.871104403315064,3.8049090475812215
300192.SZ,20120221,14.42,14.8,14.42,14.8,14.42,0.38,2.64,8448.41,12348.2389,1.0,3.91876505944343,3.81814811872799,3.91876505944343,3.81814811872799
300192.SZ,20120222,14.7,15.14,14.6,15.12,14.8,0.32,2.16,8901.36,13323.7795,1.0,4.003495114782747,3.892286917149893,4.008790743241455,3.865808774856356
300192.SZ,20120223,15.12,15.79,15.02,15.7,15.12,0.58,3.84,14828.51,22773.7028,1.0,4.157068340085259,4.003495114782747,4.180898668149442,3.97701697248921
300192.SZ,20120224,15.53,15.6,15.34,15.52,15.7,-0.18,-1.15,14028.68,21671.2298,1.0,4.109407683956894,4.112055498186247,4.130590197791723,4.061747027828528
300192.SZ,20120227,15.52,15.62,15.28,15.32,15.52,-0.2,-1.29,9013.85,13921.8739,1.0,4.05645139936982,4.109407683956894,4.13588582625043,4.045860142452406
300192.SZ,20120228,15.32,15.35,15.05,15.21,15.32,-0.11,-0.72,5128.14,7795.8433,1.0,4.02732544284693,4.05645139936982,4.064394842057881,3.9849604151772713
300192.SZ,20120229,15.3,15.36,15.1,15.14,15.21,-0.07,-0.46,4333.16,6602.7908,1.0,4.008790743241455,4.051155770911113,4.067042656287235,3.9981994863240393
300192.SZ,20120301,15.4,15.45,15.2,15.42,15.14,0.28,1.85,4434.91,6812.411,1.0,4.082929541663357,4.077633913204649,4.090872984351418,4.024677628617576
300192.SZ,20120302,15.4,15.64,15.33,15.64,15.42,0.22,1.43,5108.47,7931.5741,1.0,4.1411814547091375,4.077633913204649,4.1411814547091375,4.059099213599174
300192.SZ,20120305,15.63,15.75,15.5,15.56,15.64,-0.08,-0.51,7864.58,12273.2235,1.0,4.119998940874308,4.138533640479785,4.170307411232028,4.104112055498186
300192.SZ,20120306,15.57,15.74,15.36,15.38,15.56,-0.18,-1.16,5334.69,8279.8846,1.0,4.072338284745943,4.122646755103662,4.167659597002674,4.067042656287235
300192.SZ,20120307,15.3,15.62,15.15,15.36,15.38,-0.02,-0.13,3816.39,5883.9274,1.0,4.067042656287235,4.051155770911113,4.13588582625043,4.011438557470808
300192.SZ,20120308,15.54,15.65,15.43,15.62,15.36,0.26,1.69,4433.78,6903.5506,1.0,4.13588582625043,4.1147033124156005,4.143829268938491,4.085577355892711
300192.SZ,20120309,15.65,16.09,15.65,16.04,15.62,0.42,2.69,6568.99,10436.5948,1.0,4.247094023883284,4.143829268938491,4.260333095030052,4.143829268938491
300192.SZ,20120312,16.1,16.8,16.09,16.64,16.04,0.6,3.74,15364.6,25464.1389,1.0,4.405962877644504,4.262980909259407,4.448327905314163,4.260333095030052
300192.SZ,20120313,16.68,16.68,16.42,16.59,16.64,-0.05,-0.3,6354.19,10509.4966,1.0,4.392723806497736,4.41655413456192,4.41655413456192,4.347710964598725
300192.SZ,20120314,16.65,16.83,15.68,15.87,16.59,-0.72,-4.34,8890.75,14581.6131,1.0,4.202081181984272,4.408610691873858,4.456271348002224,4.151772711626553
300192.SZ,20120315,15.88,16.1,15.3,15.85,15.87,-0.02,-0.13,6217.74,9773.7668,1.0,4.196785553525564,4.204728996213626,4.262980909259407,4.051155770911113
300192.SZ,20120316,15.83,16.28,15.8,16.27,15.85,0.42,2.65,7813.66,12469.2969,1.0,4.307993751158419,4.191489925066858,4.3106415653877725,4.183546482378796
300192.SZ,20120319,16.3,16.73,16.06,16.6,16.27,0.33,2.03,5066.99,8315.7701,1.0,4.39537162072709,4.31593719384648,4.429793205708688,4.252389652341991
300192.SZ,20120320,16.35,16.45,15.81,15.86,16.6,-0.74,-4.46,4381.25,7053.6543,1.0,4.199433367754918,4.329176264993248,4.355654407286784,4.18619429660815
300192.SZ,20120321,15.86,16.29,15.5,15.93,15.86,0.07,0.44,5513.82,8694.2534,1.0,4.217968067360394,4.199433367754918,4.313289379617126,4.104112055498186
300192.SZ,20120322,15.57,16.12,15.56,15.88,15.93,-0.05,-0.31,2829.48,4475.3892,1.0,4.204728996213626,4.122646755103662,4.268276537718114,4.119998940874308
300192.SZ,20120323,15.8,15.85,15.41,15.5,15.88,-0.38,-2.39,2530.46,3942.0719,1.0,4.104112055498186,4.183546482378796,4.196785553525564,4.080281727434003
300192.SZ,20120326,15.51,15.51,14.9,14.93,15.5,-0.57,-3.68,3825.09,5810.477,1.0,3.953186644425027,4.10675986972754,4.10675986972754,3.9452432017369663
300192.SZ,20120327,14.97,15.47,14.97,15.31,14.93,0.38,2.55,5540.88,8468.8598,1.0,4.053803585140467,3.963777901342442,4.096168612810126,3.963777901342442
300192.SZ,20120328,15.41,15.77,14.93,14.93,15.31,-0.38,-2.48,9213.72,14202.1972,1.0,3.953186644425027,4.080281727434003,4.175603039690735,3.953186644425027
300192.SZ,20120329,15.5,15.5,14.8,14.98,14.93,0.05,0.33,5145.4,7770.008,1.0,3.966425715571796,4.104112055498186,4.104112055498186,3.91876505944343
300192.SZ,20120330,14.7,14.98,14.15,14.43,14.98,-0.55,-3.67,6138.2,8836.8511,1.0,3.820795932957344,3.892286917149893,3.966425715571796,3.746657134535442
300192.SZ,20120405,14.29,15.01,14.29,15.01,14.43,0.58,4.02,6820.37,10025.2324,1.0,3.9743691582598566,3.783726533746392,3.9743691582598566,3.783726533746392
300192.SZ,20120406,14.88,15.29,14.83,14.9,15.01,-0.11,-0.73,4182.67,6258.0955,1.0,3.9452432017369663,3.939947573278259,4.04850795668176,3.92670850213149
300192.SZ,20120409,14.9,14.98,14.36,14.37,14.9,-0.53,-3.56,6406.8,9364.6618,1.0,3.8049090475812215,3.9452432017369663,3.966425715571796,3.802261233351868
300192.SZ,20120410,14.26,14.4,13.8,14.32,14.37,-0.05,-0.35,3970.5,5601.8927,1.0,3.7916699764344535,3.775783091058331,3.812852490269283,3.653983636508063
300192.SZ,20120411,14.18,14.31,14.0,14.23,14.32,-0.09,-0.63,2977.41,4215.3884,1.0,3.7678396483702703,3.754600577223502,3.7890221622051,3.706939921095136
300192.SZ,20120412,14.3,14.51,14.19,14.51,14.23,0.28,1.97,4646.42,6683.5629,1.0,3.841978446792173,3.7863743479757455,3.841978446792173,3.757248391452856
300192.SZ,20120413,14.51,14.65,14.36,14.6,14.51,0.09,0.62,5804.52,8426.7274,1.0,3.865808774856356,3.841978446792173,3.879047846003125,3.802261233351868
300192.SZ,20120416,14.45,14.57,14.31,14.52,14.6,-0.08,-0.55,3239.6,4691.8126,1.0,3.844626261021528,3.826091561416051,3.857865332168296,3.7890221622051
300192.SZ,20120417,14.36,14.54,14.34,14.43,14.52,-0.09,-0.62,2020.4,2920.8367,1.0,3.820795932957344,3.802261233351868,3.849921889480234,3.7969656048931606
300192.SZ,20120418,14.45,14.79,14.45,14.75,14.43,0.32,2.22,4989.34,7325.1291,1.0,3.905525988296661,3.826091561416051,3.916117245214076,3.826091561416051
300192.SZ,20120419,14.77,15.0,14.74,14.9,14.75,0.15,1.02,5829.3,8672.3999,1.0,3.9452432017369663,3.910821616755368,3.971721344030503,3.902878174067308
300192.SZ,20120420,14.95,14.98,14.8,14.95,14.9,0.05,0.34,4486.49,6685.5308,1.0,3.9584822728837343,3.9584822728837343,3.966425715571796,3.91876505944343
300192.SZ,20120423,14.8,15.0,14.0,14.0,14.95,-0.95,-6.35,8293.75,11947.5982,1.0,3.706939921095136,3.91876505944343,3.971721344030503,3.706939921095136
300192.SZ,20120424,14.02,14.2,13.61,14.04,14.0,0.04,0.29,4952.97,6921.3127,1.0,3.717531178012551,3.712235549553843,3.7598962056822094,3.603675166150343
300192.SZ,20120425,14.1,14.32,14.0,14.16,14.04,0.12,0.85,2622.25,3716.7824,1.0,3.749304948764794,3.733418063388672,3.7916699764344535,3.706939921095136
300192.SZ,20120426,14.27,14.27,13.94,14.1,14.16,-0.06,-0.42,5155.36,7238.1775,1.0,3.733418063388672,3.778430905287685,3.778430905287685,3.6910530357190137
300192.SZ,20120427,14.02,14.22,14.02,14.13,14.1,0.03,0.21,2403.44,3396.8427,1.0,3.741361506076734,3.712235549553843,3.765191834140917,3.712235549553843
300192.SZ,20120502,14.3,14.44,14.21,14.35,14.13,0.22,1.56,2194.68,3144.0208,1.0,3.7996134191225135,3.7863743479757455,3.823443747186697,3.762544019911563
300192.SZ,20120503,14.35,14.4,14.18,14.37,14.35,0.02,0.14,2408.29,3436.8643,1.0,3.8049090475812215,3.7996134191225135,3.812852490269283,3.754600577223502
300192.SZ,20120504,14.39,14.6,14.35,14.58,14.37,0.21,1.46,4184.84,6069.222,1.0,3.8605131463976488,3.810204676039929,3.865808774856356,3.7996134191225135
300192.SZ,20120507,14.5,14.84,14.46,14.81,14.58,0.23,1.58,4656.57,6846.104,1.0,3.921412873672783,3.8393306325628194,3.929356316360844,3.828739375645405
300192.SZ,20120508,14.98,14.98,14.72,14.82,14.81,0.01,0.07,3045.2,4519.7743,1.0,3.924060687902137,3.966425715571796,3.966425715571796,3.8975825456086
300192.SZ,20120509,14.71,14.8,14.51,14.54,14.82,-0.28,-1.89,2864.46,4188.9126,1.0,3.849921889480234,3.894934731379247,3.91876505944343,3.841978446792173
300192.SZ,20120510,14.53,14.82,14.53,14.76,14.54,0.22,1.51,3185.08,4686.1147,1.0,3.908173802526015,3.84727407525088,3.924060687902137,3.84727407525088
300192.SZ,20120511,14.71,14.95,14.63,14.82,14.76,0.06,0.41,3707.2,5489.3517,1.0,3.924060687902137,3.894934731379247,3.9584822728837343,3.873752217544417
300192.SZ,20120514,14.93,15.0,14.66,14.66,14.82,-0.16,-1.08,1873.52,2767.2412,1.0,3.881695660232478,3.953186644425027,3.971721344030503,3.881695660232478
300192.SZ,20120515,14.54,14.56,14.26,14.44,14.66,-0.22,-1.5,2404.17,3464.2277,1.0,3.823443747186697,3.849921889480234,3.8552175179389416,3.775783091058331
300192.SZ,20120516,14.45,14.46,14.24,14.25,14.44,-0.19,-1.32,1269.92,1817.944,1.0,3.773135276828978,3.826091561416051,3.828739375645405,3.770487462599624
300192.SZ,20120517,14.26,14.49,14.25,14.43,14.25,0.18,1.26,1515.43,2181.5254,1.0,3.820795932957344,3.775783091058331,3.836682818333466,3.773135276828978
300192.SZ,20120518,14.38,14.47,14.29,14.33,14.43,-0.1,-0.69,1329.78,1913.9827,1.0,3.7943177906638073,3.807556861810576,3.8313871898747593,3.783726533746392
300192.SZ,20120521,14.29,14.5,14.26,14.37,14.33,0.04,0.28,1036.8,1489.8557,1.0,3.8049090475812215,3.783726533746392,3.8393306325628194,3.775783091058331
300192.SZ,20120522,14.6,15.49,14.58,14.84,14.37,0.47,3.27,9811.37,14746.902,1.0,3.929356316360844,3.865808774856356,4.1014642412688325,3.8605131463976488
300192.SZ,20120523,14.69,14.9,14.59,14.81,14.84,-0.03,-0.2,5005.15,7379.1538,1.0,3.921412873672783,3.889639102920539,3.9452432017369663,3.8631609606270025
300192.SZ,20120524,14.8,14.82,14.48,14.48,14.81,-0.33,-2.23,3835.61,5600.8794,1.0,3.834035004104112,3.91876505944343,3.924060687902137,3.834035004104112
300192.SZ,20120525,14.42,14.69,14.26,14.32,14.48,-0.16,-1.11,5032.22,7286.868,1.0,3.7916699764344535,3.81814811872799,3.889639102920539,3.775783091058331
300192.SZ,20120528,14.3,14.3,13.65,14.19,14.32,-0.13,-0.91,3594.09,5024.3733,1.0,3.757248391452856,3.7863743479757455,3.7863743479757455,3.614266423067758
300192.SZ,20120529,14.1,14.52,14.0,14.4,14.19,0.21,1.48,2738.33,3939.2313,1.0,3.812852490269283,3.733418063388672,3.844626261021528,3.706939921095136
300192.SZ,20120530,14.45,14.65,14.32,14.5,14.4,0.1,0.69,2001.01,2889.6186,1.0,3.8393306325628194,3.826091561416051,3.879047846003125,3.7916699764344535
300192.SZ,20120531,14.5,14.69,14.39,14.65,14.5,0.15,1.03,4156.98,6056.7279,1.0,3.879047846003125,3.8393306325628194,3.889639102920539,3.810204676039929
300192.SZ,20120601,14.71,14.71,14.52,14.62,14.65,-0.03,-0.2,2371.31,3468.5186,1.0,3.871104403315064,3.894934731379247,3.894934731379247,3.844626261021528
300192.SZ,20120604,14.44,14.44,14.15,14.19,14.62,-0.43,-2.94,1248.18,1784.7502,1.0,3.757248391452856,3.823443747186697,3.823443747186697,3.746657134535442
300192.SZ,20120605,14.14,14.32,14.14,14.2,14.19,0.01,0.07,1333.0,1896.3354,1.0,3.7598962056822094,3.744009320306088,3.7916699764344535,3.744009320306088
300192.SZ,20120606,14.21,14.38,14.2,14.21,14.2,0.01,0.07,786.01,1119.7022,1.0,3.762544019911563,3.762544019911563,3.807556861810576,3.7598962056822094
300192.SZ,20120607,14.46,14.46,14.1,14.2,14.21,-0.01,-0.07,476.34,681.2749,1.0,3.7598962056822094,3.828739375645405,3.828739375645405,3.733418063388672
300192.SZ,20120608,14.3,14.34,14.17,14.18,14.2,-0.02,-0.14,1320.07,1877.4267,1.0,3.754600577223502,3.7863743479757455,3.7969656048931606,3.751952762994149
300192.SZ,20120611,14.1,14.51,14.08,14.49,14.18,0.31,2.19,1518.41,2186.7708,1.0,3.836682818333466,3.733418063388672,3.841978446792173,3.728122434929965
300192.SZ,20120612,14.32,14.39,14.1,14.31,14.49,-0.18,-1.24,3018.2,4293.752,1.0,3.7890221622051,3.7916699764344535,3.810204676039929,3.733418063388672
300192.SZ,20120613,14.31,14.62,14.3,14.59,14.31,0.28,1.96,3402.01,4932.2917,1.0,3.8631609606270025,3.7890221622051,3.871104403315064,3.7863743479757455
300192.SZ,20120614,14.68,14.79,14.58,14.6,14.59,0.01,0.07,5321.77,7807.3019,1.0,3.865808774856356,3.886991288691185,3.916117245214076,3.8605131463976488
300192.SZ,20120615,14.64,14.75,14.5,14.59,14.6,-0.01,-0.07,2429.0,3553.4391,1.0,3.8631609606270025,3.876400031773771,3.905525988296661,3.8393306325628194
300192.SZ,20120618,14.58,14.94,14.58,14.9,14.59,0.31,2.12,4564.64,6767.1316,1.0,3.9452432017369663,3.8605131463976488,3.955834458654381,3.8605131463976488
300192.SZ,20120619,14.95,14.98,14.78,14.82,14.9,-0.08,-0.54,5057.7,7501.0156,1.0,3.924060687902137,3.9584822728837343,3.966425715571796,3.913469430984722
300192.SZ,20120620,9.74,10.0,9.56,9.94,9.75,0.19,1.95,10915.84,10704.3467,1.52,4.000529562845871,3.92003601027352,4.024677628617576,3.847591812958403
300192.SZ,20120621,9.98,9.98,9.59,9.68,9.94,-0.26,-2.62,7469.29,7258.4424,1.52,3.8958879445018137,4.016628273360341,4.016628273360341,3.859665845844256
300192.SZ,20120625,9.7,9.7,9.41,9.41,9.68,-0.27,-2.79,3675.88,3502.3372,1.52,3.78722164852914,3.9039372997590487,3.9039372997590487,3.78722164852914
300192.SZ,20120626,9.38,9.48,9.29,9.44,9.41,0.03,0.32,2968.42,2784.3742,1.52,3.799295681414992,3.775147615643287,3.815394391929463,3.738925516985728
300192.SZ,20120627,9.45,9.51,9.33,9.42,9.44,-0.02,-0.21,2781.17,2620.8512,1.52,3.791246326157757,3.803320359043609,3.827468424815315,3.7550242275001984
300192.SZ,20120628,9.4,9.47,9.31,9.31,9.42,-0.11,-1.17,2976.17,2792.9498,1.52,3.746974872242964,3.7831969709005215,3.811369714300845,3.746974872242964
300192.SZ,20120629,9.28,9.38,9.18,9.35,9.31,0.04,0.43,3066.07,2843.3618,1.52,3.7630735827574338,3.734900839357111,3.775147615643287,3.694654063070935
300192.SZ,20120702,9.36,9.46,9.34,9.39,9.35,0.04,0.43,2522.11,2372.7123,1.52,3.779172293271904,3.7670982603860512,3.8073450366722272,3.759048905128816
300192.SZ,20120703,9.37,9.74,9.37,9.53,9.39,0.14,1.49,5108.68,4861.3712,1.52,3.83551778007255,3.771122938014668,3.92003601027352,3.771122938014668
300192.SZ,20120704,9.51,9.56,9.31,9.32,9.53,-0.21,-2.2,2801.61,2640.9187,1.52,3.750999549871581,3.827468424815315,3.847591812958403,3.746974872242964
300192.SZ,20120705,9.37,9.37,9.07,9.08,9.32,-0.24,-2.58,3644.31,3347.6454,1.52,3.65440728678476,3.771122938014668,3.771122938014668,3.650382609156142
300192.SZ,20120706,9.11,9.26,8.96,9.18,9.08,0.1,1.1,3532.09,3222.28,1.52,3.694654063070935,3.666481319670612,3.726851484099876,3.606111155241349
300192.SZ,20120709,9.14,9.25,8.96,8.97,9.18,-0.21,-2.29,3842.06,3500.635,1.52,3.6101358328699664,3.678555352556465,3.722826806471258,3.606111155241349
300192.SZ,20120710,8.95,9.06,8.82,8.87,8.97,-0.1,-1.11,2738.01,2438.8424,1.52,3.569889056583789,3.6020864776127306,3.646357931527524,3.549765668440702
300192.SZ,20120711,8.9,8.98,8.88,8.93,8.87,0.06,0.68,1514.3,1352.2159,1.52,3.594037122355495,3.581963089469643,3.614160510498584,3.5739137342124083
300192.SZ,20120712,8.89,9.07,8.85,9.04,8.93,0.11,1.23,2710.29,2432.753,1.52,3.6383085762702887,3.5779384118410253,3.650382609156142,3.561839701326555
300192.SZ,20120713,9.05,9.08,8.94,9.01,9.04,-0.03,-0.33,2100.54,1892.2875,1.52,3.626234543384436,3.642333253898907,3.65440728678476,3.598061799984113
300192.SZ,20120716,8.93,8.93,8.42,8.45,9.01,-0.56,-6.22,4124.6,3574.5614,1.52,3.400852596181852,3.594037122355495,3.594037122355495,3.3887785632959995
300192.SZ,20120717,8.45,8.7,8.31,8.56,8.45,0.11,1.3,1901.06,1616.5777,1.52,3.4451240500966454,3.400852596181852,3.501469536897291,3.3445071093812064
300192.SZ,20120718,8.64,8.64,8.45,8.57,8.56,0.01,0.12,1537.15,1306.1224,1.52,3.449148727725263,3.4773214711255864,3.4773214711255864,3.400852596181852
300192.SZ,20120719,8.57,8.81,8.57,8.81,8.57,0.24,2.8,1965.87,1718.9497,1.52,3.545740990812085,3.449148727725263,3.545740990812085,3.449148727725263
300192.SZ,20120720,8.84,8.92,8.71,8.79,8.81,-0.02,-0.23,2741.81,2410.6874,1.52,3.5376916355548493,3.5578150236979376,3.590012444726878,3.5054942145259096
300192.SZ,20120723,8.76,8.76,8.43,8.73,8.79,-0.06,-0.68,1222.02,1050.9797,1.52,3.513543569783144,3.5256176026689965,3.5256176026689965,3.3928032409246165
300192.SZ,20120724,8.62,8.81,8.6,8.74,8.73,0.01,0.11,1361.51,1184.5845,1.52,3.517568247411762,3.4692721158683506,3.545740990812085,3.4612227606111152
300192.SZ,20120725,8.74,8.8,8.65,8.73,8.74,-0.01,-0.11,1761.5,1541.4109,1.52,3.513543569783144,3.517568247411762,3.5417163131834672,3.481346148754204
300192.SZ,20120726,8.76,8.76,8.51,8.62,8.73,-0.11,-1.26,1890.5,1629.6464,1.52,3.4692721158683506,3.5256176026689965,3.5256176026689965,3.4250006619535576
300192.SZ,20120727,8.7,8.7,8.51,8.57,8.62,-0.05,-0.58,1200.7,1027.7237,1.52,3.449148727725263,3.501469536897291,3.501469536897291,3.4250006619535576
300192.SZ,20120730,8.5,8.55,8.37,8.44,8.57,-0.13,-1.52,1509.5,1273.695,1.52,3.396827918553234,3.42097598432494,3.441099372468028,3.368655175152911
300192.SZ,20120731,8.38,8.46,8.23,8.26,8.44,-0.18,-2.13,1500.0,1243.4224,1.52,3.3243837212381178,3.372679852781529,3.40487727381047,3.3123096883522654
300192.SZ,20120801,8.36,8.42,8.26,8.38,8.26,0.12,1.45,1394.22,1165.3839,1.52,3.372679852781529,3.3646304975242933,3.3887785632959995,3.3243837212381178
300192.SZ,20120802,8.38,8.39,8.3,8.36,8.38,-0.02,-0.24,1363.32,1135.9722,1.52,3.3646304975242933,3.372679852781529,3.3767045304101466,3.3404824317525885
300192.SZ,20120803,8.34,8.57,8.32,8.57,8.36,0.21,2.51,1761.55,1486.7182,1.52,3.449148727725263,3.3565811422670584,3.449148727725263,3.3485317870098235
300192.SZ,20120806,8.54,8.8,8.48,8.75,8.57,0.18,2.1,2828.17,2461.8061,1.52,3.5215929250403795,3.437074694839409,3.5417163131834672,3.412926629067705
300192.SZ,20120807,8.75,9.59,8.66,9.51,8.75,0.76,8.69,19610.08,18090.4415,1.52,3.827468424815315,3.5215929250403795,3.859665845844256,3.485370826382821
300192.SZ,20120808,9.44,9.6,9.25,9.52,9.51,0.01,0.11,9192.68,8620.1153,1.52,3.831493102443933,3.799295681414992,3.8636905234728727,3.722826806471258
300192.SZ,20120809,9.68,10.2,9.48,9.51,9.52,-0.01,-0.11,15090.97,14574.0812,1.52,3.827468424815315,3.8958879445018137,4.105171181189927,3.815394391929463
300192.SZ,20120810,9.47,9.47,9.23,9.26,9.51,-0.25,-2.63,5024.92,4682.0887,1.52,3.726851484099876,3.811369714300845,3.811369714300845,3.714777451214023
300192.SZ,20120813,9.26,9.38,9.03,9.38,9.26,0.12,1.3,4320.89,3964.8916,1.52,3.775147615643287,3.726851484099876,3.775147615643287,3.6342838986416712
300192.SZ,20120814,9.26,9.32,9.1,9.3,9.38,-0.08,-0.85,2865.38,2638.7391,1.52,3.742950194614346,3.726851484099876,3.750999549871581,3.662456642041994
300192.SZ,20120815,9.3,9.37,9.15,9.27,9.3,-0.03,-0.32,2238.0,2062.883,1.52,3.7308761617284927,3.742950194614346,3.771122938014668,3.6825800301850826
300192.SZ,20120816,9.3,9.3,9.18,9.28,9.27,0.01,0.11,1682.72,1555.3148,1.52,3.734900839357111,3.742950194614346,3.742950194614346,3.694654063070935
300192.SZ,20120817,9.16,9.33,9.09,9.3,9.28,0.02,0.22,2270.5,2089.8015,1.52,3.742950194614346,3.6866047078137,3.7550242275001984,3.658431964413377
300192.SZ,20120820,9.38,9.75,9.38,9.71,9.3,0.41,4.41,8604.55,8179.4208,1.52,3.907961977387667,3.775147615643287,3.924060687902137,3.775147615643287
300192.SZ,20120821,9.77,9.95,9.77,9.92,9.71,0.21,2.16,11455.08,11265.8466,1.52,3.992480207588636,3.932110043159372,4.004554240474488,3.932110043159372
300192.SZ,20120822,10.2,10.2,9.45,9.55,9.92,-0.37,-3.73,15209.77,14849.1311,1.52,3.8435671353297858,4.105171181189927,4.105171181189927,3.803320359043609
300192.SZ,20120823,9.42,9.55,9.34,9.5,9.55,-0.05,-0.52,3821.48,3614.525,1.52,3.823443747186697,3.791246326157757,3.8435671353297858,3.759048905128816
300192.SZ,20120824,9.42,9.65,9.4,9.58,9.5,0.08,0.84,3647.06,3457.4745,1.52,3.855641168215638,3.791246326157757,3.883813911615961,3.7831969709005215
300192.SZ,20120827,9.42,9.56,9.28,9.28,9.58,-0.3,-3.13,1509.4,1418.1117,1.52,3.734900839357111,3.791246326157757,3.847591812958403,3.734900839357111
300192.SZ,20120828,9.3,9.4,9.16,9.32,9.28,0.04,0.43,3077.62,2848.1134,1.52,3.750999549871581,3.742950194614346,3.7831969709005215,3.6866047078137
300192.SZ,20120829,9.32,9.32,9.11,9.15,9.32,-0.17,-1.82,3766.87,3458.4167,1.52,3.6825800301850826,3.750999549871581,3.750999549871581,3.666481319670612
300192.SZ,20120830,9.06,9.26,8.7,8.8,9.15,-0.35,-3.83,2541.8,2272.204,1.52,3.5417163131834672,3.646357931527524,3.726851484099876,3.501469536897291
300192.SZ,20120831,8.73,9.01,8.73,9.01,8.8,0.21,2.39,1954.07,1735.2871,1.52,3.626234543384436,3.513543569783144,3.626234543384436,3.513543569783144
300192.SZ,20120903,9.01,9.48,8.89,9.45,9.01,0.44,4.88,4367.44,4061.037,1.52,3.803320359043609,3.626234543384436,3.815394391929463,3.5779384118410253
300192.SZ,20120904,9.5,9.56,9.35,9.45,9.45,0.0,0.0,3273.73,3085.7654,1.52,3.803320359043609,3.823443747186697,3.847591812958403,3.7630735827574338
300192.SZ,20120905,9.45,9.65,9.33,9.65,9.45,0.2,2.12,3575.88,3413.0181,1.52,3.883813911615961,3.803320359043609,3.883813911615961,3.7550242275001984
300192.SZ,20120906,9.7,9.72,9.38,9.54,9.65,-0.11,-1.14,5107.35,4845.5048,1.52,3.839542457701168,3.9039372997590487,3.911986655016285,3.775147615643287
300192.SZ,20120907,9.57,9.88,9.52,9.88,9.54,0.34,3.56,8406.4,8217.622,1.52,3.9763814970741658,3.8516164905870207,3.9763814970741658,3.831493102443933
300192.SZ,20120910,9.88,9.9,9.64,9.8,9.88,-0.08,-0.81,7412.22,7224.9721,1.52,3.944184076045225,3.9763814970741658,3.9844308523314007,3.879789233987344
300192.SZ,20120911,9.78,9.78,9.48,9.76,9.8,-0.04,-0.41,5594.43,5387.1646,1.52,3.9280853655307535,3.936134720787989,3.936134720787989,3.815394391929463
300192.SZ,20120912,9.73,9.98,9.59,9.66,9.76,-0.1,-1.02,4115.95,4012.1428,1.52,3.887838589244579,3.9160113326449015,4.016628273360341,3.859665845844256
300192.SZ,20120913,9.7,9.7,9.5,9.64,9.66,-0.02,-0.21,5492.73,5260.3538,1.52,3.879789233987344,3.9039372997590487,3.9039372997590487,3.823443747186697
300192.SZ,20120914,9.58,9.63,9.37,9.45,9.64,-0.19,-1.97,11122.73,10539.154,1.52,3.803320359043609,3.855641168215638,3.875764556358726,3.771122938014668
300192.SZ,20120917,9.41,9.41,9.01,9.01,9.45,-0.44,-4.66,4407.5,4068.144,1.52,3.626234543384436,3.78722164852914,3.78722164852914,3.626234543384436
300192.SZ,20120918,8.94,9.08,8.9,8.97,9.01,-0.04,-0.44,2711.73,2443.7132,1.52,3.6101358328699664,3.598061799984113,3.65440728678476,3.581963089469643
300192.SZ,20120919,9.07,9.07,8.94,9.03,8.97,0.06,0.67,2046.27,1842.3794,1.52,3.6342838986416712,3.650382609156142,3.650382609156142,3.598061799984113
300192.SZ,20120920,9.15,9.15,8.13,9.0,9.03,-0.03,-0.33,7139.8,6310.8655,1.52,3.6222098657558175,3.6825800301850826,3.6825800301850826,3.27206291206609
300192.SZ,20120921,9.0,9.0,8.76,8.9,9.0,-0.1,-1.11,2488.5,2208.2645,1.52,3.581963089469643,3.6222098657558175,3.6222098657558175,3.5256176026689965
300192.SZ,20120924,8.7,8.95,8.7,8.95,8.9,0.05,0.56,1380.49,1217.9,1.52,3.6020864776127306,3.501469536897291,3.6020864776127306,3.501469536897291
300192.SZ,20120925,8.94,8.94,8.72,8.9,8.95,-0.05,-0.56,451.46,400.2008,1.52,3.581963089469643,3.598061799984113,3.598061799984113,3.5095188921545266
300192.SZ,20120926,8.86,9.35,8.68,9.15,8.9,0.25,2.81,9260.92,8284.9576,1.52,3.6825800301850826,3.5658643789551725,3.7630735827574338,3.4934201816400563
300192.SZ,20120927,9.37,9.5,9.2,9.48,9.15,0.33,3.61,9470.49,8849.5915,1.52,3.815394391929463,3.771122938014668,3.823443747186697,3.7027034183281695
300192.SZ,20120928,9.46,9.47,9.13,9.29,9.48,-0.19,-2.0,15417.26,14211.0384,1.52,3.738925516985728,3.8073450366722272,3.811369714300845,3.6745306749278472
300192.SZ,20121008,9.01,9.15,8.81,8.86,9.29,-0.43,-4.63,7595.99,6794.6554,1.52,3.5658643789551725,3.626234543384436,3.6825800301850826,3.545740990812085
300192.SZ,20121009,8.9,9.04,8.82,9.03,8.86,0.17,1.92,16929.96,15077.7318,1.52,3.6342838986416712,3.581963089469643,3.6383085762702887,3.549765668440702
300192.SZ,20121010,8.95,9.01,8.87,8.98,9.03,-0.05,-0.55,7662.22,6858.2692,1.52,3.614160510498584,3.6020864776127306,3.626234543384436,3.569889056583789
300192.SZ,20121011,8.99,9.05,8.81,8.87,8.98,-0.11,-1.22,7726.5,6926.4836,1.52,3.569889056583789,3.618185188127201,3.642333253898907,3.545740990812085
300192.SZ,20121012,8.77,8.95,8.71,8.87,8.87,0.0,0.0,3598.6,3176.5462,1.52,3.569889056583789,3.529642280297614,3.6020864776127306,3.5054942145259096
300192.SZ,20121015,8.92,8.96,8.6,8.67,8.87,-0.2,-2.25,5662.59,4940.4073,1.52,3.4893955040114384,3.590012444726878,3.606111155241349,3.4612227606111152
300192.SZ,20121016,8.67,8.83,8.67,8.78,8.67,0.11,1.27,3950.87,3464.9472,1.52,3.533666957926232,3.4893955040114384,3.55379034606932,3.4893955040114384
300192.SZ,20121017,8.78,8.87,8.65,8.79,8.78,0.01,0.11,2818.99,2472.7652,1.52,3.5376916355548493,3.533666957926232,3.569889056583789,3.481346148754204
300192.SZ,20121018,8.76,8.93,8.76,8.88,8.79,0.09,1.02,5492.14,4870.1286,1.52,3.5739137342124083,3.5256176026689965,3.594037122355495,3.5256176026689965
300192.SZ,20121019,8.82,8.88,8.78,8.78,8.88,-0.1,-1.13,3382.15,2980.9152,1.52,3.533666957926232,3.549765668440702,3.5739137342124083,3.533666957926232
300192.SZ,20121022,8.75,8.83,8.73,8.83,8.78,0.05,0.57,1571.75,1380.3675,1.52,3.55379034606932,3.5215929250403795,3.55379034606932,3.513543569783144
300192.SZ,20121023,8.83,8.9,8.77,8.83,8.83,0.0,0.0,2390.0,2108.783,1.52,3.55379034606932,3.55379034606932,3.581963089469643,3.529642280297614
300192.SZ,20121024,8.77,8.86,8.77,8.81,8.83,-0.02,-0.23,1741.49,1536.9647,1.52,3.545740990812085,3.529642280297614,3.5658643789551725,3.529642280297614
300192.SZ,20121025,8.78,8.86,8.74,8.74,8.81,-0.07,-0.79,1897.25,1671.123,1.52,3.517568247411762,3.533666957926232,3.5658643789551725,3.517568247411762
300192.SZ,20121026,8.77,8.79,8.5,8.79,8.74,0.05,0.57,3303.43,2858.7779,1.52,3.5376916355548493,3.529642280297614,3.5376916355548493,3.42097598432494
300192.SZ,20121029,8.91,8.91,8.55,8.77,8.79,-0.02,-0.23,3387.64,2980.8022,1.52,3.529642280297614,3.5859877670982607,3.5859877670982607,3.441099372468028
300192.SZ,20121030,8.76,8.76,8.48,8.66,8.77,-0.11,-1.25,5811.4,4988.838,1.52,3.485370826382821,3.5256176026689965,3.5256176026689965,3.412926629067705
300192.SZ,20121031,8.51,8.68,8.51,8.68,8.66,0.02,0.23,2314.95,1987.9684,1.52,3.4934201816400563,3.4250006619535576,3.4934201816400563,3.4250006619535576
300192.SZ,20121101,8.66,8.75,8.6,8.71,8.68,0.03,0.35,3482.07,3035.1004,1.52,3.5054942145259096,3.485370826382821,3.5215929250403795,3.4612227606111152
300192.SZ,20121102,8.76,8.85,8.7,8.7,8.71,-0.01,-0.11,3817.5,3337.297,1.52,3.501469536897291,3.5256176026689965,3.561839701326555,3.501469536897291
300192.SZ,20121105,8.68,9.4,8.65,8.95,8.7,0.25,2.87,6758.49,6024.4795,1.52,3.6020864776127306,3.4934201816400563,3.7831969709005215,3.481346148754204
300192.SZ,20121106,8.87,8.88,8.66,8.77,8.95,-0.18,-2.01,22568.99,19810.9046,1.52,3.529642280297614,3.569889056583789,3.5739137342124083,3.485370826382821
300192.SZ,20121107,8.71,8.95,8.67,8.89,8.77,0.12,1.37,18335.31,16137.661,1.52,3.5779384118410253,3.5054942145259096,3.6020864776127306,3.4893955040114384
300192.SZ,20121108,8.79,9.05,8.71,8.89,8.89,0.0,0.0,16287.51,14545.8694,1.52,3.5779384118410253,3.5376916355548493,3.642333253898907,3.5054942145259096
300192.SZ,20121109,8.88,9.38,8.82,9.28,8.89,0.39,4.39,39650.06,36445.8813,1.52,3.734900839357111,3.5739137342124083,3.775147615643287,3.549765668440702
300192.SZ,20121112,9.28,9.36,9.07,9.16,9.28,-0.12,-1.29,34820.67,32087.007,1.52,3.6866047078137,3.734900839357111,3.7670982603860512,3.650382609156142
300192.SZ,20121113,9.18,9.58,8.99,9.34,9.16,0.18,1.97,54496.74,51097.7118,1.52,3.759048905128816,3.694654063070935,3.855641168215638,3.618185188127201
300192.SZ,20121114,9.0,9.6,8.89,9.5,9.34,0.16,1.71,41707.0,39415.0113,1.52,3.823443747186697,3.6222098657558175,3.8636905234728727,3.5779384118410253
300192.SZ,20121115,9.32,9.6,8.73,9.02,9.5,-0.48,-5.05,56175.28,50888.8162,1.52,3.6302592210130538,3.750999549871581,3.8636905234728727,3.513543569783144
300192.SZ,20121116,8.89,8.89,8.42,8.46,9.02,-0.56,-6.21,28022.39,24085.12,1.52,3.40487727381047,3.5779384118410253,3.5779384118410253,3.3887785632959995
300192.SZ,20121119,8.5,8.5,8.1,8.24,8.46,-0.22,-2.6,16777.98,13780.7258,1.52,3.316334365980883,3.42097598432494,3.42097598432494,3.2599888791802365
300192.SZ,20121120,8.26,8.46,8.23,8.4,8.24,0.16,1.94,12921.34,10783.4302,1.52,3.380729208038764,3.3243837212381178,3.40487727381047,3.3123096883522654
300192.SZ,20121121,8.39,8.74,8.32,8.64,8.4,0.24,2.86,27254.51,23249.1884,1.52,3.4773214711255864,3.3767045304101466,3.517568247411762,3.3485317870098235
300192.SZ,20121122,8.53,8.76,8.49,8.61,8.64,-0.03,-0.35,16084.14,13858.195,1.52,3.465247438239733,3.433050017210792,3.5256176026689965,3.416951306696322
300192.SZ,20121123,8.61,8.77,8.47,8.7,8.61,0.09,1.05,25460.42,21982.4925,1.52,3.501469536897291,3.465247438239733,3.529642280297614,3.408901951439088
300192.SZ,20121126,8.65,8.97,8.48,8.77,8.7,0.07,0.8,24137.79,21064.4764,1.52,3.529642280297614,3.481346148754204,3.6101358328699664,3.412926629067705
300192.SZ,20121127,8.68,8.74,8.44,8.6,8.77,-0.17,-1.94,11447.07,9793.876,1.52,3.4612227606111152,3.4934201816400563,3.517568247411762,3.396827918553234
300192.SZ,20121128,8.5,8.59,8.29,8.43,8.6,-0.17,-1.98,14434.99,12082.5047,1.52,3.3928032409246165,3.42097598432494,3.4571980829824978,3.3364577541239706
300192.SZ,20121129,8.41,8.87,8.32,8.64,8.43,0.21,2.49,40719.47,35167.5097,1.52,3.4773214711255864,3.384753885667382,3.569889056583789,3.3485317870098235
300192.SZ,20121130,8.62,9.19,8.45,8.99,8.64,0.35,4.05,69435.97,61518.125,1.52,3.618185188127201,3.4692721158683506,3.698678740699553,3.400852596181852
300192.SZ,20121203,9.0,9.22,8.83,8.99,8.99,0.0,0.0,36430.63,32800.0446,1.52,3.618185188127201,3.6222098657558175,3.710752773585406,3.55379034606932
300192.SZ,20121204,8.88,9.36,8.5,9.2,8.99,0.21,2.34,65177.99,58896.6523,1.52,3.7027034183281695,3.5739137342124083,3.7670982603860512,3.42097598432494
300192.SZ,20121205,9.2,9.55,9.01,9.34,9.2,0.14,1.52,70616.92,65898.6403,1.52,3.759048905128816,3.7027034183281695,3.8435671353297858,3.626234543384436
300192.SZ,20121206,9.35,9.41,8.95,9.01,9.34,-0.33,-3.53,43260.54,39381.4858,1.52,3.626234543384436,3.7630735827574338,3.78722164852914,3.6020864776127306
300192.SZ,20121207,9.04,9.21,8.82,9.13,9.01,0.12,1.33,38302.41,34649.6393,1.52,3.6745306749278472,3.6383085762702887,3.706728095956788,3.549765668440702
300192.SZ,20121210,9.05,9.52,9.01,9.46,9.13,0.33,3.61,55023.24,51350.4955,1.52,3.8073450366722272,3.642333253898907,3.831493102443933,3.626234543384436
300192.SZ,20121211,9.35,9.35,9.06,9.09,9.46,-0.37,-3.91,39784.54,36610.8335,1.52,3.658431964413377,3.7630735827574338,3.7630735827574338,3.646357931527524
300192.SZ,20121212,9.04,9.13,8.83,8.92,9.09,-0.17,-1.87,28476.85,25486.5601,1.52,3.590012444726878,3.6383085762702887,3.6745306749278472,3.55379034606932
300192.SZ,20121213,8.85,9.09,8.76,8.8,8.92,-0.12,-1.35,19876.33,17765.4149,1.52,3.5417163131834672,3.561839701326555,3.658431964413377,3.5256176026689965
300192.SZ,20121214,8.75,9.1,8.68,9.01,8.8,0.21,2.39,35113.22,31471.0152,1.52,3.626234543384436,3.5215929250403795,3.662456642041994,3.4934201816400563
300192.SZ,20121217,9.04,9.32,8.98,9.12,9.01,0.11,1.22,29063.35,26580.779,1.52,3.670505997299229,3.6383085762702887,3.750999549871581,3.614160510498584
300192.SZ,20121218,9.03,9.2,8.83,8.89,9.12,-0.23,-2.52,24143.73,21776.7987,1.52,3.5779384118410253,3.6342838986416712,3.7027034183281695,3.55379034606932
300192.SZ,20121219,8.87,8.93,8.77,8.81,8.89,-0.08,-0.9,16402.98,14490.5568,1.52,3.545740990812085,3.569889056583789,3.594037122355495,3.529642280297614
300192.SZ,20121220,8.78,8.96,8.78,8.95,8.81,0.14,1.59,15172.84,13489.0997,1.52,3.6020864776127306,3.533666957926232,3.606111155241349,3.533666957926232
300192.SZ,20121221,8.94,9.1,8.89,8.98,8.95,0.03,0.34,19926.8,17910.1821,1.52,3.614160510498584,3.598061799984113,3.662456642041994,3.5779384118410253
300192.SZ,20121224,8.95,9.17,8.88,9.11,8.98,0.13,1.45,24086.74,21845.4522,1.52,3.666481319670612,3.6020864776127306,3.6906293854423176,3.5739137342124083
300192.SZ,20121225,9.11,9.39,9.11,9.29,9.11,0.18,1.98,38685.95,35776.2788,1.52,3.738925516985728,3.666481319670612,3.779172293271904,3.666481319670612
300192.SZ,20121226,9.3,10.09,9.23,9.78,9.29,0.49,5.27,63308.56,61192.3831,1.52,3.936134720787989,3.742950194614346,4.060899727275134,3.714777451214023
300192.SZ,20121227,9.78,9.94,9.4,9.51,9.78,-0.27,-2.76,46658.86,44721.9224,1.52,3.827468424815315,3.936134720787989,4.000529562845871,3.7831969709005215
300192.SZ,20121228,9.46,9.55,9.32,9.5,9.51,-0.01,-0.11,28369.68,26864.7917,1.52,3.823443747186697,3.8073450366722272,3.8435671353297858,3.750999549871581
300192.SZ,20121231,9.52,9.53,9.35,9.43,9.5,-0.07,-0.74,22023.16,20797.5363,1.52,3.7952710037863744,3.831493102443933,3.83551778007255,3.7630735827574338
300192.SZ,20130104,9.5,9.55,9.2,9.33,9.43,-0.1,-1.06,22409.35,20956.9222,1.52,3.7550242275001984,3.823443747186697,3.8435671353297858,3.7027034183281695
300192.SZ,20130107,9.33,9.73,9.18,9.7,9.33,0.37,3.97,30010.05,28665.141,1.52,3.9039372997590487,3.7550242275001984,3.9160113326449015,3.694654063070935
300192.SZ,20130108,9.68,9.87,9.53,9.7,9.7,0.0,0.0,29762.99,28829.1582,1.52,3.9039372997590487,3.8958879445018137,3.972356819445548,3.83551778007255
300192.SZ,20130109,9.72,10.05,9.65,9.87,9.7,0.17,1.75,36130.22,35664.0604,1.52,3.972356819445548,3.911986655016285,4.0448010167606645,3.883813911615961
300192.SZ,20130110,9.87,9.89,9.63,9.71,9.87,-0.16,-1.62,28780.04,27970.8436,1.52,3.907961977387667,3.972356819445548,3.9804061747027832,3.875764556358726
300192.SZ,20130111,9.73,9.83,9.43,9.46,9.71,-0.25,-2.57,27872.5,26835.0106,1.52,3.8073450366722272,3.9160113326449015,3.9562581089310775,3.7952710037863744
300192.SZ,20130114,9.47,9.87,9.46,9.84,9.46,0.38,4.02,40835.19,39885.7575,1.52,3.960282786559695,3.811369714300845,3.972356819445548,3.8073450366722272
300192.SZ,20130115,9.89,10.48,9.81,10.18,9.84,0.34,3.46,63048.9,63844.1877,1.52,4.0971218259326925,3.9804061747027832,4.21786215479122,3.9482087536738426
300192.SZ,20130116,10.21,10.24,9.86,10.04,10.18,-0.14,-1.38,36083.26,36236.8904,1.52,4.040776339132046,4.109195858818546,4.121269891704398,3.96833214181693
300192.SZ,20130117,10.0,10.36,10.0,10.08,10.04,0.04,0.4,32178.76,32722.8083,1.52,4.056875049646517,4.024677628617576,4.169566023247809,4.024677628617576
300192.SZ,20130118,10.17,10.26,10.0,10.26,10.08,0.18,1.79,26853.47,27321.4527,1.52,4.129319246961633,4.093097148304075,4.129319246961633,4.024677628617576
300192.SZ,20130121,10.25,10.5,10.15,10.2,10.26,-0.06,-0.58,24137.57,24795.8225,1.52,4.105171181189927,4.125294569333016,4.225911510048455,4.08504779304684
300192.SZ,20130122,10.2,10.24,9.71,9.81,10.2,-0.39,-3.82,31783.86,31651.8878,1.52,3.9482087536738426,4.105171181189927,4.121269891704398,3.907961977387667
300192.SZ,20130123,9.81,9.87,9.61,9.79,9.81,-0.02,-0.2,19638.97,19137.242,1.52,3.940159398416607,3.9482087536738426,3.972356819445548,3.8677152011014906
300192.SZ,20130124,9.82,9.98,9.4,9.49,9.79,-0.3,-3.06,21270.73,20584.8012,1.52,3.81941906955808,3.95223343130246,4.016628273360341,3.7831969709005215
300192.SZ,20130125,9.57,9.68,9.43,9.61,9.49,0.12,1.26,10585.68,10131.1866,1.52,3.8677152011014906,3.8516164905870207,3.8958879445018137,3.7952710037863744
300192.SZ,20130128,9.61,9.85,9.61,9.81,9.61,0.2,2.08,13476.11,13161.2023,1.52,3.9482087536738426,3.8677152011014906,3.964307464188313,3.8677152011014906
300192.SZ,20130129,9.82,9.92,9.74,9.87,9.81,0.06,0.61,15201.15,14926.344,1.52,3.972356819445548,3.95223343130246,3.992480207588636,3.92003601027352
300192.SZ,20130130,9.85,9.96,9.68,9.8,9.87,-0.07,-0.71,15365.86,15039.7481,1.52,3.944184076045225,3.964307464188313,4.008578918103106,3.8958879445018137
300192.SZ,20130131,9.76,9.84,9.65,9.75,9.8,-0.05,-0.51,12037.12,11697.4383,1.52,3.924060687902137,3.9280853655307535,3.960282786559695,3.883813911615961
300192.SZ,20130201,9.68,9.85,9.68,9.83,9.75,0.08,0.82,13697.76,13423.1386,1.52,3.9562581089310775,3.8958879445018137,3.964307464188313,3.8958879445018137
300192.SZ,20130204,9.9,9.9,9.68,9.75,9.83,-0.08,-0.81,12997.74,12671.9372,1.52,3.924060687902137,3.9844308523314007,3.9844308523314007,3.8958879445018137
300192.SZ,20130205,9.75,9.81,9.58,9.8,9.75,0.05,0.51,12568.22,12167.6867,1.52,3.944184076045225,3.924060687902137,3.9482087536738426,3.855641168215638
300192.SZ,20130206,9.76,9.88,9.74,9.8,9.8,0.0,0.0,12433.17,12208.2644,1.52,3.944184076045225,3.9280853655307535,3.9763814970741658,3.92003601027352
300192.SZ,20130207,9.85,10.2,9.78,10.01,9.8,0.21,2.14,22262.36,22317.6152,1.52,4.028702306246194,3.964307464188313,4.105171181189927,3.936134720787989
300192.SZ,20130208,10.0,10.16,9.98,10.16,10.01,0.15,1.5,20840.03,20993.2061,1.52,4.0890724706754575,4.024677628617576,4.0890724706754575,4.016628273360341
300192.SZ,20130218,10.23,10.28,10.05,10.13,10.16,-0.03,-0.3,17826.79,18066.2121,1.52,4.076998437789605,4.117245214075781,4.137368602218868,4.0448010167606645
300192.SZ,20130219,10.16,10.2,9.92,9.93,10.13,-0.2,-1.97,17958.63,17975.6877,1.52,3.996504885217253,4.0890724706754575,4.105171181189927,3.992480207588636
300192.SZ,20130220,9.9,10.22,9.9,10.2,9.93,0.27,2.72,21063.32,21229.4914,1.52,4.105171181189927,3.9844308523314007,4.113220536447163,3.9844308523314007
300192.SZ,20130221,10.18,10.3,10.02,10.24,10.2,0.04,0.39,27682.73,28131.9685,1.52,4.121269891704398,4.0971218259326925,4.145417957476104,4.032726983874811
300192.SZ,20130222,10.26,10.58,10.13,10.17,10.24,-0.07,-0.68,35575.01,37075.4026,1.52,4.093097148304075,4.129319246961633,4.2581089310773965,4.076998437789605
300192.SZ,20130225,10.08,10.22,9.98,10.17,10.17,0.0,0.0,17605.38,17777.8746,1.52,4.093097148304075,4.056875049646517,4.113220536447163,4.016628273360341
300192.SZ,20130226,10.14,10.21,9.88,9.88,10.17,-0.29,-2.85,21316.04,21463.1547,1.52,3.9763814970741658,4.081023115418223,4.109195858818546,3.9763814970741658
300192.SZ,20130227,9.91,10.03,9.72,9.76,9.88,-0.12,-1.21,15104.25,14872.7992,1.52,3.9280853655307535,3.988455529960018,4.036751661503429,3.911986655016285
300192.SZ,20130228,9.77,10.05,9.77,10.01,9.76,0.25,2.56,15319.16,15182.1148,1.52,4.028702306246194,3.932110043159372,4.0448010167606645,3.932110043159372
300192.SZ,20130301,10.01,10.24,9.96,10.22,10.01,0.21,2.1,20873.02,21163.201,1.52,4.113220536447163,4.028702306246194,4.121269891704398,4.008578918103106
300192.SZ,20130304,10.15,10.36,9.92,9.96,10.22,-0.26,-2.54,25678.87,26072.2898,1.52,4.008578918103106,4.08504779304684,4.169566023247809,3.992480207588636
300192.SZ,20130305,9.96,10.35,9.96,10.25,9.96,0.29,2.91,25727.05,26380.8244,1.52,4.125294569333016,4.008578918103106,4.165541345619191,4.008578918103106
300192.SZ,20130306,10.33,10.49,10.25,10.47,10.25,0.22,2.15,35261.13,36556.7048,1.52,4.213837477162603,4.157491990361956,4.2218868324198375,4.125294569333016
300192.SZ,20130307,10.4,10.44,10.13,10.31,10.47,-0.16,-1.53,23252.06,23962.202,1.52,4.149442635104721,4.185664733762279,4.201763444276749,4.076998437789605
300192.SZ,20130308,10.39,10.52,10.26,10.43,10.31,0.12,1.16,26710.96,27830.6958,1.52,4.197738766648132,4.181640056133662,4.23396086530569,4.129319246961633
300192.SZ,20130311,10.48,10.48,10.16,10.22,10.43,-0.21,-2.01,17699.63,18177.1975,1.52,4.113220536447163,4.21786215479122,4.21786215479122,4.0890724706754575
300192.SZ,20130312,10.17,10.25,9.79,9.91,10.22,-0.31,-3.03,32295.33,32264.8053,1.52,3.988455529960018,4.093097148304075,4.125294569333016,3.940159398416607
300192.SZ,20130313,9.84,9.96,9.77,9.84,9.91,-0.07,-0.71,14099.61,13893.8034,1.52,3.960282786559695,3.960282786559695,4.008578918103106,3.932110043159372
300192.SZ,20130314,9.84,9.97,9.79,9.81,9.84,-0.03,-0.3,7305.01,7202.0981,1.52,3.9482087536738426,3.960282786559695,4.012603595731724,3.940159398416607
300192.SZ,20130315,9.9,9.92,9.6,9.7,9.81,-0.11,-1.12,13348.18,13019.181,1.52,3.9039372997590487,3.9844308523314007,3.992480207588636,3.8636905234728727
300192.SZ,20130318,9.67,9.71,9.49,9.5,9.7,-0.2,-2.06,10655.17,10196.7506,1.52,3.823443747186697,3.891863266873196,3.907961977387667,3.81941906955808
300192.SZ,20130319,9.58,9.64,9.42,9.64,9.5,0.14,1.47,6905.9,6581.5745,1.52,3.879789233987344,3.855641168215638,3.879789233987344,3.791246326157757
300192.SZ,20130320,9.64,9.86,9.56,9.85,9.64,0.21,2.18,12247.39,11943.7125,1.52,3.964307464188313,3.879789233987344,3.96833214181693,3.847591812958403
300192.SZ,20130321,9.86,9.92,9.79,9.87,9.85,0.02,0.2,10124.81,9974.2306,1.52,3.972356819445548,3.96833214181693,3.992480207588636,3.940159398416607
300192.SZ,20130322,9.88,9.93,9.78,9.9,9.87,0.03,0.3,8319.76,8195.7991,1.52,3.9844308523314007,3.9763814970741658,3.996504885217253,3.936134720787989
300192.SZ,20130325,9.85,9.95,9.68,9.7,9.9,-0.2,-2.02,12777.95,12475.6055,1.52,3.9039372997590487,3.964307464188313,4.004554240474488,3.8958879445018137
300192.SZ,20130326,9.73,9.73,9.46,9.53,9.7,-0.17,-1.75,13806.95,13153.1544,1.52,3.83551778007255,3.9160113326449015,3.9160113326449015,3.8073450366722272
300192.SZ,20130327,9.56,9.64,9.5,9.58,9.53,0.05,0.52,7206.22,6908.123,1.52,3.855641168215638,3.847591812958403,3.879789233987344,3.823443747186697
300192.SZ,20130328,9.51,9.51,9.12,9.12,9.58,-0.46,-4.8,14056.96,13019.3953,1.52,3.670505997299229,3.827468424815315,3.827468424815315,3.670505997299229
300192.SZ,20130329,9.13,9.18,9.1,9.14,9.12,0.02,0.22,7266.48,6645.3723,1.52,3.678555352556465,3.6745306749278472,3.694654063070935,3.662456642041994
300192.SZ,20130401,9.16,9.29,9.11,9.19,9.14,0.05,0.55,4307.57,3968.8867,1.52,3.698678740699553,3.6866047078137,3.738925516985728,3.666481319670612
300192.SZ,20130402,9.2,9.31,9.1,9.13,9.19,-0.06,-0.65,8056.83,7413.2529,1.52,3.6745306749278472,3.7027034183281695,3.746974872242964,3.662456642041994
300192.SZ,20130403,9.17,9.18,9.04,9.08,9.13,-0.05,-0.55,4919.65,4472.4762,1.52,3.65440728678476,3.6906293854423176,3.694654063070935,3.6383085762702887
300192.SZ,20130408,8.83,8.83,8.41,8.67,9.08,-0.41,-4.52,22536.05,19339.0308,1.52,3.4893955040114384,3.55379034606932,3.55379034606932,3.384753885667382
300192.SZ,20130409,8.68,8.72,8.62,8.7,8.67,0.03,0.35,6465.61,5608.7203,1.52,3.501469536897291,3.4934201816400563,3.5095188921545266,3.4692721158683506
300192.SZ,20130410,8.7,8.7,8.56,8.68,8.7,-0.02,-0.23,6489.8,5596.2357,1.52,3.4934201816400563,3.501469536897291,3.501469536897291,3.4451240500966454
300192.SZ,20130411,8.69,8.75,8.63,8.69,8.68,0.01,0.12,7736.91,6723.8827,1.52,3.4974448592686738,3.4974448592686738,3.5215929250403795,3.4732967934969685
300192.SZ,20130412,8.7,8.74,8.58,8.58,8.69,-0.11,-1.27,3503.0,3034.705,1.52,3.4531734053538807,3.501469536897291,3.517568247411762,3.4531734053538807
300192.SZ,20130415,8.51,8.56,8.35,8.38,8.58,-0.2,-2.33,6692.4,5638.9147,1.52,3.372679852781529,3.4250006619535576,3.4451240500966454,3.3606058198956763
300192.SZ,20130416,8.45,8.54,8.3,8.53,8.38,0.15,1.79,3631.74,3059.1331,1.52,3.433050017210792,3.400852596181852,3.437074694839409,3.3404824317525885
300192.SZ,20130417,8.52,8.6,8.42,8.58,8.53,0.05,0.59,4033.21,3435.6421,1.52,3.4531734053538807,3.429025339582175,3.4612227606111152,3.3887785632959995
300192.SZ,20130418,8.5,8.62,8.5,8.58,8.58,0.0,0.0,3762.35,3225.9788,1.52,3.4531734053538807,3.42097598432494,3.4692721158683506,3.42097598432494
300192.SZ,20130419,8.63,8.77,8.57,8.74,8.58,0.16,1.86,8744.08,7599.8036,1.52,3.517568247411762,3.4732967934969685,3.529642280297614,3.449148727725263
300192.SZ,20130422,8.65,8.7,8.6,8.69,8.74,-0.05,-0.57,7567.11,6544.6855,1.52,3.4974448592686738,3.481346148754204,3.501469536897291,3.4612227606111152
300192.SZ,20130423,8.69,8.72,8.35,8.4,8.69,-0.29,-3.34,10458.92,8846.5355,1.52,3.380729208038764,3.4974448592686738,3.5095188921545266,3.3606058198956763
300192.SZ,20130424,8.37,8.56,8.37,8.51,8.4,0.11,1.31,6621.45,5611.6173,1.52,3.4250006619535576,3.368655175152911,3.4451240500966454,3.368655175152911
300192.SZ,20130425,8.55,8.55,8.39,8.47,8.51,-0.04,-0.47,7293.71,6191.7719,1.52,3.408901951439088,3.441099372468028,3.441099372468028,3.3767045304101466
300192.SZ,20130426,8.5,8.5,8.15,8.22,8.47,-0.25,-2.95,7266.85,6048.9736,1.52,3.308285010723648,3.42097598432494,3.42097598432494,3.2801122673233247
300192.SZ,20130502,8.23,8.29,8.2,8.29,8.22,0.07,0.85,3707.74,3058.0485,1.52,3.3364577541239706,3.3123096883522654,3.3364577541239706,3.300235655466412
300192.SZ,20130503,8.3,8.5,8.28,8.41,8.29,0.12,1.45,6961.52,5864.9274,1.52,3.384753885667382,3.3404824317525885,3.42097598432494,3.332433076495353
300192.SZ,20130506,8.51,8.55,8.43,8.54,8.41,0.13,1.55,5559.96,4737.0634,1.52,3.437074694839409,3.4250006619535576,3.441099372468028,3.3928032409246165
300192.SZ,20130507,8.51,8.57,8.44,8.52,8.54,-0.02,-0.23,4996.13,4246.5273,1.52,3.429025339582175,3.4250006619535576,3.449148727725263,3.396827918553234
300192.SZ,20130508,8.55,8.66,8.51,8.64,8.52,0.12,1.41,8263.3,7101.2882,1.52,3.4773214711255864,3.441099372468028,3.485370826382821,3.4250006619535576
300192.SZ,20130509,8.65,8.7,8.6,8.68,8.64,0.04,0.46,8553.02,7400.1856,1.52,3.4934201816400563,3.481346148754204,3.501469536897291,3.4612227606111152
300192.SZ,20130510,8.66,8.77,8.63,8.77,8.68,0.09,1.04,9662.78,8413.4707,1.52,3.529642280297614,3.485370826382821,3.529642280297614,3.4732967934969685
300192.SZ,20130513,8.78,8.78,8.66,8.77,8.77,0.0,0.0,10423.43,9087.921,1.52,3.529642280297614,3.533666957926232,3.533666957926232,3.485370826382821
300192.SZ,20130514,8.77,8.77,8.61,8.69,8.77,-0.08,-0.91,8581.93,7452.5112,1.52,3.4974448592686738,3.529642280297614,3.529642280297614,3.465247438239733
300192.SZ,20130515,8.68,9.04,8.68,9.02,8.69,0.33,3.8,16457.35,14580.7771,1.52,3.6302592210130538,3.4934201816400563,3.6383085762702887,3.4934201816400563
300192.SZ,20130516,9.07,9.46,9.07,9.26,9.02,0.24,2.66,41743.75,38753.4053,1.52,3.726851484099876,3.650382609156142,3.8073450366722272,3.650382609156142
300192.SZ,20130517,9.25,9.56,9.08,9.38,9.26,0.12,1.3,35887.57,33628.7486,1.52,3.775147615643287,3.722826806471258,3.847591812958403,3.65440728678476
300192.SZ,20130520,9.41,9.45,9.3,9.44,9.38,0.06,0.64,24590.7,23058.4191,1.52,3.799295681414992,3.78722164852914,3.803320359043609,3.742950194614346
300192.SZ,20130521,9.41,9.73,9.36,9.59,9.44,0.15,1.59,27212.93,26102.8116,1.52,3.859665845844256,3.78722164852914,3.9160113326449015,3.7670982603860512
300192.SZ,20130522,9.55,9.7,9.3,9.41,9.59,-0.18,-1.88,20013.22,18909.7274,1.52,3.78722164852914,3.8435671353297858,3.9039372997590487,3.742950194614346
300192.SZ,20130523,9.37,9.47,9.22,9.25,9.41,-0.16,-1.7,16154.02,15096.1016,1.52,3.722826806471258,3.771122938014668,3.811369714300845,3.710752773585406
300192.SZ,20130524,9.22,9.46,9.22,9.38,9.25,0.13,1.41,14215.71,13294.2047,1.52,3.775147615643287,3.710752773585406,3.8073450366722272,3.710752773585406
300192.SZ,20130527,9.38,9.55,9.35,9.5,9.38,0.12,1.28,15067.59,14278.1029,1.52,3.823443747186697,3.775147615643287,3.8435671353297858,3.7630735827574338
300192.SZ,20130528,9.56,9.56,9.24,9.29,9.5,-0.21,-2.21,13648.85,12735.5545,1.52,3.738925516985728,3.847591812958403,3.847591812958403,3.7188021288426407
300192.SZ,20130529,9.3,9.4,9.23,9.37,9.29,0.08,0.86,9964.49,9288.0947,1.52,3.771122938014668,3.742950194614346,3.7831969709005215,3.714777451214023
300192.SZ,20130530,9.36,9.5,9.3,9.47,9.37,0.1,1.07,11650.93,10986.5051,1.52,3.811369714300845,3.7670982603860512,3.823443747186697,3.742950194614346
300192.SZ,20130531,9.47,9.5,9.35,9.35,9.47,-0.12,-1.27,9269.73,8731.2624,1.52,3.7630735827574338,3.811369714300845,3.823443747186697,3.7630735827574338
300192.SZ,20130603,9.35,9.54,9.3,9.47,9.35,0.12,1.28,10973.61,10350.9861,1.52,3.811369714300845,3.7630735827574338,3.839542457701168,3.742950194614346
300192.SZ,20130604,9.51,9.87,9.46,9.51,9.47,0.04,0.42,36820.45,35602.257,1.52,3.827468424815315,3.827468424815315,3.972356819445548,3.8073450366722272
300192.SZ,20130605,9.45,9.76,9.38,9.73,9.51,0.22,2.31,24354.22,23379.4833,1.52,3.9160113326449015,3.803320359043609,3.9280853655307535,3.775147615643287
300192.SZ,20130606,9.72,9.72,9.36,9.37,9.73,-0.36,-3.7,12627.31,12040.266,1.52,3.771122938014668,3.911986655016285,3.911986655016285,3.7670982603860512
300192.SZ,20130607,9.3,9.48,9.05,9.05,9.37,-0.32,-3.42,15281.07,14048.9349,1.52,3.642333253898907,3.742950194614346,3.815394391929463,3.642333253898907
300192.SZ,20130613,9.02,9.02,8.55,8.66,9.05,-0.39,-4.31,10423.27,9067.1378,1.52,3.485370826382821,3.6302592210130538,3.6302592210130538,3.441099372468028
300192.SZ,20130614,8.63,8.83,8.63,8.79,8.66,0.13,1.5,7576.84,6639.817,1.52,3.5376916355548493,3.4732967934969685,3.55379034606932,3.4732967934969685
300192.SZ,20130617,8.74,8.91,8.69,8.76,8.79,-0.03,-0.34,6592.15,5803.8147,1.52,3.5256176026689965,3.517568247411762,3.5859877670982607,3.4974448592686738
300192.SZ,20130618,8.76,8.8,8.6,8.68,8.76,-0.08,-0.91,7264.95,6301.0802,1.52,3.4934201816400563,3.5256176026689965,3.5417163131834672,3.4612227606111152
300192.SZ,20130619,8.69,8.69,8.49,8.61,8.68,-0.07,-0.81,7066.28,6048.3882,1.52,3.465247438239733,3.4974448592686738,3.4974448592686738,3.416951306696322
300192.SZ,20130620,8.59,8.66,8.45,8.46,8.61,-0.15,-1.74,4199.0,3589.9486,1.52,3.40487727381047,3.4571980829824978,3.485370826382821,3.400852596181852
300192.SZ,20130621,8.35,8.58,8.25,8.55,8.46,0.09,1.06,4519.32,3811.9839,1.52,3.441099372468028,3.3606058198956763,3.4531734053538807,3.3203590436095007
300192.SZ,20130624,8.43,8.5,8.1,8.1,8.55,-0.45,-5.26,6517.31,5395.5207,1.52,3.2599888791802365,3.3928032409246165,3.42097598432494,3.2599888791802365
300192.SZ,20130625,8.06,8.24,7.71,8.1,8.1,0.0,0.0,7978.24,6378.056,1.52,3.2599888791802365,3.243890168665766,3.316334365980883,3.103026451664152
300192.SZ,20130626,8.18,8.24,7.93,8.23,8.1,0.13,1.6,6633.19,5369.077,1.52,3.3123096883522654,3.2921863002091776,3.316334365980883,3.1915693594937378
300192.SZ,20130627,8.22,8.29,7.96,7.98,8.23,-0.25,-3.04,6357.31,5184.1237,1.52,3.211692747636826,3.308285010723648,3.3364577541239706,3.2036433923795906
300192.SZ,20130628,7.9,8.16,7.81,7.98,7.98,0.0,0.0,3631.6,2898.845,1.52,3.211692747636826,3.1794953266078854,3.284136944951942,3.143273227950328
300192.SZ,20130701,8.14,8.15,7.96,8.13,7.98,0.15,1.88,3352.07,2695.0779,1.52,3.27206291206609,3.276087589694708,3.2801122673233247,3.2036433923795906
300192.SZ,20130702,8.1,8.22,8.05,8.19,8.13,0.06,0.74,5118.7,4174.6975,1.52,3.2962109778377946,3.2599888791802365,3.308285010723648,3.239865491037149
300192.SZ,20130703,8.15,8.38,7.95,8.35,8.19,0.16,1.95,10770.45,8800.1348,1.52,3.3606058198956763,3.2801122673233247,3.372679852781529,3.199618714750973
300192.SZ,20130704,8.38,8.44,8.24,8.3,8.35,-0.05,-0.6,7635.17,6379.3753,1.52,3.3404824317525885,3.372679852781529,3.396827918553234,3.316334365980883
300192.SZ,20130705,8.27,8.38,8.15,8.15,8.3,-0.15,-1.81,4482.1,3709.3587,1.52,3.2801122673233247,3.3284083988667352,3.372679852781529,3.2801122673233247
300192.SZ,20130708,8.1,8.1,7.79,7.79,8.15,-0.36,-4.42,5653.59,4464.3729,1.52,3.135223872693092,3.2599888791802365,3.2599888791802365,3.135223872693092
300192.SZ,20130709,7.86,7.89,7.71,7.83,7.79,0.04,0.51,2782.25,2171.1854,1.52,3.151322583207562,3.163396616093415,3.1754706489792675,3.103026451664152
300192.SZ,20130710,7.82,8.03,7.8,8.0,7.83,0.17,2.17,3984.91,3158.1659,1.52,3.219742102894061,3.1472979055789447,3.2318161357799133,3.1392485503217094
300192.SZ,20130711,7.99,8.18,7.95,8.12,7.9,0.22,2.78,8784.1,7103.5707,1.539,3.30888871236794,3.255913893081261,3.333338628961792,3.23961394868536
300192.SZ,20130712,8.1,8.23,8.06,8.12,8.12,0.0,0.0,9403.23,7673.0359,1.539,3.30888871236794,3.3007387401699897,3.3537135594566685,3.2844387957740886
300192.SZ,20130715,8.15,8.42,8.12,8.42,8.12,0.3,3.69,13128.35,10898.936,1.539,3.4311382953371994,3.3211136706648663,3.4311382953371994,3.30888871236794
300192.SZ,20130716,8.42,8.56,8.33,8.48,8.42,0.06,0.71,9222.78,7815.913,1.539,3.455588211931051,3.4311382953371994,3.488188100722853,3.3944634204464217
300192.SZ,20130717,8.43,9.26,8.28,8.86,8.48,0.38,4.48,29740.88,26300.314,1.539,3.610437683692112,3.435213281436174,3.773437127651124,3.3740884899515446
300192.SZ,20130718,8.82,9.35,8.59,9.01,8.86,0.15,1.69,27926.05,25052.5173,1.539,3.671562475176741,3.594137739296212,3.8101120025419015,3.500413059019779
300192.SZ,20130719,9.0,9.27,8.8,8.8,9.01,-0.21,-2.33,21270.07,19213.3114,1.539,3.5859877670982607,3.6674874890777662,3.7775121137500993,3.5859877670982607
300192.SZ,20130722,8.7,8.96,8.7,8.92,8.8,0.12,1.36,9254.9,8167.1752,1.539,3.634887600285964,3.545237906108507,3.6511875446818656,3.545237906108507
300192.SZ,20130723,8.93,9.43,8.93,9.23,8.92,0.31,3.48,41194.37,37894.327,1.539,3.761212169354198,3.638962586384939,3.842711891333704,3.638962586384939
300192.SZ,20130724,9.18,9.39,9.14,9.25,9.23,0.02,0.22,25006.88,23141.9466,1.539,3.7693621415521488,3.7408372388593216,3.8264119469378026,3.724537294463421
300192.SZ,20130725,9.19,9.25,8.61,8.61,9.25,-0.64,-6.92,17939.86,15967.6224,1.539,3.5085630312177294,3.7449122249582967,3.7693621415521488,3.5085630312177294
300192.SZ,20130726,8.61,8.7,8.35,8.51,8.61,-0.1,-1.16,12965.41,11036.3595,1.539,3.4678131702279766,3.5085630312177294,3.545237906108507,3.402613392644372
300192.SZ,20130729,8.42,8.66,8.39,8.59,8.51,0.08,0.94,9397.99,8059.6974,1.539,3.500413059019779,3.4311382953371994,3.5289379617126064,3.4189133370402733
300192.SZ,20130730,8.56,9.19,8.27,8.9,8.59,0.31,3.61,28363.16,25089.213,1.539,3.6267376280880135,3.488188100722853,3.7449122249582967,3.370013503852569
300192.SZ,20130731,8.94,9.19,8.88,9.1,8.9,0.2,2.25,29700.86,26875.2791,1.539,3.708237350067519,3.643037572483914,3.7449122249582967,3.618587655890063
300192.SZ,20130801,9.13,9.37,9.1,9.15,9.1,0.05,0.55,32805.46,30163.4799,1.539,3.728612280562396,3.7204623083644455,3.818261974739852,3.708237350067519
300192.SZ,20130802,9.17,9.39,9.12,9.33,9.15,0.18,1.97,33823.21,31267.3284,1.539,3.801962030343951,3.736762252760346,3.8264119469378026,3.716387322265469
300192.SZ,20130805,9.38,9.55,9.15,9.26,9.33,-0.07,-0.75,32703.18,30550.5115,1.539,3.773437127651124,3.822336960838828,3.891611724521408,3.728612280562396
300192.SZ,20130806,9.3,9.59,9.15,9.57,9.26,0.31,3.35,42737.16,40317.0332,1.539,3.899761696719358,3.789737072047025,3.907911668917308,3.728612280562396
300192.SZ,20130807,9.5,9.87,9.39,9.43,9.57,-0.14,-1.46,51232.18,49528.2851,1.539,3.842711891333704,3.8712367940265313,4.022011279688617,3.8264119469378026
300192.SZ,20130808,9.36,9.76,9.33,9.76,9.43,0.33,3.5,31129.44,29762.4774,1.539,3.977186432599889,3.814186988640877,3.977186432599889,3.801962030343951
300192.SZ,20130809,9.76,9.76,9.36,9.57,9.76,-0.19,-1.95,17733.66,17057.4873,1.539,3.899761696719358,3.977186432599889,3.977186432599889,3.814186988640877
300192.SZ,20130812,9.59,9.68,9.26,9.41,9.57,-0.16,-1.67,18840.15,17777.0041,1.539,3.8345619191357536,3.907911668917308,3.944586543808086,3.773437127651124
300192.SZ,20130813,9.38,9.6,9.36,9.46,9.41,0.05,0.53,13336.3,12653.1149,1.539,3.8549368496306298,3.822336960838828,3.911986655016284,3.814186988640877
300192.SZ,20130814,9.54,9.75,9.41,9.54,9.46,0.08,0.85,18055.11,17230.8786,1.539,3.887536738422432,3.887536738422432,3.973111446500913,3.8345619191357536
300192.SZ,20130815,9.47,9.52,9.26,9.26,9.54,-0.28,-2.94,14625.16,13674.8511,1.539,3.773437127651124,3.859011835729605,3.8793867662244814,3.773437127651124
300192.SZ,20130816,9.23,9.38,8.98,8.98,9.26,-0.28,-3.02,12355.16,11355.5458,1.539,3.659337516879816,3.761212169354198,3.822336960838828,3.659337516879816
300192.SZ,20130819,8.98,9.36,8.94,9.34,8.98,0.36,4.01,12375.48,11421.0615,1.539,3.806037016442928,3.659337516879816,3.814186988640877,3.643037572483914
300192.SZ,20130820,9.32,9.4,9.21,9.27,9.34,-0.07,-0.75,7454.62,6932.7811,1.539,3.7775121137500993,3.797887044244976,3.830486933036778,3.753062197156248
300192.SZ,20130821,9.22,9.7,9.22,9.61,9.27,0.34,3.67,16262.55,15441.6907,1.539,3.916061641115259,3.757137183255223,3.952736516006037,3.757137183255223
300192.SZ,20130822,9.6,9.69,9.5,9.6,9.61,-0.01,-0.1,10610.9,10177.3739,1.539,3.911986655016284,3.911986655016284,3.948661529907061,3.8712367940265313
300192.SZ,20130823,9.62,9.75,9.31,9.31,9.6,-0.29,-3.02,26962.27,25769.1011,1.539,3.793812058146,3.920136627214234,3.973111446500913,3.793812058146
300192.SZ,20130826,9.58,10.24,9.5,10.24,9.31,0.93,9.99,81172.58,82351.1402,1.539,4.172785765350703,3.9038366828183335,4.172785765350703,3.8712367940265313
300192.SZ,20130827,10.45,10.67,9.89,10.13,10.24,-0.11,-1.07,129998.28,131926.4364,1.539,4.127960918261975,4.258360473429184,4.34801016760664,4.030161251886568
300192.SZ,20130828,9.97,9.97,9.7,9.73,10.13,-0.4,-3.95,53703.37,52813.5828,1.539,3.964961474302963,4.06276114067837,4.06276114067837,3.952736516006037
300192.SZ,20130829,9.63,9.93,9.63,9.91,9.73,0.18,1.85,30148.25,29569.9636,1.539,4.038311224084518,3.92421161331321,4.046461196282468,3.92421161331321
300192.SZ,20130830,9.91,9.91,9.38,9.53,9.91,-0.38,-3.83,34642.9,33472.8008,1.539,3.883461752323457,4.038311224084518,4.038311224084518,3.822336960838828
300192.SZ,20130902,9.48,9.73,9.39,9.7,9.53,0.17,1.78,13905.58,13328.105,1.539,3.952736516006037,3.86308682182858,3.964961474302963,3.8264119469378026
300192.SZ,20130903,9.61,9.78,9.5,9.73,9.7,0.03,0.31,13234.85,12750.1456,1.539,3.964961474302963,3.916061641115259,3.985336404797839,3.8712367940265313
300192.SZ,20130904,9.73,9.74,9.5,9.58,9.73,-0.15,-1.54,11858.81,11370.3215,1.539,3.9038366828183335,3.964961474302963,3.9690364604019375,3.8712367940265313
300192.SZ,20130905,9.54,9.73,9.46,9.69,9.58,0.11,1.15,31854.02,30704.6453,1.539,3.948661529907061,3.887536738422432,3.964961474302963,3.8549368496306298
300192.SZ,20130906,9.86,9.99,9.65,9.8,9.69,0.11,1.14,29762.59,29108.6415,1.539,3.99348637699579,4.017936293589641,4.0709111128763205,3.9323615855111607
300192.SZ,20130909,9.77,10.33,9.61,10.33,9.8,0.53,5.41,70466.9,70807.4054,1.539,4.20946064024148,3.981261418698864,4.20946064024148,3.916061641115259
300192.SZ,20130910,10.94,10.94,9.88,9.97,10.33,-0.36,-3.49,91293.73,92003.2367,1.539,4.06276114067837,4.458034792278974,4.458034792278974,4.026086265787592
300192.SZ,20130911,9.9,9.9,9.37,9.4,9.97,-0.57,-5.72,48708.92,46698.3608,1.539,3.830486933036778,4.034236237985543,4.034236237985543,3.818261974739852
300192.SZ,20130912,9.4,9.53,9.37,9.38,9.4,-0.02,-0.21,16087.3,15171.6294,1.539,3.822336960838828,3.830486933036778,3.883461752323457,3.818261974739852
300192.SZ,20130913,9.4,9.46,9.32,9.46,9.38,0.08,0.85,11977.97,11273.8147,1.539,3.8549368496306298,3.830486933036778,3.8549368496306298,3.797887044244976
300192.SZ,20130916,9.47,9.49,9.39,9.43,9.46,-0.03,-0.32,12558.28,11848.7712,1.539,3.842711891333704,3.859011835729605,3.867161807927556,3.8264119469378026
300192.SZ,20130917,9.43,9.45,9.22,9.23,9.43,-0.2,-2.12,9755.36,9120.5817,1.539,3.761212169354198,3.842711891333704,3.8508618635316543,3.757137183255223
300192.SZ,20130918,9.29,9.33,9.22,9.3,9.23,0.07,0.76,10178.35,9426.2535,1.539,3.789737072047025,3.7856620859480494,3.801962030343951,3.757137183255223
300192.SZ,20130923,9.32,9.52,9.3,9.5,9.3,0.2,2.15,13638.1,12850.7604,1.539,3.8712367940265313,3.797887044244976,3.8793867662244814,3.789737072047025
300192.SZ,20130924,9.51,9.51,9.37,9.43,9.5,-0.07,-0.74,12689.33,11970.2567,1.539,3.842711891333704,3.875311780125506,3.875311780125506,3.818261974739852
300192.SZ,20130925,9.48,9.62,9.41,9.48,9.43,0.05,0.53,23411.92,22310.1626,1.539,3.86308682182858,3.86308682182858,3.920136627214234,3.8345619191357536
300192.SZ,20130926,9.47,9.74,9.46,9.61,9.48,0.13,1.37,20861.4,20077.7592,1.539,3.916061641115259,3.859011835729605,3.9690364604019375,3.8549368496306298
300192.SZ,20130927,9.58,9.69,9.55,9.64,9.61,0.03,0.31,13207.33,12700.6156,1.539,3.928286599412185,3.9038366828183335,3.948661529907061,3.891611724521408
300192.SZ,20130930,9.68,9.79,9.6,9.71,9.64,0.07,0.73,14057.5,13614.0447,1.539,3.956811502105012,3.944586543808086,3.989411390896816,3.911986655016284
300192.SZ,20131008,9.68,9.75,9.6,9.72,9.71,0.01,0.1,13134.74,12728.4634,1.539,3.960886488203988,3.944586543808086,3.973111446500913,3.911986655016284
300192.SZ,20131009,9.72,9.97,9.69,9.93,9.72,0.21,2.16,21073.94,20807.8696,1.539,4.046461196282468,3.960886488203988,4.06276114067837,3.948661529907061
300192.SZ,20131010,9.88,9.96,9.69,9.73,9.93,-0.2,-2.01,16408.69,16106.7679,1.539,3.964961474302963,4.026086265787592,4.058686154579395,3.948661529907061
300192.SZ,20131011,9.74,9.85,9.62,9.73,9.73,0.0,0.0,15014.3,14610.9894,1.539,3.964961474302963,3.9690364604019375,4.013861307490666,3.920136627214234
300192.SZ,20131014,9.73,9.88,9.69,9.84,9.73,0.11,1.13,16999.88,16617.3495,1.539,4.009786321391691,3.964961474302963,4.026086265787592,3.948661529907061
300192.SZ,20131015,9.75,9.78,9.55,9.62,9.84,-0.22,-2.24,25775.44,24851.2947,1.539,3.920136627214234,3.973111446500913,3.985336404797839,3.891611724521408
300192.SZ,20131016,9.62,9.66,9.35,9.52,9.62,-0.1,-1.04,19672.48,18634.1315,1.539,3.8793867662244814,3.920136627214234,3.936436571610136,3.8101120025419015
300192.SZ,20131017,9.52,9.86,9.52,9.81,9.52,0.29,3.05,23897.75,23223.6205,1.539,3.9975613630947655,3.8793867662244814,4.017936293589641,3.8793867662244814
300192.SZ,20131018,9.81,9.81,9.65,9.72,9.81,-0.09,-0.92,10768.47,10455.6584,1.539,3.960886488203988,3.9975613630947655,3.9975613630947655,3.9323615855111607
300192.SZ,20131021,9.73,9.91,9.65,9.89,9.72,0.17,1.75,20907.3,20584.5469,1.539,4.030161251886568,3.964961474302963,4.038311224084518,3.9323615855111607
300192.SZ,20131022,9.91,10.25,9.83,9.98,9.89,0.09,0.91,33061.07,33261.3474,1.539,4.066836126777345,4.038311224084518,4.176860751449678,4.005711335292715
300192.SZ,20131023,9.97,9.98,9.4,9.48,9.98,-0.5,-5.01,27479.41,26427.9448,1.539,3.86308682182858,4.06276114067837,4.066836126777345,3.830486933036778
300192.SZ,20131024,9.42,9.5,9.36,9.4,9.48,-0.08,-0.84,7613.51,7189.0377,1.539,3.830486933036778,3.8386369052347287,3.8712367940265313,3.814186988640877
300192.SZ,20131025,9.4,9.51,9.08,9.14,9.4,-0.26,-2.77,12669.21,11734.5653,1.539,3.724537294463421,3.830486933036778,3.875311780125506,3.700087377869568
300192.SZ,20131028,9.21,9.27,9.14,9.22,9.14,0.08,0.88,5411.6,4976.9069,1.539,3.757137183255223,3.753062197156248,3.7775121137500993,3.724537294463421
300192.SZ,20131029,9.23,9.3,8.71,8.91,9.22,-0.31,-3.36,12642.89,11416.2308,1.539,3.630812614186989,3.761212169354198,3.789737072047025,3.549312892207483
300192.SZ,20131030,8.88,9.0,8.84,8.99,8.91,0.08,0.9,6826.52,6104.0544,1.539,3.663412502978791,3.618587655890063,3.6674874890777662,3.6022877114941614
300192.SZ,20131031,8.99,9.07,8.88,9.0,8.99,0.01,0.11,7655.72,6880.0621,1.539,3.6674874890777662,3.663412502978791,3.696012391770594,3.618587655890063
300192.SZ,20131101,8.92,9.01,8.78,8.89,9.0,-0.11,-1.22,6445.47,5740.2821,1.539,3.6226626419890384,3.634887600285964,3.671562475176741,3.5778377949003097
300192.SZ,20131104,8.9,9.02,8.86,9.0,8.89,0.11,1.24,5198.04,4656.4902,1.539,3.6674874890777662,3.6267376280880135,3.6756374612757168,3.610437683692112
300192.SZ,20131105,9.0,9.08,8.88,9.08,9.0,0.08,0.89,6006.17,5406.6402,1.539,3.700087377869568,3.6674874890777662,3.700087377869568,3.618587655890063
300192.SZ,20131106,9.08,9.18,9.03,9.08,9.08,0.0,0.0,6739.95,6146.6094,1.539,3.700087377869568,3.700087377869568,3.7408372388593216,3.679712447374692
300192.SZ,20131107,9.02,9.05,8.81,8.85,9.08,-0.23,-2.53,8527.31,7611.8814,1.539,3.606362697593136,3.6756374612757168,3.6878624195726433,3.590062753197236
300192.SZ,20131108,8.84,8.9,8.69,8.77,8.85,-0.08,-0.9,7110.41,6228.1854,1.539,3.5737628088013342,3.6022877114941614,3.6267376280880135,3.541162920009532
300192.SZ,20131111,8.79,8.91,8.73,8.88,8.77,0.11,1.25,5376.69,4752.5871,1.539,3.618587655890063,3.581912780999285,3.630812614186989,3.5574628644054336
300192.SZ,20131112,8.9,9.13,8.9,9.13,8.88,0.25,2.82,8474.79,7663.4867,1.539,3.7204623083644455,3.6267376280880135,3.7204623083644455,3.6267376280880135
300192.SZ,20131113,9.09,9.17,9.03,9.09,9.13,-0.04,-0.44,7804.83,7104.9367,1.539,3.704162363968544,3.704162363968544,3.736762252760346,3.679712447374692
300192.SZ,20131114,9.1,9.65,9.03,9.6,9.09,0.51,5.6106,23397.08,22018.0596,1.539,3.911986655016284,3.708237350067519,3.9323615855111607,3.679712447374692
300192.SZ,20131115,9.5,9.72,9.5,9.64,9.6,0.04,0.42,18603.94,17935.735,1.539,3.928286599412185,3.8712367940265313,3.960886488203988,3.8712367940265313
300192.SZ,20131118,9.67,9.83,9.6,9.73,9.64,0.09,0.93,19051.8,18520.7151,1.539,3.964961474302963,3.940511557709111,4.005711335292715,3.911986655016284
300192.SZ,20131119,9.73,9.82,9.62,9.71,9.73,-0.02,-0.21,12265.86,11942.1464,1.539,3.956811502105012,3.964961474302963,4.001636349193741,3.920136627214234
300192.SZ,20131120,9.68,10.41,9.66,10.09,9.71,0.38,3.91,52218.25,53069.83,1.539,4.111660973866074,3.944586543808086,4.242060529033283,3.936436571610136
300192.SZ,20131121,10.0,10.14,9.89,10.01,10.09,-0.08,-0.79,20071.23,20017.5716,1.539,4.079061085074271,4.074986098975296,4.132035904360951,4.030161251886568
300192.SZ,20131122,10.07,10.1,9.91,9.95,10.01,-0.06,-0.6,14812.33,14787.5632,1.539,4.054611168480419,4.103511001668123,4.115735959965049,4.038311224084518
300192.SZ,20131125,9.95,10.24,9.93,9.99,9.95,0.04,0.4,16784.84,16913.3797,1.539,4.0709111128763205,4.054611168480419,4.172785765350703,4.046461196282468
300192.SZ,20131126,9.97,10.24,9.97,10.05,9.99,0.06,0.6,19019.91,19168.5098,1.539,4.0953610294701726,4.06276114067837,4.172785765350703,4.06276114067837
300192.SZ,20131127,10.08,10.64,10.05,10.4,10.05,0.35,3.48,41501.4,43241.9541,1.539,4.237985542934308,4.107585987767098,4.335785209309715,4.0953610294701726
300192.SZ,20131128,10.38,10.63,10.23,10.46,10.4,0.06,0.58,34099.76,35581.7186,1.539,4.26243545952816,4.229835570736357,4.33171022321074,4.168710779251728
300192.SZ,20131129,10.4,11.51,10.3,11.51,10.46,1.05,10.04,53629.46,59693.7579,1.539,4.690308999920566,4.237985542934308,4.690308999920566,4.197235681944555
300192.SZ,20131202,11.19,12.66,11.04,12.01,11.51,0.5,4.34,202696.23,246553.6986,1.539,4.89405830486933,4.559909444753356,5.158932401302725,4.498784653268727
300192.SZ,20131203,11.51,13.03,10.81,12.94,12.01,0.93,7.74,169307.31,201792.2549,1.539,5.273032012074032,4.690308999920566,5.30970688696481,4.405059972992294
300192.SZ,20131204,12.42,13.58,12.32,13.08,12.94,0.14,1.08,173335.13,224273.0035,1.539,5.330081817459687,5.061132734927318,5.533831122408452,5.020382873937565
300192.SZ,20131205,12.73,13.0,11.77,11.82,13.08,-1.26,-9.63,115843.14,143464.304,1.539,4.8166335689888,5.187457303995552,5.297481928667884,4.796258638493923
300192.SZ,20131206,11.77,12.4,11.63,12.1,11.82,0.28,2.37,93095.83,112585.7196,1.539,4.930733179760108,4.796258638493923,5.052982762729367,4.739208833108269
300192.SZ,20131209,12.08,12.18,11.75,11.8,12.1,-0.3,-2.48,70832.28,84714.736,1.539,4.8084835967908495,4.922583207562157,4.96333306855191,4.788108666295972
300192.SZ,20131210,11.75,11.92,11.3,11.51,11.8,-0.29,-2.46,70460.97,81131.679,1.539,4.690308999920566,4.788108666295972,4.857383429978553,4.604734291842084
300192.SZ,20131211,11.5,11.72,11.35,11.46,11.51,-0.05,-0.43,46419.81,53336.8501,1.539,4.669934069425689,4.68623401382159,4.775883707999046,4.6251092223369605
300192.SZ,20131212,11.5,11.77,11.41,11.48,11.46,0.02,0.17,48969.37,56679.3279,1.539,4.67808404162364,4.68623401382159,4.796258638493923,4.649559138930813
300192.SZ,20131213,11.3,11.64,11.14,11.51,11.48,0.03,0.26,42375.81,48357.3636,1.539,4.690308999920566,4.604734291842084,4.743283819207244,4.539534514258479
300192.SZ,20131216,11.45,11.76,11.42,11.44,11.51,-0.07,-0.61,35481.97,41016.1638,1.539,4.661784097227739,4.665859083326714,4.792183652394948,4.653634125029788
300192.SZ,20131217,11.43,11.49,10.98,11.01,11.44,-0.43,-3.76,38632.17,42958.845,1.539,4.486559694971801,4.657709111128763,4.682159027722615,4.474334736674875
300192.SZ,20131218,11.13,11.18,10.88,10.9,11.01,-0.11,-1.0,22217.55,24499.3365,1.539,4.4417348478830725,4.535459528159504,4.55583445865438,4.433584875685122
300192.SZ,20131219,10.97,11.26,10.91,11.03,10.9,0.13,1.19,33190.79,36809.0926,1.539,4.494709667169751,4.4702597505759,4.588434347446183,4.445809833982048
300192.SZ,20131220,11.09,11.23,10.9,11.0,11.03,-0.03,-0.27,19404.98,21461.3882,1.539,4.482484708872825,4.519159583763603,4.576209389149257,4.4417348478830725
300192.SZ,20131223,10.99,11.08,10.36,10.61,11.0,-0.39,-3.55,30564.04,32429.7711,1.539,4.323560251012789,4.47840972277385,4.515084597664628,4.221685598538406
300192.SZ,20131224,10.6,11.06,10.51,10.86,10.61,0.25,2.36,32266.68,34971.2933,1.539,4.425434903487171,4.319485264913813,4.506934625466677,4.282810390023036
300192.SZ,20131225,10.88,11.42,10.82,11.35,10.86,0.49,4.51,49326.63,55410.4937,1.539,4.6251092223369605,4.433584875685122,4.653634125029788,4.409134959091269
300192.SZ,20131226,11.32,11.62,11.16,11.2,11.35,-0.15,-1.32,50968.31,58138.8075,1.539,4.563984430852331,4.6128842640400345,4.735133847009294,4.54768448645643
300192.SZ,20131227,11.21,11.74,11.11,11.69,11.2,0.49,4.38,49202.22,56589.9641,1.539,4.763658749702121,4.568059416951306,4.784033680196997,4.527309555961553
300192.SZ,20131230,11.8,12.2,11.55,12.01,11.69,0.32,2.74,55435.82,65926.0268,1.539,4.89405830486933,4.8084835967908495,4.9714830407498605,4.706608944316467
300192.SZ,20131231,11.8,12.09,11.28,11.6,12.01,-0.41,-3.41,39462.09,45769.5062,1.539,4.726983874811343,4.8084835967908495,4.926658193661133,4.596584319644133
300192.SZ,20140102,11.52,12.0,11.48,12.0,11.6,0.4,3.45,34434.97,40621.6855,1.539,4.889983318770355,4.694383986019541,4.889983318770355,4.67808404162364
300192.SZ,20140103,12.03,12.08,11.72,11.78,12.0,-0.22,-1.83,25929.06,30701.5474,1.539,4.8003336245928985,4.90220827706728,4.922583207562157,4.775883707999046
300192.SZ,20140106,11.78,11.85,10.8,10.9,11.78,-0.88,-7.47,30294.36,34013.2434,1.539,4.4417348478830725,4.8003336245928985,4.828858527285726,4.40098498689332
300192.SZ,20140107,10.5,11.07,10.5,10.9,10.9,0.0,0.0,24586.43,26649.5103,1.539,4.4417348478830725,4.278735403924061,4.511009611565652,4.278735403924061
300192.SZ,20140108,11.0,11.3,10.98,11.1,10.9,0.2,1.83,22994.25,25610.2497,1.539,4.523234569862578,4.482484708872825,4.604734291842084,4.474334736674875
300192.SZ,20140109,11.06,11.19,10.77,10.82,11.1,-0.28,-2.52,21066.68,23193.5487,1.539,4.409134959091269,4.506934625466677,4.559909444753356,4.388760028596393
300192.SZ,20140110,10.77,11.02,10.67,10.69,10.82,-0.13,-1.2,13576.56,14675.172,1.539,4.356160139804591,4.388760028596393,4.490634681070776,4.34801016760664
300192.SZ,20140113,10.69,10.89,10.65,10.82,10.69,0.13,1.22,14623.57,15774.6653,1.539,4.409134959091269,4.356160139804591,4.4376598617840965,4.33986019540869
300192.SZ,20140114,10.88,11.28,10.77,11.27,10.82,0.45,4.16,24899.21,27617.3048,1.539,4.592509333545158,4.433584875685122,4.596584319644133,4.388760028596393
300192.SZ,20140115,11.17,11.5,11.11,11.4,11.27,0.13,1.15,27595.28,31215.6726,1.539,4.645484152831838,4.551759472555405,4.68623401382159,4.527309555961553
300192.SZ,20140116,11.41,11.83,11.35,11.62,11.4,0.22,1.93,31835.95,36780.7856,1.539,4.735133847009294,4.649559138930813,4.820708555087775,4.6251092223369605
300192.SZ,20140117,11.65,11.79,11.41,11.55,11.62,-0.07,-0.6,23567.13,27178.7026,1.539,4.706608944316467,4.747358805306219,4.804408610691873,4.649559138930813
300192.SZ,20140120,11.56,11.6,11.03,11.12,11.55,-0.43,-3.72,21937.2,24809.8493,1.539,4.531384542060529,4.710683930415442,4.726983874811343,4.494709667169751
300192.SZ,20140121,11.1,11.97,11.1,11.89,11.12,0.77,6.92,37708.29,43777.5274,1.539,4.845158471681627,4.523234569862578,4.877758360473429,4.523234569862578
300192.SZ,20140122,11.85,12.37,11.81,12.16,11.89,0.27,2.27,51197.8,62165.6136,1.539,4.95518309635396,4.828858527285726,5.04075780443244,4.8125585828898245
300192.SZ,20140123,12.19,12.67,12.06,12.49,12.16,0.33,2.71,45851.0,56964.8442,1.539,5.089657637620145,4.9674080546508845,5.1630073874017,4.914433235364207
300192.SZ,20140124,12.42,12.59,12.36,12.42,12.49,-0.07,-0.56,33687.22,41995.5189,1.539,5.061132734927318,5.061132734927318,5.130407498609897,5.036682818333465
300192.SZ,20140127,12.25,12.99,12.25,12.89,12.42,0.47,3.78,53522.28,68201.2643,1.539,5.252657081579157,4.9918579712447375,5.293406942568909,4.9918579712447375
300192.SZ,20140128,12.96,13.03,12.53,12.63,12.89,-0.26,-2.02,34678.23,44105.4628,1.539,5.146707443005799,5.281181984271984,5.30970688696481,5.105957582016045
300192.SZ,20140129,12.63,13.05,12.53,12.97,12.63,0.34,2.69,30395.51,38902.0806,1.539,5.285256970370959,5.146707443005799,5.317856859162761,5.105957582016045
300192.SZ,20140130,13.0,13.48,12.86,13.14,12.97,0.17,1.31,27783.84,36641.7544,1.539,5.3545317340535385,5.297481928667884,5.493081261418698,5.24043212328223
300192.SZ,20140207,13.08,13.33,12.97,13.22,13.14,0.08,0.61,22777.69,30045.6902,1.539,5.387131622845341,5.330081817459687,5.431956469934069,5.285256970370959
300192.SZ,20140210,13.18,13.38,12.87,13.2,13.22,-0.02,-0.15,48380.06,63463.6898,1.539,5.37898165064739,5.37083167844944,5.452331400428945,5.244507109381205
300192.SZ,20140211,13.19,13.36,12.96,13.19,13.2,-0.01,-0.08,38702.86,50793.391,1.539,5.374906664548415,5.374906664548415,5.444181428230995,5.281181984271984
300192.SZ,20140212,13.12,14.51,13.05,14.51,13.19,1.32,10.01,77784.43,109273.2738,1.539,5.912804829613155,5.346381761855588,5.912804829613155,5.317856859162761
300192.SZ,20140213,14.49,14.77,14.21,14.33,14.51,-0.18,-1.24,52530.27,76098.2595,1.539,5.839455079831599,5.904654857415204,6.018754468186511,5.790555246643896
300192.SZ,20140214,13.97,15.45,13.89,15.4,14.33,1.07,7.47,72026.39,106896.4803,1.539,6.275478592421956,5.692755580268488,6.295853522916832,5.660155691476686
300192.SZ,20140217,15.15,15.98,15.05,15.83,15.4,0.43,2.79,78750.57,123477.6997,1.539,6.4507029946778935,6.173603939947574,6.511827786162523,6.132854078957821
300192.SZ,20140218,15.9,16.82,15.6,15.88,15.83,0.05,0.32,100368.27,161983.0566,1.539,6.47107792517277,6.47922789737072,6.854126618476448,6.356978314401461
300192.SZ,20140219,15.8,16.0,14.71,15.5,15.88,-0.38,-2.39,62998.03,97279.2811,1.539,6.316228453411708,6.438478036380968,6.519977758360473,5.99430455159266
300192.SZ,20140220,15.36,15.61,14.8,15.3,15.5,-0.2,-1.29,37536.55,57209.6228,1.539,6.234728731432203,6.259178648026054,6.361053300500436,6.030979426483438
300192.SZ,20140221,15.28,16.36,15.02,15.88,15.3,0.58,3.79,50768.65,79452.5211,1.539,6.47107792517277,6.226578759234251,6.666677257923584,6.120629120660894
300192.SZ,20140224,15.98,16.7,15.5,16.31,15.88,0.43,2.71,41437.39,67178.343,1.539,6.646302327428707,6.511827786162523,6.805226785288744,6.316228453411708
300192.SZ,20140225,16.45,16.67,14.68,15.31,16.31,-1.0,-6.13,50807.56,81324.1115,1.539,6.238803717531178,6.703352132814361,6.793001826991818,5.982079593295734
300192.SZ,20140226,15.13,15.73,15.0,15.47,15.31,0.16,1.05,32588.59,50075.5234,1.539,6.304003495114784,6.165453967749623,6.40995313368814,6.112479148462943
300192.SZ,20140227,15.49,16.68,15.0,15.15,15.47,-0.32,-2.07,29130.67,45420.2822,1.539,6.173603939947574,6.312153467312733,6.7970768130907935,6.112479148462943
300192.SZ,20140228,15.0,15.4,14.88,15.29,15.15,0.14,0.92,30442.5,46055.0199,1.539,6.2306537453332265,6.112479148462943,6.275478592421956,6.06357931527524
300192.SZ,20140303,15.38,16.82,15.38,16.82,15.29,1.53,10.01,40738.71,66948.1098,1.539,6.854126618476448,6.2673286202240055,6.854126618476448,6.2673286202240055
300192.SZ,20140304,16.88,16.88,16.18,16.56,16.82,-0.26,-1.55,23269.88,38346.3897,1.539,6.748176979903089,6.878576535070299,6.878576535070299,6.593327508142028
300192.SZ,20140305,16.79,16.79,15.38,15.6,16.56,-0.96,-5.8,49454.17,78119.366,1.539,6.356978314401461,6.841901660179521,6.841901660179521,6.2673286202240055
300192.SZ,20140306,15.66,15.97,15.13,15.86,15.6,0.26,1.67,19169.31,29857.0007,1.539,6.462927952974819,6.381428230995313,6.507752800063547,6.165453967749623
300192.SZ,20140307,15.66,15.87,15.3,15.51,15.86,-0.35,-2.21,17664.17,27514.641,1.539,6.320303439510684,6.381428230995313,6.467002939073795,6.234728731432203
300192.SZ,20140310,15.35,15.53,14.92,15.27,15.51,-0.24,-1.55,23563.62,35708.0782,1.539,6.222503773135276,6.255103661927079,6.328453411708634,6.079879259671141
300192.SZ,20140311,15.32,15.82,15.06,15.7,15.27,0.43,2.82,19946.76,30692.8994,1.539,6.397728175391214,6.2428787036301525,6.446628008578918,6.136929065056796
300192.SZ,20140312,15.77,15.99,15.2,15.61,15.7,-0.09,-0.57,15259.7,23740.3263,1.539,6.361053300500436,6.4262530780840414,6.515902772261498,6.193978870442449
300192.SZ,20140313,15.63,16.2,15.5,15.96,15.61,0.35,2.24,39259.49,62432.0759,1.539,6.503677813964572,6.369203272698388,6.601477480339979,6.316228453411708
300192.SZ,20140314,15.8,15.96,15.51,15.88,15.96,-0.08,-0.5,26199.73,41167.4918,1.539,6.47107792517277,6.438478036380968,6.503677813964572,6.320303439510684
300192.SZ,20140317,15.8,16.09,15.58,16.01,15.88,0.13,0.82,20394.38,32415.2087,1.539,6.52405274445945,6.438478036380968,6.556652633251251,6.348828342203511
300192.SZ,20140318,16.01,16.53,15.8,16.49,16.01,0.48,3.0,34896.94,56554.1098,1.539,6.719652077210262,6.52405274445945,6.735952021606164,6.438478036380968
300192.SZ,20140319,16.4,17.95,16.21,17.81,16.49,1.32,8.0,70262.13,120608.2782,1.539,7.257550242275001,6.682977202319484,7.314600047660655,6.605552466438954
300192.SZ,20140320,17.54,17.8,17.0,17.0,17.81,-0.81,-4.55,43150.51,74461.9539,1.539,6.927476368258003,7.1475256176026685,7.253475256176027,6.927476368258003
300192.SZ,20140321,16.88,17.28,16.38,17.13,17.0,0.13,0.76,31441.54,52837.0937,1.539,6.9804511875446815,6.878576535070299,7.041575979029312,6.674827230121534
300192.SZ,20140324,17.0,17.0,16.6,16.84,17.13,-0.29,-1.69,14391.16,24143.6258,1.539,6.862276590674399,6.927476368258003,6.927476368258003,6.764476924298991
300192.SZ,20140325,16.65,17.38,16.6,17.09,16.84,0.25,1.48,34270.18,58565.9261,1.539,6.96415124314878,6.7848518547938665,7.082325840019064,6.764476924298991
300192.SZ,20140326,16.9,17.36,16.9,17.3,17.09,0.21,1.23,26986.69,46211.0322,1.539,7.049725951227262,6.886726507268249,7.074175867821113,6.886726507268249
300192.SZ,20140327,17.32,17.67,17.01,17.03,17.3,-0.27,-1.56,27868.91,48494.4417,1.539,6.939701326554929,7.057875923425213,7.200500436889349,6.931551354356978
300192.SZ,20140328,16.9,17.03,15.33,15.43,17.03,-1.6,-9.4,53593.39,85529.227,1.539,6.287703550718881,6.886726507268249,6.939701326554929,6.2469536897291285
300192.SZ,20140331,15.8,16.04,15.21,15.89,15.43,0.46,2.98,28992.37,45639.5394,1.539,6.475152911271745,6.438478036380968,6.536277702756374,6.198053856541425
300192.SZ,20140401,15.9,16.8,15.75,16.73,15.89,0.84,5.29,31586.36,51814.9731,1.539,6.817451743585671,6.47922789737072,6.845976646278497,6.4181031058860905
300192.SZ,20140402,16.8,17.1,16.3,16.9,16.73,0.17,1.02,33580.16,56284.2459,1.539,6.886726507268249,6.845976646278497,6.968226229247756,6.642227341329733
300192.SZ,20140403,16.95,17.5,16.6,17.08,16.9,0.18,1.07,45698.24,77975.5344,1.539,6.9600762570498045,6.907101437763126,7.131225673206767,6.764476924298991
300192.SZ,20140404,17.12,17.27,16.85,17.25,17.08,0.17,1.0,30540.57,52267.9642,1.539,7.029351020732385,6.9763762014457065,7.037500992930335,6.866351576773374
300192.SZ,20140408,17.26,17.5,17.0,17.39,17.25,0.14,0.81,27267.74,47275.248,1.539,7.08640082611804,7.033426006831361,7.131225673206767,6.927476368258003
300192.SZ,20140409,17.5,17.9,16.73,17.3,17.39,-0.09,-0.52,28144.69,48578.9198,1.539,7.049725951227262,7.131225673206767,7.294225117165779,6.817451743585671
300192.SZ,20140410,17.07,17.66,16.82,17.46,17.3,0.16,0.92,34009.27,58956.7886,1.539,7.114925728810867,6.95600127095083,7.196425450790372,6.854126618476448
300192.SZ,20140411,17.59,17.59,17.03,17.33,17.46,-0.13,-0.74,13964.82,24007.234,1.539,7.061950909524187,7.167900548097545,7.167900548097545,6.939701326554929
300192.SZ,20140414,17.43,17.73,17.14,17.63,17.33,0.3,1.73,22952.38,40316.0408,1.539,7.184200492493446,7.10270077051394,7.224950353483199,6.9845261736436575
300192.SZ,20140415,17.73,18.03,17.55,17.72,17.63,0.09,0.51,36487.4,64726.0482,1.539,7.220875367384224,7.224950353483199,7.347199936452459,7.151600603701644
300192.SZ,20140416,17.65,17.87,17.35,17.7,17.72,-0.02,-0.11,23917.52,42202.149,1.539,7.212725395186273,7.192350464691397,7.282000158868854,7.070100881722139
300192.SZ,20140417,17.73,18.3,17.64,17.75,17.7,0.05,0.28,35453.03,63422.1829,1.539,7.23310032568115,7.224950353483199,7.457224561124791,7.188275478592423
300192.SZ,20140418,17.8,17.8,17.3,17.54,17.75,-0.21,-1.18,15749.8,27467.1168,1.539,7.1475256176026685,7.253475256176027,7.253475256176027,7.049725951227262
300192.SZ,20140421,17.49,17.65,17.1,17.41,17.54,-0.13,-0.74,7847.85,13676.4128,1.539,7.094550798315989,7.127150687107792,7.192350464691397,6.968226229247756
300192.SZ,20140422,17.3,17.8,16.7,17.4,17.41,-0.01,-0.06,25491.97,43935.2175,1.539,7.090475812217014,7.049725951227262,7.253475256176027,6.805226785288744
300192.SZ,20140423,17.38,17.55,17.01,17.01,17.4,-0.39,-2.24,9129.41,15785.223,1.539,6.931551354356978,7.082325840019064,7.151600603701644,6.931551354356978
300192.SZ,20140424,17.19,17.19,16.72,16.93,17.01,-0.08,-0.47,10286.66,17405.5627,1.539,6.898951465565175,7.004901104138534,7.004901104138534,6.813376757486694
300192.SZ,20140425,16.9,17.05,16.33,16.35,16.93,-0.58,-3.43,13706.87,22711.5878,1.539,6.662602271824609,6.886726507268249,6.947851298752879,6.654452299626657
300192.SZ,20140428,16.16,16.46,15.9,16.2,16.35,-0.15,-0.92,12747.74,20552.7428,1.539,6.601477480339979,6.585177535944078,6.707427118913337,6.47922789737072
300192.SZ,20140429,16.08,16.51,16.0,16.31,16.2,0.11,0.68,14221.86,23068.059,1.539,6.646302327428707,6.552577647152274,6.727802049408213,6.519977758360473
300192.SZ,20140430,16.31,16.55,16.12,16.41,16.31,0.1,0.61,11792.02,19268.3081,1.539,6.687052188418461,6.646302327428707,6.744101993804115,6.568877591548177
300192.SZ,20140505,16.5,16.65,16.34,16.48,16.41,0.07,0.43,11140.67,18363.4269,1.539,6.715577091111288,6.723727063309238,6.7848518547938665,6.658527285725634
300192.SZ,20140506,16.5,16.63,16.32,16.62,16.48,0.14,0.85,12475.29,20623.7072,1.539,6.772626896496941,6.723727063309238,6.776701882595916,6.650377313527683
300192.SZ,20140507,16.6,16.76,16.41,16.57,16.62,-0.05,-0.3,9715.74,16114.2526,1.539,6.752251966002065,6.764476924298991,6.829676701882596,6.687052188418461
300192.SZ,20140508,16.6,16.99,16.45,16.98,16.57,0.41,2.47,18284.61,30628.2206,1.539,6.919326396060052,6.764476924298991,6.923401382159027,6.703352132814361
300192.SZ,20140509,17.05,17.4,16.74,17.19,16.98,0.21,1.24,21397.09,36757.6582,1.539,7.004901104138534,6.947851298752879,7.090475812217014,6.821526729684645
300192.SZ,20140512,17.2,17.45,17.0,17.29,17.19,0.1,0.58,17841.09,30840.629,1.539,7.045650965128286,7.008976090237509,7.11085074271189,6.927476368258003
300192.SZ,20140513,17.31,17.66,17.11,17.54,17.29,0.25,1.45,21073.74,36854.4014,1.539,7.1475256176026685,7.053800937326237,7.196425450790372,6.9723012153467305
300192.SZ,20140514,17.55,17.6,17.3,17.49,17.54,-0.05,-0.29,8371.24,14595.5226,1.539,7.127150687107792,7.151600603701644,7.1719755341965215,7.049725951227262
300192.SZ,20140515,17.53,17.53,16.85,17.14,17.49,-0.35,-2.0,13647.18,23430.1872,1.539,6.9845261736436575,7.143450631503694,7.143450631503694,6.866351576773374
300192.SZ,20140516,17.14,17.2,16.8,17.06,17.14,-0.08,-0.47,7794.38,13203.8077,1.539,6.951926284851854,6.9845261736436575,7.008976090237509,6.845976646278497
300192.SZ,20140519,17.06,17.36,16.82,17.03,17.06,-0.03,-0.18,9785.0,16700.6948,1.539,6.939701326554929,6.951926284851854,7.074175867821113,6.854126618476448
300192.SZ,20140520,17.02,17.17,16.91,17.13,17.03,0.1,0.59,3897.12,6647.6075,1.539,6.9804511875446815,6.935626340455953,6.996751131940584,6.890801493367226
300192.SZ,20140521,17.18,17.38,16.98,17.38,17.13,0.25,1.46,17379.35,29964.3593,1.539,7.082325840019064,7.000826118039558,7.082325840019064,6.919326396060052
300192.SZ,20140522,17.45,18.3,17.07,17.38,17.38,0.0,0.0,36226.78,63668.1034,1.539,7.082325840019064,7.11085074271189,7.457224561124791,6.95600127095083
300192.SZ,20140523,17.3,17.59,16.96,17.3,17.38,-0.08,-0.46,11726.46,20249.1257,1.539,7.049725951227262,7.049725951227262,7.167900548097545,6.911176423862102
300192.SZ,20140526,17.33,17.39,17.12,17.29,17.3,-0.01,-0.06,5895.35,10141.1459,1.539,7.045650965128286,7.061950909524187,7.08640082611804,6.9763762014457065
300192.SZ,20140527,17.34,17.4,17.1,17.28,17.29,-0.01,-0.06,12151.72,20979.3987,1.539,7.041575979029312,7.066025895623162,7.090475812217014,6.968226229247756
300192.SZ,20140528,17.29,17.35,17.06,17.2,17.28,-0.08,-0.46,14379.94,24745.0416,1.539,7.008976090237509,7.045650965128286,7.070100881722139,6.951926284851854
300192.SZ,20140529,17.23,17.4,16.68,16.88,17.2,-0.32,-1.86,18586.02,31532.1903,1.539,6.878576535070299,7.021201048534435,7.090475812217014,6.7970768130907935
300192.SZ,20140530,16.88,16.99,16.56,16.89,16.88,0.01,0.06,14186.74,23748.0766,1.539,6.882651521169275,6.878576535070299,6.923401382159027,6.748176979903089
300192.SZ,20140603,16.95,17.12,16.64,16.91,16.89,0.02,0.12,11444.05,19345.0448,1.539,6.890801493367226,6.907101437763126,6.9763762014457065,6.780776868694892
300192.SZ,20140604,16.69,16.92,16.62,16.89,16.91,-0.02,-0.12,6381.86,10700.9622,1.539,6.882651521169275,6.8011517991897685,6.894876479466201,6.772626896496941
300192.SZ,20140605,16.85,16.92,16.77,16.89,16.89,0.0,0.0,4201.51,7083.4171,1.539,6.882651521169275,6.866351576773374,6.894876479466201,6.833751687981571
300192.SZ,20140606,16.86,16.86,16.64,16.67,16.89,-0.22,-1.3,4143.28,6926.1685,1.539,6.793001826991818,6.870426562872348,6.870426562872348,6.780776868694892
300192.SZ,20140609,16.67,16.78,16.3,16.69,16.67,0.02,0.12,10366.71,17085.9319,1.539,6.8011517991897685,6.793001826991818,6.837826674080547,6.642227341329733
300192.SZ,20140610,16.69,16.85,16.06,16.35,16.69,-0.34,-2.04,10849.3,17766.2049,1.539,6.662602271824609,6.8011517991897685,6.866351576773374,6.544427674954324
300192.SZ,20140611,16.35,16.7,15.81,16.45,16.35,0.1,0.61,25701.09,41937.6357,1.539,6.703352132814361,6.662602271824609,6.805226785288744,6.442553022479943
300192.SZ,20140612,16.45,16.57,16.0,16.19,16.45,-0.26,-1.58,13869.23,22515.8633,1.539,6.597402494241004,6.703352132814361,6.752251966002065,6.519977758360473
300192.SZ,20140613,16.17,16.57,16.08,16.48,16.19,0.29,1.79,15879.9,25848.0024,1.539,6.715577091111288,6.589252522043054,6.752251966002065,6.552577647152274
300192.SZ,20140616,16.44,16.6,16.08,16.17,16.48,-0.31,-1.88,11593.5,18837.5832,1.539,6.589252522043054,6.699277146715386,6.764476924298991,6.552577647152274
300192.SZ,20140617,16.12,16.15,15.75,16.0,16.17,-0.17,-1.05,12375.27,19733.7456,1.539,6.519977758360473,6.568877591548177,6.5811025498451015,6.4181031058860905
300192.SZ,20140618,15.83,16.0,15.7,15.89,16.0,-0.11,-0.69,10311.01,16336.2135,1.539,6.475152911271745,6.4507029946778935,6.519977758360473,6.397728175391214
300192.SZ,20140716,14.8,16.45,14.8,16.4,15.84,0.56,3.54,31886.47,50267.8278,1.544,6.704689279000186,6.050573251780656,6.725130404850796,6.050573251780656
300192.SZ,20140717,16.19,16.37,15.97,16.35,16.4,-0.05,-0.3,14169.45,22900.7939,1.544,6.684248153149576,6.618836550427623,6.69242460348982,6.528895596684937
300192.SZ,20140718,16.38,16.86,16.34,16.86,16.35,0.51,3.12,17963.67,29966.4876,1.544,6.8927476368258,6.696512828659942,6.8927476368258,6.680159927979453
300192.SZ,20140721,17.0,17.68,16.75,17.1,16.86,0.24,1.42,89631.99,153431.2428,1.544,6.990865040908731,6.949982789207509,7.22798210077581,6.847777159954458
300192.SZ,20140722,16.81,17.2,16.25,16.85,17.1,-0.25,-1.46,43266.92,72217.0518,1.544,6.88865941165568,6.872306510975189,7.031747292609951,6.643365901448354
300192.SZ,20140723,16.8,16.98,15.7,15.88,16.85,-0.97,-5.76,36966.42,60277.4583,1.544,6.492101570153839,6.868218285805069,6.9418063388672655,6.418513517091641
300192.SZ,20140724,15.7,16.25,15.12,15.98,15.88,0.1,0.63,26836.7,42049.4206,1.544,6.532983821855059,6.418513517091641,6.643365901448354,6.181396457224561
300192.SZ,20140725,16.0,16.08,15.66,15.8,15.98,-0.18,-1.13,12600.69,19890.1798,1.544,6.459395768792862,6.541160272195303,6.573866073556278,6.402160616411153
300192.SZ,20140728,15.8,16.2,15.7,16.07,15.8,0.27,1.71,18550.59,29505.4235,1.544,6.569777848386158,6.459395768792862,6.622924775597744,6.418513517091641
300192.SZ,20140729,16.01,16.59,15.96,16.38,16.07,0.31,1.93,37688.51,61430.1028,1.544,6.696512828659942,6.545248497365425,6.782365557232505,6.524807371514815
300192.SZ,20140730,16.36,16.68,16.21,16.45,16.38,0.07,0.43,28829.6,47275.5366,1.544,6.725130404850796,6.688336378319697,6.819159583763604,6.6270130007678665
300192.SZ,20140731,16.5,16.55,16.27,16.44,16.45,-0.01,-0.06,31154.48,51038.1453,1.544,6.7210421796806745,6.7455715307014055,6.766012656552016,6.651542351788598
300192.SZ,20140801,16.38,16.76,16.24,16.34,16.44,-0.1,-0.61,27658.12,45362.6431,1.544,6.680159927979453,6.696512828659942,6.85186538512458,6.639277676278232
300192.SZ,20140804,16.45,16.52,16.25,16.29,16.34,-0.05,-0.31,27005.5,44150.2444,1.544,6.659718802128842,6.725130404850796,6.75374798104165,6.643365901448354
300192.SZ,20140805,16.3,16.3,16.0,16.12,16.29,-0.17,-1.04,19832.71,31979.606,1.544,6.590218974236769,6.663807027298965,6.663807027298965,6.541160272195303
300192.SZ,20140806,16.17,16.32,16.04,16.15,16.12,0.03,0.19,21449.25,34708.211,1.544,6.602483649747133,6.61066010008738,6.671983477639209,6.557513172875791
300192.SZ,20140807,16.22,16.3,16.06,16.15,16.15,0.0,0.0,28963.55,46855.2696,1.544,6.602483649747133,6.631101225937988,6.663807027298965,6.565689623216035
300192.SZ,20140808,16.15,16.24,16.09,16.15,16.15,0.0,0.0,17582.18,28398.2121,1.544,6.602483649747133,6.602483649747133,6.639277676278232,6.577954298726402
300192.SZ,20140811,16.2,16.53,16.17,16.51,16.15,0.36,2.23,28497.53,46617.8899,1.544,6.749659755871529,6.622924775597744,6.757836206211773,6.61066010008738
300192.SZ,20140812,16.55,17.37,16.52,17.0,16.51,0.49,2.97,37854.81,64001.6335,1.544,6.949982789207509,6.766012656552016,7.101247120502026,6.75374798104165
300192.SZ,20140813,16.97,17.26,16.91,17.13,17.0,0.13,0.76,35111.4,60002.4749,1.544,7.003129716419096,6.937718113697143,7.056276643630683,6.913188762676411
300192.SZ,20140814,17.17,17.27,16.99,17.0,17.13,-0.13,-0.76,17812.69,30497.9358,1.544,6.949982789207509,7.019482617099586,7.060364868800805,6.945894564037388
300192.SZ,20140815,17.01,17.57,16.95,17.38,17.0,0.38,2.24,29377.95,50903.6092,1.544,7.105335345672148,6.954071014377632,7.183011623904467,6.929541663356899
300192.SZ,20140818,17.5,17.88,17.39,17.88,17.38,0.5,2.88,29043.44,51217.43,1.544,7.309746604178251,7.1543940477136125,7.309746604178251,7.109423570842271
300192.SZ,20140819,17.9,18.55,17.68,17.94,17.88,0.06,0.34,45930.83,83087.3348,1.544,7.334275955198984,7.317923054518495,7.583657690576429,7.22798210077581
300192.SZ,20140820,17.9,18.3,17.72,18.17,17.94,0.23,1.28,21359.93,38698.0263,1.544,7.428305134111791,7.317923054518495,7.481452061323378,7.244335001456297
300192.SZ,20140821,18.2,18.94,18.11,18.78,18.17,0.61,3.36,33592.4,62394.9145,1.544,7.677686869489237,7.440569809622157,7.743098472211191,7.403775783091058
300192.SZ,20140822,18.8,18.96,18.59,18.83,18.78,0.05,0.27,24112.71,45247.7556,1.544,7.6981279953398465,7.6858633198294815,7.751274922551435,7.600010591256917
300192.SZ,20140825,19.18,19.99,18.38,18.39,18.83,-0.44,-2.34,58639.21,112537.5997,1.544,7.518246087854477,7.841215876294119,8.172362115074005,7.514157862684353
300192.SZ,20140826,18.22,18.68,18.0,18.3,18.39,-0.09,-0.49,34101.55,62548.0674,1.544,7.481452061323378,7.448746259962401,7.636804617788017,7.358805306219716
300192.SZ,20140827,18.4,18.59,18.2,18.31,18.3,0.01,0.05,28202.34,51928.4651,1.544,7.4855402864934995,7.522334313024597,7.600010591256917,7.440569809622157
300192.SZ,20140828,18.31,18.8,18.28,18.45,18.31,0.14,0.76,18574.2,34454.0208,1.544,7.542775438875208,7.4855402864934995,7.6858633198294815,7.473275610983134
300192.SZ,20140829,18.48,18.74,18.36,18.7,18.45,0.25,1.36,14231.61,26392.8725,1.544,7.64498106812826,7.555040114385575,7.661333968808748,7.50598141234411
300192.SZ,20140901,18.9,19.08,18.65,19.0,18.7,0.3,1.6,20057.44,37969.3948,1.544,7.767627823231923,7.726745571530701,7.800333624592898,7.62453994227765
300192.SZ,20140902,19.04,19.64,19.04,19.51,19.0,0.51,2.68,44589.98,86631.5029,1.544,7.976127306908148,7.78398072391241,8.029274234119734,7.78398072391241
300192.SZ,20140903,19.6,20.14,19.23,19.28,19.51,-0.23,-1.18,71813.7,140539.0637,1.544,7.882098127995341,8.012921333439246,8.233685492625838,7.86165700214473
300192.SZ,20140904,19.24,19.81,19.15,19.75,19.28,0.47,2.44,49740.98,97102.2352,1.544,8.074244710991078,7.865745227314852,8.09877406201181,7.828951200783753
300192.SZ,20140905,19.86,20.79,19.61,20.51,19.75,0.76,3.85,54284.99,109427.188,1.544,8.384949823920355,8.11921518786242,8.49942012868377,8.017009558609368
300192.SZ,20140909,20.51,21.81,20.5,21.5,20.51,0.99,4.83,48275.14,101937.7369,1.544,8.789684115762437,8.384949823920355,8.916419096036222,8.380861598750233
300192.SZ,20140910,21.2,21.45,21.01,21.4,21.5,-0.1,-0.47,32850.53,69783.0899,1.544,8.748801864061216,8.667037360658776,8.769242989911827,8.589361082426459
300192.SZ,20140911,21.44,21.53,20.5,20.85,21.4,-0.55,-2.57,37069.46,78186.7308,1.544,8.523949479704505,8.765154764741707,8.801948791272805,8.380861598750233
300192.SZ,20140912,20.7,21.77,20.67,21.61,20.85,0.76,3.65,32192.42,68408.1196,1.544,8.83465459263378,8.462626102152672,8.900066195355732,8.450361426642308
300192.SZ,20140915,21.95,23.77,21.85,23.77,21.61,2.16,10.0,87521.62,202016.3085,1.544,9.717711229380146,8.973654248417931,9.717711229380146,8.932771996716712
300192.SZ,20140916,23.8,24.75,23.28,23.52,23.77,-0.25,-1.05,103814.34,249131.6637,1.544,9.615505600127095,9.729975904890512,10.118357296052109,9.517388196044166
300192.SZ,20140917,23.46,23.9,22.5,23.45,23.52,-0.07,-0.3,63757.13,147786.9762,1.544,9.586888023936242,9.590976249106363,9.770858156591734,9.198506632774643
300192.SZ,20140918,23.71,23.86,21.88,22.29,23.45,-1.16,-4.95,89814.12,201618.1948,1.544,9.11265390420208,9.693181878359416,9.754505255911246,8.945036672227076
300192.SZ,20140919,10.1,10.2,9.61,9.94,10.13,-0.19,-1.88,132002.66,129892.3835,3.398,8.943289114835704,9.087245478857204,9.17721820637064,8.646379114041359
300192.SZ,20140922,9.7,9.85,9.58,9.67,9.94,-0.27,-2.72,93876.0,91001.0074,3.398,8.700362750549422,8.727354568803452,8.86231366007361,8.619387295787329
300192.SZ,20140923,9.6,9.72,9.44,9.63,9.67,-0.04,-0.41,90967.58,87157.2671,3.398,8.664373659544047,8.637381841290017,8.745349114306142,8.493425477268515
300192.SZ,20140924,9.5,9.81,9.44,9.68,9.63,0.05,0.52,106114.0,102398.0221,3.398,8.709360023300766,8.547409113776578,8.826324569068236,8.493425477268515
300192.SZ,20140925,9.73,10.65,9.68,10.64,9.68,0.96,9.92,231634.01,238266.7757,3.398,9.573098207429767,8.754346387057486,9.582095480181112,8.709360023300766
300192.SZ,20140926,10.5,10.63,10.22,10.36,10.64,-0.28,-2.63,127072.36,131598.0271,3.398,9.321174570392142,9.447136388910955,9.564100934678423,9.19521275187333
300192.SZ,20140929,10.36,10.78,10.25,10.64,10.36,0.28,2.7,134578.99,142049.5148,3.398,9.573098207429767,9.321174570392142,9.69906002594858,9.22220457012736
300192.SZ,20140930,10.65,10.73,10.4,10.59,10.64,-0.05,-0.47,77150.93,81463.4679,3.398,9.528111843673049,9.582095480181112,9.65407366219186,9.357163661397518
300192.SZ,20141008,10.52,10.64,10.36,10.56,10.59,-0.03,-0.28,79929.24,83770.3913,3.398,9.501120025419016,9.465130934413642,9.573098207429767,9.321174570392142
300192.SZ,20141009,10.57,11.04,10.44,10.83,10.56,0.27,2.56,116978.76,125067.4583,3.398,9.744046389705298,9.51011729817036,9.932989117483515,9.39315275240289
300192.SZ,20141010,10.68,11.33,10.63,11.21,10.83,0.38,3.51,137740.13,152621.5145,3.398,10.085942754256363,9.609087298435142,10.193910027272487,9.564100934678423
300192.SZ,20141013,11.1,11.1,10.52,10.79,11.21,-0.42,-3.75,102361.63,109862.1809,3.398,9.708057298699924,9.98697275399158,9.98697275399158,9.465130934413642
300192.SZ,20141014,10.69,10.79,10.5,10.65,10.79,-0.14,-1.3,63260.63,67334.6496,3.398,9.582095480181112,9.618084571186486,9.708057298699924,9.447136388910955
300192.SZ,20141015,10.6,10.7,10.4,10.54,10.65,-0.11,-1.03,50998.97,53650.3783,3.398,9.48312547991633,9.537109116424393,9.627081843937829,9.357163661397518
300192.SZ,20141016,10.44,10.53,10.2,10.23,10.54,-0.31,-2.94,63326.56,65762.1811,3.398,9.204210024624674,9.39315275240289,9.474128207164986,9.17721820637064
300192.SZ,20141017,10.16,10.23,9.5,9.99,10.23,-0.24,-2.35,81429.96,80541.5127,3.398,8.988275478592422,9.141229115365263,9.204210024624674,8.547409113776578
300192.SZ,20141020,9.95,10.34,9.93,10.25,9.99,0.26,2.6,40543.8,41185.2347,3.398,9.22220457012736,8.952286387587046,9.303180024889452,8.93429184208436
300192.SZ,20141021,10.27,10.27,9.94,9.96,10.25,-0.29,-2.83,39908.4,40135.123,3.398,8.961283660338392,9.240199115630048,9.240199115630048,8.943289114835704
300192.SZ,20141022,10.09,10.09,9.68,9.71,9.96,-0.25,-2.51,34163.41,33711.0515,3.398,8.736351841554798,9.07824820610586,9.07824820610586,8.709360023300766
300192.SZ,20141023,9.6,9.8,9.51,9.59,9.71,-0.12,-1.24,36072.76,34624.6153,3.398,8.628384568538673,8.637381841290017,8.817327296316892,8.556406386527922
300192.SZ,20141024,9.59,9.69,9.45,9.49,9.59,-0.1,-1.04,33846.05,32354.7111,3.398,8.538411841025233,8.628384568538673,8.718357296052108,8.502422750019859
300192.SZ,20141027,9.5,9.57,9.37,9.49,9.49,0.0,0.0,31055.0,29393.0348,3.398,8.538411841025233,8.547409113776578,8.610390023035984,8.430444568009108
300192.SZ,20141028,9.55,9.9,9.49,9.87,9.49,0.38,4.0,43900.53,42786.3974,3.398,8.880308205576297,8.592395477533298,8.907300023830329,8.538411841025233
300192.SZ,20141029,9.9,10.15,9.88,9.96,9.87,0.09,0.91,63706.07,63824.1827,3.398,8.961283660338392,8.907300023830329,9.132231842613924,8.88930547832764
300192.SZ,20141030,9.9,9.94,9.68,9.73,9.96,-0.23,-2.31,71351.91,69989.9031,3.398,8.754346387057486,8.907300023830329,8.943289114835704,8.709360023300766
300192.SZ,20141031,9.68,9.77,9.47,9.58,9.73,-0.15,-1.54,49974.62,47849.0529,3.398,8.619387295787329,8.709360023300766,8.79033547806286,8.520417295522549
300192.SZ,20141103,9.58,9.77,9.51,9.66,9.58,0.08,0.84,40641.23,39349.0905,3.398,8.691365477798078,8.619387295787329,8.79033547806286,8.556406386527922
300192.SZ,20141104,9.66,9.67,9.45,9.52,9.66,-0.14,-1.45,39739.04,37904.1088,3.398,8.565403659279264,8.691365477798078,8.700362750549422,8.502422750019859
300192.SZ,20141105,9.51,9.67,9.46,9.6,9.52,0.08,0.84,31219.29,29936.6865,3.398,8.637381841290017,8.556406386527922,8.700362750549422,8.511420022771205
300192.SZ,20141106,9.59,9.59,9.36,9.53,9.6,-0.07,-0.73,62726.42,59242.9123,3.398,8.574400932030608,8.628384568538673,8.628384568538673,8.421447295257765
300192.SZ,20141107,9.53,9.55,9.4,9.45,9.53,-0.08,-0.84,76802.78,72584.7344,3.398,8.502422750019859,8.574400932030608,8.592395477533298,8.45743638626314
300192.SZ,20141110,9.45,9.5,9.38,9.48,9.45,0.03,0.32,41536.02,39167.8937,3.398,8.52941456827389,8.502422750019859,8.547409113776578,8.439441840760454
300192.SZ,20141111,9.48,9.58,9.0,9.13,9.48,-0.35,-3.69,73283.1,67464.9839,3.398,8.214510021976858,8.52941456827389,8.619387295787329,8.097545476209389
300192.SZ,20141112,9.13,9.38,9.06,9.35,9.13,0.22,2.41,39309.7,36354.2813,3.398,8.412450022506421,8.214510021976858,8.439441840760454,8.151529112717453
300192.SZ,20141113,9.36,9.36,9.1,9.16,9.35,-0.19,-2.03,29461.74,27061.9985,3.398,8.24150184023089,8.421447295257765,8.421447295257765,8.187518203722828
300192.SZ,20141114,9.12,9.28,9.01,9.23,9.16,0.07,0.76,27961.0,25563.1981,3.398,8.304482749490298,8.205512749225514,8.349469113247014,8.106542748960733
300192.SZ,20150526,10.15,10.15,10.15,10.15,9.23,0.92,9.97,414.35,420.5653,3.398,9.132231842613924,9.132231842613924,9.132231842613924,9.132231842613924
300192.SZ,20150527,11.17,11.17,11.17,11.17,10.15,1.02,10.05,359.42,401.4721,3.398,10.049953663250989,10.049953663250989,10.049953663250989,10.049953663250989
300192.SZ,20150528,12.29,12.29,12.29,12.29,11.17,1.12,10.03,979.12,1203.3385,3.398,11.057648211401489,11.057648211401489,11.057648211401489,11.057648211401489
300192.SZ,20150529,13.52,13.52,13.52,13.52,12.29,1.23,10.01,2034.47,2750.6034,3.398,12.16431275981677,12.16431275981677,12.16431275981677,12.16431275981677
300192.SZ,20150601,14.87,14.87,14.87,14.87,13.52,1.35,9.99,669.83,996.0372,3.398,13.37894458124818,13.37894458124818,13.37894458124818,13.37894458124818
300192.SZ,20150602,16.36,16.36,16.36,16.36,14.87,1.49,10.02,2321.24,3797.5486,3.398,14.7195382211984,14.7195382211984,14.7195382211984,14.7195382211984
300192.SZ,20150603,18.0,18.0,18.0,18.0,16.36,1.64,10.02,2189.19,3940.542,3.398,16.195090952418777,16.195090952418777,16.195090952418777,16.195090952418777
300192.SZ,20150604,19.8,19.8,18.9,19.8,18.0,1.8,10.0,232430.05,457478.8518,3.398,17.814600047660658,17.814600047660658,17.814600047660658,17.004845500039718
300192.SZ,20150605,20.0,20.8,19.12,20.12,19.8,0.32,1.62,416060.4,832984.0656,3.398,18.10251277570366,17.994545502687533,18.71432732279504,17.20278550056928
300192.SZ,20150608,20.12,20.12,18.15,18.6,20.12,-1.52,-7.55,263456.94,501444.8834,3.398,16.73492731749941,18.10251277570366,18.10251277570366,16.330050043688935
300192.SZ,20150609,18.21,18.99,17.86,18.51,18.6,-0.09,-0.48,154391.83,283271.2756,3.398,16.653951862737312,16.384033680197,17.08582095480181,16.069129133899967
300192.SZ,20150610,18.03,19.2,18.03,18.76,18.51,0.25,1.35,174786.13,326633.9316,3.398,16.878883681520907,16.222082770672813,17.274763682580033,16.222082770672813
300192.SZ,20150611,18.56,20.45,18.27,20.04,18.76,1.28,6.82,251675.37,489199.8934,3.398,18.03053459369291,16.69893822649403,18.399422776498,16.43801731670506
300192.SZ,20150612,19.95,20.5,19.52,19.9,20.04,-0.14,-0.7,200198.68,401772.0074,3.398,17.904572775174092,17.949559138930812,18.44440914025472,17.56267641062303
300192.SZ,20150615,19.96,21.89,19.51,21.02,19.9,1.12,5.63,353581.85,743894.3831,3.398,18.912267323324595,17.95855641168216,19.695030052691504,17.55367913787169
300192.SZ,20150616,20.31,20.37,18.92,18.92,21.02,-2.1,-9.99,216612.65,417949.1746,3.398,17.02284004554241,18.27346095797919,18.32744459448725,17.02284004554241
300192.SZ,20150617,18.65,19.33,18.0,18.94,18.92,0.02,0.11,117203.52,219179.1188,3.398,17.040834591045098,16.779913681256122,17.3917282283475,16.195090952418777
300192.SZ,20150618,18.85,20.83,18.85,20.14,18.94,1.2,6.34,408525.93,838319.6188,3.398,18.120507321206347,16.959859136283,18.741319141049065,16.959859136283
300192.SZ,20150619,19.0,21.3,18.18,19.65,20.12,-0.47,-2.34,277418.12,551963.1244,3.401,17.695249821272537,17.10991076866047,19.18111049328779,16.37148304074986
300192.SZ,20150623,18.9,21.62,17.8,21.62,19.65,1.97,10.03,242382.94,474840.5572,3.401,19.469277411496808,17.019858606720152,19.469277411496808,16.02928482537665
300192.SZ,20150624,22.0,23.78,21.27,23.0,21.62,1.38,6.38,311441.05,701563.7749,3.401,20.711997246273203,19.81147562687002,21.414404109407688,19.154094844705696
300192.SZ,20150625,22.87,24.69,21.65,21.65,23.0,-1.35,-5.87,294348.61,675744.6892,3.401,19.496293060078905,20.594929435750785,22.233878783064583,19.496293060078905
300192.SZ,20150626,20.2,21.16,19.49,19.49,21.65,-2.16,-9.98,223592.53,444598.8751,3.401,17.55116636216803,18.19053671194429,19.055037466571346,17.55116636216803
300192.SZ,20150629,19.85,19.9,17.54,17.54,19.49,-1.95,-10.01,192291.39,345472.9436,3.401,15.795149204331825,17.875354145153178,17.92038022612333,15.795149204331825
300192.SZ,20150630,15.85,18.31,15.79,16.0,17.54,-1.54,-8.78,292098.89,481286.9892,3.401,14.408345910450922,14.273267667540445,16.488550851272272,14.219236370376253
300192.SZ,20150701,16.0,16.8,14.4,14.4,16.0,-1.6,-10.0,215988.07,340689.8705,3.401,12.96751131940583,14.408345910450922,15.128763205973469,12.96751131940583
300192.SZ,20150702,12.99,13.83,12.96,12.96,14.4,-1.44,-10.0,170445.37,223304.6338,3.401,11.670760187465248,11.697775836047343,12.454213996346017,11.670760187465248
300192.SZ,20150703,11.69,12.28,11.66,11.66,12.96,-1.3,-10.03,104345.29,123064.0712,3.401,10.500082082241107,10.527097730823204,11.05840548627108,10.500082082241107
300192.SZ,20150706,12.39,12.39,10.49,10.49,11.66,-1.17,-10.03,146402.88,163446.5857,3.401,9.446471787539387,11.157462864405431,11.157462864405431,9.446471787539387
300192.SZ,20150720,11.54,11.54,11.54,11.54,10.49,1.05,10.01,1594.75,1840.3415,3.401,10.392019487912728,10.392019487912728,10.392019487912728,10.392019487912728
300192.SZ,20150721,12.69,12.69,12.2,12.69,11.54,1.15,9.97,100375.72,127051.7624,3.401,11.427619350226388,11.427619350226388,11.427619350226388,10.986363756718829
300192.SZ,20150722,13.49,13.96,13.02,13.96,12.69,1.27,10.01,334583.25,462543.2899,3.401,12.57128180686843,12.148036645748933,12.57128180686843,11.72479148462944
300192.SZ,20150723,14.15,14.59,13.3,14.19,13.96,0.23,1.65,382057.79,534154.8295,3.401,12.77840177933116,12.742380914555037,13.138610427092436,11.97693753806233
300192.SZ,20150724,13.88,14.5,13.51,13.7,14.19,-0.49,-3.45,248705.83,349141.5415,3.401,12.337146185823602,12.499240077316175,13.057563481346149,12.166047078136996
300192.SZ,20150727,13.2,13.99,12.33,12.33,13.7,-1.37,-10.0,192765.62,254675.8337,3.401,11.10343156724124,11.88688537612201,12.598297455450524,11.10343156724124
300192.SZ,20150728,11.11,12.15,11.1,11.1,12.33,-1.23,-9.98,232755.53,262130.0914,3.401,9.995789975375326,10.00479519156936,10.94133767574867,9.995789975375326
300192.SZ,20150729,11.25,11.8,10.56,11.76,11.1,0.66,5.95,167927.53,188099.2235,3.401,10.590134244181428,10.130868218285803,10.626155108957557,9.50950830089761
300192.SZ,20150730,11.56,11.85,10.8,10.85,11.76,-0.91,-7.74,150437.12,172890.678,3.401,9.770659570524533,10.410029920300792,10.671181189927712,9.725633489554374
300192.SZ,20150731,10.51,10.99,9.91,10.16,10.85,-0.69,-6.36,128478.32,134408.9965,3.401,9.149299653136335,9.464482219927447,9.896732597240977,8.92416924828554
300192.SZ,20150803,9.9,10.06,9.14,9.21,10.16,-0.95,-9.35,140995.3,134061.2548,3.401,8.293804114703313,8.915164032091509,9.059247491196016,8.23076760134509
300192.SZ,20150804,9.26,10.13,9.26,10.13,9.21,0.92,9.99,130312.56,126618.9064,3.401,9.122284004554242,8.33883019567347,9.122284004554242,8.33883019567347
300192.SZ,20150805,10.31,10.66,10.02,10.28,10.13,0.15,1.48,180660.67,187203.116,3.401,9.257362247464716,9.284377896046813,9.599560462837928,9.02322662641989
300192.SZ,20150806,9.81,10.42,9.81,10.22,10.28,-0.06,-0.58,108856.56,110618.1636,3.401,9.203330950300527,8.834117086345222,9.383435274181164,8.834117086345222
300192.SZ,20150807,10.45,10.99,10.4,10.89,10.22,0.67,6.56,160405.15,172328.6399,3.401,9.80668043530066,9.410450922763255,9.896732597240977,9.365424841793098
300192.SZ,20150810,11.0,11.98,10.95,11.98,10.89,1.09,10.01,192075.06,221829.3398,3.401,10.78824900045013,9.90573781343501,10.78824900045013,9.86071173246485
300192.SZ,20150811,11.99,12.28,11.72,11.9,11.98,-0.08,-0.67,229862.14,276547.772,3.401,10.716207270897874,10.79725421664416,11.05840548627108,10.5541133794053
300192.SZ,20150812,11.7,12.01,11.45,11.48,11.9,-0.42,-3.53,143281.22,168090.8013,3.401,10.337988190748538,10.536102947017238,10.815264649032224,10.31097254216644
300192.SZ,20150813,11.44,11.93,11.12,11.92,11.48,0.44,3.83,140265.73,162662.5513,3.401,10.734217703285935,10.301967325972408,10.743222919479969,10.01380040776339
300192.SZ,20150814,11.88,12.48,11.82,12.18,11.92,0.26,2.18,188829.11,229242.0392,3.401,10.968353324330764,10.69819683850981,11.23850981015172,10.644165541345618
300192.SZ,20150817,12.04,12.18,11.7,12.18,12.18,0.0,0.0,152543.49,182668.4361,3.401,10.968353324330764,10.842280297614318,10.968353324330764,10.536102947017238
300192.SZ,20150818,12.18,12.58,10.96,11.19,12.18,-0.99,-8.13,231709.76,276149.8716,3.401,10.076836921121616,10.968353324330764,11.328561972092038,9.869716948658882
300192.SZ,20150819,10.8,12.23,10.48,12.1,11.19,0.91,8.13,193034.24,218142.5537,3.401,10.89631159477851,9.725633489554374,11.013379405300924,9.437466571345354
300192.SZ,20150820,11.83,12.85,11.61,12.29,12.1,0.19,1.57,275566.58,334087.1976,3.401,11.067410702465114,10.65317075753965,11.571702809330898,10.455056001270949
300192.SZ,20150821,11.94,12.44,11.06,11.06,12.29,-1.23,-10.01,181632.89,212101.0172,3.401,9.9597691105992,10.752228135674,11.202488945375592,9.9597691105992
300192.SZ,20150824,10.26,10.43,9.95,9.95,11.06,-1.11,-10.04,64732.97,64991.1132,3.401,8.960190113061666,9.239351815076652,9.392440490375192,8.960190113061666
300192.SZ,20150825,8.96,9.2,8.96,8.96,9.95,-0.99,-9.95,109451.15,98323.1953,3.401,8.068673709852517,8.068673709852517,8.28479889850928,8.068673709852517
300192.SZ,20150826,9.0,9.18,8.06,8.08,8.96,-0.88,-9.82,170426.27,146106.2292,3.401,7.276214684777716,8.104694574628644,8.266788466121216,7.258204252389652
300192.SZ,20150827,8.4,8.55,7.81,8.53,8.08,0.45,5.57,124607.25,103576.3746,3.401,7.681449413509148,7.564381602986734,7.699459845897212,7.033073847538856
300192.SZ,20150828,8.67,9.38,8.53,9.35,8.53,0.82,9.61,162040.42,145434.3179,3.401,8.419877141419757,7.807522440225593,8.446892790001854,7.681449413509148
300192.SZ,20150831,9.15,9.25,8.7,8.75,9.35,-0.6,-6.42,89045.84,79724.0943,3.401,7.879564169777848,8.239772817539121,8.329824979479438,7.834538088807688
300192.SZ,20150901,8.7,8.96,8.01,8.02,8.75,-0.73,-8.34,86246.42,72056.9618,3.401,7.222183387613524,7.834538088807688,8.068673709852517,7.213178171419493
300192.SZ,20150902,7.62,8.38,7.22,7.4,8.02,-0.62,-7.73,84465.44,65750.0433,3.401,6.663859983583552,6.861974739852252,7.546371170598671,6.501766092090978
300192.SZ,20150907,7.68,8.06,7.55,7.71,7.4,0.31,4.19,72944.63,56880.705,3.401,6.943021685598538,6.916006037016443,7.258204252389652,6.798938226494029
300192.SZ,20150908,7.72,8.48,7.6,8.48,7.71,0.77,9.99,91622.57,74567.3584,3.401,7.636423332538989,6.9520269017925695,7.636423332538989,6.843964307464187
300192.SZ,20150909,8.5,9.27,8.5,9.1,8.48,0.62,7.31,174080.43,154660.2549,3.401,8.194746736568963,7.6544337649270515,8.347835411867504,7.6544337649270515
300192.SZ,20150910,8.71,9.19,8.71,8.85,9.1,-0.25,-2.75,111204.1,99388.1072,3.401,7.969616331718166,7.843543305001721,8.275793682315248,7.843543305001721
300192.SZ,20150911,8.7,9.41,8.7,9.07,8.85,0.22,2.49,100040.33,90935.4208,3.401,8.167731087986867,7.834538088807688,8.473908438583948,7.834538088807688
300192.SZ,20150914,9.11,9.27,8.17,8.99,9.07,-0.08,-0.88,171448.46,152584.4801,3.401,8.095689358434612,8.203751952762993,8.347835411867504,7.357261630524002
300192.SZ,20150915,8.77,8.83,8.2,8.3,8.99,-0.69,-7.68,73805.4,63577.6573,3.401,7.474329441046416,7.897574602165911,7.951605899330103,7.384277279106097
300192.SZ,20150916,8.36,9.13,8.36,9.13,8.3,0.83,10.0,154245.29,136936.9614,3.401,8.221762385151058,7.528360738210606,8.221762385151058,7.528360738210606
300192.SZ,20150917,9.1,10.04,9.01,9.89,9.13,0.76,8.32,251992.22,247744.8848,3.401,8.906158815897477,8.194746736568963,9.041237058807951,8.113699790822675
300192.SZ,20150918,10.09,10.25,9.81,10.14,9.89,0.25,2.53,162983.0,163370.712,3.401,9.131289220748272,9.086263139778112,9.230346598882624,8.834117086345222
300192.SZ,20150921,9.91,10.68,9.81,10.55,10.14,0.41,4.04,101665.44,104519.0547,3.401,9.500503084703578,8.92416924828554,9.61757089522599,8.834117086345222
300192.SZ,20150922,10.5,10.65,10.1,10.57,10.55,0.02,0.19,85225.72,88819.5499,3.401,9.51851351709164,9.455477003733415,9.590555246643897,9.095268355972143
300192.SZ,20150923,10.31,10.57,10.13,10.53,10.57,-0.04,-0.38,57330.59,59659.8553,3.401,9.482492652315512,9.284377896046813,9.51851351709164,9.122284004554242
300192.SZ,20150924,10.52,10.86,10.45,10.7,10.53,0.17,1.61,59296.02,63005.3835,3.401,9.635581327614052,9.47348743612148,9.779664786718564,9.410450922763255
300192.SZ,20150925,10.6,11.06,10.35,10.68,10.7,-0.02,-0.19,88228.45,93999.3954,3.401,9.61757089522599,9.545529165673736,9.9597691105992,9.32039876082294
300192.SZ,20150928,10.67,11.1,10.21,11.03,10.68,0.35,3.28,67075.07,71835.6014,3.401,9.932753462017104,9.608565679031958,9.995789975375326,9.194325734106496
300192.SZ,20150929,10.8,11.29,10.71,11.0,11.03,-0.03,-0.27,66460.56,72990.5352,3.401,9.90573781343501,9.725633489554374,10.166889083061932,9.644586543808083
300192.SZ,20150930,11.02,11.18,10.84,11.09,11.0,0.09,0.82,69093.94,75796.6476,3.401,9.986784759181296,9.923748245823072,10.06783170492758,9.7616543543305
300192.SZ,20151008,11.62,12.2,11.37,12.2,11.09,1.11,10.01,142208.12,171515.9981,3.401,10.986363756718829,10.464061217464982,10.986363756718829,10.238930812614186
300192.SZ,20151009,12.32,12.9,12.2,12.54,12.2,0.34,2.79,152496.06,190602.1348,3.401,11.29254110731591,11.094426351047211,11.616728890301056,10.986363756718829
300192.SZ,20151012,12.35,13.3,12.31,13.25,12.54,0.71,5.66,157723.07,202931.9056,3.401,11.93191145709217,11.121441999629306,11.97693753806233,11.085421134853178
300192.SZ,20151013,13.01,13.57,12.88,13.15,13.25,-0.1,-0.75,115969.05,152245.5298,3.401,11.84185929515185,11.715786268435403,12.220078375301188,11.598718457912993
300192.SZ,20151014,12.89,13.05,12.47,12.78,13.15,-0.37,-2.81,90809.41,115743.3865,3.401,11.508666295972674,11.607723674107024,11.751807133211534,11.229504593957689
300192.SZ,20151015,12.55,12.99,12.52,12.99,12.78,0.21,1.64,90489.85,116188.0781,3.401,11.697775836047343,11.301546323509942,11.697775836047343,11.274530674927846
300192.SZ,20151016,13.0,13.21,12.45,12.9,12.99,-0.09,-0.69,94164.85,120875.6085,3.401,11.616728890301056,11.706781052241372,11.895890592316045,11.211494161569622
300192.SZ,20151019,12.95,14.07,12.75,13.43,12.9,0.53,4.11,113394.4,152097.3521,3.401,12.094005348584744,11.661754971271217,12.67033918500278,11.48165064739058
300192.SZ,20151020,13.41,13.98,13.21,13.59,13.43,0.16,1.19,93785.46,128269.1624,3.401,12.238088807689252,12.07599491619668,12.589292239256494,11.895890592316045
300192.SZ,20151021,13.62,13.68,12.23,12.74,13.59,-0.85,-6.25,122381.74,156178.5226,3.401,11.472645431196549,12.265104456271349,12.319135753435535,11.013379405300924
300192.SZ,20151022,12.58,13.37,12.41,13.37,12.74,0.63,4.95,104489.55,134286.7332,3.401,12.03997405142055,11.328561972092038,12.03997405142055,11.175473296793497
300192.SZ,20151023,14.0,14.02,13.2,14.01,13.37,0.64,4.79,138968.63,191071.4381,3.401,12.61630788783859,12.607302671644558,12.62531310403262,11.88688537612201
300192.SZ,20151026,14.08,14.2,13.46,13.85,14.01,-0.16,-1.14,103414.69,141786.4972,3.401,12.472224428734078,12.679344401196811,12.787406995525194,12.121020997166838
300192.SZ,20151027,13.51,13.96,12.8,13.7,13.85,-0.15,-1.08,79777.72,106978.5029,3.401,12.337146185823602,12.166047078136996,12.57128180686843,11.52667672836074
300192.SZ,20151028,13.55,13.8,12.9,13.09,13.7,-0.61,-4.45,57769.61,77514.7748,3.401,11.78782799798766,12.202067942913128,12.42719834776392,11.616728890301056
300192.SZ,20151029,13.79,13.79,12.7,13.18,13.09,0.09,0.69,130661.2,172172.598,3.401,11.868874943733946,12.418193131569888,12.418193131569888,11.436624566420418
300192.SZ,20151030,13.18,13.19,12.48,12.7,13.18,-0.48,-3.64,107807.12,136928.854,3.401,11.436624566420418,11.868874943733946,11.87788015992798,11.23850981015172
300192.SZ,20151102,11.9,13.0,11.43,11.8,12.7,-0.9,-7.09,150403.39,185567.5346,3.401,10.626155108957557,10.716207270897874,11.706781052241372,10.292962109778378
300192.SZ,20151103,11.98,12.36,10.65,12.3,11.8,0.5,4.24,243276.28,280578.5872,3.401,11.076415918659146,10.78824900045013,11.130447215823336,9.590555246643897
300192.SZ,20151104,12.18,13.32,11.97,13.32,12.3,1.02,8.29,197886.06,249814.2895,3.401,11.994947970450392,10.968353324330764,11.994947970450392,10.779243784256096
300192.SZ,20151105,13.2,13.66,12.88,13.13,13.32,-0.19,-1.43,111351.34,147806.9593,3.401,11.82384886276379,11.88688537612201,12.301125321047476,11.598718457912993
300192.SZ,20151106,13.04,13.86,13.04,13.6,13.13,0.47,3.58,98671.89,133923.7336,3.401,12.247094023883283,11.7428019170175,12.481229644928112,11.7428019170175
300192.SZ,20151109,13.31,14.94,13.31,14.67,13.6,1.07,7.87,140528.77,199286.741,3.401,13.210652156644688,11.985942754256362,13.453792993883548,11.985942754256362
300192.SZ,20151110,16.0,16.0,14.12,14.53,14.67,-0.14,-0.95,244318.9,363831.4672,3.401,13.084579129928242,14.408345910450922,14.408345910450922,12.715365265972938
300192.SZ,20151111,14.33,14.5,14.02,14.37,14.53,-0.16,-1.1,133782.84,190853.9761,3.401,12.940495670823736,12.904474806047606,13.057563481346149,12.62531310403262
300192.SZ,20151112,14.47,14.73,14.08,14.32,14.37,-0.05,-0.35,119006.48,171340.4111,3.401,12.895469589853576,13.030547832764052,13.264683453808882,12.679344401196811
300192.SZ,20151113,14.17,14.19,13.5,13.7,14.32,-0.62,-4.33,89524.6,124450.8503,3.401,12.337146185823602,12.7603913469431,12.77840177933116,12.157041861942966
300192.SZ,20151116,13.4,14.4,13.2,14.35,13.7,0.65,4.74,80692.05,113126.892,3.401,12.922485238435671,12.066989700002647,12.96751131940583,11.88688537612201
300192.SZ,20151117,14.65,15.79,14.65,15.79,14.35,1.44,10.03,268155.63,420376.2024,3.401,14.219236370376253,13.192641724256626,14.219236370376253,13.192641724256626
300192.SZ,20151118,16.0,16.13,14.27,14.33,15.79,-1.46,-9.25,210791.92,320521.5895,3.401,12.904474806047606,14.408345910450922,14.525413720973336,12.850443508883416
300192.SZ,20151119,14.33,15.2,14.3,14.9,14.33,0.57,3.98,124849.74,185171.9907,3.401,13.417772129107425,12.904474806047606,13.687928614928374,12.87745915746551
300192.SZ,20151120,14.89,15.46,14.63,15.19,14.9,0.29,1.95,136075.55,204306.2777,3.401,13.678923398734344,13.40876691291339,13.922064235973204,13.174631291868565
300192.SZ,20151123,15.06,15.35,14.35,14.59,15.19,-0.6,-3.95,114600.61,170878.5575,3.401,13.138610427092436,13.56185558821193,13.823006857838854,12.922485238435671
300192.SZ,20151124,14.5,14.99,14.41,14.92,14.59,0.33,2.26,77838.82,115117.8127,3.401,13.435782561495484,13.057563481346149,13.498819074853708,12.976516535599862
300192.SZ,20151125,15.0,15.93,15.0,15.56,14.92,0.64,4.29,143660.46,220862.2753,3.401,14.01211639791352,13.50782429104774,14.3453093970927,13.50782429104774
300192.SZ,20151126,15.56,15.98,15.06,15.92,15.56,0.36,2.31,134544.01,208646.3322,3.401,14.336304180898669,14.01211639791352,14.39033547806286,13.56185558821193
300192.SZ,20151127,15.88,15.9,14.33,14.52,15.92,-1.4,-8.79,110060.15,167774.7406,3.401,13.07557391373421,14.300283316122542,14.318293748510603,12.904474806047606
300192.SZ,20151130,14.66,15.14,13.07,14.3,14.52,-0.22,-1.52,131561.05,184605.0569,3.401,12.87745915746551,13.201646940450658,13.633897317764186,11.7698175655996
300192.SZ,20151201,14.32,14.37,13.7,13.99,14.3,-0.31,-2.17,75139.91,105766.0792,3.401,12.598297455450524,12.895469589853576,12.940495670823736,12.337146185823602
300192.SZ,20151202,13.91,14.09,13.25,13.65,13.99,-0.34,-2.43,67853.33,92121.5263,3.401,12.292120104853442,12.52625572589827,12.688349617390845,11.93191145709217
300192.SZ,20151203,13.75,14.35,13.66,14.23,13.65,0.58,4.25,67893.89,94916.9647,3.401,12.814422644107289,12.38217226679376,12.922485238435671,12.301125321047476
300192.SZ,20151204,14.23,14.45,13.94,14.25,14.23,0.02,0.14,77770.26,110380.8163,3.401,12.832433076495354,12.814422644107289,13.012537400375988,12.553271374480364
300192.SZ,20151207,14.26,14.59,14.17,14.42,14.25,0.17,1.19,62660.37,90156.8766,3.401,12.985521751793897,12.841438292689384,13.138610427092436,12.7603913469431
300192.SZ,20151208,14.36,15.0,14.02,14.73,14.42,0.31,2.15,103400.98,150197.176,3.401,13.264683453808882,12.9314904546297,13.50782429104774,12.62531310403262
300192.SZ,20151209,14.73,15.66,14.73,15.25,14.73,0.52,3.53,128832.08,196997.0889,3.401,13.732954695898536,13.264683453808882,14.10216855985384,13.264683453808882
300192.SZ,20151210,15.18,15.47,14.55,14.76,15.25,-0.49,-3.21,109397.31,164183.1771,3.401,13.291699102390975,13.669918182540313,13.931069452167236,13.102589562316307
300192.SZ,20151211,14.65,14.74,14.24,14.29,14.76,-0.47,-3.18,70179.12,101683.5508,3.401,12.86845394127148,13.192641724256626,13.273688670002912,12.82342786030132
300192.SZ,20151214,14.0,14.62,13.9,14.6,14.29,0.31,2.17,56429.87,80553.81,3.401,13.147615643286466,12.607302671644558,13.16562607567453,12.51725050970424
300192.SZ,20151215,14.51,14.95,14.44,14.79,14.6,0.19,1.3,51851.78,76393.4546,3.401,13.31871475097307,13.06656869754018,13.46279821007758,13.003532184181957
300192.SZ,20151216,14.93,15.32,14.73,15.11,14.79,0.32,2.16,66210.18,99658.4259,3.401,13.606881669182089,13.444787777689516,13.795991209256758,13.264683453808882
300192.SZ,20151217,15.07,16.62,15.03,16.62,15.11,1.51,9.99,176681.19,282360.6886,3.401,14.966669314480896,13.570860804405964,14.966669314480896,13.534839939629832
300192.SZ,20151218,16.49,17.5,16.34,16.94,16.62,0.32,1.93,176063.44,297909.0631,3.401,15.254836232689916,14.84960150395848,15.759128339555696,14.714523261048004
300192.SZ,20151221,16.93,17.5,16.53,17.45,16.94,0.51,3.01,113384.82,192863.282,3.401,15.714102258585536,15.24583101649588,15.759128339555696,14.88562236873461
300192.SZ,20151222,17.46,17.7,16.91,17.23,17.45,-0.22,-1.26,94691.64,163399.9854,3.401,15.515987502316838,15.72310747477957,15.939232663436332,15.227820584107818
300192.SZ,20151223,17.3,17.32,16.5,16.5,17.23,-0.73,-4.24,87680.72,147513.0906,3.401,14.858606720152514,15.57902401567506,15.597034448063123,14.858606720152514
300192.SZ,20151224,16.66,16.88,16.34,16.71,16.5,0.21,1.27,60761.43,101302.0998,3.401,15.04771626022718,15.002690179257025,15.200804935525722,14.714523261048004
300192.SZ,20151225,16.74,17.49,16.6,16.85,16.71,0.14,0.84,60230.5,102690.4593,3.401,15.173789286943627,15.074731908809277,15.750123123361664,14.948658882092833
300192.SZ,20151228,16.85,16.95,15.46,15.57,16.85,-1.28,-7.6,96405.96,156116.5029,3.401,14.021121614107557,15.173789286943627,15.263841448883946,13.922064235973204
300192.SZ,20151229,15.59,16.39,15.5,16.1,15.57,0.53,3.4,61465.59,97865.2717,3.401,14.49839807239124,14.039132046495617,14.759549342018165,13.958085100749331
300192.SZ,20151230,16.34,16.34,15.7,16.17,16.1,0.07,0.43,56048.61,90107.0822,3.401,14.561434585749463,14.714523261048004,14.714523261048004,14.138189424629967
300192.SZ,20151231,16.1,16.54,15.88,16.22,16.17,0.05,0.31,56225.26,91146.1298,3.401,14.606460666719622,14.49839807239124,14.89462758492864,14.300283316122542
300192.SZ,20160104,16.01,16.18,14.6,14.6,16.22,-1.62,-9.99,63937.65,96633.436,3.401,13.147615643286466,14.417351126644954,14.570439801943497,13.147615643286466
300192.SZ,20160105,13.5,14.48,13.14,13.67,14.6,-0.93,-6.37,77769.76,106269.6119,3.401,12.310130537241507,12.157041861942966,13.039553048958084,11.83285407895782
300192.SZ,20160106,13.69,14.3,13.6,14.25,13.67,0.58,4.24,58305.19,81679.966,3.401,12.832433076495354,12.32814096962957,12.87745915746551,12.247094023883283
300192.SZ,20160107,13.9,13.91,12.83,12.83,14.25,-1.42,-9.96,18281.22,23813.995,3.401,11.553692376942834,12.51725050970424,12.52625572589827,11.553692376942834
300192.SZ,20160108,13.1,13.25,11.56,12.41,12.83,-0.42,-3.27,90924.09,113446.2226,3.401,11.175473296793497,11.796833214181692,11.93191145709217,10.410029920300792
300192.SZ,20160111,11.83,11.96,11.17,11.17,12.41,-1.24,-9.99,76220.55,87095.8073,3.401,10.05882648873355,10.65317075753965,10.770238568062066,10.05882648873355
300192.SZ,20160112,10.9,11.24,10.3,10.74,11.17,-0.43,-3.85,65912.44,71266.5543,3.401,9.671602192390182,9.815685651494691,10.121863002091771,9.27537267985278
300192.SZ,20160113,10.82,11.19,10.2,10.2,10.74,-0.54,-5.03,47812.36,51857.9171,3.401,9.185320517912462,9.743643921942436,10.076836921121616,9.185320517912462
300192.SZ,20160114,9.75,11.2,9.69,11.01,10.2,0.81,7.94,66077.49,68901.8424,3.401,9.91474302962904,8.78008578918103,10.085842137315645,8.72605449201684
300192.SZ,20160115,10.88,11.15,10.47,10.9,11.01,-0.11,-1.0,60158.9,65234.8627,3.401,9.815685651494691,9.797675219106626,10.040816056345486,9.428461355151322
300192.SZ,20160118,10.68,11.49,10.6,11.29,10.9,0.39,3.58,66563.95,73402.3175,3.401,10.166889083061932,9.61757089522599,10.346993406942568,9.545529165673736
300192.SZ,20160119,11.12,11.82,10.89,11.73,11.29,0.44,3.9,81948.47,93695.2642,3.401,10.563118595599333,10.01380040776339,10.644165541345618,9.80668043530066
300192.SZ,20160120,11.57,12.66,11.5,12.5,11.73,0.77,6.56,122163.59,146274.0694,3.401,11.256520242539782,10.419035136494823,11.400603701644291,10.3559986231366
300192.SZ,20160121,12.1,13.0,11.8,11.8,12.5,-0.7,-5.6,104809.09,130252.0927,3.401,10.626155108957557,10.89631159477851,11.706781052241372,10.626155108957557
300192.SZ,20160122,12.05,12.4,11.35,11.9,11.8,0.1,0.85,67211.32,79884.8946,3.401,10.716207270897874,10.851285513808351,11.166468080599463,10.220920380226122
300192.SZ,20160125,12.07,12.32,11.85,12.22,11.9,0.32,2.69,47333.22,57295.92,3.401,11.004374189106892,10.869295946196416,11.094426351047211,10.671181189927712
300192.SZ,20160126,11.95,12.12,11.0,11.0,12.22,-1.22,-9.98,61735.0,70433.8555,3.401,9.90573781343501,10.761233351868032,10.914322027166572,9.90573781343501
300192.SZ,20160127,10.8,11.2,9.9,10.85,11.0,-0.15,-1.36,72935.67,75259.7674,3.401,9.770659570524533,9.725633489554374,10.085842137315645,8.915164032091509
300192.SZ,20160128,10.7,10.88,9.79,9.9,10.85,-0.95,-8.76,44382.36,46223.5304,3.401,8.915164032091509,9.635581327614052,9.797675219106626,8.816106653957158
300192.SZ,20160129,9.99,10.89,9.93,10.89,9.9,0.99,10.0,67914.39,71906.9736,3.401,9.80668043530066,8.996210977837794,9.80668043530066,8.942179680673604
300192.SZ,20160201,10.98,11.12,10.4,10.7,10.89,-0.19,-1.74,51200.74,55531.8772,3.401,9.635581327614052,9.887727381046943,10.01380040776339,9.365424841793098
300192.SZ,20160202,10.68,11.46,10.56,11.46,10.7,0.76,7.1,54855.58,61349.2707,3.401,10.319977758360473,9.61757089522599,10.319977758360473,9.50950830089761
300192.SZ,20160203,11.25,11.88,11.16,11.78,11.46,0.32,2.79,55476.36,64491.3073,3.401,10.608144676569491,10.130868218285803,10.69819683850981,10.049821272539518
300192.SZ,20160204,11.73,12.68,11.73,12.4,11.78,0.62,5.26,74261.95,90788.7867,3.401,11.166468080599463,10.563118595599333,11.418614134032357,10.563118595599333
300192.SZ,20160205,12.4,12.55,11.98,12.06,12.4,-0.34,-2.74,61604.68,76300.3637,3.401,10.860290730002385,11.166468080599463,11.301546323509942,10.78824900045013
300192.SZ,20160215,11.69,12.15,11.35,11.86,12.06,-0.2,-1.66,50913.91,59740.1021,3.401,10.680186406121743,10.527097730823204,10.94133767574867,10.220920380226122
300192.SZ,20160216,11.97,12.46,11.9,12.24,11.86,0.38,3.2,59620.56,73076.7158,3.401,11.022384621494956,10.779243784256096,11.220499377763655,10.716207270897874
300192.SZ,20160217,12.18,12.32,11.8,12.25,12.24,0.01,0.08,54793.61,66201.2168,3.401,11.031389837688987,10.968353324330764,11.094426351047211,10.626155108957557
300192.SZ,20160218,12.3,12.44,12.06,12.12,12.25,-0.13,-1.06,73736.06,90194.0774,3.401,10.914322027166572,11.076415918659146,11.202488945375592,10.860290730002385
300192.SZ,20160219,12.06,12.6,12.06,12.53,12.12,0.41,3.38,66995.95,82858.7241,3.401,11.283535891121875,10.860290730002385,11.3465724044801,10.860290730002385
300192.SZ,20160222,12.63,12.95,12.45,12.95,12.53,0.42,3.35,110652.53,140070.2291,3.401,11.661754971271217,11.373588053062198,11.661754971271217,11.211494161569622
300192.SZ,20160223,12.85,12.93,12.51,12.8,12.95,-0.15,-1.16,64423.62,81764.8019,3.401,11.52667672836074,11.571702809330898,11.64374453888315,11.265525458733816
300192.SZ,20160224,12.9,13.35,12.56,13.25,12.8,0.45,3.52,97220.11,125654.2174,3.401,11.93191145709217,11.616728890301056,12.021963619032489,11.310551539703974
300192.SZ,20160225,12.99,13.48,11.93,11.93,13.25,-1.32,-9.96,107321.35,135703.5004,3.401,10.743222919479969,11.697775836047343,12.139031429554905,10.743222919479969
300192.SZ,20160226,12.2,12.68,11.83,11.93,11.93,0.0,0.0,92903.34,114286.1125,3.401,10.743222919479969,10.986363756718829,11.418614134032357,10.65317075753965
300192.SZ,20160229,12.06,12.29,10.74,10.74,11.93,-1.19,-9.97,70893.17,78634.1085,3.401,9.671602192390182,10.860290730002385,11.067410702465114,9.671602192390182
300192.SZ,20160301,10.82,11.81,10.4,11.81,10.74,1.07,9.96,63878.51,70702.9807,3.401,10.635160325151588,9.743643921942436,10.635160325151588,9.365424841793098
300192.SZ,20160302,11.92,12.59,11.73,12.4,11.81,0.59,5.0,66218.09,80753.9322,3.401,11.166468080599463,10.734217703285935,11.33756718828607,10.563118595599333
300192.SZ,20160303,12.49,12.66,12.19,12.45,12.4,0.05,0.4,46389.54,57614.4477,3.401,11.211494161569622,11.247515026345752,11.400603701644291,10.977358540524795
300192.SZ,20160304,12.35,12.38,11.21,11.53,12.45,-0.92,-7.39,53759.22,63178.9821,3.401,10.383014271718697,11.121441999629306,11.148457648211402,10.094847353509678
300192.SZ,20160307,11.78,12.01,11.5,11.9,11.53,0.37,3.21,44325.67,52411.682,3.401,10.716207270897874,10.608144676569491,10.815264649032224,10.3559986231366
300192.SZ,20160308,11.85,13.09,11.33,12.67,11.9,0.77,6.47,133601.87,166723.3446,3.401,11.409608917838325,10.671181189927712,11.78782799798766,10.20290994783806
300192.SZ,20160309,12.32,13.28,12.24,12.9,12.67,0.23,1.82,99554.52,128473.9565,3.401,11.616728890301056,11.094426351047211,11.958927105674263,11.022384621494956
300192.SZ,20160310,12.78,13.09,12.51,12.55,12.9,-0.35,-2.71,56136.0,71417.2941,3.401,11.301546323509942,11.508666295972674,11.78782799798766,11.265525458733816
300192.SZ,20160311,12.51,13.26,12.4,12.93,12.55,0.38,3.03,67909.29,88013.4368,3.401,11.64374453888315,11.265525458733816,11.940916673286202,11.166468080599463
300192.SZ,20160314,13.17,13.95,13.1,13.7,12.93,0.77,5.96,89164.29,121150.2708,3.401,12.337146185823602,11.859869727539914,12.562276590674395,11.796833214181692
300192.SZ,20160315,13.71,13.85,13.29,13.3,13.7,-0.4,-2.92,63281.55,85196.1082,3.401,11.97693753806233,12.346151402017634,12.472224428734078,11.967932321868297
300192.SZ,20160316,13.62,14.1,13.01,13.3,13.3,0.0,0.0,66551.7,90575.9337,3.401,11.97693753806233,12.265104456271349,12.697354833584876,11.715786268435403
300192.SZ,20160317,13.3,14.08,13.21,13.84,13.3,0.54,4.06,86521.76,118620.1792,3.401,12.463219212540048,11.97693753806233,12.679344401196811,11.895890592316045
300192.SZ,20160318,14.08,14.72,13.79,14.41,13.84,0.57,4.12,107267.53,154345.148,3.401,12.976516535599862,12.679344401196811,13.255678237614848,12.418193131569888
300192.SZ,20160321,14.39,14.41,13.97,14.3,14.41,-0.11,-0.76,138921.09,197093.5913,3.401,12.87745915746551,12.9585061032118,12.976516535599862,12.580287023062462
300192.SZ,20160322,14.1,14.96,14.04,14.5,14.3,0.2,1.4,119481.89,175256.792,3.401,13.057563481346149,12.697354833584876,13.471803426271611,12.643323536420684
300192.SZ,20160323,14.29,14.88,14.29,14.42,14.5,-0.08,-0.55,77434.31,112734.6223,3.401,12.985521751793897,12.86845394127148,13.399761696719358,12.86845394127148
300192.SZ,20160324,14.21,14.3,13.6,13.67,14.42,-0.75,-5.2,104265.01,145180.3765,3.401,12.310130537241507,12.796412211719224,12.87745915746551,12.247094023883283
300192.SZ,20160325,13.52,14.26,13.52,14.18,13.67,0.51,3.73,70114.54,97391.7706,3.401,12.76939656313713,12.17505229433103,12.841438292689384,12.17505229433103
300192.SZ,20160328,14.26,14.39,13.63,13.92,14.18,-0.26,-1.83,81533.7,114737.4954,3.401,12.535260942092302,12.841438292689384,12.9585061032118,12.27410967246538
300192.SZ,20160329,13.8,14.31,13.6,14.31,13.92,0.39,2.8,100040.83,140375.622,3.401,12.886464373659544,12.42719834776392,12.886464373659544,12.247094023883283
300192.SZ,20160330,14.39,15.59,14.2,15.51,14.31,1.2,8.39,130399.64,198367.9612,3.401,13.96709031694336,12.9585061032118,14.039132046495617,12.787406995525194
300192.SZ,20160331,15.49,15.84,15.1,15.22,15.51,-0.29,-1.87,103758.23,159599.6083,3.401,13.70593904731644,13.9490798845553,14.264262451346411,13.597876452988055
300192.SZ,20160401,15.31,15.31,14.44,14.92,15.22,-0.3,-1.97,77312.06,114116.4742,3.401,13.435782561495484,13.786985993062729,13.786985993062729,13.003532184181957
300192.SZ,20160405,14.79,15.6,14.79,15.3,14.92,0.38,2.55,63114.74,96614.7779,3.401,13.777980776868697,13.31871475097307,14.04813726268965,13.31871475097307
300192.SZ,20160406,15.25,15.4,14.78,14.98,15.3,-0.32,-2.09,60132.68,89864.0871,3.401,13.489813858659677,13.732954695898536,13.868032938809014,13.30970953477904
300192.SZ,20160407,14.93,14.98,14.3,14.49,14.98,-0.49,-3.27,54349.59,79405.1806,3.401,13.048558265152115,13.444787777689516,13.489813858659677,12.87745915746551
300192.SZ,20160408,14.4,14.85,14.13,14.4,14.49,-0.09,-0.62,59425.3,85565.0355,3.401,12.96751131940583,12.96751131940583,13.372746048137262,12.724370482166972
300192.SZ,20160411,14.55,14.8,14.4,14.47,14.4,0.07,0.49,83282.95,121458.4773,3.401,13.030547832764052,13.102589562316307,13.327719967167104,12.96751131940583
300192.SZ,20160412,14.48,14.51,13.9,14.25,14.47,-0.22,-1.52,79440.65,112150.3518,3.401,12.832433076495354,13.039553048958084,13.06656869754018,12.51725050970424
300192.SZ,20160413,14.25,14.7,14.25,14.34,14.25,0.09,0.63,89164.63,129378.6227,3.401,12.91348002224164,12.832433076495354,13.237667805226785,12.832433076495354
300192.SZ,20160414,14.45,14.75,14.43,14.74,14.34,0.4,2.79,70702.71,103367.2355,3.401,13.273688670002912,13.012537400375988,13.282693886196943,12.994526967987923
300192.SZ,20160415,14.75,15.3,14.61,15.02,14.74,0.28,1.9,123606.65,185162.5365,3.401,13.525834723435803,13.282693886196943,13.777980776868697,13.156620859480498
300192.SZ,20160418,14.9,14.95,14.51,14.73,15.02,-0.29,-1.93,59176.44,87611.441,3.401,13.264683453808882,13.417772129107425,13.46279821007758,13.06656869754018
300192.SZ,20160419,14.73,15.2,14.46,15.1,14.73,0.37,2.51,78840.55,117346.8995,3.401,13.597876452988055,13.264683453808882,13.687928614928374,13.021542616570022
300192.SZ,20160420,15.1,15.26,13.85,14.3,15.1,-0.8,-5.3,87843.53,127315.3553,3.401,12.87745915746551,13.597876452988055,13.741959912092568,12.472224428734078
300192.SZ,20160421,14.3,14.83,14.01,14.43,14.3,0.13,0.91,69841.47,101663.3458,3.401,12.994526967987923,12.87745915746551,13.3547356157492,12.61630788783859
300192.SZ,20160422,14.12,14.59,14.12,14.45,14.43,0.02,0.14,30446.71,43808.3951,3.401,13.012537400375988,12.715365265972938,13.138610427092436,12.715365265972938
300192.SZ,20160425,14.45,15.06,14.32,14.65,14.45,0.2,1.38,58399.22,86136.4757,3.401,13.192641724256626,13.012537400375988,13.56185558821193,12.895469589853576
300192.SZ,20160426,14.65,14.92,14.22,14.89,14.65,0.24,1.64,57239.49,83881.6907,3.401,13.40876691291339,13.192641724256626,13.435782561495484,12.805417427913255
300192.SZ,20160427,14.93,15.49,14.92,14.96,14.89,0.07,0.47,79003.85,120201.466,3.401,13.471803426271611,13.444787777689516,13.9490798845553,13.435782561495484
300192.SZ,20160428,14.82,15.52,14.53,15.35,14.96,0.39,2.61,77416.95,116723.8478,3.401,13.823006857838854,13.345730399555167,13.976095533137396,13.084579129928242
300192.SZ,20160513,13.82,13.82,13.82,13.82,15.35,-1.53,-9.97,7697.0,10637.254,3.401,12.445208780151985,12.445208780151985,12.445208780151985,12.445208780151985
300192.SZ,20160516,12.51,13.1,12.44,12.6,13.82,-1.22,-8.83,227983.37,285150.1664,3.401,11.3465724044801,11.265525458733816,11.796833214181692,11.202488945375592
300192.SZ,20160517,12.28,12.7,12.13,12.45,12.6,-0.15,-1.19,107706.2,134084.3144,3.401,11.211494161569622,11.05840548627108,11.436624566420418,10.923327243360609
300192.SZ,20160518,12.2,12.32,11.3,11.68,12.45,-0.77,-6.18,90266.13,106269.0627,3.401,10.518092514629172,10.986363756718829,11.094426351047211,10.175894299255964
300192.SZ,20160519,11.59,11.95,11.51,11.57,11.68,-0.11,-0.94,57988.33,68143.208,3.401,10.419035136494823,10.437045568882889,10.761233351868032,10.365003839330631
300192.SZ,20160520,11.34,11.74,11.3,11.71,11.57,0.14,1.21,66232.56,76365.9154,3.401,10.54510816321127,10.21191516403209,10.572123811793364,10.175894299255964
300192.SZ,20160523,11.76,11.96,11.68,11.87,11.71,0.16,1.37,52867.77,62354.8269,3.401,10.689191622315777,10.590134244181428,10.770238568062066,10.518092514629172
300192.SZ,20160524,11.78,11.86,11.59,11.69,11.87,-0.18,-1.52,40535.05,47446.6823,3.401,10.527097730823204,10.608144676569491,10.680186406121743,10.437045568882889
300192.SZ,20160525,11.81,11.97,11.55,11.71,11.69,0.02,0.17,52526.38,62035.428,3.401,10.54510816321127,10.635160325151588,10.779243784256096,10.40102470410676
300192.SZ,20160526,11.71,11.94,11.25,11.68,11.71,-0.03,-0.26,48250.34,55536.198,3.401,10.518092514629172,10.54510816321127,10.752228135674,10.130868218285803
300192.SZ,20160527,11.69,11.73,11.4,11.52,11.68,-0.16,-1.37,39423.65,45687.9186,3.401,10.374009055524663,10.527097730823204,10.563118595599333,10.265946461196284
300192.SZ,20160530,11.54,11.6,11.33,11.5,11.52,-0.02,-0.17,37233.17,42766.4055,3.401,10.3559986231366,10.392019487912728,10.44605078507692,10.20290994783806
300192.SZ,20160531,11.4,12.14,11.4,12.06,11.5,0.56,4.87,75007.82,89214.8474,3.401,10.860290730002385,10.265946461196284,10.932332459554637,10.265946461196284
300192.SZ,20160601,12.09,12.21,11.88,12.02,12.06,-0.04,-0.33,95063.19,114317.4399,3.401,10.824269865226254,10.887306378584478,10.99536897291286,10.69819683850981
300192.SZ,20160602,12.03,12.15,11.92,12.07,12.02,0.05,0.42,78569.52,94476.6534,3.401,10.869295946196416,10.833275081420286,10.94133767574867,10.734217703285935
300192.SZ,20160603,12.08,12.17,11.96,12.09,12.07,0.02,0.17,89694.39,108060.6065,3.401,10.887306378584478,10.878301162390446,10.959348108136732,10.770238568062066
300192.SZ,20160606,12.14,12.43,12.06,12.38,12.09,0.29,2.4,111359.3,136530.1437,3.401,11.148457648211402,10.932332459554637,11.19348372918156,10.860290730002385
300192.SZ,20160607,12.35,12.73,12.0,12.54,12.38,0.16,1.29,130981.77,162062.6018,3.401,11.29254110731591,11.121441999629306,11.463640215002515,10.806259432838193
300192.SZ,20160608,12.42,12.49,12.15,12.29,12.54,-0.25,-1.99,69186.46,85198.9575,3.401,11.067410702465114,11.184478512987528,11.247515026345752,10.94133767574867
300192.SZ,20160613,12.2,12.2,11.3,11.31,12.29,-0.98,-7.97,83549.57,98916.7538,3.401,10.184899515449995,10.986363756718829,10.986363756718829,10.175894299255964
300192.SZ,20160614,11.11,11.36,11.06,11.25,11.31,-0.06,-0.53,45510.12,50915.4073,3.401,10.130868218285803,10.00479519156936,10.229925596420156,9.9597691105992
300192.SZ,20160615,11.25,11.8,11.12,11.72,11.25,0.47,4.18,66214.93,76822.6152,3.401,10.5541133794053,10.130868218285803,10.626155108957557,10.01380040776339
300192.SZ,20160616,11.8,11.88,11.62,11.8,11.72,0.08,0.68,59888.71,70374.351,3.401,10.626155108957557,10.626155108957557,10.69819683850981,10.464061217464982
300192.SZ,20160617,11.83,12.24,11.75,12.02,11.8,0.22,1.86,71069.26,85557.5908,3.401,10.824269865226254,10.65317075753965,11.022384621494956,10.581129027987394
300192.SZ,20160620,11.99,12.19,11.6,12.05,12.02,0.03,0.25,69414.02,82253.1583,3.401,10.851285513808351,10.79725421664416,10.977358540524795,10.44605078507692
300192.SZ,20160621,12.12,12.22,11.78,11.85,12.05,-0.2,-1.66,70053.02,84298.0089,3.401,10.671181189927712,10.914322027166572,11.004374189106892,10.608144676569491
300192.SZ,20160622,11.5,12.25,11.5,12.23,11.8,0.43,3.64,78253.08,94450.8131,3.415,11.058715280535916,10.398628432229197,11.076799851722404,10.398628432229197
300192.SZ,20160623,12.19,12.33,12.03,12.11,12.23,-0.12,-0.98,69347.78,84265.2978,3.415,10.950207853417004,11.022546138162946,11.149138136468345,10.877869568671064
300192.SZ,20160624,12.13,12.28,11.6,12.15,12.11,0.04,0.33,87163.63,104911.6099,3.415,10.986376995789977,10.968292424603492,11.103926708502131,10.489051288161622
300192.SZ,20160627,12.02,12.55,11.99,12.5,12.15,0.35,2.88,89672.49,111083.2337,3.415,11.302856991553472,10.86882728307782,11.348068419519688,10.841700426298091
300192.SZ,20160628,12.45,12.72,12.4,12.61,12.5,0.11,0.88,87530.73,109995.8535,3.415,11.402322133079144,11.257645563587255,11.501787274604814,11.212434135621043
300192.SZ,20160629,12.61,12.67,12.43,12.62,12.61,0.01,0.08,67290.37,84470.1351,3.415,11.411364418672385,11.402322133079144,11.4565758466386,11.239560992400774
300192.SZ,20160630,12.62,12.95,12.49,12.73,12.62,0.11,0.87,69429.74,88360.6209,3.415,11.510829560198058,11.411364418672385,11.709759843249396,11.29381470596023
300192.SZ,20160701,12.7,12.88,12.5,12.51,12.73,-0.22,-1.73,59203.23,74943.5293,3.415,11.311899277146717,11.483702703418327,11.6464638440967,11.302856991553472
300192.SZ,20160704,12.43,12.88,12.4,12.84,12.51,0.33,2.64,72098.99,91851.5513,3.415,11.610294701723726,11.239560992400774,11.6464638440967,11.212434135621043
300192.SZ,20160705,12.88,12.95,12.68,12.86,12.84,0.02,0.16,64319.31,82414.6318,3.415,11.628379272910212,11.6464638440967,11.709759843249396,11.465618132231842
300192.SZ,20160706,12.84,13.74,12.8,13.58,12.86,0.72,5.6,114516.65,152268.0684,3.415,12.279423835623692,11.610294701723726,12.424100405115578,11.574125559350756
300192.SZ,20160707,13.59,13.66,13.22,13.51,13.58,-0.07,-0.52,64699.21,86923.5026,3.415,12.216127836470994,12.288466121216937,12.351762120369637,11.953901554266954
300192.SZ,20160708,13.52,13.55,13.25,13.45,13.51,-0.06,-0.44,44033.1,59008.3243,3.415,12.161874122911536,12.225170122064236,12.252296978843964,11.98102841104668
300192.SZ,20160711,13.39,13.6,13.26,13.38,13.45,-0.07,-0.52,72351.19,96717.5702,3.415,12.098578123758838,12.10762040935208,12.29750840681018,11.990070696639924
300192.SZ,20160712,13.26,13.36,12.77,13.3,13.38,-0.08,-0.6,61119.81,80097.3503,3.415,12.026239839012897,11.990070696639924,12.080493552572351,11.546998702571027
300192.SZ,20160713,13.31,13.4,13.13,13.19,13.3,-0.11,-0.83,55269.0,73254.2458,3.415,11.926774697487224,12.03528212460614,12.116662694945324,11.87252098392777
300192.SZ,20160714,13.2,13.38,13.16,13.32,13.19,0.13,0.99,39790.37,52771.9166,3.415,12.04432441019938,11.935816983080466,12.098578123758838,11.899647840707496
300192.SZ,20160715,13.35,13.49,13.18,13.21,13.32,-0.11,-0.83,33096.26,44061.951,3.415,11.944859268673712,12.071451266979109,12.19804326528451,11.917732411893985
300192.SZ,20160718,13.14,13.3,12.88,13.17,13.21,-0.04,-0.3,39692.85,52063.1403,3.415,11.90869012630074,11.881563269521012,12.026239839012897,11.6464638440967
300192.SZ,20160719,13.19,13.41,13.03,13.41,13.17,0.24,1.82,55644.48,73545.4477,3.415,12.125704980538565,11.926774697487224,12.125704980538565,11.78209812799534
300192.SZ,20160720,13.41,13.43,13.21,13.26,13.41,-0.15,-1.12,38644.95,51543.0403,3.415,11.990070696639924,12.125704980538565,12.143789551725051,11.944859268673712
300192.SZ,20160721,13.31,13.69,13.21,13.39,13.26,0.13,0.98,55051.18,73949.4967,3.415,12.10762040935208,12.03528212460614,12.378888977149364,11.944859268673712
300192.SZ,20160722,13.5,13.58,13.16,13.19,13.39,-0.2,-1.49,51189.04,68198.7903,3.415,11.926774697487224,12.20708555087775,12.279423835623692,11.899647840707496
300192.SZ,20160725,13.2,13.26,12.95,13.08,13.19,-0.11,-0.83,47253.41,61990.1636,3.415,11.827309555961554,11.935816983080466,11.990070696639924,11.709759843249396
300192.SZ,20160726,13.08,13.21,13.05,13.2,13.08,0.12,0.92,58558.89,76939.4565,3.415,11.935816983080466,11.827309555961554,11.944859268673712,11.800182699181828
300192.SZ,20160727,13.22,13.22,11.99,12.09,13.2,-1.11,-8.41,102926.98,128404.0021,3.415,10.93212328223052,11.953901554266954,11.953901554266954,10.841700426298091
300192.SZ,20160728,12.04,12.18,11.72,11.95,12.09,-0.14,-1.16,70564.14,84396.3488,3.415,10.80553128392512,10.886911854264303,11.013503852569702,10.597558715280536
300192.SZ,20160729,11.95,11.98,11.68,11.82,11.95,-0.13,-1.09,35144.15,41611.2976,3.415,10.687981571212966,10.80553128392512,10.832658140704847,10.561389572907563
300192.SZ,20160801,11.73,12.07,11.36,11.93,11.82,0.11,0.93,43753.51,50995.2599,3.415,10.787446712738634,10.60660100087378,10.914038711044034,10.272036433923796
300192.SZ,20160802,11.93,12.13,11.8,12.04,11.93,0.11,0.92,22000.8,26307.6898,3.415,10.886911854264303,10.787446712738634,10.968292424603492,10.66989700002648
300192.SZ,20160803,12.04,12.08,11.89,12.0,12.04,-0.04,-0.33,27278.36,32724.6675,3.415,10.850742711891336,10.886911854264303,10.923080996637276,10.751277570365664
300192.SZ,20160804,12.02,12.19,12.01,12.1,12.0,0.1,0.83,28658.69,34664.6536,3.415,10.94116556782376,10.86882728307782,11.022546138162946,10.859784997484576
300192.SZ,20160805,12.1,12.24,12.03,12.07,12.1,-0.03,-0.25,28480.61,34590.6756,3.415,10.914038711044034,10.94116556782376,11.06775756612916,10.877869568671064
300192.SZ,20160808,12.0,12.28,11.84,12.18,12.07,0.11,0.91,37640.67,45261.5199,3.415,11.013503852569702,10.850742711891336,11.103926708502131,10.706066142399449
300192.SZ,20160809,12.14,12.41,12.14,12.32,12.18,0.14,1.15,30066.76,37043.2987,3.415,11.140095850875102,10.977334710196732,11.221476421214287,10.977334710196732
300192.SZ,20160810,12.34,12.43,12.22,12.31,12.32,-0.01,-0.08,20967.59,25840.5009,3.415,11.131053565281862,11.158180422061587,11.239560992400774,11.049672994942677
300192.SZ,20160811,12.3,12.31,12.11,12.11,12.31,-0.2,-1.62,24358.92,29731.0457,3.415,10.950207853417004,11.122011279688618,11.131053565281862,10.950207853417004
300192.SZ,20160812,12.08,12.2,12.04,12.15,12.11,0.04,0.33,19854.11,24083.2114,3.415,10.986376995789977,10.923080996637276,11.031588423756189,10.886911854264303
300192.SZ,20160815,12.15,12.45,12.06,12.36,12.15,0.21,1.73,42627.78,52496.575,3.415,11.176264993248072,10.986376995789977,11.257645563587255,10.90499642545079
300192.SZ,20160816,12.39,12.57,12.36,12.47,12.36,0.11,0.89,32199.67,40206.0116,3.415,11.275730134773744,11.203391850027804,11.366152990706173,11.176264993248072
300192.SZ,20160817,12.51,12.51,12.37,12.47,12.47,0.0,0.0,29691.17,36924.7,3.415,11.275730134773744,11.311899277146717,11.311899277146717,11.185307278841316
300192.SZ,20160818,12.48,12.57,12.41,12.52,12.47,0.05,0.4,38042.09,47495.281,3.415,11.32094156273996,11.284772420366988,11.366152990706173,11.221476421214287
300192.SZ,20160819,12.55,12.58,12.41,12.47,12.52,-0.05,-0.4,20445.82,25511.3789,3.415,11.275730134773744,11.348068419519688,11.375195276299417,11.221476421214287
300192.SZ,20160822,12.44,12.49,12.11,12.12,12.47,-0.35,-2.81,43275.31,53104.674,3.415,10.959250139010248,11.248603277994016,11.29381470596023,10.950207853417004
300192.SZ,20160823,12.08,12.38,12.08,12.31,12.12,0.19,1.57,36704.1,44979.1216,3.415,11.131053565281862,10.923080996637276,11.19434956443456,10.923080996637276
300192.SZ,20160824,12.3,12.45,12.3,12.37,12.31,0.06,0.49,33174.93,41081.7056,3.415,11.185307278841316,11.122011279688618,11.257645563587255,11.122011279688618
300192.SZ,20160825,12.29,12.4,12.08,12.18,12.37,-0.19,-1.54,34236.12,41688.0505,3.415,11.013503852569702,11.112968994095374,11.212434135621043,10.923080996637276
300192.SZ,20160826,12.25,12.38,12.21,12.24,12.18,0.06,0.49,26194.91,32195.026,3.415,11.06775756612916,11.076799851722404,11.19434956443456,11.040630709349433
300192.SZ,20160829,12.29,12.4,12.16,12.34,12.24,0.1,0.82,54439.07,66879.1693,3.415,11.158180422061587,11.112968994095374,11.212434135621043,10.99541928138322
300192.SZ,20160830,12.33,12.41,12.3,12.37,12.34,0.03,0.24,27738.19,34276.2668,3.415,11.185307278841316,11.149138136468345,11.221476421214287,11.122011279688618
300192.SZ,20160831,12.38,12.41,12.22,12.36,12.37,-0.01,-0.08,27893.79,34333.4186,3.415,11.176264993248072,11.19434956443456,11.221476421214287,11.049672994942677
300192.SZ,20160901,12.36,12.64,12.27,12.45,12.36,0.09,0.73,65901.22,82302.9823,3.415,11.257645563587255,11.176264993248072,11.429448989858871,11.094884422908889
300192.SZ,20160902,12.45,12.65,12.41,12.64,12.45,0.19,1.53,53088.78,66499.7119,3.415,11.429448989858871,11.257645563587255,11.438491275452115,11.221476421214287
300192.SZ,20160905,12.64,12.95,12.55,12.61,12.64,-0.03,-0.24,60788.29,77608.1328,3.415,11.402322133079144,11.429448989858871,11.709759843249396,11.348068419519688
300192.SZ,20160906,12.62,13.1,12.48,13.09,12.61,0.48,3.81,78885.87,101205.2363,3.415,11.836351841554798,11.411364418672385,11.84539412714804,11.284772420366988
300192.SZ,20160907,12.98,13.07,12.85,12.87,13.09,-0.22,-1.68,49160.57,63627.5377,3.415,11.637421558503457,11.736886700029126,11.818267270368311,11.61933698731697
300192.SZ,20160908,12.9,13.03,12.77,12.97,12.87,0.1,0.78,43555.43,56165.4731,3.415,11.727844414435884,11.664548415283184,11.78209812799534,11.546998702571027
300192.SZ,20160909,12.93,13.36,12.81,13.08,12.97,0.11,0.85,90423.55,118162.5573,3.415,11.827309555961554,11.691675272062913,12.080493552572351,11.583167844944
300192.SZ,20160912,12.77,12.77,12.27,12.32,13.08,-0.76,-5.81,72199.24,90376.6646,3.415,11.140095850875102,11.546998702571027,11.546998702571027,11.094884422908889
300192.SZ,20160913,12.4,12.49,12.3,12.42,12.32,0.1,0.81,29752.17,36886.5115,3.415,11.23051870680753,11.212434135621043,11.29381470596023,11.122011279688618
300192.SZ,20160914,12.41,12.52,12.27,12.39,12.42,-0.03,-0.24,26799.65,33227.2791,3.415,11.203391850027804,11.221476421214287,11.32094156273996,11.094884422908889
300192.SZ,20160919,12.39,12.77,12.39,12.71,12.39,0.32,2.58,44366.13,55956.4861,3.415,11.492744989011571,11.203391850027804,11.546998702571027,11.203391850027804
300192.SZ,20160920,12.63,12.94,12.63,12.86,12.71,0.15,1.18,48107.94,61720.5598,3.415,11.628379272910212,11.420406704265629,11.700717557656157,11.420406704265629
300192.SZ,20160921,12.89,13.13,12.83,12.93,12.86,0.07,0.54,50075.3,65071.4496,3.415,11.691675272062913,11.65550612968994,11.87252098392777,11.601252416130484
300192.SZ,20160922,13.04,13.13,12.86,12.87,12.93,-0.06,-0.46,33109.12,42851.2836,3.415,11.637421558503457,11.791140413588582,11.87252098392777,11.628379272910212
300192.SZ,20160923,12.97,13.03,12.89,12.92,12.87,0.05,0.39,28064.79,36312.214,3.415,11.68263298646967,11.727844414435884,11.78209812799534,11.65550612968994
300192.SZ,20160926,12.94,13.0,12.5,12.57,12.92,-0.35,-2.71,45618.52,58562.8076,3.415,11.366152990706173,11.700717557656157,11.754971271215611,11.302856991553472
300192.SZ,20160927,12.51,12.74,12.39,12.68,12.57,0.11,0.88,30814.88,38653.1388,3.415,11.465618132231842,11.311899277146717,11.5198718457913,11.203391850027804
300192.SZ,20160928,12.78,12.86,12.57,12.65,12.68,-0.03,-0.24,29462.62,37374.7201,3.415,11.438491275452115,11.55604098816427,11.628379272910212,11.366152990706173
300192.SZ,20160929,12.68,12.92,12.64,12.87,12.65,0.22,1.74,35205.96,45161.2235,3.415,11.637421558503457,11.465618132231842,11.68263298646967,11.429448989858871
300192.SZ,20160930,12.86,12.97,12.82,12.88,12.87,0.01,0.08,30540.44,39341.8288,3.415,11.6464638440967,11.628379272910212,11.727844414435884,11.592210130537245
300192.SZ,20161010,12.95,13.3,12.95,13.26,12.88,0.38,2.95,61193.75,80484.1463,3.415,11.990070696639924,11.709759843249396,12.026239839012897,11.709759843249396
300192.SZ,20161011,13.2,13.39,13.12,13.3,13.26,0.04,0.3,57278.88,75880.9043,3.415,12.026239839012897,11.935816983080466,12.10762040935208,11.863478698334523
300192.SZ,20161012,13.2,13.57,13.2,13.38,13.3,0.08,0.6,52757.55,70702.8055,3.415,12.098578123758838,11.935816983080466,12.27038155003045,11.935816983080466
300192.SZ,20161013,13.35,13.64,13.31,13.44,13.38,0.06,0.45,56473.92,76267.8194,3.415,12.152831837318294,12.071451266979109,12.33367754918315,12.03528212460614
300192.SZ,20161014,13.38,13.51,13.13,13.46,13.44,0.02,0.15,44076.27,58786.2205,3.415,12.17091640850478,12.098578123758838,12.216127836470994,11.87252098392777
300192.SZ,20161017,13.41,13.68,13.18,13.19,13.46,-0.27,-2.01,66507.32,89067.7291,3.415,11.926774697487224,12.125704980538565,12.36984669155612,11.917732411893985
300192.SZ,20161018,13.2,13.4,13.2,13.4,13.19,0.21,1.59,45239.41,60267.2114,3.415,12.116662694945324,11.935816983080466,12.116662694945324,11.935816983080466
300192.SZ,20161019,13.42,13.52,13.27,13.34,13.4,-0.06,-0.45,36007.24,48092.3267,3.415,12.062408981385866,12.134747266131807,12.225170122064236,11.999112982233168
300192.SZ,20161020,13.37,13.39,13.28,13.3,13.34,-0.04,-0.3,32943.44,43950.6587,3.415,12.026239839012897,12.089535838165594,12.10762040935208,12.008155267826409
300192.SZ,20161021,13.34,13.5,13.08,13.24,13.3,-0.06,-0.45,46296.78,61628.0271,3.415,11.97198612545344,12.062408981385866,12.20708555087775,11.827309555961554
300192.SZ,20161024,13.24,13.47,13.16,13.37,13.24,0.13,0.98,32181.68,42894.2366,3.415,12.089535838165594,11.97198612545344,12.179958694098024,11.899647840707496
300192.SZ,20161025,13.43,13.58,13.33,13.39,13.37,0.02,0.15,26782.01,35913.9798,3.415,12.10762040935208,12.143789551725051,12.279423835623692,12.053366695792624
300192.SZ,20161026,13.34,13.68,13.34,13.62,13.39,0.23,1.72,67106.35,90631.1214,3.415,12.315592977996664,12.062408981385866,12.36984669155612,12.062408981385866
300192.SZ,20161027,13.59,14.0,13.53,13.83,13.62,0.21,1.54,86783.6,119559.1011,3.415,12.505480975454764,12.288466121216937,12.65919983053989,12.23421240765748
300192.SZ,20161028,13.8,13.94,13.5,13.59,13.83,-0.24,-1.74,62992.92,86198.0882,3.415,12.288466121216937,12.478354118675034,12.604946116980432,12.20708555087775
300192.SZ,20161031,13.65,14.3,13.57,13.97,13.59,0.38,2.8,107867.33,150894.1,3.415,12.632072973760163,12.342719834776393,12.930468398337174,12.27038155003045
300192.SZ,20161101,13.88,14.06,13.81,14.03,13.97,0.06,0.43,73134.45,101824.699,3.415,12.686326687319616,12.550692403420978,12.713453544099348,12.487396404268276
300192.SZ,20161102,14.03,14.16,13.76,14.13,14.03,0.1,0.71,75351.02,105012.927,3.415,12.776749543252048,12.686326687319616,12.803876400031774,12.442184976302062
300192.SZ,20161103,14.01,14.22,13.96,14.1,14.13,-0.03,-0.21,70470.78,99123.281,3.415,12.749622686472318,12.668242116133133,12.858130113591232,12.62303068816692
300192.SZ,20161104,14.12,14.82,14.1,14.3,14.1,0.2,1.42,102298.35,147349.233,3.415,12.930468398337174,12.767707257658802,13.400667249185798,12.749622686472318
300192.SZ,20161107,14.45,14.95,14.31,14.8,14.3,0.5,3.5,112548.39,164735.272,3.415,13.382582677999311,13.066102682235815,13.518216961897952,12.939510683930417
300192.SZ,20161108,14.75,14.92,14.56,14.8,14.8,0.0,0.0,92909.33,137064.327,3.415,13.382582677999311,13.3373712500331,13.491090105118223,13.165567823761483
300192.SZ,20161109,14.7,15.1,14.32,14.39,14.8,-0.41,-2.77,99356.14,144502.161,3.415,13.01184896867636,13.292159822066884,13.653851245796597,12.94855296952366
300192.SZ,20161110,14.6,15.36,14.47,15.04,14.39,0.65,4.52,118923.24,176832.79,3.415,13.599597532237135,13.201736966134456,13.888950671220908,13.0841872534223
300192.SZ,20161111,15.14,15.14,14.71,14.87,15.04,-0.17,-1.13,65888.88,97842.23,3.415,13.445878677152011,13.690020388169566,13.690020388169566,13.301202107660128
300192.SZ,20161114,14.89,15.05,14.75,14.85,14.87,-0.02,-0.13,60330.63,89700.595,3.415,13.427794105965525,13.463963248338498,13.60863981783038,13.3373712500331
300192.SZ,20161115,14.88,15.38,14.78,15.32,14.85,0.47,3.17,82520.36,125015.773,3.415,13.852781528847936,13.454920962745256,13.907035242407392,13.364498106812826
300192.SZ,20161116,15.35,16.07,15.16,15.71,15.32,0.39,2.55,94362.3,148969.252,3.415,14.205430666984403,13.879908385627663,14.530952948341143,13.708104959356053
300192.SZ,20161117,15.73,16.09,15.31,15.7,15.71,-0.01,-0.06,67630.54,106865.237,3.415,14.19638838139116,14.22351523817089,14.54903751952763,13.843739243254694
300192.SZ,20161118,15.76,16.15,15.55,16.03,15.7,0.33,2.1,66446.53,106115.609,3.415,14.494783805968176,14.25064209495062,14.603291233087086,14.06075409749252
300192.SZ,20161121,16.1,16.58,15.57,15.69,16.03,-0.34,-2.12,92864.83,148257.533,3.415,14.18734609579792,14.558079805120874,14.992109513596525,14.078838668679008
300192.SZ,20161122,15.75,15.95,15.42,15.58,15.69,-0.11,-0.7,90371.97,140781.542,3.415,14.087880954272247,14.241599809357377,14.42244552122223,13.943204384780364
300192.SZ,20161123,15.6,15.65,15.09,15.19,15.58,-0.39,-2.5,67263.56,103758.564,3.415,13.73523181613578,14.105965525458734,14.151176953424947,13.644808960203353
300192.SZ,20161124,15.22,15.54,14.41,14.72,15.19,-0.47,-3.09,118763.02,178066.377,3.415,13.31024439325337,13.762358672915507,14.051711811899278,13.029933539862842
300192.SZ,20161125,14.8,15.16,14.45,15.15,14.72,0.43,2.92,93443.88,138737.348,3.415,13.69906267376281,13.382582677999311,13.708104959356053,13.066102682235815
300192.SZ,20161128,15.15,15.29,14.78,15.03,15.15,-0.12,-0.79,72922.9,109688.993,3.415,13.590555246643897,13.69906267376281,13.825654672068207,13.364498106812826
300192.SZ,20161129,14.92,15.45,14.86,14.98,15.03,-0.05,-0.33,65036.71,98504.388,3.415,13.54534381867768,13.491090105118223,13.970331241560093,13.436836391558767
300192.SZ,20161130,14.86,15.14,14.66,15.04,14.98,0.06,0.4,54733.32,81796.003,3.415,13.599597532237135,13.436836391558767,13.690020388169566,13.255990679693914
300192.SZ,20161201,15.1,15.31,14.8,15.12,15.04,0.08,0.53,46940.97,71090.576,3.415,13.67193581698308,13.653851245796597,13.843739243254694,13.382582677999311
300192.SZ,20161202,15.12,15.15,14.2,14.22,15.12,-0.9,-5.95,55781.91,81971.298,3.415,12.858130113591232,13.67193581698308,13.69906267376281,12.840045542404743
300192.SZ,20161205,13.97,14.44,13.32,14.4,14.22,0.18,1.27,38935.89,55205.116,3.415,13.020891254269602,12.632072973760163,13.057060396642571,12.04432441019938
300192.SZ,20161206,14.32,14.55,14.22,14.48,14.4,0.08,0.56,24652.93,35560.155,3.415,13.093229539015544,12.94855296952366,13.156525538168244,12.858130113591232
300192.SZ,20161207,14.54,14.69,14.36,14.65,14.48,0.17,1.17,25573.45,37181.842,3.415,13.24694839410067,13.147483252575,13.28311753647364,12.98472211189663
300192.SZ,20161208,14.75,14.94,14.52,14.54,14.65,-0.11,-0.75,37950.92,55943.419,3.415,13.147483252575,13.3373712500331,13.50917467630471,13.129398681388514
300192.SZ,20161209,14.59,14.93,14.59,14.89,14.54,0.35,2.41,30794.3,45561.311,3.415,13.463963248338498,13.192694680541212,13.50013239071147,13.192694680541212
300192.SZ,20161212,14.95,15.0,13.41,13.57,14.89,-1.32,-8.87,57604.7,81408.49,3.415,12.27038155003045,13.518216961897952,13.563428389864168,12.125704980538565
300192.SZ,20161213,13.52,14.17,13.33,13.99,13.57,0.42,3.1,40051.24,55190.655,3.415,12.650157544946646,12.225170122064236,12.812918685625016,12.053366695792624
300192.SZ,20161214,14.05,14.3,13.81,13.94,13.99,-0.05,-0.36,24445.22,34344.042,3.415,12.604946116980432,12.704411258506104,12.930468398337174,12.487396404268276
300192.SZ,20161215,13.94,14.3,13.7,14.0,13.94,0.06,0.43,36767.16,51459.932,3.415,12.65919983053989,12.604946116980432,12.930468398337174,12.387931262742606
300192.SZ,20161216,14.01,14.26,13.93,14.2,14.0,0.2,1.43,22623.93,32026.016,3.415,12.840045542404743,12.668242116133133,12.8942992559642,12.595903831387188
300192.SZ,20161219,14.13,14.28,13.87,14.13,14.2,-0.07,-0.49,24467.27,34522.464,3.415,12.776749543252048,12.776749543252048,12.912383827150686,12.541650117827734
300192.SZ,20161220,14.13,14.36,14.04,14.35,14.13,0.22,1.56,31511.81,44746.024,3.415,12.975679826303386,12.776749543252048,12.98472211189663,12.69536897291286
300192.SZ,20161221,14.35,15.2,14.28,15.13,14.35,0.78,5.44,72764.25,107658.206,3.415,13.680978102576324,12.975679826303386,13.744274101729022,12.912383827150686
300192.SZ,20161222,14.98,15.44,14.86,15.32,15.13,0.19,1.26,54331.32,82906.643,3.415,13.852781528847936,13.54534381867768,13.961288955966848,13.436836391558767
300192.SZ,20161223,15.28,15.35,14.91,15.1,15.32,-0.22,-1.44,34446.57,52098.437,3.415,13.653851245796597,13.816612386474963,13.879908385627663,13.482047819524984
300192.SZ,20161226,15.0,15.19,14.5,15.14,15.1,0.04,0.26,28890.32,42851.546,3.415,13.690020388169566,13.563428389864168,13.73523181613578,13.111314110202027
300192.SZ,20161227,15.03,15.31,14.83,15.08,15.14,-0.06,-0.4,33612.13,50642.705,3.415,13.63576667461011,13.590555246643897,13.843739243254694,13.40970953477904
300192.SZ,20161228,14.95,15.09,14.81,14.98,15.08,-0.1,-0.66,21558.38,32169.368,3.415,13.54534381867768,13.518216961897952,13.644808960203353,13.391624963592555
300192.SZ,20161229,14.98,15.15,14.83,14.98,14.98,0.0,0.0,15859.86,23832.615,3.415,13.54534381867768,13.54534381867768,13.69906267376281,13.40970953477904
300192.SZ,20161230,14.96,15.29,14.95,15.1,14.98,0.12,0.8,41072.23,62299.001,3.415,13.653851245796597,13.527259247491196,13.825654672068207,13.518216961897952
300192.SZ,20170103,15.18,15.49,15.11,15.3,15.1,0.2,1.32,38295.29,58736.895,3.415,13.834696957661452,13.726189530542538,14.006500383933064,13.66289353138984
300192.SZ,20170104,15.35,15.49,15.18,15.33,15.3,0.03,0.2,39451.94,60434.465,3.415,13.86182381444118,13.879908385627663,14.006500383933064,13.726189530542538
300192.SZ,20170105,15.34,15.57,15.28,15.37,15.33,0.04,0.26,32639.56,50201.701,3.415,13.89799295681415,13.87086610003442,14.078838668679008,13.816612386474963
300192.SZ,20170106,15.37,15.38,14.85,14.86,15.37,-0.51,-3.32,44035.54,66297.556,3.415,13.436836391558767,13.89799295681415,13.907035242407392,13.427794105965525
300192.SZ,20170109,14.9,14.96,14.6,14.76,14.86,-0.1,-0.67,32601.7,48142.125,3.415,13.346413535626342,13.47300553393174,13.527259247491196,13.201736966134456
300192.SZ,20170110,14.68,14.88,14.68,14.79,14.76,0.03,0.2,21307.32,31568.019,3.415,13.373540392406069,13.274075250880395,13.454920962745256,13.274075250880395
300192.SZ,20170111,14.79,14.85,14.35,14.57,14.79,-0.22,-1.49,28160.44,41199.324,3.415,13.17461010935473,13.373540392406069,13.427794105965525,12.975679826303386
300192.SZ,20170112,14.7,14.7,14.14,14.2,14.57,-0.37,-2.54,30865.82,44297.73,3.415,12.840045542404743,13.292159822066884,13.292159822066884,12.785791828845287
300192.SZ,20170113,14.25,14.31,14.04,14.08,14.2,-0.12,-0.85,21636.16,30662.665,3.415,12.731538115285831,12.88525697037096,12.939510683930417,12.69536897291286
300192.SZ,20170116,14.07,14.07,12.67,12.92,14.08,-1.16,-8.24,51568.14,68269.151,3.415,11.68263298646967,12.722495829692589,12.722495829692589,11.4565758466386
300192.SZ,20170117,12.92,13.19,12.51,13.03,12.92,0.11,0.85,25460.44,32921.485,3.415,11.78209812799534,11.68263298646967,11.926774697487224,11.311899277146717
300192.SZ,20170118,13.0,13.08,12.85,12.94,13.03,-0.09,-0.69,17730.37,22992.609,3.415,11.700717557656157,11.754971271215611,11.827309555961554,11.61933698731697
300192.SZ,20170119,12.81,13.1,12.7,12.91,12.94,-0.03,-0.23,18536.18,23925.483,3.415,11.673590700876428,11.583167844944,11.84539412714804,11.483702703418327
300192.SZ,20170120,12.88,13.45,12.82,13.3,12.91,0.39,3.02,22933.85,30344.434,3.415,12.026239839012897,11.6464638440967,12.161874122911536,11.592210130537245
300192.SZ,20170123,13.3,14.52,13.19,13.92,13.3,0.62,4.66,37096.51,51872.16,3.415,12.586861545793948,12.026239839012897,13.129398681388514,11.926774697487224
300192.SZ,20170124,13.92,14.19,13.86,13.94,13.92,0.02,0.14,17651.25,24680.508,3.415,12.604946116980432,12.586861545793948,12.831003256811504,12.53260783223449
300192.SZ,20170125,13.9,14.42,13.9,14.35,13.94,0.41,2.94,46061.5,65082.56,3.415,12.975679826303386,12.56877697460746,13.038975825456086,12.56877697460746
300192.SZ,20170126,14.26,14.56,14.26,14.33,14.35,-0.02,-0.14,19535.1,28088.466,3.415,12.9575952551169,12.8942992559642,13.165567823761483,12.8942992559642
300192.SZ,20170203,14.4,14.55,14.11,14.17,14.33,-0.16,-1.12,12993.0,18601.959,3.415,12.812918685625016,13.020891254269602,13.156525538168244,12.758664972065558
300192.SZ,20170206,14.17,14.3,13.76,14.24,14.17,0.07,0.49,34650.33,48558.43,3.415,12.876214684777716,12.812918685625016,12.930468398337174,12.442184976302062
300192.SZ,20170207,14.23,14.38,14.05,14.24,14.24,0.0,0.0,19246.68,27307.796,3.415,12.876214684777716,12.867172399184474,13.002806683083117,12.704411258506104
300192.SZ,20170208,14.24,14.32,14.02,14.3,14.24,0.06,0.42,13799.74,19602.821,3.415,12.930468398337174,12.876214684777716,12.94855296952366,12.677284401726371
300192.SZ,20170209,14.32,14.57,14.19,14.31,14.3,0.01,0.07,29923.67,43008.123,3.415,12.939510683930417,12.94855296952366,13.17461010935473,12.831003256811504
300192.SZ,20170210,14.38,14.5,14.16,14.32,14.31,0.01,0.07,29649.28,42432.828,3.415,12.94855296952366,13.002806683083117,13.111314110202027,12.803876400031774
300192.SZ,20170213,14.31,15.75,14.2,15.39,14.32,1.07,7.47,167952.54,257229.929,3.415,13.916077528000637,12.939510683930417,14.241599809357377,12.840045542404743
300192.SZ,20170214,15.07,15.28,14.9,15.15,15.39,-0.24,-1.56,62557.2,94142.349,3.415,13.69906267376281,13.626724389016866,13.816612386474963,13.47300553393174
300192.SZ,20170215,15.07,15.32,14.82,14.9,15.15,-0.25,-1.65,45722.92,68903.547,3.415,13.47300553393174,13.626724389016866,13.852781528847936,13.400667249185798
300192.SZ,20170216,14.84,15.28,14.71,15.28,14.9,0.38,2.55,54692.51,82086.893,3.415,13.816612386474963,13.418751820372284,13.816612386474963,13.301202107660128
300192.SZ,20170217,15.17,15.45,14.9,14.96,15.28,-0.32,-2.09,31873.71,48068.784,3.415,13.527259247491196,13.717147244949295,13.970331241560093,13.47300553393174
300192.SZ,20170220,15.06,15.06,14.61,14.85,14.96,-0.11,-0.74,42377.93,62594.873,3.415,13.427794105965525,13.617682103423626,13.617682103423626,13.2107792517277
300192.SZ,20170221,14.98,15.0,14.75,14.94,14.85,0.09,0.61,20690.84,30788.159,3.415,13.50917467630471,13.54534381867768,13.563428389864168,13.3373712500331
300192.SZ,20170222,14.89,15.15,14.83,14.96,14.94,0.02,0.13,24734.47,36997.434,3.415,13.527259247491196,13.463963248338498,13.69906267376281,13.40970953477904
300192.SZ,20170223,15.08,15.08,14.79,15.0,14.96,0.04,0.27,32356.49,48231.637,3.415,13.563428389864168,13.63576667461011,13.63576667461011,13.373540392406069
300192.SZ,20170224,15.15,15.55,14.92,15.48,15.0,0.48,3.2,63573.3,97693.58,3.415,13.997458098339822,13.69906267376281,14.06075409749252,13.491090105118223
300192.SZ,20170227,15.47,15.5,15.04,15.08,15.48,-0.4,-2.58,41561.44,63426.692,3.415,13.63576667461011,13.988415812746576,14.015542669526306,13.599597532237135
300192.SZ,20170228,15.01,15.25,14.96,15.11,15.08,0.03,0.2,23802.23,35899.464,3.415,13.66289353138984,13.57247067545741,13.789485529695236,13.527259247491196
300192.SZ,20170301,15.02,15.19,15.0,15.04,15.11,-0.07,-0.46,16227.9,24519.969,3.415,13.599597532237135,13.581512961050654,13.73523181613578,13.563428389864168
300192.SZ,20170302,15.05,15.14,14.72,14.75,15.04,-0.29,-1.93,31060.22,46152.086,3.415,13.3373712500331,13.60863981783038,13.690020388169566,13.31024439325337
300192.SZ,20170303,14.75,15.73,14.25,15.28,14.75,0.53,3.59,71005.23,107924.641,3.415,13.816612386474963,13.3373712500331,14.22351523817089,12.88525697037096
300192.SZ,20170926,13.82,14.35,13.73,13.9,15.26,-1.36,-8.91,188525.74,260955.604,3.42,12.587179283501468,12.514735086186354,12.994677893399,12.433235364206848
300192.SZ,20170927,13.8,14.61,13.71,14.12,13.9,0.22,1.58,96587.88,136871.456,3.42,12.786400826118038,12.496624036857574,13.230121534673126,12.415124314878067
300192.SZ,20170928,13.64,14.28,13.64,13.88,14.12,-0.24,-1.7,50148.5,69664.706,3.42,12.56906823417269,12.35173564222734,12.93128922074827,12.35173564222734
300192.SZ,20170929,13.91,14.23,13.61,13.91,13.88,0.03,0.22,44884.39,62139.664,3.42,12.59623480816586,12.59623480816586,12.886011597426323,12.324569068234172
300192.SZ,20171009,13.91,13.95,13.6,13.94,13.91,0.03,0.22,36450.04,50229.349,3.42,12.623401382159027,12.59623480816586,12.632456906823416,12.315513543569784
300192.SZ,20171010,13.9,14.05,13.65,14.03,13.94,0.09,0.65,42647.27,59043.193,3.42,12.704901104138534,12.587179283501468,12.723012153467314,12.360791166891731
300192.SZ,20171011,14.03,14.19,13.81,14.09,14.03,0.06,0.43,40016.07,55927.968,3.42,12.75923425212487,12.704901104138534,12.849789498768764,12.505679561521966
300192.SZ,20171012,14.0,14.08,13.71,13.86,14.09,-0.23,-1.63,41361.78,57343.762,3.42,12.550957184843911,12.677734530145363,12.75017872746048,12.415124314878067
300192.SZ,20171013,13.82,14.02,13.7,13.89,13.86,0.03,0.22,36467.29,50543.654,3.42,12.57812375883708,12.514735086186354,12.695845579474144,12.40606879021368
300192.SZ,20171016,13.85,13.85,12.8,13.5,13.89,-0.39,-2.81,31456.0,42762.391,3.42,12.224958296925887,12.54190166017952,12.54190166017952,11.59107157041862
300192.SZ,20171017,13.42,13.5,12.98,13.12,13.5,-0.38,-2.81,25504.0,33429.241,3.42,11.880848359679083,12.152514099610771,12.224958296925887,11.754071014377631
300192.SZ,20171018,13.12,13.12,12.83,12.97,13.12,-0.15,-1.14,26930.0,34871.984,3.42,11.74501548971324,11.880848359679083,11.880848359679083,11.618238144411787
300192.SZ,20171019,12.93,13.8,12.47,13.72,12.97,0.75,5.78,53421.05,69994.728,3.42,12.42417983954246,11.708793391055684,12.496624036857574,11.292239256493763
300192.SZ,20171020,13.6,14.25,13.45,14.03,13.72,0.31,2.26,80572.19,111951.67,3.42,12.704901104138534,12.315513543569784,12.904122646755104,12.179680673603938
300192.SZ,20171023,14.02,14.06,13.75,13.93,14.03,-0.1,-0.71,47658.0,66296.413,3.42,12.61434585749464,12.695845579474144,12.732067678131704,12.451346413535626
300192.SZ,20171024,13.82,14.16,13.75,14.01,13.93,0.08,0.57,37337.31,51935.45,3.42,12.686790054809755,12.514735086186354,12.822622924775596,12.451346413535626
300192.SZ,20171025,14.0,14.22,13.91,14.14,14.01,0.13,0.93,55444.55,78017.312,3.42,12.80451187544682,12.677734530145363,12.876956072761937,12.59623480816586
300192.SZ,20171026,14.04,14.08,13.74,13.76,14.14,-0.38,-2.69,30927.9,42916.727,3.42,12.460401938200016,12.713956628802922,12.75017872746048,12.442290888871238
300192.SZ,20171027,13.67,13.84,13.33,13.75,13.76,-0.01,-0.07,40620.14,55338.706,3.42,12.451346413535626,12.37890221622051,12.532846135515133,12.071014377631265
300192.SZ,20171030,13.75,13.75,13.0,13.59,13.75,-0.16,-1.16,21526.65,28936.21,3.42,12.306458018905394,12.451346413535626,12.451346413535626,11.772182063706412
300192.SZ,20171031,13.59,13.91,13.12,13.91,13.59,0.32,2.35,28356.16,38816.9,3.42,12.59623480816586,12.306458018905394,12.59623480816586,11.880848359679083
300192.SZ,20171101,13.98,13.98,13.73,13.89,13.91,-0.02,-0.14,17105.12,23690.19,3.42,12.57812375883708,12.659623480816586,12.659623480816586,12.433235364206848
300192.SZ,20171102,13.9,13.9,13.0,13.46,13.89,-0.43,-3.1,31900.26,43290.131,3.42,12.18873619826833,12.587179283501468,12.587179283501468,11.772182063706412
300192.SZ,20171103,13.44,13.5,13.2,13.5,13.46,0.04,0.3,25585.56,34221.076,3.42,12.224958296925887,12.17062514893955,12.224958296925887,11.9532925569942
300192.SZ,20171106,13.51,13.93,13.42,13.84,13.5,0.34,2.52,24665.29,33753.533,3.42,12.532846135515133,12.234013821590278,12.61434585749464,12.152514099610771
300192.SZ,20171107,13.84,13.93,13.72,13.79,13.84,-0.05,-0.36,22216.0,30717.042,3.42,12.487568512193183,12.532846135515133,12.61434585749464,12.42417983954246
300192.SZ,20171108,13.83,13.91,13.7,13.8,13.79,0.01,0.07,22361.34,30782.49,3.42,12.496624036857574,12.523790610850742,12.59623480816586,12.40606879021368
300192.SZ,20171109,13.77,13.8,13.63,13.65,13.8,-0.15,-1.09,14506.0,19842.627,3.42,12.360791166891731,12.469457462864405,12.496624036857574,12.342680117562953
300192.SZ,20171110,13.6,13.95,13.31,13.86,13.65,0.21,1.54,36859.94,50253.099,3.42,12.550957184843911,12.315513543569784,12.632456906823416,12.052903328302488
300192.SZ,20171113,13.92,13.92,13.5,13.5,13.86,-0.36,-2.6,35029.19,47946.159,3.42,12.224958296925887,12.605290332830249,12.605290332830249,12.224958296925887
300192.SZ,20171114,13.51,13.85,13.36,13.64,13.5,0.14,1.04,66364.97,90483.433,3.42,12.35173564222734,12.234013821590278,12.54190166017952,12.098180951624434
300192.SZ,20171115,13.71,14.18,13.42,14.08,13.64,0.44,3.23,61908.68,85920.525,3.42,12.75017872746048,12.415124314878067,12.840733974104376,12.152514099610771
300192.SZ,20171116,14.08,14.7,13.95,14.5,14.08,0.42,2.98,63457.17,90886.573,3.42,13.13051076336484,12.75017872746048,13.311621256652632,12.632456906823416
300192.SZ,20171117,14.45,14.59,13.86,13.94,14.5,-0.56,-3.86,59537.5,84363.872,3.42,12.623401382159027,13.085233140042892,13.212010485344347,12.550957184843911
300192.SZ,20171120,13.67,14.04,13.67,14.02,13.94,0.08,0.57,21338.95,29578.012,3.42,12.695845579474144,12.37890221622051,12.713956628802922,12.37890221622051
300192.SZ,20171121,14.02,14.82,13.9,14.81,14.02,0.79,5.63,54076.93,78762.098,3.42,13.411232027960915,12.695845579474144,13.420287552625307,12.587179283501468
300192.SZ,20171122,14.79,14.96,14.36,14.6,14.81,-0.21,-1.42,67479.63,98475.508,3.42,13.221066010008736,13.39312097863214,13.547064897926765,13.003733418063389
300192.SZ,20171123,14.55,14.78,13.86,14.11,14.6,-0.49,-3.36,45020.74,64088.114,3.42,12.77734530145365,13.175788386686792,13.384065453967748,12.550957184843911
300192.SZ,20171124,14.02,14.45,13.88,14.28,14.11,0.17,1.2,45031.0,63739.493,3.42,12.93128922074827,12.695845579474144,13.085233140042892,12.56906823417269
300192.SZ,20171127,14.2,14.29,13.8,13.86,14.28,-0.42,-2.94,17569.0,24586.831,3.42,12.550957184843911,12.858845023433156,12.94034474541266,12.496624036857574
300192.SZ,20171128,13.78,13.99,13.68,13.8,13.86,-0.06,-0.43,16982.0,23460.075,3.42,12.496624036857574,12.478512987528791,12.668679005480977,12.387957740884898
300192.SZ,20171129,13.8,13.82,13.4,13.52,13.8,-0.28,-2.03,17152.73,23297.757,3.42,12.243069346254666,12.496624036857574,12.514735086186354,12.134403050281993
300192.SZ,20171130,13.59,13.72,13.39,13.52,13.52,0.0,0.0,15534.97,21116.496,3.42,12.243069346254666,12.306458018905394,12.42417983954246,12.125347525617604
300192.SZ,20171201,13.64,13.86,13.33,13.72,13.52,0.2,1.48,30365.84,41636.753,3.42,12.42417983954246,12.35173564222734,12.550957184843911,12.071014377631265
300192.SZ,20171204,13.65,13.98,13.65,13.89,13.72,0.17,1.24,12517.22,17313.878,3.42,12.57812375883708,12.360791166891731,12.659623480816586,12.360791166891731
300192.SZ,20171205,13.89,14.15,13.35,13.36,13.89,-0.53,-3.82,20662.22,28297.194,3.42,12.098180951624434,12.57812375883708,12.813567400111207,12.089125426960043
300192.SZ,20171206,13.57,13.76,13.11,13.7,13.36,0.34,2.54,24045.24,32280.115,3.42,12.40606879021368,12.288346969576612,12.460401938200016,11.871792835014697
300192.SZ,20171207,13.6,13.88,13.48,13.73,13.7,0.03,0.22,22831.17,31064.454,3.42,12.433235364206848,12.315513543569784,12.56906823417269,12.206847247597109
300192.SZ,20171208,13.69,14.23,13.56,14.18,13.73,0.45,3.28,34781.53,48504.74,3.42,12.840733974104376,12.397013265549289,12.886011597426323,12.279291444912223
300192.SZ,20171211,14.16,14.3,14.03,14.15,14.18,-0.03,-0.21,10029.0,14198.388,3.42,12.813567400111207,12.822622924775596,12.949400270077051,12.704901104138534
300192.SZ,20171212,14.16,14.2,13.77,14.02,14.15,-0.13,-0.92,12630.84,17635.339,3.42,12.695845579474144,12.822622924775596,12.858845023433156,12.469457462864405
300192.SZ,20171213,13.83,14.14,13.75,13.95,14.02,-0.07,-0.5,20525.67,28465.835,3.42,12.632456906823416,12.523790610850742,12.80451187544682,12.451346413535626
300192.SZ,20171214,13.95,14.28,13.82,13.95,13.95,0.0,0.0,34353.0,48057.666,3.42,12.632456906823416,12.632456906823416,12.93128922074827,12.514735086186354
300192.SZ,20171215,13.87,14.0,13.61,13.94,13.95,-0.01,-0.07,19284.0,26649.537,3.42,12.623401382159027,12.5600127095083,12.677734530145363,12.324569068234172
300192.SZ,20171218,13.87,13.91,13.67,13.82,13.94,-0.12,-0.86,6844.0,9423.218,3.42,12.514735086186354,12.5600127095083,12.59623480816586,12.37890221622051
300192.SZ,20171219,13.79,13.85,13.65,13.66,13.82,-0.16,-1.16,11513.0,15763.857,3.42,12.36984669155612,12.487568512193183,12.54190166017952,12.360791166891731
300192.SZ,20171220,13.64,13.64,13.31,13.31,13.66,-0.35,-2.56,10010.0,13457.928,3.42,12.052903328302488,12.35173564222734,12.35173564222734,12.052903328302488
300192.SZ,20171221,13.47,13.6,13.15,13.35,13.31,0.04,0.3,21236.01,28226.937,3.42,12.089125426960043,12.19779172293272,12.315513543569784,11.908014933672254
300192.SZ,20171222,13.48,13.48,13.1,13.24,13.35,-0.11,-0.82,34421.05,45452.804,3.42,11.98951465565176,12.206847247597109,12.206847247597109,11.862737310350306
300192.SZ,20171225,13.1,13.4,12.75,13.32,13.24,0.08,0.6,25766.0,33781.347,3.42,12.061958852966876,11.862737310350306,12.134403050281993,11.545793947096673
300192.SZ,20171226,13.2,13.48,13.15,13.31,13.32,-0.01,-0.08,16116.0,21325.239,3.42,12.052903328302488,11.9532925569942,12.206847247597109,11.908014933672254
300192.SZ,20171227,13.21,13.32,13.0,13.3,13.31,-0.01,-0.08,15027.02,19802.761,3.42,12.043847803638098,11.962348081658591,12.061958852966876,11.772182063706412
300192.SZ,20171228,13.3,13.36,13.2,13.36,13.3,0.06,0.45,12052.4,16003.214,3.42,12.098180951624434,12.043847803638098,12.098180951624434,11.9532925569942
300192.SZ,20171229,13.29,13.5,13.17,13.4,13.36,0.04,0.3,30715.97,40787.918,3.42,12.134403050281993,12.034792278973708,12.224958296925887,11.926125983001032
300192.SZ,20180102,13.52,13.53,13.27,13.35,13.4,-0.05,-0.37,14175.02,18899.934,3.42,12.089125426960043,12.243069346254666,12.252124870919056,12.016681229644927
300192.SZ,20180103,13.3,13.55,13.28,13.38,13.35,0.03,0.22,24402.0,32597.991,3.42,12.116292000953212,12.043847803638098,12.270235920247837,12.025736754309316
300192.SZ,20180104,13.32,13.42,13.13,13.23,13.38,-0.15,-1.12,16899.0,22336.473,3.42,11.98045913098737,12.061958852966876,12.152514099610771,11.889903884343475
300192.SZ,20180105,13.03,13.32,12.8,12.92,13.23,-0.31,-2.34,33162.0,42997.972,3.42,11.699737866391294,11.79934863769958,12.061958852966876,11.59107157041862
300192.SZ,20180108,12.91,13.15,12.7,12.88,12.92,-0.04,-0.31,27758.0,35691.393,3.42,11.663515767733738,11.690682341726903,11.908014933672254,11.500516323774724
300192.SZ,20180109,12.88,13.4,12.6,13.3,12.88,0.42,3.26,43799.55,57045.062,3.42,12.043847803638098,11.663515767733738,12.134403050281993,11.409961077130829
300192.SZ,20180110,13.2,13.42,13.02,13.3,13.3,0.0,0.0,19820.7,26226.587,3.42,12.043847803638098,11.9532925569942,12.152514099610771,11.790293113035188
300192.SZ,20180111,13.22,13.33,13.08,13.11,13.3,-0.19,-1.43,19065.0,25005.039,3.42,11.871792835014697,11.971403606322982,12.071014377631265,11.844626261021528
300192.SZ,20180112,13.08,13.25,12.87,12.94,13.11,-0.17,-1.3,12257.99,15905.82,3.42,11.717848915720072,11.844626261021528,11.998570180316149,11.654460243069346
300192.SZ,20180115,12.99,12.99,12.47,12.48,12.94,-0.46,-3.55,14881.9,18856.987,3.42,11.301294781158155,11.76312653904202,11.76312653904202,11.292239256493763
300192.SZ,20180116,12.74,12.74,11.8,12.1,12.48,-0.38,-3.04,29112.01,35633.372,3.42,10.957184843911351,11.536738422432284,11.536738422432284,10.685519103979663
300192.SZ,20180117,12.03,12.19,11.51,12.08,12.1,-0.02,-0.17,23500.78,27720.825,3.42,10.939073794582573,10.893796171260623,11.038684565890856,10.422908888712367
300192.SZ,20180118,12.03,12.16,11.88,12.15,12.08,0.07,0.58,13754.0,16518.324,3.42,11.0024624672333,10.893796171260623,11.011517991897689,10.757963301294785
300192.SZ,20180119,11.99,12.44,11.82,12.15,12.15,0.0,0.0,24056.0,29207.034,3.42,11.0024624672333,10.857574072603066,11.265072682500596,10.703630153308444
300192.SZ,20180122,12.08,12.39,11.97,12.17,12.15,0.02,0.16,29595.03,35798.004,3.42,11.02057351656208,10.939073794582573,11.219795059178647,10.839463023274288
300192.SZ,20180123,12.14,12.27,11.91,12.16,12.17,-0.01,-0.08,23800.0,28730.641,3.42,11.011517991897689,10.993406942568908,11.111128763205974,10.78512987528795
300192.SZ,20180124,12.07,12.15,11.89,12.06,12.16,-0.1,-0.82,18670.0,22379.347,3.42,10.920962745253794,10.930018269918182,11.0024624672333,10.767018825959171
300192.SZ,20180125,11.95,12.15,11.84,11.94,12.06,-0.12,-1.0,19891.93,23785.873,3.42,10.812296449281115,10.821351973945507,11.0024624672333,10.721741202637222
300192.SZ,20180126,11.93,12.13,11.82,11.88,11.94,-0.06,-0.5,21616.0,25846.026,3.42,10.757963301294785,10.803240924616729,10.98435141790452,10.703630153308444
300192.SZ,20180129,11.75,11.87,11.52,11.73,11.88,-0.15,-1.26,13639.0,15905.284,3.42,10.622130431328936,10.640241480657718,10.748907776630393,10.431964413376756
300192.SZ,20180130,11.69,11.89,11.22,11.43,11.73,-0.3,-2.56,26392.29,30363.284,3.42,10.350464691397251,10.58590833267138,10.767018825959171,10.160298673445071
300192.SZ,20180131,11.28,11.49,10.29,10.29,11.43,-1.14,-9.97,34411.5,36736.342,3.42,9.318134879656842,10.214631821431407,10.404797839383589,9.318134879656842
300192.SZ,20180201,10.0,10.21,9.26,9.26,10.29,-1.03,-10.01,66839.75,62452.179,3.42,8.38541583922472,9.055524664389548,9.245690682341726,8.38541583922472
300192.SZ,20180202,8.33,8.99,8.33,8.4,9.26,-0.86,-9.29,139947.74,117257.574,3.42,7.6066407180872195,7.543252045436492,8.140916673286203,7.543252045436492
300192.SZ,20180205,8.0,8.12,7.57,7.78,8.4,-0.62,-7.38,70693.0,55852.493,3.42,7.045198188895068,7.244419731511637,7.35308602748431,6.855032170942887
300192.SZ,20180206,7.78,7.86,7.0,7.0,7.78,-0.78,-10.03,92005.36,66941.542,3.42,6.338867265072682,7.045198188895068,7.117642386210184,6.338867265072682
300192.SZ,20180207,7.15,7.53,6.86,7.3,7.0,0.3,4.29,63139.65,45486.277,3.42,6.610533005004369,6.474700135038526,6.818810072285329,6.21208991977123
300192.SZ,20180208,7.28,7.88,7.2,7.72,7.3,0.42,5.75,56988.26,43340.873,3.42,6.99086504090873,6.59242195567559,7.1357534355389625,6.519977758360473
300192.SZ,20180209,7.51,7.91,7.21,7.52,7.72,-0.2,-2.59,57172.81,43509.923,3.42,6.809754547620939,6.8006990229565485,7.162920009532131,6.529033283024863
300192.SZ,20180212,7.64,7.78,7.36,7.51,7.52,-0.01,-0.13,31575.01,24155.258,3.42,6.8006990229565485,6.918420843593613,7.045198188895068,6.664866152990706
300192.SZ,20180213,7.6,7.63,7.4,7.52,7.51,0.01,0.13,35449.26,26675.812,3.42,6.809754547620939,6.882198744936055,6.909365318929224,6.701088251648264
300192.SZ,20180214,7.47,7.52,7.31,7.52,7.52,0.0,0.0,24815.0,18345.681,3.42,6.809754547620939,6.764476924298991,6.809754547620939,6.619588529668758
300192.SZ,20180222,7.53,7.69,7.53,7.69,7.52,0.17,2.26,23380.5,17774.448,3.42,6.963698466915561,6.818810072285329,6.963698466915561,6.818810072285329
300192.SZ,20180223,7.66,7.74,7.58,7.68,7.69,-0.01,-0.13,17744.2,13569.848,3.42,6.954642942251172,6.9365318929223925,7.00897609023751,6.864087695607276
300192.SZ,20180226,7.69,7.99,7.67,7.98,7.68,0.3,3.91,33280.48,26245.481,3.42,7.226308682182859,6.963698466915561,7.235364206847248,6.945587417586783
300192.SZ,20180227,7.99,8.12,7.89,7.98,7.98,0.0,0.0,35787.96,28522.589,3.42,7.226308682182859,7.235364206847248,7.35308602748431,7.144808960203352
300192.SZ,20180228,7.93,8.14,7.71,8.03,7.98,0.05,0.63,62218.82,49401.058,3.42,7.271586305504806,7.181031058860911,7.371197076813091,6.98180951624434
300192.SZ,20180301,7.91,8.23,7.9,8.14,8.03,0.11,1.37,52231.17,42448.57,3.42,7.371197076813091,7.162920009532131,7.452696798792597,7.153864484867742
300192.SZ,20180302,8.1,8.22,8.03,8.12,8.14,-0.02,-0.25,36131.05,29357.424,3.42,7.35308602748431,7.3349749781555325,7.443641274128208,7.271586305504806
300192.SZ,20180305,8.1,8.14,7.92,8.11,8.12,-0.01,-0.12,29151.37,23421.672,3.42,7.344030502819922,7.3349749781555325,7.371197076813091,7.171975534196521
300192.SZ,20180306,8.06,8.21,8.03,8.19,8.11,0.08,0.99,28819.14,23415.074,3.42,7.416474700135038,7.298752879497974,7.434585749463818,7.271586305504806
300192.SZ,20180307,8.21,8.21,7.91,7.96,8.19,-0.23,-2.81,29078.01,23357.876,3.42,7.208197632854079,7.434585749463818,7.434585749463818,7.162920009532131
300192.SZ,20180308,7.96,8.17,7.81,8.15,7.96,0.19,2.39,40126.32,32263.553,3.42,7.380252601477481,7.208197632854079,7.398363650806259,7.072364762888235
300192.SZ,20180309,8.14,8.5,8.12,8.45,8.15,0.3,3.68,48059.32,40029.103,3.42,7.651918341409166,7.371197076813091,7.697195964731114,7.35308602748431
300192.SZ,20180312,8.48,8.89,8.48,8.67,8.45,0.22,2.6,47649.12,41405.666,3.42,7.851139884025737,7.679084915402336,8.050361426642308,7.679084915402336
300192.SZ,20180313,8.7,8.81,8.45,8.67,8.67,0.0,0.0,38159.81,32987.153,3.42,7.851139884025737,7.878306458018905,7.977917229327191,7.651918341409166
300192.SZ,20180314,8.64,8.65,8.45,8.45,8.67,-0.22,-2.54,27824.01,23747.461,3.42,7.651918341409166,7.823973310032568,7.833028834696958,7.651918341409166
300192.SZ,20180315,8.41,8.49,8.07,8.2,8.45,-0.25,-2.96,38351.0,31653.56,3.42,7.425530224799427,7.615696242751609,7.688140440066726,7.307808404162364
300192.SZ,20180316,8.21,8.36,8.18,8.27,8.2,0.07,0.85,28283.0,23463.033,3.42,7.488918897450154,7.434585749463818,7.5704186194296605,7.407419175470649
300192.SZ,20180319,8.26,8.44,8.2,8.25,8.27,-0.02,-0.24,24062.0,19966.911,3.42,7.470807848121375,7.479863372785765,7.642862816744777,7.425530224799427
300192.SZ,20180320,8.19,8.41,8.09,8.41,8.25,0.16,1.94,34538.77,28648.643,3.42,7.615696242751609,7.416474700135038,7.615696242751609,7.325919453491143
300192.SZ,20180321,8.66,9.25,8.42,8.55,8.41,0.14,1.66,99837.33,88969.126,3.42,7.742473588053063,7.842084359361348,8.37636031456033,7.624751767415998
300192.SZ,20180322,8.4,8.53,8.25,8.34,8.55,-0.21,-2.46,65760.03,55089.304,3.42,7.552307570100882,7.6066407180872195,7.724362538724282,7.470807848121375
300192.SZ,20180323,7.95,8.05,7.51,7.51,8.34,-0.83,-9.95,69865.09,54035.625,3.42,6.8006990229565485,7.199142108189689,7.289697354833586,6.8006990229565485
300192.SZ,20180326,7.34,7.86,7.01,7.68,7.51,0.17,2.26,52424.79,38813.332,3.42,6.954642942251172,6.646755103661927,7.117642386210184,6.347922789737072
300192.SZ,20180327,7.69,7.94,7.66,7.82,7.68,0.14,1.82,38208.89,29868.736,3.42,7.081420287552625,6.963698466915561,7.1900865835253,6.9365318929223925
300192.SZ,20180328,7.62,8.28,7.62,8.21,7.82,0.39,4.99,65350.72,52434.121,3.42,7.434585749463818,6.900309794264835,7.497974422114544,6.900309794264835
300192.SZ,20180329,8.08,8.45,8.01,8.41,8.21,0.2,2.44,47997.69,39712.094,3.42,7.615696242751609,7.316863928826754,7.651918341409166,7.253475256176026
300192.SZ,20180330,8.34,8.75,8.2,8.73,8.41,0.32,3.81,57343.78,49071.355,3.42,7.905473032012074,7.552307570100882,7.923584081340853,7.425530224799427
300192.SZ,20180402,8.7,8.78,8.34,8.35,8.73,-0.38,-4.35,67709.19,57817.89,3.42,7.561363094765271,7.878306458018905,7.950750655334021,7.552307570100882
300192.SZ,20180403,8.22,8.7,8.1,8.66,8.35,0.31,3.71,77285.32,64801.3,3.42,7.842084359361348,7.443641274128208,7.878306458018905,7.3349749781555325
300192.SZ,20180404,8.53,8.89,8.45,8.47,8.66,-0.19,-2.19,47417.69,40941.169,3.42,7.670029390737946,7.724362538724282,8.050361426642308,7.651918341409166
300192.SZ,20180409,8.37,8.64,8.31,8.53,8.47,0.06,0.71,42030.0,35721.487,3.42,7.724362538724282,7.579474144094049,7.823973310032568,7.525140996107713
300192.SZ,20180410,8.53,8.77,8.27,8.4,8.53,-0.13,-1.52,34783.69,29394.084,3.42,7.6066407180872195,7.724362538724282,7.941695130669632,7.488918897450154
300192.SZ,20180411,8.35,8.54,8.31,8.42,8.4,0.02,0.24,25358.02,21446.953,3.42,7.624751767415998,7.561363094765271,7.733418063388672,7.525140996107713
300192.SZ,20180412,8.42,8.68,8.27,8.67,8.42,0.25,2.97,41785.74,35831.634,3.42,7.851139884025737,7.624751767415998,7.860195408690125,7.488918897450154
300192.SZ,20180413,8.61,8.78,8.51,8.67,8.67,0.0,0.0,40839.0,35110.247,3.42,7.851139884025737,7.796806736039399,7.950750655334021,7.706251489395504
300192.SZ,20180416,8.62,8.78,8.39,8.65,8.67,-0.02,-0.23,63538.0,54447.304,3.42,7.833028834696958,7.805862260703788,7.950750655334021,7.59758519342283
300192.SZ,20180417,8.55,8.67,8.17,8.32,8.65,-0.33,-3.82,52674.0,44539.262,3.42,7.5341965207721024,7.742473588053063,7.851139884025737,7.398363650806259
300192.SZ,20180418,8.31,8.58,8.0,8.52,8.32,0.2,2.4,33443.69,27817.928,3.42,7.715307014059893,7.525140996107713,7.7696401620462305,7.244419731511637
300192.SZ,20180419,8.4,8.56,8.29,8.45,8.52,-0.07,-0.82,31336.5,26385.192,3.42,7.651918341409166,7.6066407180872195,7.751529112717452,7.507029946778934
300192.SZ,20180420,8.37,8.45,8.16,8.39,8.45,-0.06,-0.71,29881.69,24840.741,3.42,7.59758519342283,7.579474144094049,7.651918341409166,7.38930812614187
300192.SZ,20180423,8.36,8.48,8.11,8.14,8.39,-0.25,-2.98,21285.0,17550.881,3.42,7.371197076813091,7.5704186194296605,7.679084915402336,7.344030502819922
300192.SZ,20180424,8.14,8.3,8.08,8.27,8.14,0.13,1.6,15166.21,12474.337,3.42,7.488918897450154,7.371197076813091,7.516085471443325,7.316863928826754
300192.SZ,20180425,8.23,8.29,8.19,8.23,8.27,-0.04,-0.48,11188.0,9225.821,3.42,7.452696798792597,7.452696798792597,7.507029946778934,7.416474700135038
300192.SZ,20180426,8.24,8.34,8.11,8.11,8.23,-0.12,-1.46,14676.0,12079.69,3.42,7.344030502819922,7.461752323456987,7.552307570100882,7.344030502819922
300192.SZ,20180427,8.19,8.22,7.87,7.88,8.11,-0.23,-2.84,25368.71,20281.541,3.42,7.1357534355389625,7.416474700135038,7.443641274128208,7.126697910874572
300192.SZ,20180502,7.97,8.06,7.85,8.03,7.88,0.15,1.9,20406.5,16299.626,3.42,7.271586305504806,7.217253157518468,7.298752879497974,7.108586861545794
300192.SZ,20180503,7.9,8.83,7.9,8.83,8.03,0.8,9.96,78420.24,67174.029,3.42,7.996028278655969,7.153864484867742,7.996028278655969,7.153864484867742
300192.SZ,20180504,8.86,8.91,8.43,8.43,8.83,-0.4,-4.53,101762.21,87607.35,3.42,7.633807292080386,8.023194852649137,8.068472475971086,7.633807292080386
300192.SZ,20180507,8.47,8.87,8.36,8.78,8.43,0.35,4.15,101097.28,87159.651,3.42,7.950750655334021,7.670029390737946,8.032250377313527,7.5704186194296605
300192.SZ,20180508,8.68,9.13,8.64,8.99,8.78,0.21,2.39,77222.54,68491.547,3.42,8.140916673286203,7.860195408690125,8.267694018587656,7.823973310032568
300192.SZ,20180509,8.94,9.57,8.94,9.17,8.99,0.18,2.0,92246.61,85680.945,3.42,8.303916117245214,8.095639049964253,8.666137103820796,8.095639049964253
300192.SZ,20180510,9.25,10.09,9.05,9.92,9.17,0.75,8.18,129507.77,124444.975,3.42,8.98308046707443,8.37636031456033,9.13702438636905,8.19524982127254
300192.SZ,20180511,9.76,10.49,9.76,10.02,9.92,0.1,1.01,132696.59,134817.096,3.42,9.073635713718325,8.838192072444198,9.499245372944634,8.838192072444198
300192.SZ,20180514,9.92,10.38,9.66,9.74,10.02,-0.28,-2.79,70530.35,70109.384,3.42,8.820081023115419,8.98308046707443,9.39963460163635,8.747636825800301
300192.SZ,20180515,9.74,10.35,9.5,10.19,9.74,0.45,4.62,77598.6,77187.414,3.42,9.227579633012947,8.820081023115419,9.37246802764318,8.60274843117007
300192.SZ,20180516,10.11,11.21,10.1,11.0,10.19,0.81,7.95,133531.89,145583.633,3.42,9.9610771308285,9.155135435697831,10.15124314878068,9.146079911033445
300192.SZ,20180517,10.95,12.1,10.92,12.03,11.0,1.03,9.36,189038.27,222713.513,3.42,10.893796171260623,9.915799507506552,10.957184843911351,9.888632933513383
300192.SZ,20180518,12.16,12.4,11.51,11.99,12.03,-0.04,-0.33,154519.34,184150.789,3.42,10.857574072603066,11.011517991897689,11.228850583843036,10.422908888712367
300192.SZ,20180521,11.87,12.48,11.7,12.35,11.99,0.36,3.0,111280.29,134669.799,3.42,11.183572960521088,10.748907776630393,11.301294781158155,10.594963857335769
300192.SZ,20180522,12.19,12.48,11.47,11.95,12.35,-0.4,-3.24,111783.78,133370.316,3.42,10.821351973945507,11.038684565890856,11.301294781158155,10.38668679005481
300192.SZ,20180523,11.88,12.08,11.18,11.34,11.95,-0.61,-5.1,90817.69,105511.876,3.42,10.268964969417748,10.757963301294785,10.939073794582573,10.124076574787512
300192.SZ,20180524,11.43,12.2,11.43,12.0,11.34,0.66,5.82,91767.0,108683.887,3.42,10.866629597267456,10.350464691397251,11.047740090555246,10.350464691397251
300192.SZ,20180525,12.18,12.2,11.47,11.49,12.0,-0.51,-4.25,65421.37,76577.051,3.42,10.404797839383589,11.029629041226467,11.047740090555246,10.38668679005481
300192.SZ,20180528,11.62,11.82,11.15,11.34,11.49,-0.15,-1.31,54128.8,62224.413,3.42,10.268964969417748,10.522519660020652,10.703630153308444,10.096910000794344
300192.SZ,20180529,11.63,12.18,11.33,11.6,11.34,0.26,2.29,65214.08,76280.062,3.42,10.504408610691874,10.531575184685044,11.029629041226467,10.259909444753356
300192.SZ,20180530,11.48,11.6,10.86,10.89,11.6,-0.71,-6.12,78378.71,88109.423,3.42,9.861466359520216,10.3957423147192,10.504408610691874,9.834299785527048
300192.SZ,20180531,11.07,11.96,11.07,11.84,10.89,0.95,8.72,97050.36,111514.511,3.42,10.721741202637222,10.024465803479227,10.8304074986099,10.024465803479227
300192.SZ,20180601,11.94,12.07,11.28,11.46,11.84,-0.38,-3.21,74284.07,85856.438,3.42,10.377631265390422,10.812296449281115,10.930018269918182,10.214631821431407
300192.SZ,20180604,11.53,11.85,11.02,11.06,11.46,-0.4,-3.49,64791.94,74261.338,3.42,10.01541027881484,10.441019938041146,10.730796727301612,9.979188180157278
300192.SZ,20180605,11.3,11.66,11.15,11.43,11.06,0.37,3.35,62294.45,71183.643,3.42,10.350464691397251,10.232742870760188,10.558741758678211,10.096910000794344
300192.SZ,20180606,11.75,11.75,11.11,11.23,11.43,-0.2,-1.75,50309.19,57061.268,3.42,10.16935419810946,10.640241480657718,10.640241480657718,10.060687902136785
300192.SZ,20180607,11.43,11.54,10.74,10.86,11.23,-0.37,-3.29,77696.79,85834.752,3.42,9.834299785527048,10.350464691397251,10.450075462705536,9.725633489554374
300192.SZ,20180608,10.94,11.29,10.75,11.09,10.86,0.23,2.12,73572.52,80857.028,3.42,10.042576852808006,9.906743982842164,10.223687346095796,9.734689014218764
300192.SZ,20180611,11.12,11.19,10.65,10.69,11.09,-0.4,-3.61,56428.93,61337.145,3.42,9.680355866232423,10.069743426801177,10.133132099451904,9.644133767574868
300192.SZ,20180612,10.79,10.84,10.26,10.52,10.69,-0.17,-1.59,50923.31,53656.527,3.42,9.526411946937802,9.77091111287632,9.816188736198267,9.290968305663675
300192.SZ,20180613,10.57,10.66,10.0,10.1,10.52,-0.42,-3.99,68424.77,70093.688,3.42,9.146079911033445,9.571689570259752,9.653189292239256,9.055524664389548
300192.SZ,20180614,10.1,10.17,9.18,9.46,10.1,-0.64,-6.34,84436.55,81370.335,3.42,8.566526332512511,9.146079911033445,9.209468583684169,8.312971641909604
300192.SZ,20180615,9.65,9.71,8.97,9.14,9.46,-0.32,-3.38,59220.97,54609.708,3.42,8.276749543252047,8.738581301135913,8.79291444912225,8.122805623957424
300192.SZ,20180619,8.76,9.14,8.23,8.36,9.14,-0.78,-8.53,60108.16,51756.982,3.42,7.5704186194296605,7.932639606005242,8.276749543252047,7.452696798792597
300192.SZ,20180620,8.31,9.16,8.31,8.97,8.36,0.61,7.3,74507.05,65980.52,3.42,8.122805623957424,7.525140996107713,8.294860592580825,7.525140996107713
300192.SZ,20180621,9.04,9.24,8.58,8.97,8.97,0.0,0.0,53445.4,48042.431,3.42,8.122805623957424,8.186194296608148,8.367304789895941,7.7696401620462305
300192.SZ,20180622,8.75,8.97,8.45,8.74,8.97,-0.23,-2.56,52853.17,46313.278,3.42,7.914528556676463,7.923584081340853,8.122805623957424,7.651918341409166
300192.SZ,20180625,9.03,9.18,8.82,8.89,8.74,0.15,1.72,41611.75,37447.954,3.42,8.050361426642308,8.17713877194376,8.312971641909604,7.98697275399158
300192.SZ,20180626,8.62,9.16,8.61,9.04,8.89,0.15,1.69,31554.44,28279.242,3.42,8.186194296608148,7.805862260703788,8.294860592580825,7.796806736039399
300192.SZ,20180627,9.1,9.31,8.94,9.05,9.04,0.01,0.11,26743.14,24327.604,3.42,8.19524982127254,8.240527444594488,8.430693462546667,8.095639049964253
300192.SZ,20180628,8.96,9.18,8.62,8.8,9.05,-0.25,-2.76,33984.08,30101.897,3.42,7.968861704662801,8.113750099293036,8.312971641909604,7.805862260703788
300192.SZ,20180629,8.8,9.47,8.72,9.35,8.8,0.55,6.25,44247.35,40485.412,3.42,8.466915561204225,7.968861704662801,8.5755818571769,7.896417507347685
300192.SZ,20180702,9.47,9.8,9.24,9.39,9.35,0.04,0.43,51047.42,48560.654,3.42,8.503137659861785,8.5755818571769,8.874414171101755,8.367304789895941
300192.SZ,20180703,9.48,9.57,9.03,9.51,9.39,0.12,1.28,38650.57,35972.12,3.42,8.611803955834459,8.58463738184129,8.666137103820796,8.17713877194376
300192.SZ,20180704,9.35,9.57,9.22,9.51,9.51,0.0,0.0,26081.43,24603.798,3.42,8.611803955834459,8.466915561204225,8.666137103820796,8.349193740567163
300192.SZ,20180705,9.41,9.62,9.17,9.32,9.51,-0.19,-2.0,29982.7,28176.292,3.42,8.439748987211058,8.521248709190564,8.711414727142744,8.303916117245214
300192.SZ,20180706,9.13,9.33,8.71,8.91,9.32,-0.41,-4.4,45760.76,41206.877,3.42,8.068472475971086,8.267694018587656,8.448804511875448,7.887361982683296
300192.SZ,20180709,8.91,9.26,8.85,9.17,8.91,0.26,2.92,31663.82,28987.622,3.42,8.303916117245214,8.068472475971086,8.38541583922472,8.014139327984749
300192.SZ,20180710,9.2,9.5,9.06,9.24,9.17,0.07,0.76,34290.57,31735.463,3.42,8.367304789895941,8.331082691238382,8.60274843117007,8.20430534593693
300192.SZ,20180711,9.05,9.3,8.88,9.25,9.24,0.01,0.11,33842.83,31000.86,3.42,8.37636031456033,8.19524982127254,8.421637937882279,8.041305901977918
300192.SZ,20180712,9.28,9.53,9.1,9.44,9.25,0.19,2.05,38204.3,35756.931,3.42,8.548415283183731,8.403526888553499,8.629915005163237,8.240527444594488
300192.SZ,20180713,9.92,10.37,9.71,10.22,9.44,0.78,8.26,88459.79,89053.063,3.42,9.254746207006118,8.98308046707443,9.390579076971958,8.79291444912225
300192.SZ,20180716,10.23,10.38,9.97,10.3,10.22,0.08,0.78,59587.21,60776.709,3.42,9.327190404321232,9.263801731670506,9.39963460163635,9.028358090396376
300192.SZ,20180717,10.11,11.33,10.11,11.33,10.3,1.03,10.0,126529.76,138103.94,3.42,10.259909444753356,9.155135435697831,10.259909444753356,9.155135435697831
300192.SZ,20180718,11.3,11.37,10.93,10.93,11.33,-0.4,-3.53,71483.6,79537.241,3.42,9.897688458177775,10.232742870760188,10.296131543410914,9.897688458177775
300192.SZ,20180719,11.01,11.03,10.53,10.82,10.93,-0.11,-1.01,51378.23,55183.268,3.42,9.798077686869489,9.97013265549289,9.98824370482167,9.535467471602193
300192.SZ,20180720,10.79,11.12,10.52,10.76,10.82,-0.06,-0.5545,44429.99,48248.919,3.42,9.743744538883153,9.77091111287632,10.069743426801177,9.526411946937802
300192.SZ,20180723,10.76,11.28,10.66,11.02,10.76,0.26,2.4164,66075.62,73069.765,3.42,9.979188180157278,9.743744538883153,10.214631821431407,9.653189292239256
300192.SZ,20180724,10.9,11.1,10.81,10.97,11.02,-0.05,-0.4537,44012.25,48276.067,3.42,9.933910556835333,9.870521884184605,10.051632377472396,9.7890221622051
300192.SZ,20180725,11.04,11.29,10.93,11.28,10.97,0.31,2.8259,57685.78,64292.188,3.42,10.214631821431407,9.99729922948606,10.223687346095796,9.897688458177775
300192.SZ,20180726,11.24,11.3,11.03,11.2,11.28,-0.08,-0.7092,27910.23,31117.929,3.42,10.142187624116293,10.178409722773852,10.232742870760188,9.98824370482167
300192.SZ,20180727,11.25,11.25,10.38,10.54,11.2,-0.66,-5.8929,54130.09,58210.616,3.42,9.54452299626658,10.18746524743824,10.18746524743824,9.39963460163635
300192.SZ,20180730,10.62,11.17,10.55,10.92,10.54,0.38,3.6053,66322.47,72372.917,3.42,9.888632933513383,9.6169671935817,10.115021050123124,9.553578520930971
300192.SZ,20180731,10.98,11.09,10.68,10.72,10.92,-0.2,-1.8315,26230.0,28412.584,3.42,9.707522440225594,9.942966081499724,10.042576852808006,9.671300341568037
300192.SZ,20180801,10.75,10.95,10.42,10.49,10.72,-0.23,-2.1455,27316.0,29201.046,3.42,9.499245372944634,9.734689014218764,9.915799507506552,9.435856700293908
300192.SZ,20180802,10.44,10.75,10.02,10.53,10.49,0.04,0.3813,42171.84,44227.447,3.42,9.535467471602193,9.453967749622686,9.734689014218764,9.073635713718325
300192.SZ,20180803,10.45,10.7,10.26,10.42,10.53,-0.11,-1.0446,34416.0,35932.512,3.42,9.435856700293908,9.463023274287076,9.689411390896812,9.290968305663675
300192.SZ,20180806,10.42,10.42,9.6,9.86,10.42,-0.56,-5.3743,59044.0,59098.217,3.42,8.928747319088092,9.435856700293908,9.435856700293908,8.693303677813965
300192.SZ,20180807,9.86,10.52,9.85,10.47,9.86,0.61,6.1866,34764.13,35452.181,3.42,9.481134323615857,8.928747319088092,9.526411946937802,8.919691794423702
300192.SZ,20180808,10.57,10.64,10.01,10.05,10.47,-0.42,-4.0115,32179.98,33320.003,3.42,9.100802287711495,9.571689570259752,9.635078242910478,9.064580189053936
300192.SZ,20180809,10.01,10.61,10.0,10.5,10.05,0.45,4.4776,35457.06,36944.544,3.42,9.508300897609024,9.064580189053936,9.607911668917309,9.055524664389548
300192.SZ,20180810,10.55,10.59,10.32,10.52,10.5,0.02,0.1905,17564.31,18393.689,3.42,9.526411946937802,9.553578520930971,9.589800619588528,9.345301453650013
300192.SZ,20180813,10.39,10.39,9.47,9.72,10.52,-0.8,-7.6046,88186.56,85825.422,3.42,8.80196997378664,9.40869012630074,9.40869012630074,8.5755818571769
300192.SZ,20180814,9.6,10.0,9.6,9.82,9.72,0.1,1.0288,45839.86,45189.163,3.42,8.892525220430535,8.693303677813965,9.055524664389548,8.693303677813965
300192.SZ,20180815,9.85,10.01,9.66,9.92,9.82,0.1,1.0183,30560.08,30200.277,3.42,8.98308046707443,8.919691794423702,9.064580189053936,8.747636825800301
300192.SZ,20180816,9.72,10.0,9.55,9.69,9.92,-0.23,-2.3185,39409.22,38285.363,3.4199,8.774546826594648,8.801712606243548,9.055259882966611,8.647773188233115
300192.SZ,20180817,9.8,9.8,9.3,9.44,9.69,-0.25,-2.58,32981.24,31369.251,3.4199,8.548165329520481,8.87415468530728,8.87415468530728,8.42139169115895
300192.SZ,20180820,9.43,9.43,8.5,8.78,9.44,-0.66,-6.9915,66080.78,57482.255,3.4199,7.9505181772446845,8.539110069637514,8.539110069637514,7.696970900521619
300192.SZ,20180821,8.78,9.2,8.64,9.08,8.78,0.3,3.4169,44981.44,40327.979,3.4199,8.222175973733684,7.9505181772446845,8.330839092329281,7.823744538883153
300192.SZ,20180822,8.99,9.03,8.55,8.77,9.08,-0.31,-3.4141,47782.0,42001.826,3.4199,7.941462917361718,8.140678634786983,8.17689967431885,7.742247199936454
300192.SZ,20180823,8.8,9.28,8.69,9.11,8.77,0.34,3.8769,47371.62,42897.22,3.4199,8.249341753382582,7.968628697010619,8.403281171393015,7.869020838297986
300192.SZ,20180824,9.15,9.24,8.91,8.92,9.11,-0.19,-2.0856,28485.07,25732.836,3.4199,8.077291815606218,8.285562792914451,8.36706013186115,8.068236555723251
300192.SZ,20180827,9.0,9.08,8.85,9.06,8.92,0.14,1.5695,29969.25,26969.389,3.4199,8.20406545396775,8.14973389466995,8.222175973733684,8.01390499642545
300192.SZ,20180828,9.06,9.25,8.93,9.23,9.06,0.17,1.8764,28257.0,25748.411,3.42,8.358249265231551,8.20430534593693,8.37636031456033,8.086583525299865
300192.SZ,20180829,9.3,9.63,9.08,9.49,9.23,0.26,2.8169,41189.23,38202.595,3.42,8.59369290650568,8.421637937882279,8.720470251807134,8.222416395265709
300192.SZ,20180830,9.29,9.45,9.11,9.23,9.49,-0.26,-2.7397,37971.79,35198.415,3.42,8.358249265231551,8.412582413217887,8.557470807848121,8.249582969258876
300192.SZ,20180831,9.22,9.22,8.96,9.08,9.23,-0.15,-1.6251,22267.41,20200.092,3.42,8.222416395265709,8.349193740567163,8.349193740567163,8.113750099293036
300192.SZ,20180903,9.08,9.08,8.65,8.87,9.08,-0.21,-2.3128,35176.42,31091.976,3.42,8.032250377313527,8.222416395265709,8.222416395265709,7.833028834696958
300192.SZ,20180904,8.87,9.0,8.81,8.88,8.87,0.01,0.1127,20667.72,18407.668,3.42,8.041305901977918,8.032250377313527,8.149972197950593,7.977917229327191
300192.SZ,20180905,8.9,9.13,8.88,8.96,8.88,0.08,0.9009,20927.56,18834.03,3.42,8.113750099293036,8.059416951306696,8.267694018587656,8.041305901977918
300192.SZ,20180906,8.9,9.2,8.88,9.0,8.96,0.04,0.4464,17159.0,15484.415,3.42,8.149972197950593,8.059416951306696,8.331082691238382,8.041305901977918
300192.SZ,20180907,9.0,9.18,9.0,9.1,9.0,0.1,1.1111,17577.0,16024.17,3.42,8.240527444594488,8.149972197950593,8.312971641909604,8.149972197950593
300192.SZ,20180910,9.15,9.15,8.75,8.81,9.1,-0.29,-3.1868,14057.0,12481.94,3.42,7.977917229327191,8.285805067916435,8.285805067916435,7.923584081340853
300192.SZ,20180911,8.82,8.97,8.7,8.77,8.81,-0.04,-0.454,12180.0,10705.649,3.42,7.941695130669632,7.98697275399158,8.122805623957424,7.878306458018905
300192.SZ,20180912,8.78,8.95,8.7,8.88,8.77,0.11,1.2543,11485.61,10128.688,3.42,8.041305901977918,7.950750655334021,8.104694574628644,7.878306458018905
300192.SZ,20180913,8.96,9.11,8.75,8.94,8.88,0.06,0.6757,20868.0,18661.734,3.42,8.095639049964253,8.113750099293036,8.249582969258876,7.923584081340853
300192.SZ,20180914,8.88,8.99,8.86,8.94,8.94,0.0,0.0,12256.0,10942.01,3.42,8.095639049964253,8.041305901977918,8.140916673286203,8.023194852649137
300192.SZ,20180917,8.82,8.94,8.6,8.69,8.94,-0.25,-2.7964,18049.0,15711.969,3.42,7.8692509333545155,7.98697275399158,8.095639049964253,7.78775121137501
300192.SZ,20180918,8.56,8.83,8.53,8.8,8.69,0.11,1.2658,14482.77,12659.958,3.42,7.968861704662801,7.751529112717452,7.996028278655969,7.724362538724282
300192.SZ,20180919,8.79,8.87,8.7,8.8,8.8,0.0,0.0,18483.22,16236.09,3.42,7.968861704662801,7.959806179998411,8.032250377313527,7.878306458018905
300192.SZ,20180920,8.8,8.91,8.78,8.79,8.8,-0.01,-0.1136,15692.0,13883.759,3.42,7.959806179998411,7.968861704662801,8.068472475971086,7.950750655334021
300192.SZ,20180921,8.72,8.94,8.6,8.9,8.79,0.11,1.2514,26326.52,23286.504,3.42,8.059416951306696,7.896417507347685,8.095639049964253,7.78775121137501
300192.SZ,20180925,8.81,8.91,8.73,8.83,8.9,-0.07,-0.7865,14229.74,12560.105,3.42,7.996028278655969,7.977917229327191,8.068472475971086,7.905473032012074
300192.SZ,20180926,8.88,9.06,8.8,9.05,8.83,0.22,2.4915,28977.3,26005.449,3.42,8.19524982127254,8.041305901977918,8.20430534593693,7.968861704662801
300192.SZ,20180927,8.98,9.04,8.78,9.02,9.05,-0.03,-0.3315,27282.77,24305.152,3.42,8.16808324727937,8.131861148621812,8.186194296608148,7.950750655334021
300192.SZ,20180928,8.99,9.0,8.81,8.91,9.02,-0.11,-1.2195,22288.2,19794.003,3.42,8.068472475971086,8.140916673286203,8.149972197950593,7.977917229327191
300192.SZ,20181008,8.81,8.84,8.7,8.71,8.91,-0.2,-2.2447,18450.2,16173.735,3.42,7.887361982683296,7.977917229327191,8.005083803320359,7.878306458018905
300192.SZ,20181009,8.74,9.24,8.7,9.02,8.71,0.31,3.5591,34679.34,31065.183,3.42,8.16808324727937,7.914528556676463,8.367304789895941,7.878306458018905
300192.SZ,20181010,9.15,9.18,9.03,9.07,9.02,0.05,0.5543,20314.0,18469.909,3.42,8.213360870601319,8.285805067916435,8.312971641909604,8.17713877194376
300192.SZ,20181011,8.88,8.97,8.16,8.35,9.07,-0.72,-7.9383,49369.87,42069.271,3.42,7.561363094765271,8.041305901977918,8.122805623957424,7.38930812614187
300192.SZ,20181012,8.32,8.45,8.03,8.35,8.35,0.0,0.0,21067.0,17450.506,3.42,7.561363094765271,7.5341965207721024,7.651918341409166,7.271586305504806
300192.SZ,20181015,8.23,8.7,8.22,8.53,8.35,0.18,2.1557,26852.11,22916.629,3.42,7.724362538724282,7.452696798792597,7.878306458018905,7.443641274128208
300192.SZ,20181016,8.53,8.63,8.11,8.34,8.53,-0.19,-2.2274,21320.68,17769.421,3.42,7.552307570100882,7.724362538724282,7.814917785368179,7.344030502819922
300192.SZ,20181017,8.6,8.6,8.27,8.54,8.34,0.2,2.3981,15028.66,12622.918,3.42,7.733418063388672,7.78775121137501,7.78775121137501,7.488918897450154
300192.SZ,20181018,8.54,8.54,8.18,8.33,8.54,-0.21,-2.459,15545.61,12908.616,3.42,7.543252045436492,7.733418063388672,7.733418063388672,7.407419175470649
300192.SZ,20181019,8.24,8.54,8.11,8.44,8.33,0.11,1.3205,17692.27,14804.921,3.42,7.642862816744777,7.461752323456987,7.733418063388672,7.344030502819922
300192.SZ,20181022,8.7,9.1,8.7,8.85,8.44,0.41,4.8578,40330.71,35993.625,3.42,8.014139327984749,7.878306458018905,8.240527444594488,7.878306458018905
300192.SZ,20181023,8.88,9.06,8.62,8.8,8.85,-0.05,-0.565,34419.85,30615.059,3.42,7.968861704662801,8.041305901977918,8.20430534593693,7.805862260703788
300192.SZ,20181024,8.66,8.85,8.63,8.78,8.8,-0.02,-0.2273,21486.8,18716.032,3.42,7.950750655334021,7.842084359361348,8.014139327984749,7.814917785368179
300192.SZ,20181025,8.63,8.72,8.47,8.68,8.78,-0.1,-1.139,17635.38,15140.262,3.42,7.860195408690125,7.814917785368179,7.896417507347685,7.670029390737946
300192.SZ,20181026,8.77,8.83,8.7,8.79,8.68,0.11,1.2673,12909.17,11325.449,3.42,7.959806179998411,7.941695130669632,7.996028278655969,7.878306458018905
300192.SZ,20181029,8.75,9.0,8.71,8.85,8.79,0.06,0.6826,22937.68,20395.253,3.42,8.014139327984749,7.923584081340853,8.149972197950593,7.887361982683296
300192.SZ,20181030,8.77,9.04,8.72,8.87,8.85,0.02,0.226,20799.81,18507.746,3.42,8.032250377313527,7.941695130669632,8.186194296608148,7.896417507347685
300192.SZ,20181031,8.97,9.02,8.82,8.95,8.87,0.08,0.9019,19124.22,17064.218,3.42,8.104694574628644,8.122805623957424,8.16808324727937,7.98697275399158
300192.SZ,20181101,8.95,9.03,8.87,8.97,8.95,0.02,0.2235,33817.36,30296.94,3.42,8.122805623957424,8.104694574628644,8.17713877194376,8.032250377313527
300192.SZ,20181102,9.04,9.41,8.98,9.26,8.97,0.29,3.233,43774.69,40171.739,3.42,8.38541583922472,8.186194296608148,8.521248709190564,8.131861148621812
300192.SZ,20181105,9.27,9.6,9.05,9.38,9.26,0.12,1.2959,48801.41,45765.711,3.42,8.494082135197395,8.394471363889108,8.693303677813965,8.19524982127254
300192.SZ,20181106,9.38,9.4,9.11,9.3,9.38,-0.08,-0.8529,27272.55,25208.17,3.42,8.421637937882279,8.494082135197395,8.512193184526174,8.249582969258876
300192.SZ,20181107,9.4,9.41,9.18,9.23,9.3,-0.07,-0.7527,23411.69,21676.768,3.42,8.358249265231551,8.512193184526174,8.521248709190564,8.312971641909604
300192.SZ,20181108,9.29,9.36,9.17,9.23,9.23,0.0,0.0,21070.26,19543.39,3.42,8.358249265231551,8.412582413217887,8.475971085868615,8.303916117245214
300192.SZ,20181109,9.21,9.38,9.19,9.3,9.23,0.07,0.7584,25484.49,23735.576,3.42,8.421637937882279,8.340138215902773,8.494082135197395,8.322027166573992
300192.SZ,20181112,9.38,9.58,9.25,9.47,9.3,0.17,1.828,40362.73,38135.467,3.42,8.5755818571769,8.494082135197395,8.675192628485185,8.37636031456033
300192.SZ,20181113,9.38,10.24,9.36,10.1,9.47,0.63,6.6526,59381.89,59428.004,3.42,9.146079911033445,8.494082135197395,9.272857256334897,8.475971085868615
300192.SZ,20181114,10.09,10.39,9.95,10.23,10.1,0.13,1.2871,43324.23,43964.969,3.42,9.263801731670506,9.13702438636905,9.40869012630074,9.010247041067595
300192.SZ,20181115,10.29,10.37,10.11,10.25,10.23,0.02,0.1955,24785.51,25355.808,3.42,9.281912780999283,9.318134879656842,9.390579076971958,9.155135435697831
300192.SZ,20181116,9.91,10.2,9.5,10.0,10.25,-0.25,-2.439,88660.94,87218.256,3.42,9.055524664389548,8.974024942410042,9.236635157677338,8.60274843117007
300192.SZ,20181119,9.9,10.06,9.64,9.97,10.0,-0.03,-0.3,40411.32,39699.47,3.42,9.028358090396376,8.96496941774565,9.109857812375884,8.729525776471524
300192.SZ,20181120,9.98,9.98,9.75,9.84,9.97,-0.13,-1.3039,18062.0,17777.28,3.42,8.910636269759314,9.037413615060768,9.037413615060768,8.829136547779807
300192.SZ,20181121,9.78,9.85,9.59,9.79,9.84,-0.05,-0.5081,22554.58,21942.949,3.42,8.865358646437366,8.856303121772974,8.919691794423702,8.684248153149575
300192.SZ,20181122,9.79,9.9,9.69,9.71,9.79,-0.08,-0.8172,13287.0,12970.874,3.42,8.79291444912225,8.865358646437366,8.96496941774565,8.774803399793472
300192.SZ,20181123,9.65,9.75,9.41,9.57,9.71,-0.14,-1.4418,22031.57,21038.04,3.42,8.666137103820796,8.738581301135913,8.829136547779807,8.521248709190564
300192.SZ,20181126,9.55,9.65,9.24,9.37,9.57,-0.2,-2.0899,24216.0,22730.694,3.42,8.485026610533003,8.648026054492018,8.738581301135913,8.367304789895941
300192.SZ,20181127,9.42,9.55,9.25,9.44,9.37,0.07,0.7471,14408.05,13565.958,3.42,8.548415283183731,8.530304233854952,8.648026054492018,8.37636031456033
300192.SZ,20181128,9.46,9.51,9.32,9.46,9.44,0.02,0.2119,10833.86,10188.443,3.42,8.566526332512511,8.566526332512511,8.611803955834459,8.439748987211058
300192.SZ,20181129,9.47,9.56,9.08,9.11,9.46,-0.35,-3.6998,20428.06,18916.039,3.42,8.249582969258876,8.5755818571769,8.657081579156406,8.222416395265709
300192.SZ,20181130,9.09,9.22,8.96,9.16,9.11,0.05,0.5488,13979.0,12716.048,3.42,8.294860592580825,8.231471919930097,8.349193740567163,8.113750099293036
300192.SZ,20181203,9.37,9.6,9.3,9.53,9.16,0.37,4.0393,28509.15,26987.292,3.42,8.629915005163237,8.485026610533003,8.693303677813965,8.421637937882279
300192.SZ,20181204,9.54,9.54,9.41,9.48,9.53,-0.05,-0.5247,14723.69,13919.502,3.42,8.58463738184129,8.638970529827626,8.638970529827626,8.521248709190564
300192.SZ,20181205,9.48,9.55,9.34,9.46,9.48,-0.02,-0.211,12846.0,12132.004,3.42,8.566526332512511,8.58463738184129,8.648026054492018,8.457860036539836
300192.SZ,20181206,9.54,9.54,9.28,9.31,9.46,-0.15,-1.5856,12384.35,11582.613,3.42,8.430693462546667,8.638970529827626,8.638970529827626,8.403526888553499
300192.SZ,20181207,9.31,9.37,9.27,9.31,9.31,0.0,0.0,7872.78,7333.531,3.42,8.430693462546667,8.430693462546667,8.485026610533003,8.394471363889108
300192.SZ,20181210,9.3,9.3,9.15,9.2,9.31,-0.11,-1.1815,8015.65,7374.894,3.42,8.331082691238382,8.421637937882279,8.421637937882279,8.285805067916435
300192.SZ,20181211,9.2,9.3,9.17,9.27,9.2,0.07,0.7609,8161.6,7564.368,3.42,8.394471363889108,8.331082691238382,8.421637937882279,8.303916117245214
300192.SZ,20181212,9.29,9.46,9.27,9.45,9.27,0.18,1.9417,11561.32,10843.417,3.42,8.557470807848121,8.412582413217887,8.566526332512511,8.394471363889108
300192.SZ,20181213,9.41,9.57,9.37,9.5,9.45,0.05,0.5291,13454.76,12755.255,3.42,8.60274843117007,8.521248709190564,8.666137103820796,8.485026610533003
300192.SZ,20181214,9.57,9.97,9.48,9.91,9.5,0.41,4.3158,62134.06,61267.264,3.42,8.974024942410042,8.666137103820796,9.028358090396376,8.58463738184129
300192.SZ,20181217,9.95,9.99,9.66,9.81,9.91,-0.1,-1.0091,35155.55,34404.863,3.42,8.883469695766147,9.010247041067595,9.046469139725156,8.747636825800301
300192.SZ,20181218,9.7,9.73,9.36,9.6,9.81,-0.21,-2.1407,27687.05,26449.022,3.42,8.693303677813965,8.78385892445786,8.811025498451029,8.475971085868615
300192.SZ,20181219,9.55,9.6,9.24,9.35,9.6,-0.25,-2.6042,21104.85,19733.133,3.42,8.466915561204225,8.648026054492018,8.693303677813965,8.367304789895941
300192.SZ,20181220,9.25,9.39,9.16,9.33,9.35,-0.02,-0.2139,16994.63,15743.287,3.42,8.448804511875448,8.37636031456033,8.503137659861785,8.294860592580825
300192.SZ,20181221,9.23,9.34,9.05,9.11,9.33,-0.22,-2.358,16496.78,15143.001,3.42,8.249582969258876,8.358249265231551,8.457860036539836,8.19524982127254
300192.SZ,20181224,9.17,9.32,9.05,9.15,9.11,0.04,0.4391,17948.18,16493.847,3.42,8.285805067916435,8.303916117245214,8.439748987211058,8.19524982127254
300192.SZ,20181225,9.17,9.2,8.82,9.14,9.15,-0.01,-0.1093,16849.0,15222.527,3.42,8.276749543252047,8.303916117245214,8.331082691238382,7.98697275399158
300192.SZ,20181226,9.14,9.16,8.89,8.95,9.14,-0.19,-2.0788,15810.2,14231.163,3.42,8.104694574628644,8.276749543252047,8.294860592580825,8.050361426642308
300192.SZ,20181227,9.12,9.12,8.6,8.67,8.95,-0.28,-3.1285,20910.46,18597.363,3.42,7.851139884025737,8.258638493923266,8.258638493923266,7.78775121137501
300192.SZ,20181228,8.7,8.78,8.5,8.74,8.67,0.07,0.8074,16730.98,14459.003,3.42,7.914528556676463,7.878306458018905,7.950750655334021,7.697195964731114
300192.SZ,20190102,8.71,8.74,8.5,8.62,8.74,-0.12,-1.373,15691.23,13497.746,3.42,7.805862260703788,7.887361982683296,7.914528556676463,7.697195964731114
300192.SZ,20190103,8.58,8.65,8.39,8.4,8.62,-0.22,-2.5522,12564.68,10711.287,3.42,7.6066407180872195,7.7696401620462305,7.833028834696958,7.59758519342283
300192.SZ,20190104,8.28,8.6,8.22,8.52,8.4,0.12,1.4286,16138.66,13699.607,3.42,7.715307014059893,7.497974422114544,7.78775121137501,7.443641274128208
300192.SZ,20190107,8.61,8.75,8.44,8.67,8.52,0.15,1.7606,22601.03,19396.984,3.42,7.851139884025737,7.796806736039399,7.923584081340853,7.642862816744777
300192.SZ,20190108,8.57,8.69,8.56,8.61,8.67,-0.06,-0.692,16044.17,13814.814,3.42,7.796806736039399,7.760584637381841,7.8692509333545155,7.751529112717452
300192.SZ,20190109,8.58,8.83,8.58,8.64,8.61,0.03,0.3484,14809.81,12893.305,3.42,7.823973310032568,7.7696401620462305,7.996028278655969,7.7696401620462305
300192.SZ,20190110,8.66,8.69,8.54,8.58,8.64,-0.06,-0.6944,14237.75,12238.398,3.42,7.7696401620462305,7.842084359361348,7.8692509333545155,7.733418063388672
300192.SZ,20190111,8.53,8.74,8.5,8.67,8.58,0.09,1.049,15409.87,13264.917,3.42,7.851139884025737,7.724362538724282,7.914528556676463,7.697195964731114
300192.SZ,20190114,8.68,8.7,8.49,8.61,8.67,-0.06,-0.692,13511.77,11566.724,3.42,7.796806736039399,7.860195408690125,7.878306458018905,7.688140440066726
300192.SZ,20190115,8.54,8.62,8.46,8.62,8.61,0.01,0.1161,15412.01,13186.06,3.42,7.805862260703788,7.733418063388672,7.805862260703788,7.660973866073557
300192.SZ,20190116,8.58,8.76,8.51,8.7,8.62,0.08,0.9281,17834.92,15451.753,3.42,7.878306458018905,7.7696401620462305,7.932639606005242,7.706251489395504
300192.SZ,20190117,8.75,8.76,8.45,8.57,8.7,-0.13,-1.4943,19124.72,16406.776,3.42,7.760584637381841,7.923584081340853,7.932639606005242,7.651918341409166
300192.SZ,20190118,8.54,8.81,8.5,8.8,8.57,0.23,2.6838,36548.52,31570.498,3.42,7.968861704662801,7.733418063388672,7.977917229327191,7.697195964731114
300192.SZ,20190121,8.75,9.04,8.69,9.02,8.8,0.22,2.5,44603.0,39492.081,3.42,8.16808324727937,7.923584081340853,8.186194296608148,7.8692509333545155
300192.SZ,20190122,8.96,9.02,8.8,8.9,9.02,-0.12,-1.3304,22839.54,20313.545,3.42,8.059416951306696,8.113750099293036,8.16808324727937,7.968861704662801
300192.SZ,20190123,8.85,8.97,8.85,8.94,8.9,0.04,0.4494,21037.0,18760.11,3.42,8.095639049964253,8.014139327984749,8.122805623957424,8.014139327984749
300192.SZ,20190124,8.92,9.13,8.76,9.1,8.94,0.16,1.7897,34634.37,31189.756,3.42,8.240527444594488,8.077528000635475,8.267694018587656,7.932639606005242
300192.SZ,20190125,9.08,9.13,8.95,9.13,9.1,0.03,0.3297,34148.52,30907.918,3.42,8.267694018587656,8.222416395265709,8.267694018587656,8.104694574628644
300192.SZ,20190128,9.14,9.49,8.36,8.43,9.13,-0.7,-7.667,78729.27,69528.913,3.42,7.633807292080386,8.276749543252047,8.59369290650568,7.5704186194296605
300192.SZ,20190129,8.39,8.39,7.59,7.99,8.43,-0.44,-5.2195,74656.91,58807.163,3.42,7.235364206847248,7.59758519342283,7.59758519342283,6.873143220271666
300192.SZ,20190130,7.9,8.06,7.71,7.76,7.99,-0.23,-2.8786,26873.0,21173.898,3.42,7.027087139566287,7.153864484867742,7.298752879497974,6.98180951624434
300192.SZ,20190131,7.79,7.87,7.63,7.78,7.76,0.02,0.2577,21725.98,16885.991,3.42,7.045198188895068,7.054253713559457,7.126697910874572,6.909365318929224
300192.SZ,20190201,7.8,8.14,7.78,8.11,7.78,0.33,4.2416,23206.98,18433.321,3.42,7.344030502819922,7.063309238223846,7.371197076813091,7.045198188895068
300192.SZ,20190211,8.11,8.28,8.04,8.25,8.11,0.14,1.7263,22540.44,18426.955,3.42,7.470807848121375,7.344030502819922,7.497974422114544,7.280641830169195
300192.SZ,20190212,8.24,8.35,8.15,8.23,8.25,-0.02,-0.2424,21974.0,18172.167,3.42,7.452696798792597,7.461752323456987,7.561363094765271,7.380252601477481
300192.SZ,20190213,8.23,8.35,8.23,8.33,8.23,0.1,1.2151,27100.98,22483.285,3.42,7.543252045436492,7.452696798792597,7.561363094765271,7.452696798792597
300192.SZ,20190214,8.41,8.48,8.35,8.37,8.33,0.04,0.4802,24294.76,20412.567,3.42,7.579474144094049,7.615696242751609,7.679084915402336,7.561363094765271
300192.SZ,20190215,8.34,8.42,8.21,8.27,8.37,-0.1,-1.1947,28597.67,23732.691,3.42,7.488918897450154,7.552307570100882,7.624751767415998,7.434585749463818
300192.SZ,20190218,8.29,8.75,8.28,8.73,8.27,0.46,5.5623,57128.24,48231.684,3.42,7.905473032012074,7.507029946778934,7.923584081340853,7.497974422114544
300192.SZ,20190219,8.74,8.89,8.52,8.73,8.73,0.0,0.0,59492.86,51642.286,3.42,7.905473032012074,7.914528556676463,8.050361426642308,7.715307014059893
300192.SZ,20190220,8.69,8.77,8.55,8.7,8.73,-0.03,-0.3436,27580.83,23823.244,3.42,7.878306458018905,7.8692509333545155,7.941695130669632,7.742473588053063
300192.SZ,20190221,8.7,8.84,8.61,8.69,8.7,-0.01,-0.1149,40768.03,35619.091,3.42,7.8692509333545155,7.878306458018905,8.005083803320359,7.796806736039399
300192.SZ,20190222,8.61,8.99,8.6,8.89,8.69,0.2,2.3015,38451.02,33797.929,3.42,8.050361426642308,7.796806736039399,8.140916673286203,7.78775121137501
300192.SZ,20190225,9.22,9.42,8.93,9.4,8.89,0.51,5.7368,92271.93,84184.017,3.42,8.512193184526174,8.349193740567163,8.530304233854952,8.086583525299865
300192.SZ,20190226,9.3,9.38,9.06,9.12,9.4,-0.28,-2.9787,65705.23,60405.907,3.42,8.258638493923266,8.421637937882279,8.494082135197395,8.20430534593693
300192.SZ,20190227,9.15,9.3,9.05,9.14,9.12,0.02,0.2193,50212.75,46057.217,3.42,8.276749543252047,8.285805067916435,8.421637937882279,8.19524982127254
300192.SZ,20190228,9.23,9.77,9.22,9.39,9.14,0.25,2.7352,69982.06,66324.012,3.42,8.503137659861785,8.358249265231551,8.847247597108586,8.349193740567163
300192.SZ,20190301,9.46,9.54,9.1,9.27,9.39,-0.12,-1.278,51351.65,47663.263,3.42,8.394471363889108,8.566526332512511,8.638970529827626,8.240527444594488
300192.SZ,20190304,9.27,9.89,9.27,9.49,9.27,0.22,2.3732,79968.91,75962.773,3.42,8.59369290650568,8.394471363889108,8.955913893081261,8.394471363889108
300192.SZ,20190305,9.47,9.84,9.38,9.73,9.49,0.24,2.529,66497.88,63778.791,3.42,8.811025498451029,8.5755818571769,8.910636269759314,8.494082135197395
300192.SZ,20190306,9.88,10.18,9.77,10.1,9.73,0.37,3.8027,81635.98,81512.145,3.42,9.146079911033445,8.946858368416873,9.218524108348555,8.847247597108586
300192.SZ,20190307,10.25,10.83,10.11,10.35,10.1,0.25,2.4752,81589.32,84829.487,3.42,9.37246802764318,9.281912780999283,9.80713321153388,9.155135435697831
300192.SZ,20190308,10.21,10.65,10.0,10.38,10.35,0.03,0.2899,90577.63,94163.162,3.42,9.39963460163635,9.245690682341726,9.644133767574868,9.055524664389548
300192.SZ,20190311,10.3,10.78,10.26,10.73,10.38,0.35,3.3719,78151.6,82779.561,3.42,9.716577964889984,9.327190404321232,9.76185558821193,9.290968305663675
300192.SZ,20190312,10.75,11.2,10.6,11.02,10.73,0.29,2.7027,82601.14,89834.044,3.42,9.979188180157278,9.734689014218764,10.142187624116293,9.59885614425292
300192.SZ,20190313,11.08,11.68,10.96,11.4,11.02,0.38,3.4483,91232.45,103638.457,3.42,10.323298117404082,10.033521328143618,10.57685280800699,9.924855032170944
300192.SZ,20190314,11.39,11.74,10.5,11.0,11.4,-0.4,-3.5088,75767.93,84626.421,3.42,9.9610771308285,10.314242592739694,10.631185955993327,9.508300897609024
300192.SZ,20190315,11.15,11.2,10.62,10.99,11.0,-0.01,-0.0909,54567.22,59134.343,3.42,9.952021606164111,10.096910000794344,10.142187624116293,9.6169671935817
300192.SZ,20190318,10.95,11.22,10.74,11.09,10.99,0.1,0.9099,53980.22,59541.274,3.42,10.042576852808006,9.915799507506552,10.160298673445071,9.725633489554374
300192.SZ,20190319,11.12,11.16,10.88,11.01,11.09,-0.08,-0.7214,36730.48,40352.373,3.42,9.97013265549289,10.069743426801177,10.105965525458734,9.852410834855828
300192.SZ,20190320,11.03,11.15,10.74,11.0,11.01,-0.01,-0.0908,37730.0,41311.787,3.42,9.9610771308285,9.98824370482167,10.096910000794344,9.725633489554374
300192.SZ,20190321,11.0,11.1,10.89,10.99,11.0,-0.01,-0.0909,48047.45,52710.642,3.42,9.952021606164111,9.9610771308285,10.051632377472396,9.861466359520216
300192.SZ,20190322,11.04,11.07,10.6,11.02,10.99,0.03,0.273,68702.75,74513.652,3.42,9.979188180157278,9.99729922948606,10.024465803479227,9.59885614425292
300192.SZ,20190325,10.88,10.9,10.58,10.58,11.02,-0.44,-3.9927,53316.85,57214.5,3.42,9.58074509492414,9.852410834855828,9.870521884184605,9.58074509492414
300192.SZ,20190326,10.85,10.87,10.14,10.21,10.58,-0.37,-3.4972,44681.0,46847.92,3.42,9.245690682341726,9.825244260862656,9.843355310191436,9.182302009691002
300192.SZ,20190327,10.4,10.56,10.21,10.48,10.21,0.27,2.6445,41399.22,43127.458,3.42,9.490189848280243,9.417745650965127,9.56263404559536,9.245690682341726
300192.SZ,20190328,10.45,10.75,10.35,10.59,10.48,0.11,1.0496,35357.6,37561.952,3.42,9.589800619588528,9.463023274287076,9.734689014218764,9.37246802764318
300192.SZ,20190329,10.5,10.65,10.15,10.54,10.59,-0.05,-0.4721,57850.97,60336.893,3.42,9.54452299626658,9.508300897609024,9.644133767574868,9.19135753435539
300192.SZ,20190401,10.64,11.47,10.58,11.24,10.54,0.7,6.6414,85627.78,94426.747,3.42,10.178409722773852,9.635078242910478,10.38668679005481,9.58074509492414
300192.SZ,20190402,11.4,11.49,11.06,11.33,11.24,0.09,0.8007,73885.41,83283.292,3.42,10.259909444753356,10.323298117404082,10.404797839383589,10.01541027881484
300192.SZ,20190403,11.32,11.5,11.13,11.28,11.33,-0.05,-0.4413,68511.33,77308.407,3.42,10.214631821431407,10.250853920088966,10.41385336404798,10.078798951465563
300192.SZ,20190404,11.38,11.42,10.98,11.2,11.28,-0.08,-0.7092,51825.69,58062.565,3.42,10.142187624116293,10.305187068075304,10.34140916673286,9.942966081499724
300192.SZ,20190408,11.82,11.82,11.0,11.19,11.2,-0.01,-0.0893,72314.41,81555.604,3.42,10.133132099451904,10.703630153308444,10.703630153308444,9.9610771308285
300192.SZ,20190409,11.17,11.19,10.8,10.92,11.19,-0.27,-2.4129,62690.67,68851.667,3.42,9.888632933513383,10.115021050123124,10.133132099451904,9.77996663754071
300192.SZ,20190410,10.84,11.2,10.8,11.01,10.92,0.09,0.8242,39370.56,43503.669,3.42,9.97013265549289,9.816188736198267,10.142187624116293,9.77996663754071
300192.SZ,20190411,11.05,11.05,10.6,10.62,11.01,-0.39,-3.5422,43179.53,46550.485,3.42,9.6169671935817,10.00635475415045,10.00635475415045,9.59885614425292
300192.SZ,20190412,10.6,10.85,10.45,10.78,10.62,0.16,1.5066,29865.93,31727.854,3.42,9.76185558821193,9.59885614425292,9.825244260862656,9.463023274287076
300192.SZ,20190415,10.95,11.02,10.52,10.55,10.78,-0.23,-2.1336,62222.9,67113.284,3.42,9.553578520930971,9.915799507506552,9.979188180157278,9.526411946937802
300192.SZ,20190416,10.55,10.98,10.18,10.66,10.55,0.11,1.0427,64999.5,68135.445,3.42,9.653189292239256,9.553578520930971,9.942966081499724,9.218524108348555
300192.SZ,20190417,10.67,10.75,10.54,10.55,10.66,-0.11,-1.0319,30086.99,31930.246,3.42,9.553578520930971,9.662244816903646,9.734689014218764,9.54452299626658
300192.SZ,20190418,10.61,10.65,10.3,10.3,10.55,-0.25,-2.3697,40663.38,42582.608,3.42,9.327190404321232,9.607911668917309,9.644133767574868,9.327190404321232
300192.SZ,20190419,10.4,10.47,10.05,10.37,10.3,0.07,0.6796,40574.05,41654.251,3.42,9.390579076971958,9.417745650965127,9.481134323615857,9.100802287711495
300192.SZ,20190422,10.4,10.52,10.25,10.34,10.37,-0.03,-0.2893,32682.3,33969.385,3.42,9.363412502978791,9.417745650965127,9.526411946937802,9.281912780999283
300192.SZ,20190423,10.44,10.44,9.89,9.91,10.34,-0.43,-4.1586,51818.37,51948.14,3.42,8.974024942410042,9.453967749622686,9.453967749622686,8.955913893081261
300192.SZ,20190424,9.94,10.0,9.75,9.97,9.91,0.06,0.6054,32210.22,31974.971,3.42,9.028358090396376,9.001191516403209,9.055524664389548,8.829136547779807
300192.SZ,20190425,9.97,9.97,9.54,9.59,9.97,-0.38,-3.8114,34069.0,33315.265,3.42,8.684248153149575,9.028358090396376,9.028358090396376,8.638970529827626
300192.SZ,20190426,9.62,9.66,9.28,9.3,9.59,-0.29,-3.024,32999.86,31046.645,3.42,8.421637937882279,8.711414727142744,8.747636825800301,8.403526888553499
300192.SZ,20190429,9.31,9.36,8.41,9.08,9.3,-0.22,-2.3656,40248.51,36439.379,3.42,8.222416395265709,8.430693462546667,8.475971085868615,7.615696242751609
300192.SZ,20190430,9.06,9.29,8.88,9.23,9.08,0.15,1.652,30868.11,28204.216,3.42,8.358249265231551,8.20430534593693,8.412582413217887,8.041305901977918
300192.SZ,20190506,8.95,8.99,8.31,8.31,9.23,-0.92,-9.9675,47198.4,40447.358,3.42,7.525140996107713,8.104694574628644,8.140916673286203,7.525140996107713
300192.SZ,20190507,8.37,8.62,8.3,8.49,8.31,0.18,2.1661,33118.31,27959.472,3.42,7.688140440066726,7.579474144094049,7.805862260703788,7.516085471443325
300192.SZ,20190508,8.37,8.87,8.31,8.66,8.49,0.17,2.0024,31601.27,27296.191,3.42,7.842084359361348,7.579474144094049,8.032250377313527,7.525140996107713
300192.SZ,20190509,8.5,8.78,8.36,8.55,8.66,-0.11,-1.2702,30099.34,25835.629,3.42,7.742473588053063,7.697195964731114,7.950750655334021,7.5704186194296605
300192.SZ,20190510,8.69,8.99,8.51,8.93,8.55,0.38,4.4444,39841.52,34920.628,3.42,8.086583525299865,7.8692509333545155,8.140916673286203,7.706251489395504
300192.SZ,20190513,8.97,8.97,8.75,8.87,8.93,-0.06,-0.6719,28605.0,25342.707,3.42,8.032250377313527,8.122805623957424,8.122805623957424,7.923584081340853
300192.SZ,20190514,8.8,8.94,8.65,8.82,8.87,-0.05,-0.5637,17584.09,15497.517,3.42,7.98697275399158,7.968861704662801,8.095639049964253,7.833028834696958
300192.SZ,20190515,8.83,9.02,8.75,8.92,8.82,0.1,1.1338,23551.52,20948.308,3.42,8.077528000635475,7.996028278655969,8.16808324727937,7.923584081340853
300192.SZ,20190516,8.91,8.98,8.88,8.94,8.92,0.02,0.2242,15021.51,13416.703,3.42,8.095639049964253,8.068472475971086,8.131861148621812,8.041305901977918
300192.SZ,20190517,8.89,8.98,8.53,8.6,8.94,-0.34,-3.8031,28390.69,24741.508,3.42,7.78775121137501,8.050361426642308,8.131861148621812,7.724362538724282
300192.SZ,20190520,8.64,8.78,8.51,8.72,8.6,0.12,1.3953,22622.6,19566.082,3.42,7.896417507347685,7.823973310032568,7.950750655334021,7.706251489395504
300192.SZ,20190521,8.75,8.9,8.65,8.75,8.72,0.03,0.344,30414.41,26670.175,3.42,7.923584081340853,7.923584081340853,8.059416951306696,7.833028834696958
300192.SZ,20190522,8.85,9.58,8.65,9.35,8.75,0.6,6.8571,61231.47,55665.601,3.42,8.466915561204225,8.014139327984749,8.675192628485185,7.833028834696958
300192.SZ,20190523,9.11,9.3,9.11,9.21,9.35,-0.14,-1.4973,52086.16,47804.177,3.42,8.340138215902773,8.249582969258876,8.421637937882279,8.249582969258876
300192.SZ,20190524,9.19,9.66,9.16,9.66,9.21,0.45,4.886,40043.04,37696.912,3.42,8.747636825800301,8.322027166573992,8.747636825800301,8.294860592580825
300192.SZ,20190527,9.66,10.19,9.66,10.14,9.66,0.48,4.9689,63468.47,63570.621,3.42,9.182302009691002,8.747636825800301,9.227579633012947,8.747636825800301
300192.SZ,20190528,10.1,10.28,10.0,10.12,10.14,-0.02,-0.1972,33413.13,33806.136,3.42,9.16419096036222,9.146079911033445,9.309079354992452,9.055524664389548
300192.SZ,20190529,10.13,10.15,9.6,9.92,10.12,-0.2,-1.9763,57147.77,56647.817,3.42,8.98308046707443,9.173246485026612,9.19135753435539,8.693303677813965
300192.SZ,20190530,9.87,9.93,9.6,9.86,9.92,-0.06,-0.6048,37199.0,36181.086,3.42,8.928747319088092,8.93780284375248,8.99213599173882,8.693303677813965
300192.SZ,20190531,9.88,9.88,9.55,9.64,9.86,-0.22,-2.2312,36659.0,35424.236,3.42,8.729525776471524,8.946858368416873,8.946858368416873,8.648026054492018
300192.SZ,20190603,9.66,9.66,9.12,9.24,9.64,-0.4,-4.1494,41924.8,39057.596,3.42,8.367304789895941,8.747636825800301,8.747636825800301,8.258638493923266
300192.SZ,20190604,9.25,9.35,9.06,9.15,9.24,-0.09,-0.974,21004.0,19282.141,3.42,8.285805067916435,8.37636031456033,8.466915561204225,8.20430534593693
300192.SZ,20190605,9.2,9.5,9.2,9.34,9.15,0.19,2.0765,28578.9,26663.023,3.42,8.457860036539836,8.331082691238382,8.60274843117007,8.331082691238382
300192.SZ,20190606,9.36,9.4,9.2,9.34,9.34,0.0,0.0,16161.0,14996.723,3.42,8.457860036539836,8.475971085868615,8.512193184526174,8.331082691238382
300192.SZ,20190610,9.3,9.47,9.25,9.39,9.34,0.05,0.5353,11217.0,10503.658,3.42,8.503137659861785,8.421637937882279,8.5755818571769,8.37636031456033
300192.SZ,20190611,9.53,9.64,9.3,9.6,9.39,0.21,2.2364,19338.92,18393.791,3.42,8.693303677813965,8.629915005163237,8.729525776471524,8.421637937882279
300192.SZ,20190612,9.6,9.62,9.43,9.51,9.6,-0.09,-0.9375,16625.6,15803.952,3.42,8.611803955834459,8.693303677813965,8.711414727142744,8.539359758519343
300192.SZ,20190613,9.54,9.54,9.39,9.51,9.51,0.0,0.0,11288.51,10675.92,3.42,8.611803955834459,8.638970529827626,8.638970529827626,8.503137659861785
300192.SZ,20190614,9.5,9.53,9.22,9.31,9.51,-0.2,-2.103,11778.31,11038.623,3.42,8.430693462546667,8.60274843117007,8.629915005163237,8.349193740567163
300192.SZ,20190617,9.31,9.36,9.23,9.31,9.31,0.0,0.0,6410.0,5956.808,3.42,8.430693462546667,8.430693462546667,8.475971085868615,8.358249265231551
300192.SZ,20190618,9.34,9.34,9.14,9.31,9.31,0.0,0.0,8666.67,7992.52,3.42,8.430693462546667,8.457860036539836,8.457860036539836,8.276749543252047
300192.SZ,20190619,9.42,9.44,9.27,9.31,9.31,0.0,0.0,14518.0,13563.846,3.42,8.430693462546667,8.530304233854952,8.548415283183731,8.394471363889108
300192.SZ,20190625,10.24,10.24,10.24,10.24,9.31,0.93,9.9893,3138.67,3213.998,3.42,9.272857256334897,9.272857256334897,9.272857256334897,9.272857256334897
300192.SZ,20190626,11.26,11.26,10.32,10.65,10.24,0.41,4.0039,233141.56,253220.926,3.42,9.644133767574868,10.196520772102629,10.196520772102629,9.345301453650013
300192.SZ,20190627,10.28,10.67,9.99,10.31,10.65,-0.34,-3.1925,132433.05,135608.006,3.42,9.336245928985624,9.309079354992452,9.662244816903646,9.046469139725156
300192.SZ,20190628,10.25,10.35,9.92,10.07,10.31,-0.24,-2.3278,62525.05,63243.887,3.42,9.118913337040274,9.281912780999283,9.37246802764318,8.98308046707443
300192.SZ,20190701,10.18,10.28,10.0,10.18,10.07,0.11,1.0924,53381.41,54122.496,3.42,9.218524108348555,9.218524108348555,9.309079354992452,9.055524664389548
300192.SZ,20190702,10.13,10.34,10.08,10.16,10.18,-0.02,-0.1965,36793.06,37516.429,3.42,9.20041305901978,9.173246485026612,9.363412502978791,9.127968861704662
300192.SZ,20190703,10.17,10.3,10.02,10.25,10.16,0.09,0.8858,29781.87,30273.383,3.42,9.281912780999283,9.209468583684169,9.327190404321232,9.073635713718325
300192.SZ,20190704,10.3,10.34,10.06,10.25,10.25,0.0,0.0,37132.0,37942.483,3.42,9.281912780999283,9.327190404321232,9.363412502978791,9.109857812375884
300192.SZ,20190705,10.18,10.3,10.01,10.15,10.25,-0.1,-0.9756,28325.0,28678.588,3.42,9.19135753435539,9.218524108348555,9.327190404321232,9.064580189053936
300192.SZ,20190708,9.98,10.08,9.29,9.75,10.15,-0.4,-3.9409,60202.8,58240.017,3.42,8.829136547779807,9.037413615060768,9.127968861704662,8.412582413217887
300192.SZ,20190709,9.74,9.74,9.42,9.52,9.75,-0.23,-2.359,24034.0,22916.832,3.42,8.620859480498847,8.820081023115419,8.820081023115419,8.530304233854952
300192.SZ,20190710,9.52,9.62,9.43,9.52,9.52,0.0,0.0,16550.41,15770.044,3.42,8.620859480498847,8.620859480498847,8.711414727142744,8.539359758519343
300192.SZ,20190711,9.61,9.65,9.44,9.53,9.52,0.01,0.105,13859.52,13210.979,3.42,8.629915005163237,8.702359202478354,8.738581301135913,8.548415283183731
300192.SZ,20190712,9.6,9.71,9.48,9.65,9.53,0.12,1.2592,19702.51,18886.904,3.42,8.738581301135913,8.693303677813965,8.79291444912225,8.58463738184129
300192.SZ,20190715,9.63,9.78,9.4,9.66,9.65,0.01,0.1036,38148.0,36330.395,3.42,8.747636825800301,8.720470251807134,8.856303121772974,8.512193184526174
300192.SZ,20190716,9.56,9.58,9.42,9.49,9.66,-0.17,-1.7598,25368.19,24044.639,3.42,8.59369290650568,8.657081579156406,8.675192628485185,8.530304233854952
300192.SZ,20190717,9.49,9.5,9.29,9.33,9.49,-0.16,-1.686,27279.41,25551.229,3.42,8.448804511875448,8.59369290650568,8.60274843117007,8.412582413217887
300192.SZ,20190718,9.26,9.35,9.14,9.19,9.33,-0.14,-1.5005,17792.0,16391.648,3.42,8.322027166573992,8.38541583922472,8.466915561204225,8.276749543252047
300192.SZ,20190719,9.13,9.35,9.13,9.21,9.19,0.02,0.2176,12201.41,11264.023,3.42,8.340138215902773,8.267694018587656,8.466915561204225,8.267694018587656
300192.SZ,20190722,9.19,9.19,8.72,8.8,9.21,-0.41,-4.4517,24305.41,21681.4,3.42,7.968861704662801,8.322027166573992,8.322027166573992,7.896417507347685
300192.SZ,20190723,8.85,8.91,8.74,8.82,8.8,0.02,0.2273,17356.0,15280.46,3.42,7.98697275399158,8.014139327984749,8.068472475971086,7.914528556676463
300192.SZ,20190724,8.82,9.11,8.81,9.05,8.82,0.23,2.6077,23221.19,20903.576,3.42,8.19524982127254,7.98697275399158,8.249582969258876,7.977917229327191
300192.SZ,20190725,9.1,9.38,9.1,9.28,9.05,0.23,2.5414,21545.22,19987.095,3.42,8.403526888553499,8.240527444594488,8.494082135197395,8.240527444594488
300192.SZ,20190726,9.4,9.42,9.2,9.39,9.28,0.11,1.1853,27074.0,25319.637,3.42,8.503137659861785,8.512193184526174,8.530304233854952,8.331082691238382
300192.SZ,20190729,9.47,9.52,9.33,9.47,9.39,0.08,0.852,23694.5,22421.94,3.42,8.5755818571769,8.5755818571769,8.620859480498847,8.448804511875448
300192.SZ,20190730,9.42,9.55,9.41,9.46,9.47,-0.01,-0.1056,13261.5,12583.218,3.42,8.566526332512511,8.530304233854952,8.648026054492018,8.521248709190564
300192.SZ,20190731,9.4,9.49,9.37,9.48,9.46,0.02,0.2114,16386.5,15471.925,3.42,8.58463738184129,8.512193184526174,8.59369290650568,8.485026610533003
300192.SZ,20190801,9.48,9.48,8.53,9.29,9.48,-0.19,-2.0042,46265.15,42956.367,3.42,8.412582413217887,8.58463738184129,8.58463738184129,7.724362538724282
300192.SZ,20190802,9.24,9.24,8.9,9.11,9.29,-0.18,-1.9376,24793.1,22573.43,3.42,8.249582969258876,8.367304789895941,8.367304789895941,8.059416951306696
300192.SZ,20190805,9.16,9.39,9.08,9.29,9.11,0.18,1.9759,25771.18,23898.839,3.42,8.412582413217887,8.294860592580825,8.503137659861785,8.222416395265709
300192.SZ,20190806,9.22,9.22,8.78,8.9,9.29,-0.39,-4.1981,31722.5,28281.807,3.42,8.059416951306696,8.349193740567163,8.349193740567163,7.950750655334021
300192.SZ,20190807,8.91,9.06,8.77,8.88,8.9,-0.02,-0.2247,19253.52,17070.864,3.42,8.041305901977918,8.068472475971086,8.20430534593693,7.941695130669632
300192.SZ,20190808,8.84,8.96,8.78,8.9,8.88,0.02,0.2252,20280.6,17944.884,3.42,8.059416951306696,8.005083803320359,8.113750099293036,7.950750655334021
300192.SZ,20190809,8.9,8.92,8.66,8.73,8.9,-0.17,-1.9101,15483.0,13567.925,3.42,7.905473032012074,8.059416951306696,8.077528000635475,7.842084359361348
300192.SZ,20190812,8.78,8.87,8.64,8.85,8.73,0.12,1.3746,15461.0,13505.483,3.42,8.014139327984749,7.950750655334021,8.032250377313527,7.823973310032568
300192.SZ,20190813,8.79,8.88,8.7,8.86,8.85,0.01,0.113,15185.07,13361.413,3.42,8.023194852649137,7.959806179998411,8.041305901977918,7.878306458018905
300192.SZ,20190814,8.93,9.03,8.82,8.9,8.86,0.04,0.4515,16079.0,14338.767,3.42,8.059416951306696,8.086583525299865,8.17713877194376,7.98697275399158
300192.SZ,20190815,8.67,8.98,8.57,8.9,8.9,0.0,0.0,19001.01,16593.67,3.42,8.059416951306696,7.851139884025737,8.131861148621812,7.760584637381841
300192.SZ,20190816,8.85,8.89,8.7,8.85,8.9,-0.05,-0.5618,25784.01,22623.856,3.42,8.014139327984749,8.014139327984749,8.050361426642308,7.878306458018905
300192.SZ,20190819,8.8,9.02,8.76,8.97,8.85,0.12,1.3559,28204.0,25152.155,3.42,8.122805623957424,7.968861704662801,8.16808324727937,7.932639606005242
300192.SZ,20190820,8.97,9.03,8.93,9.0,8.97,0.03,0.3344,21621.46,19405.02,3.42,8.149972197950593,8.122805623957424,8.17713877194376,8.086583525299865
300192.SZ,20190821,8.95,9.16,8.85,9.13,9.0,0.13,1.4444,23720.0,21403.506,3.42,8.267694018587656,8.104694574628644,8.294860592580825,8.014139327984749
300192.SZ,20190822,9.06,9.14,8.99,9.1,9.13,-0.03,-0.3286,15398.0,13959.466,3.42,8.240527444594488,8.20430534593693,8.276749543252047,8.140916673286203
300192.SZ,20190823,9.14,9.14,9.02,9.09,9.1,-0.01,-0.1099,12430.07,11293.103,3.42,8.231471919930097,8.276749543252047,8.276749543252047,8.16808324727937
300192.SZ,20190826,8.91,9.04,8.83,9.02,9.09,-0.07,-0.7701,16061.02,14358.144,3.42,8.16808324727937,8.068472475971086,8.186194296608148,7.996028278655969
300192.SZ,20190827,9.0,9.17,9.0,9.08,9.02,0.06,0.6652,15270.48,13882.673,3.42,8.222416395265709,8.149972197950593,8.303916117245214,8.149972197950593
300192.SZ,20190828,9.08,9.15,9.06,9.11,9.08,0.03,0.3304,11302.62,10279.68,3.42,8.249582969258876,8.222416395265709,8.285805067916435,8.20430534593693
300192.SZ,20190829,9.14,9.18,9.07,9.1,9.11,-0.01,-0.1098,16572.02,15096.823,3.42,8.240527444594488,8.276749543252047,8.312971641909604,8.213360870601319
300192.SZ,20190830,9.1,9.36,9.09,9.17,9.1,0.07,0.7692,28686.0,26366.957,3.42,8.303916117245214,8.240527444594488,8.475971085868615,8.231471919930097
300192.SZ,20190902,9.17,9.58,9.13,9.5,9.17,0.33,3.5987,37974.0,35748.362,3.42,8.60274843117007,8.303916117245214,8.675192628485185,8.267694018587656
300192.SZ,20190903,9.47,9.98,9.43,9.83,9.5,0.33,3.4737,57835.56,56105.925,3.42,8.901580745094924,8.5755818571769,9.037413615060768,8.539359758519343
300192.SZ,20190904,9.75,9.9,9.68,9.86,9.83,0.03,0.3052,40387.25,39642.742,3.42,8.928747319088092,8.829136547779807,8.96496941774565,8.76574787512908
300192.SZ,20190905,9.87,10.06,9.8,9.87,9.86,0.01,0.1014,37120.57,36953.347,3.42,8.93780284375248,8.93780284375248,9.109857812375884,8.874414171101755
300192.SZ,20190906,9.94,10.04,9.84,9.93,9.87,0.06,0.6079,21721.2,21565.388,3.42,8.99213599173882,9.001191516403209,9.091746763047103,8.910636269759314
300192.SZ,20190909,9.96,10.52,9.96,10.4,9.93,0.47,4.7331,60961.42,62838.943,3.42,9.417745650965127,9.019302565731987,9.526411946937802,9.019302565731987
300192.SZ,20190910,10.48,10.55,10.2,10.44,10.4,0.04,0.3846,41682.52,43248.187,3.42,9.453967749622686,9.490189848280243,9.553578520930971,9.236635157677338
300192.SZ,20190911,10.44,10.6,10.3,10.48,10.44,0.04,0.3831,30028.52,31379.89,3.42,9.490189848280243,9.453967749622686,9.59885614425292,9.327190404321232
300192.SZ,20190912,10.53,10.53,10.27,10.34,10.48,-0.14,-1.3359,31068.42,32147.274,3.42,9.363412502978791,9.535467471602193,9.535467471602193,9.300023830328064
300192.SZ,20190916,10.44,10.44,10.23,10.3,10.34,-0.04,-0.3868,41446.4,42741.767,3.42,9.327190404321232,9.453967749622686,9.453967749622686,9.263801731670506
300192.SZ,20190917,10.31,10.31,9.92,10.12,10.3,-0.18,-1.7476,41435.0,41861.086,3.42,9.16419096036222,9.336245928985624,9.336245928985624,8.98308046707443
300192.SZ,20190918,10.03,10.19,9.96,10.04,10.12,-0.08,-0.7905,29436.0,29675.586,3.42,9.091746763047103,9.082691238382717,9.227579633012947,9.019302565731987
300192.SZ,20190919,10.1,10.16,9.99,10.1,10.04,0.06,0.5976,22227.0,22349.695,3.42,9.146079911033445,9.146079911033445,9.20041305901978,9.046469139725156
300192.SZ,20190920,10.1,10.2,9.95,10.04,10.1,-0.06,-0.5941,33324.47,33513.127,3.42,9.091746763047103,9.146079911033445,9.236635157677338,9.010247041067595
300192.SZ,20190923,9.96,10.11,9.53,9.78,10.04,-0.26,-2.5896,53363.68,52027.571,3.42,8.856303121772974,9.019302565731987,9.155135435697831,8.629915005163237
300192.SZ,20190924,9.69,9.98,9.69,9.91,9.78,0.13,1.3292,32755.88,32277.548,3.42,8.974024942410042,8.774803399793472,9.037413615060768,8.774803399793472
300192.SZ,20190925,9.86,9.88,9.59,9.67,9.91,-0.24,-2.4218,32483.42,31485.657,3.42,8.756692350464691,8.928747319088092,8.946858368416873,8.684248153149575
300192.SZ,20190926,9.62,9.76,9.25,9.45,9.67,-0.22,-2.2751,30686.34,28822.278,3.42,8.557470807848121,8.711414727142744,8.838192072444198,8.37636031456033
300192.SZ,20190927,9.25,9.42,9.13,9.26,9.45,-0.19,-2.0106,37435.63,34588.056,3.42,8.38541583922472,8.37636031456033,8.530304233854952,8.267694018587656
300192.SZ,20190930,9.21,9.31,9.13,9.24,9.26,-0.02,-0.216,17916.95,16524.571,3.42,8.367304789895941,8.340138215902773,8.430693462546667,8.267694018587656
300192.SZ,20191008,9.25,10.16,9.23,10.16,9.24,0.92,9.9567,125825.19,126257.381,3.42,9.20041305901978,8.37636031456033,9.20041305901978,8.358249265231551
300192.SZ,20191009,10.15,11.11,10.06,10.81,10.16,0.65,6.3976,190482.93,201237.954,3.42,9.7890221622051,9.19135753435539,10.060687902136785,9.109857812375884
300192.SZ,20191010,10.8,11.09,10.63,11.04,10.81,0.23,2.1277,135262.1,147059.883,3.42,9.99729922948606,9.77996663754071,10.042576852808006,9.62602271824609
300192.SZ,20191011,11.25,11.6,11.21,11.4,11.04,0.36,3.2609,194223.32,220808.42,3.42,10.323298117404082,10.18746524743824,10.504408610691874,10.15124314878068
300192.SZ,20191014,11.75,12.54,11.35,12.1,11.4,0.7,6.1404,364558.17,439383.858,3.42,10.957184843911351,10.640241480657718,11.35562792914449,10.278020494082137
300192.SZ,20191015,12.12,13.31,11.73,13.31,12.1,1.21,10.0,406286.11,510529.009,3.42,12.052903328302488,10.97529589324013,12.052903328302488,10.622130431328936
300192.SZ,20191016,13.7,13.93,12.5,12.9,13.31,-0.41,-3.0804,368061.49,490335.984,3.42,11.681626817062517,12.40606879021368,12.61434585749464,11.319405830486934
300192.SZ,20191017,13.07,14.19,13.07,14.19,12.9,1.29,10.0,252887.72,347559.947,3.42,12.849789498768764,11.835570736357136,12.849789498768764,11.835570736357136
300192.SZ,20191018,14.25,15.3,13.17,13.3,14.19,-0.89,-6.272,352713.83,503317.2,3.42,12.043847803638098,12.904122646755104,13.854952736516006,11.926125983001032
300192.SZ,20191021,13.72,14.06,12.9,13.78,13.3,0.48,3.609,269908.25,366012.416,3.42,12.478512987528791,12.42417983954246,12.732067678131704,11.681626817062517
300192.SZ,20191022,13.39,14.14,13.0,13.7,13.78,-0.08,-0.5806,210814.81,288002.064,3.42,12.40606879021368,12.125347525617604,12.80451187544682,11.772182063706412
300192.SZ,20191023,13.76,15.07,13.57,14.8,13.7,1.1,8.0292,301542.89,438908.249,3.42,13.402176503296529,12.460401938200016,13.646675669235046,12.288346969576612
300192.SZ,20191024,14.5,14.52,13.44,13.69,14.8,-1.11,-7.5,225046.11,313702.284,3.42,12.397013265549289,13.13051076336484,13.14862181269362,12.17062514893955
300192.SZ,20191025,13.49,14.14,13.49,13.68,13.69,-0.01,-0.073,136469.68,188249.807,3.42,12.387957740884898,12.2159027722615,12.80451187544682,12.2159027722615
300192.SZ,20191028,13.05,14.28,13.05,14.04,13.68,0.36,2.6316,156903.89,217326.999,3.42,12.713956628802922,11.81745968702836,12.93128922074827,11.81745968702836
300192.SZ,20191029,13.88,14.24,13.02,13.08,14.04,-0.96,-6.8376,199811.12,268656.298,3.42,11.844626261021528,12.56906823417269,12.895067122090715,11.790293113035188
300192.SZ,20191030,13.2,13.7,13.0,13.19,13.08,0.11,0.841,123142.21,163951.966,3.42,11.944237032329813,11.9532925569942,12.40606879021368,11.772182063706412
300192.SZ,20191031,13.35,13.97,13.23,13.54,13.19,0.35,2.6535,156495.41,213972.048,3.42,12.261180395583445,12.089125426960043,12.650567956152196,11.98045913098737
300192.SZ,20191101,13.5,14.49,13.5,14.21,13.54,0.67,4.9483,169352.93,238282.794,3.42,12.867900548097545,12.224958296925887,13.121455238700452,12.224958296925887
300192.SZ,20191104,14.18,14.27,13.8,14.18,14.21,-0.03,-0.2111,165055.5,230805.051,3.42,12.840733974104376,12.840733974104376,12.922233696083882,12.496624036857574
300192.SZ,20191105,14.0,14.16,13.83,14.04,14.18,-0.14,-0.9873,133837.64,187050.666,3.42,12.713956628802922,12.677734530145363,12.822622924775596,12.523790610850742
300192.SZ,20191107,14.79,15.44,14.32,15.44,14.04,1.4,9.9715,84997.44,127588.795,3.42,13.98173008181746,13.39312097863214,13.98173008181746,12.967511319405832
300192.SZ,20191108,16.11,16.9,15.47,15.86,15.44,0.42,2.7202,261633.47,423787.152,3.42,14.362062117721822,14.58845023433156,15.303836682818332,14.008896655810627
300192.SZ,20191111,16.0,17.45,15.68,17.45,15.86,1.59,10.0252,294727.71,496215.93,3.42,15.801890539359755,14.488839463023274,15.801890539359755,14.199062673762809
300192.SZ,20191112,16.84,17.27,16.41,17.06,17.45,-0.39,-2.235,213422.39,359904.744,3.42,15.448725077448564,15.249503534831996,15.638891095400746,14.860115974263246
300192.SZ,20191113,16.82,17.26,15.9,16.04,17.06,-1.02,-5.9789,201118.66,329776.349,3.42,14.52506156168083,15.231392485503218,15.629835570736358,14.39828421637938
300192.SZ,20191114,15.91,16.27,15.81,16.15,16.04,0.11,0.6858,127976.56,205084.063,3.42,14.624672332989118,14.407339741043767,14.733338628961793,14.316784494399872
300192.SZ,20191115,15.86,16.2,15.34,15.37,16.15,-0.78,-4.8297,120281.53,189456.01,3.42,13.918341409166732,14.362062117721822,14.669949956311063,13.891174835173564
300192.SZ,20191118,15.3,15.9,15.1,15.83,15.37,0.46,2.9928,98983.66,154085.048,3.42,14.334895543728653,13.854952736516006,14.39828421637938,13.673842243228217
300192.SZ,20191119,15.73,16.22,15.66,15.97,15.83,0.14,0.8844,90815.95,145300.521,3.42,14.461672889030108,14.244340297084756,14.688061005639844,14.18095162443403
300192.SZ,20191120,15.99,16.34,15.6,15.66,15.97,-0.31,-1.9411,91876.0,146225.554,3.42,14.18095162443403,14.479783938358883,14.79672730161252,14.126618476447693
300192.SZ,20191121,15.72,16.79,15.59,16.42,15.66,0.76,4.8531,132014.5,215077.06,3.42,14.869171498927637,14.235284772420368,15.204225911510049,14.117562951783302
300192.SZ,20191122,16.45,16.45,15.23,15.33,16.42,-1.09,-6.6382,136662.03,216475.06,3.42,13.882119310509172,14.896338072920802,14.896338072920802,13.79156406386528
300192.SZ,20191125,15.6,15.75,15.04,15.24,15.33,-0.09,-0.5871,100621.08,155202.961,3.42,13.80061958852967,14.126618476447693,14.262451346413537,13.619509095241876
300192.SZ,20191126,15.18,15.88,15.18,15.72,15.24,0.48,3.1496,91226.07,142492.784,3.42,14.235284772420368,13.746286440543331,14.3801731670506,13.746286440543331
300192.SZ,20191127,15.63,16.15,15.5,15.5,15.72,-0.22,-1.3995,77793.71,122152.109,3.42,14.036063229803796,14.15378505044086,14.624672332989118,14.036063229803796
300192.SZ,20191128,15.49,15.57,15.03,15.4,15.5,-0.1,-0.6452,95106.59,145611.626,3.42,13.9455079831599,14.027007705139408,14.099451902454524,13.610453570577487
300192.SZ,20191129,15.32,15.42,14.7,14.94,15.4,-0.46,-2.987,106761.05,160100.709,3.42,13.528953848597984,13.873063785844783,13.96361903248868,13.311621256652632
300192.SZ,20191202,15.13,15.28,14.55,14.7,14.94,-0.24,-1.6064,80782.1,120004.139,3.42,13.311621256652632,13.701008817221384,13.836841687187226,13.175788386686792
300192.SZ,20191203,14.68,14.68,14.3,14.59,14.7,-0.11,-0.7483,79386.2,115146.763,3.42,13.212010485344347,13.293510207323854,13.293510207323854,12.949400270077051
300192.SZ,20191204,14.51,15.06,14.46,14.63,14.59,0.04,0.2742,91728.23,134867.722,3.42,13.248232584001908,13.139566288029233,13.637620144570658,13.094288664707284
300192.SZ,20191205,14.68,15.06,14.57,14.9,14.63,0.27,1.8455,85734.48,127551.041,3.42,13.492731749940424,13.293510207323854,13.637620144570658,13.193899436015569
300192.SZ,20191206,14.88,15.06,14.57,14.87,14.9,-0.03,-0.2013,61466.88,91024.62,3.42,13.465565175947257,13.474620700611643,13.637620144570658,13.193899436015569
300192.SZ,20191209,14.88,15.3,14.68,14.8,14.87,-0.07,-0.4707,86133.64,128595.888,3.42,13.402176503296529,13.474620700611643,13.854952736516006,13.293510207323854
300192.SZ,20191210,14.74,14.94,14.51,14.87,14.8,0.07,0.473,68031.49,100236.407,3.42,13.465565175947257,13.347843355310191,13.528953848597984,13.139566288029233
300192.SZ,20191211,14.88,15.08,14.65,14.73,14.87,-0.14,-0.9415,65419.94,96956.128,3.42,13.338787830645805,13.474620700611643,13.655731193899436,13.266343633330688
300192.SZ,20191212,14.77,15.09,14.4,14.88,14.73,0.15,1.0183,96277.54,142857.571,3.42,13.474620700611643,13.37500992930336,13.664786718563825,13.039955516720946
300192.SZ,20191213,15.0,16.2,14.81,16.04,14.88,1.16,7.7957,150077.74,233207.727,3.42,14.52506156168083,13.583286996584318,14.669949956311063,13.411232027960915
300192.SZ,20191216,15.88,16.47,15.8,16.28,16.04,0.24,1.4963,130345.89,210770.732,3.42,14.742394153626185,14.3801731670506,14.914449122249582,14.307728969735484
300192.SZ,20191217,16.26,16.4,15.86,16.07,16.28,-0.21,-1.2899,106979.36,171768.166,3.42,14.552228135674,14.724283104297404,14.851060449598856,14.362062117721822
300192.SZ,20191218,15.98,16.17,15.74,15.91,16.07,-0.16,-0.9956,76054.49,121159.857,3.42,14.407339741043767,14.470728413694497,14.6427833823179,14.253395821749145
300192.SZ,20191219,15.84,15.91,15.55,15.72,15.91,-0.19,-1.1942,79683.71,125058.303,3.42,14.235284772420368,14.34395106839304,14.407339741043767,14.081340853125749
300192.SZ,20191220,15.58,15.67,14.82,14.98,15.72,-0.74,-4.7074,131478.01,200218.031,3.42,13.565175947255542,14.108507427118914,14.19000714909842,13.420287552625307
300192.SZ,20191223,14.9,14.97,14.48,14.5,14.98,-0.48,-3.2043,95682.77,141128.277,3.42,13.13051076336484,13.492731749940424,13.556120422591151,13.112399714036064
300192.SZ,20191224,14.57,14.74,14.3,14.66,14.5,0.16,1.1034,54960.99,80060.989,3.42,13.275399157995077,13.193899436015569,13.347843355310191,12.949400270077051
300192.SZ,20191225,14.66,14.75,14.01,14.38,14.66,-0.28,-1.91,112212.0,161430.288,3.42,13.021844467392167,13.275399157995077,13.35689887997458,12.686790054809755
300192.SZ,20191226,14.39,14.59,14.09,14.33,14.38,-0.05,-0.3477,81927.77,117417.985,3.42,12.97656684407022,13.030899992056558,13.212010485344347,12.75923425212487
300192.SZ,20191227,14.41,14.48,14.11,14.28,14.33,-0.05,-0.3489,71684.37,102105.748,3.42,12.93128922074827,13.049011041385336,13.112399714036064,12.77734530145365
300192.SZ,20191230,14.16,14.16,13.58,14.08,14.28,-0.2,-1.4006,69811.83,97270.736,3.42,12.75017872746048,12.822622924775596,12.822622924775596,12.297402494241004
300192.SZ,20191231,14.19,14.45,13.91,14.02,14.08,-0.06,-0.4261,65252.45,92354.289,3.42,12.695845579474144,12.849789498768764,13.085233140042892,12.59623480816586
300192.SZ,20200102,14.08,14.43,13.98,14.32,14.02,0.3,2.1398,65110.85,92753.344,3.4199,12.967132152408189,12.749805915216989,13.06674001112082,12.659253316387325
300192.SZ,20200103,14.28,14.36,14.0,14.13,14.32,-0.19,-1.3268,64413.0,91170.126,3.4199,12.795082214631822,12.93091111287632,13.003353191940054,12.677363836153257
300192.SZ,20200106,14.13,14.29,13.9,14.2,14.13,0.07,0.4954,66641.0,94066.189,3.4199,12.858469033812588,12.795082214631822,12.939966372759288,12.586811237323593
300192.SZ,20200107,14.3,14.75,14.18,14.45,14.2,0.25,1.7606,89004.65,128828.779,3.4199,13.084850530886753,12.949021632642255,13.356508327375751,12.840358514046656
300192.SZ,20200108,14.55,14.82,14.1,14.17,14.45,-0.28,-1.9377,78202.18,112880.897,3.4199,12.831303254163688,13.17540312971642,13.419895146556518,12.767916434982922
300192.SZ,20200109,14.16,15.26,14.16,15.21,14.17,1.04,7.3394,147987.0,219708.986,3.4199,13.773050281992216,12.82224799428072,13.81832658140705,12.82224799428072
300192.SZ,20200110,15.19,15.35,14.97,15.27,15.21,0.06,0.3945,80086.81,121482.907,3.4199,13.827381841290016,13.754939762226282,13.899823920353748,13.555724044801018
300192.SZ,20200113,15.31,15.45,14.79,15.12,15.27,-0.15,-0.9823,74885.39,112849.816,3.4199,13.691552943045515,13.863602880821883,13.990376519183414,13.392729366907618
300192.SZ,20200114,15.0,15.24,14.72,14.75,15.12,-0.37,-2.4471,86413.34,129283.036,3.4199,13.356508327375751,13.582889824449918,13.800216061641118,13.329342547726853
300192.SZ,20200115,14.92,15.95,14.5,15.68,14.75,0.93,6.3051,157257.72,241224.983,3.4199,14.198647496491647,13.510447745386184,14.443139513331744,13.130126830301588
300192.SZ,20200116,15.46,17.1,15.34,16.51,15.68,0.83,5.2934,192610.18,312010.918,3.4199,14.950234066777876,13.999431779066382,15.484494399872908,13.890768660470782
300192.SZ,20200117,16.67,16.75,16.18,16.31,16.51,-0.2,-1.2114,75806.19,124135.203,3.4199,14.769128869118545,15.095118224905343,15.167560303969076,14.651410490639975
300192.SZ,20200120,16.42,16.48,15.98,16.22,16.31,-0.09,-0.5518,73748.85,119246.034,3.4199,14.687631530171842,14.86873672783118,14.923068287128975,14.470305292980646
300192.SZ,20200121,16.28,16.28,15.6,15.62,16.22,-0.6,-3.6991,92366.0,146205.126,3.4199,14.144315937193848,14.741963089469646,14.741963089469646,14.126205417427911
300192.SZ,20200122,15.4,15.71,15.05,15.32,15.62,-0.3,-1.9206,108996.17,167175.753,3.4199,13.872658140704848,13.945100219768582,14.225813276140547,13.62816612386475
300192.SZ,20200123,14.93,15.1,13.79,13.79,15.32,-1.53,-9.9869,139498.27,199781.846,3.4199,12.487203378610957,13.519503005269152,13.673442423279583,12.487203378610957
300192.SZ,20200203,12.41,12.87,12.41,12.41,13.79,-1.38,-10.0073,145693.93,182177.017,3.4199,11.237577514761565,11.237577514761565,11.65411946937803,11.237577514761565
300192.SZ,20200204,12.72,13.65,12.72,13.65,12.41,1.24,9.9919,110571.72,146828.352,3.4199,12.360429740249424,11.51829057113353,12.360429740249424,11.51829057113353
300192.SZ,20200205,14.06,14.56,13.8,14.06,13.65,0.41,3.0037,171312.02,242459.239,3.4199,12.731695395451055,12.731695395451055,13.184458389599389,12.496258638493924
300192.SZ,20200206,14.27,15.3,14.27,14.95,14.06,0.89,6.33,179035.44,262964.318,3.4199,13.537613525035084,12.921855852993357,13.854547620938916,12.921855852993357
300192.SZ,20200207,15.06,15.22,14.12,14.48,14.95,-0.47,-3.1438,182539.28,266815.716,3.4199,13.112016310535656,13.637221383747717,13.782105541875184,12.786026954748854
300192.SZ,20200210,14.25,14.72,14.03,14.29,14.48,-0.19,-1.3122,112921.33,162144.632,3.4199,12.939966372759288,12.90374533322742,13.329342547726853,12.704529615802157
300192.SZ,20200211,14.48,14.67,13.85,13.86,14.29,-0.43,-3.0091,97688.4,137362.121,3.4199,12.550590197791722,13.112016310535656,13.28406624831202,12.541534937908756
300192.SZ,20200212,13.68,14.05,13.68,14.0,13.86,0.14,1.0101,85315.69,118476.501,3.4199,12.677363836153257,12.387595519898325,12.72264013556809,12.387595519898325
300192.SZ,20200213,13.91,14.12,13.23,13.39,14.0,-0.61,-4.3571,108706.32,147021.806,3.4199,12.124992983292293,12.595866497206558,12.786026954748854,11.980108825164828
300192.SZ,20200214,13.44,13.57,13.1,13.22,13.39,-0.17,-1.2696,72993.15,97146.651,3.4199,11.971053565281862,12.170269282707126,12.287987661185692,11.86239044668626
300192.SZ,20200217,13.51,13.97,13.41,13.96,13.22,0.74,5.5976,98357.47,135038.579,3.4199,12.64114279662139,12.233656101887892,12.650198056504356,12.143103503058226
300192.SZ,20200218,13.97,14.28,13.8,14.27,13.96,0.31,2.2206,115817.77,163080.647,3.4199,12.921855852993357,12.650198056504356,12.93091111287632,12.496258638493924
300192.SZ,20200219,14.13,14.19,13.55,13.56,14.27,-0.71,-4.9755,125047.42,172457.798,3.4199,12.278932401302724,12.795082214631822,12.849413773929625,12.26987714141976
300192.SZ,20200220,13.63,14.13,13.57,14.03,13.56,0.47,3.4661,112207.6,155997.207,3.4199,12.704529615802157,12.342319220483493,12.795082214631822,12.287987661185692
300192.SZ,20200221,13.89,14.4,13.86,14.16,14.03,0.13,0.9266,124390.41,175828.947,3.4199,12.82224799428072,12.577755977440624,13.03957423147192,12.550590197791722
300192.SZ,20200224,14.01,14.5,13.76,14.27,14.16,0.11,0.7768,162505.32,229498.881,3.4199,12.921855852993357,12.686419096036222,13.130126830301588,12.460037598962058
300192.SZ,20200225,13.91,14.24,13.45,14.09,14.27,-0.18,-1.2614,120593.54,168131.652,3.4199,12.758861175099955,12.595866497206558,12.894690073344456,12.179324542590091
300192.SZ,20200226,13.9,15.5,13.83,15.5,14.09,1.41,10.0071,165772.1,249804.592,3.4199,14.035652818598248,12.586811237323593,14.035652818598248,12.523424418142824
300192.SZ,20200227,16.15,17.05,16.15,17.05,15.5,1.55,10.0,172127.75,288101.209,3.4199,15.439218100458074,14.624244710991077,15.439218100458074,14.624244710991077
300192.SZ,20200228,17.05,18.0,15.4,16.4,17.05,-0.65,-3.8123,325446.4,542627.353,3.4199,14.850626208065242,15.439218100458074,16.2994677893399,13.945100219768582
300192.SZ,20200302,16.02,17.17,16.02,16.38,16.4,-0.02,-0.122,266626.13,441325.529,3.4199,14.832515688299308,14.506526332512513,15.547881219053677,14.506526332512513
300192.SZ,20200303,16.1,16.52,15.52,15.6,16.38,-0.78,-4.7619,196328.37,315058.203,3.4199,14.126205417427911,14.578968411576245,14.959289326660842,14.05376333836418
300192.SZ,20200304,15.6,15.91,15.02,15.42,15.6,-0.18,-1.1538,128686.29,198872.715,3.4199,13.963210739534516,14.126205417427911,14.40691847379988,13.60100034421585
300192.SZ,20200305,15.48,15.94,15.18,15.87,15.42,0.45,2.9183,139755.14,216988.91,3.4199,14.370697434268012,14.017542298832314,14.43408425344878,13.745884502343316
300192.SZ,20200306,15.6,15.74,15.28,15.37,15.87,-0.5,-3.1506,86819.97,134240.624,3.4199,13.91793444011968,14.126205417427911,14.252979055789448,13.836437101172985
300192.SZ,20200309,15.1,15.3,14.15,14.23,15.37,-1.14,-7.417,126997.02,187129.43,3.4199,12.88563481346149,13.673442423279583,13.854547620938916,12.813192734397756
300192.SZ,20200310,14.48,15.05,14.33,14.94,14.23,0.71,4.9895,97941.79,143891.264,3.4199,13.528558265152116,13.112016310535656,13.62816612386475,12.976187412291155
300192.SZ,20200311,15.11,15.64,15.0,15.16,14.94,0.22,1.4726,89914.12,137931.648,3.4199,13.727773982577384,13.68249768316255,14.16242645695978,13.582889824449918
300192.SZ,20200312,14.9,15.39,14.63,15.28,15.16,0.12,0.7916,58173.0,87643.001,3.4199,13.836437101172985,13.49233722562025,13.936044959885615,13.247845208780154
300192.SZ,20200313,14.5,15.8,14.45,15.65,15.28,0.37,2.4215,87120.22,131978.497,3.4199,14.171481716842749,13.130126830301588,14.307310615087246,13.084850530886753
300192.SZ,20200316,15.59,16.21,15.03,15.35,15.65,-0.3,-1.9169,96738.5,152674.806,3.4199,13.899823920353748,14.117150157544948,14.67857627028888,13.610055604098816
300192.SZ,20200317,15.5,16.02,14.85,16.02,15.35,0.67,4.3648,95183.15,147296.678,3.4199,14.506526332512513,14.035652818598248,14.506526332512513,13.44706092620542
300192.SZ,20200318,16.24,16.69,15.75,16.1,16.02,0.08,0.4994,128800.59,210549.144,3.4199,14.578968411576245,14.705742049937776,15.113228744671275,14.262034315672413
300192.SZ,20200319,16.19,16.65,15.88,16.51,16.1,0.41,2.5466,102915.37,167734.782,3.4199,14.950234066777876,14.660465750522944,15.077007705139406,14.37975269415098
300192.SZ,20200320,16.48,16.85,16.21,16.23,16.51,-0.28,-1.6959,100892.0,166830.396,3.4199,14.69668679005481,14.923068287128975,15.25811290279874,14.67857627028888
300192.SZ,20200323,15.43,15.79,14.65,14.92,16.23,-1.31,-8.0715,94134.12,142685.837,3.4199,13.510447745386184,13.972265999417482,14.298255355204278,13.265955728546087
300192.SZ,20200324,15.22,15.33,14.4,14.9,14.92,-0.02,-0.134,64151.0,95358.932,3.4199,13.49233722562025,13.782105541875184,13.881713400587817,13.03957423147192
300192.SZ,20200325,15.22,15.5,15.11,15.39,14.9,0.49,3.2886,52837.29,80940.831,3.4199,13.936044959885615,13.782105541875184,14.035652818598248,13.68249768316255
300192.SZ,20200326,15.21,16.93,15.13,16.93,15.39,1.54,10.0065,120208.4,198060.075,3.4199,15.330554981862472,13.773050281992216,15.330554981862472,13.700608202928484
300192.SZ,20200327,16.99,17.8,16.76,17.2,16.93,0.27,1.5948,162773.5,280033.638,3.4199,15.575046998702572,15.384886541160272,16.11836259168057,15.176615563852042
300192.SZ,20200330,17.09,17.48,16.4,16.78,17.2,-0.42,-2.4419,111142.01,188437.633,3.4199,15.194726083617976,15.47543913998994,15.82859427542564,14.850626208065242
300192.SZ,20200331,16.99,17.75,16.62,17.56,16.78,0.78,4.6484,155341.29,268451.138,3.4199,15.901036354489367,15.384886541160272,16.073086292265735,15.04984192549051
300192.SZ,20200401,17.4,17.43,16.01,16.2,17.56,-1.36,-7.7449,141657.71,234305.328,3.4199,14.66952101040591,15.756152196361905,15.783317976010805,14.497471072629548
300192.SZ,20200402,16.07,16.61,15.88,16.56,16.2,0.36,2.2222,63137.74,102634.394,3.4199,14.995510366192708,14.551802631927345,15.04078666560754,14.37975269415098
300192.SZ,20200403,16.56,16.7,16.1,16.23,16.56,-0.33,-1.9928,54889.49,89873.357,3.4199,14.69668679005481,14.995510366192708,15.12228400455424,14.578968411576245
300192.SZ,20200407,16.43,17.0,16.01,16.88,16.23,0.65,4.0049,90731.2,149995.277,3.4199,15.285278682447638,14.877791987714144,15.39394180104324,14.497471072629548
300192.SZ,20200408,16.6,16.78,15.46,15.78,16.88,-1.1,-6.5166,141886.23,226701.492,3.4199,14.289200095321313,15.031731405724576,15.194726083617976,13.999431779066382
300192.SZ,20200409,15.8,16.05,15.57,15.91,15.78,0.13,0.8238,75138.3,118689.149,3.4199,14.40691847379988,14.307310615087246,14.533692112161413,14.099039637779017
300192.SZ,20200410,16.17,16.8,15.75,15.89,15.91,-0.02,-0.1257,113636.19,184891.728,3.4199,14.388807954033949,14.642355230757012,15.212836603383908,14.262034315672413
300192.SZ,20200413,15.58,16.15,15.31,15.77,15.89,-0.12,-0.7552,55642.02,87682.758,3.4199,14.280144835438346,14.108094897661982,14.624244710991077,13.863602880821883
300192.SZ,20200414,15.9,16.18,15.6,16.14,15.77,0.37,2.3462,56132.5,89824.053,3.4199,14.615189451108112,14.397863213916914,14.651410490639975,14.126205417427911
300192.SZ,20200415,16.15,16.28,15.73,15.86,16.14,-0.28,-1.7348,50382.2,80493.612,3.4199,14.361642174385048,14.624244710991077,14.741963089469646,14.24392379590648
300192.SZ,20200416,15.84,16.72,15.55,16.66,15.86,0.8,5.0441,90220.02,146579.915,3.4199,15.086062965022377,14.343531654619111,15.140394524320174,14.080929118013083
300192.SZ,20200417,16.5,16.66,16.11,16.16,16.66,-0.5,-3.0012,58915.32,96119.974,3.4199,14.633299970874043,14.941178806894907,15.086062965022377,14.58802367145921
300192.SZ,20200420,16.11,16.65,16.02,16.62,16.16,0.46,2.8465,54904.5,90258.766,3.4199,15.04984192549051,14.58802367145921,15.077007705139406,14.506526332512513
300192.SZ,20200421,16.49,17.08,16.26,17.05,16.62,0.43,2.5872,63635.68,105678.281,3.4199,15.439218100458074,14.932123547011942,15.46638388010697,14.72385256970371
300192.SZ,20200422,16.9,17.55,16.8,16.99,17.05,-0.06,-0.3519,92779.5,159190.916,3.4199,15.384886541160272,15.303389202213571,15.891981094606404,15.212836603383908
300192.SZ,20200423,17.05,18.69,16.83,18.69,16.99,1.7,10.0059,136225.21,243323.098,3.4199,16.924280721264598,15.439218100458074,16.924280721264598,15.240002383032806
300192.SZ,20200424,18.83,19.26,18.06,18.33,18.69,-0.36,-1.9262,162700.75,303308.582,3.4199,16.5982913654778,17.05105435962613,17.440430534593695,16.3537993486377
300192.SZ,20200427,18.62,19.26,18.42,18.66,18.33,0.33,1.8003,121776.4,228847.471,3.4199,16.897114941615698,16.86089390208383,17.440430534593695,16.6797887044245
300192.SZ,20200428,18.78,19.25,17.55,18.37,18.66,-0.29,-1.5541,112414.0,206343.313,3.4199,16.634512405009666,17.0057780602113,17.431375274710728,15.891981094606404
300192.SZ,20200429,18.5,18.54,17.72,17.93,18.37,-0.44,-2.3952,89176.01,161189.332,3.4199,16.236080970159133,16.752230783488233,16.788451823020097,16.045920512616835
300192.SZ,20200430,18.09,18.3,17.68,17.75,17.93,-0.18,-1.0039,97580.77,174907.889,3.4199,16.073086292265735,16.3809651282866,16.571125585828902,16.009699473084968
300192.SZ,20200506,17.2,17.55,16.92,17.46,17.75,-0.29,-1.6338,99858.09,172465.616,3.4199,15.810483755659703,15.575046998702572,15.891981094606404,15.321499721979508
300192.SZ,20200507,17.49,17.95,17.25,17.48,17.46,0.02,0.1145,78975.16,139099.34,3.4199,15.82859427542564,15.837649535308604,16.254191489925066,15.620323298117404
300192.SZ,20200508,17.58,18.06,17.32,17.91,17.48,0.43,2.46,71004.46,126288.958,3.4199,16.217970450393203,15.9191468742553,16.3537993486377,15.68371011729817
300192.SZ,20200511,17.91,18.23,17.38,17.45,17.91,-0.46,-2.5684,74721.16,131843.74,3.4199,15.801428495776737,16.217970450393203,16.507738766648135,15.738041676595971
300192.SZ,20200512,17.42,18.15,17.3,18.13,17.45,0.68,3.8968,82401.71,147073.119,3.4199,16.417186167818464,15.774262716127838,16.435296687584398,15.665599597532236
300192.SZ,20200513,18.0,18.48,17.76,18.2,18.13,0.07,0.3861,69979.0,127007.975,3.4199,16.48057298699923,16.2994677893399,16.7341202637223,16.082141552148705
300192.SZ,20200514,18.13,18.55,17.92,18.02,18.2,-0.18,-0.989,73224.0,133269.37,3.4199,16.317578309105834,16.417186167818464,16.797507082903063,16.22702571027617
300192.SZ,20200515,17.97,18.12,17.61,17.62,18.02,-0.4,-2.2198,58680.29,104509.726,3.4199,15.95536791378717,16.272302009691,16.4081309079355,15.946312653904204
300192.SZ,20200518,17.5,17.78,17.2,17.42,17.62,-0.2,-1.1351,61847.87,107997.137,3.4199,15.774262716127838,15.84670479519157,16.100252071914635,15.575046998702572
300192.SZ,20200519,17.59,17.7,17.31,17.64,17.42,0.22,1.2629,41539.97,72719.523,3.4199,15.973478433553105,15.92820213413827,16.0278099928509,15.674654857415202
300192.SZ,20200520,17.75,18.47,17.61,17.87,17.64,0.23,1.3039,72604.0,131364.55,3.4199,16.181749410861336,16.073086292265735,16.72506500383933,15.946312653904204
300192.SZ,20200521,17.9,18.96,17.81,18.24,17.87,0.37,2.0705,86487.89,158823.343,3.4199,16.516794026531098,16.208915190510233,17.168772738104696,16.127417851563532
300192.SZ,20200522,18.2,18.45,16.81,17.1,18.24,-1.14,-6.25,101117.4,176446.988,3.4199,15.484494399872908,16.48057298699923,16.706954484073396,15.221891863266872
300192.SZ,20200525,16.9,17.2,16.6,17.07,17.1,-0.03,-0.1754,39952.0,67444.854,3.4199,15.457328620224006,15.303389202213571,15.575046998702572,15.031731405724576
300192.SZ,20200526,17.08,17.37,17.06,17.08,17.07,0.01,0.0586,48274.0,82847.126,3.4199,15.46638388010697,15.46638388010697,15.728986416713006,15.44827336034104
300192.SZ,20200527,17.2,17.28,16.43,16.64,17.08,-0.44,-2.5761,53020.0,89291.007,3.4199,15.067952445256442,15.575046998702572,15.647489077766306,14.877791987714144
300192.SZ,20200528,16.6,16.6,15.99,16.19,16.64,-0.45,-2.7043,54394.0,88399.563,3.4199,14.660465750522944,15.031731405724576,15.031731405724576,14.479360552863612
300192.SZ,20200529,16.28,16.98,16.18,16.59,16.19,0.4,2.4707,64010.8,106952.003,3.4199,15.02267614584161,14.741963089469646,15.375831281277309,14.651410490639975
300192.SZ,20200601,16.65,17.11,16.65,16.92,16.59,0.33,1.9892,53890.73,91293.699,3.4199,15.321499721979508,15.077007705139406,15.493549659755873,15.077007705139406
300192.SZ,20200602,16.88,17.17,16.82,17.0,16.92,0.08,0.4728,37219.3,63025.368,3.4199,15.39394180104324,15.285278682447638,15.547881219053677,15.23094712314984
300192.SZ,20200603,17.0,17.27,16.88,16.96,17.0,-0.04,-0.2353,41781.3,71165.877,3.4199,15.357720761511374,15.39394180104324,15.638433817883335,15.285278682447638
300192.SZ,20200604,16.92,17.2,16.91,17.09,16.96,0.13,0.7665,34211.75,58404.397,3.4199,15.47543913998994,15.321499721979508,15.575046998702572,15.312444462096542
300192.SZ,20200605,17.03,17.1,16.65,16.81,17.09,-0.28,-1.6384,32345.0,54573.069,3.4199,15.221891863266872,15.42110758069214,15.484494399872908,15.077007705139406
300192.SZ,20200608,16.99,17.38,16.82,17.09,16.81,0.28,1.6657,37810.0,64713.814,3.4199,15.47543913998994,15.384886541160272,15.738041676595971,15.23094712314984
300192.SZ,20200609,17.25,17.25,16.82,17.1,17.09,0.01,0.0585,27340.0,46472.679,3.4199,15.484494399872908,15.620323298117404,15.620323298117404,15.23094712314984
300192.SZ,20200610,16.99,17.15,16.87,16.91,17.1,-0.19,-1.1111,31638.01,53658.273,3.4199,15.312444462096542,15.384886541160272,15.529770699287738,15.276223422564676
300192.SZ,20200611,16.87,16.95,16.46,16.51,16.91,-0.4,-2.3655,43340.91,72031.408,3.4199,14.950234066777876,15.276223422564676,15.348665501628409,14.904957767363044
300192.SZ,20200612,16.25,16.96,16.1,16.78,16.51,0.27,1.6354,40639.99,67559.707,3.4199,15.194726083617976,14.714797309820744,15.357720761511374,14.578968411576245
300192.SZ,20200615,16.61,17.51,16.6,17.17,16.78,0.39,2.3242,57884.41,99609.42,3.4199,15.547881219053677,15.04078666560754,15.85576005507454,15.031731405724576
300192.SZ,20200616,17.24,17.45,17.12,17.21,17.17,0.04,0.233,42149.94,72765.629,3.4199,15.58410225858554,15.611268038234437,15.801428495776737,15.50260491963884
300192.SZ,20200617,17.31,17.9,17.01,17.67,17.21,0.46,2.6729,83632.0,146395.264,3.4199,16.000644213202005,15.674654857415202,16.208915190510233,15.402997060926207
300192.SZ,20200618,17.8,18.78,17.8,18.0,17.67,0.33,1.8676,125219.5,229236.347,3.4199,16.2994677893399,16.11836259168057,17.0057780602113,16.11836259168057
300192.SZ,20200619,18.55,18.66,18.05,18.13,18.0,0.13,0.7222,90359.11,165131.098,3.4199,16.417186167818464,16.797507082903063,16.897114941615698,16.344744088754734
300192.SZ,20200622,18.1,18.38,17.81,18.04,18.13,-0.09,-0.4964,65481.47,118542.249,3.4199,16.335688828871767,16.390020388169567,16.643567664892633,16.127417851563532
300192.SZ,20200623,18.0,18.48,17.94,18.03,18.04,-0.01,-0.0554,55976.62,101529.562,3.4199,16.326633568988804,16.2994677893399,16.7341202637223,16.245136230042103
300192.SZ,20200624,18.03,18.12,17.58,17.59,18.03,-0.44,-2.4404,59398.04,105618.579,3.4199,15.92820213413827,16.326633568988804,16.4081309079355,15.9191468742553
300192.SZ,20200629,17.4,17.66,16.99,17.0,17.59,-0.59,-3.3542,65375.5,112394.956,3.4199,15.39394180104324,15.756152196361905,15.991588953319036,15.384886541160272
300192.SZ,20200630,17.01,17.26,16.77,16.88,17.0,-0.12,-0.7059,79628.5,135532.916,3.4199,15.285278682447638,15.402997060926207,15.629378558000372,15.185670823735007
300192.SZ,20200701,17.01,18.57,17.01,18.57,16.88,1.69,10.0118,145955.46,266618.32,3.4199,16.815617602668997,15.402997060926207,16.815617602668997,15.402997060926207
300192.SZ,20200702,18.34,19.0,18.27,18.44,18.57,-0.13,-0.7001,136175.68,252886.502,3.4199,16.697899224190433,16.607346625360766,17.20499377763656,16.54395980618
300192.SZ,20200703,18.5,18.5,17.75,17.9,18.44,-0.54,-2.9284,92754.86,166664.527,3.4199,16.208915190510233,16.752230783488233,16.752230783488233,16.073086292265735
300192.SZ,20200706,18.0,19.69,17.61,19.5,17.9,1.6,8.9385,142682.22,270574.492,3.4199,17.657756771784893,16.2994677893399,17.82980670956126,15.946312653904204
300192.SZ,20200707,19.72,19.88,19.05,19.47,19.5,-0.03,-0.1538,97194.0,189304.889,3.4199,17.630590992135993,17.856972489210158,18.001856647337622,17.250270077051393
300192.SZ,20200708,19.47,21.36,19.25,21.0,19.47,1.53,7.8582,115629.97,234777.985,3.4199,19.01604575422989,17.630590992135993,19.34203511001668,17.431375274710728
300192.SZ,20200709,20.8,21.62,20.75,21.41,21.0,0.41,1.9524,99396.1,211143.826,3.4199,19.387311409431515,18.83494055657055,19.577471866973816,18.78966425715572
300192.SZ,20200710,21.5,21.77,20.92,20.95,21.41,-0.46,-2.1485,56975.27,120882.451,3.4199,18.97076945481505,19.468808748378216,19.71330076521832,18.943603675166155
300192.SZ,20200713,21.19,22.49,21.05,21.49,20.95,0.54,2.5776,83304.7,181242.358,3.4199,19.45975348849525,19.188095692006254,20.36527947679191,19.06132205364472
300192.SZ,20200714,22.08,23.19,21.76,22.22,21.49,0.73,3.3969,118021.69,264167.371,3.4199,20.12078745995181,19.99401382159028,20.999147668599573,19.70424550533535
300192.SZ,20200715,23.49,24.3,22.76,23.15,22.22,0.93,4.1854,109957.57,258135.004,3.4199,20.962926629067702,21.270805465088568,22.004281515608863,20.60977149363201
300192.SZ,20200716,22.99,23.52,20.99,21.0,23.15,-2.15,-9.2873,120355.98,265499.107,3.4199,19.01604575422989,20.81804247094024,21.297971244737468,19.006990494346915
300192.SZ,20200717,21.09,21.48,20.5,21.24,21.0,0.24,1.1429,72519.2,152599.805,3.4199,19.233371991421084,19.097543093176583,19.45069822861228,18.563282760081552
300192.SZ,20200720,21.54,22.76,21.43,22.43,21.24,1.19,5.6026,69082.5,152419.222,3.4199,20.31094791749411,19.50502978791008,20.60977149363201,19.40542192919745
300192.SZ,20200721,22.84,23.96,22.24,23.75,22.43,1.32,5.885,82728.89,191370.237,3.4199,21.506242222045703,20.68221357269574,21.696402679588,20.138897979717743
300192.SZ,20200722,23.27,24.2,22.9,23.2,23.75,-0.55,-2.3158,76926.68,179476.323,3.4199,21.008202928482536,21.071589747663307,21.9137289167792,20.736545131993537
300192.SZ,20200723,22.88,23.36,22.4,23.25,23.2,0.05,0.2155,61657.21,141565.101,3.4199,21.05347922789737,20.718434612227604,21.153087086610004,20.28378213784521
300192.SZ,20200724,23.07,23.55,20.93,22.3,23.25,-0.95,-4.086,104165.01,232231.689,3.4199,20.193229539015544,20.89048455000397,21.32513702438637,18.95265893504912
300192.SZ,20200727,22.77,23.29,21.38,21.77,22.3,-0.53,-2.3767,60034.5,133752.425,3.4199,19.71330076521832,20.618826753514973,21.08970026742924,19.36014562978261
300192.SZ,20200728,21.98,23.43,21.98,22.59,21.77,0.82,3.7667,70105.38,159466.015,3.4199,20.455832075621576,19.90346122276061,21.21647390579077,19.90346122276061
300192.SZ,20200729,22.5,24.1,22.21,23.9,22.59,1.31,5.799,78764.2,183792.139,3.4199,21.6420711202902,20.374334736674875,21.82317631794953,20.111732200068847
300192.SZ,20200730,23.93,24.01,23.18,23.4,23.9,-0.5,-2.0921,52699.24,123662.024,3.4199,21.18930812614187,21.6692368999391,21.741678979002835,20.99009240871661
300192.SZ,20200731,23.35,24.2,23.0,23.26,23.4,-0.14,-0.5983,66098.38,155293.031,3.4199,21.06253448778034,21.14403182672704,21.9137289167792,20.82709773082321
300192.SZ,20200803,23.55,25.59,23.0,25.37,23.26,2.11,9.0714,123600.01,305332.519,3.4199,22.973194323086297,21.32513702438637,23.17241004051156,20.82709773082321
300192.SZ,20200804,25.11,26.87,25.09,25.93,25.37,0.56,2.2073,100431.7,263865.188,3.4199,23.480288876532423,22.73775756612916,24.33148330553129,22.719647046363228
300192.SZ,20200805,25.65,27.29,25.65,26.4,25.93,0.47,1.8126,74964.65,198138.045,3.4199,23.905886091031853,23.226741599809355,24.71180422061588,23.226741599809355
300192.SZ,20200806,26.5,27.15,25.78,26.6,26.4,0.2,0.7576,57329.21,151473.992,3.4199,24.086991288691188,23.99643868986152,24.585030582254348,23.34445997828793
300192.SZ,20200807,26.26,28.78,26.26,28.0,26.6,1.4,5.2632,83967.52,232997.112,3.4199,25.35472767230652,23.77911245267033,26.061037943177908,23.77911245267033
300192.SZ,20200810,27.57,28.43,26.85,27.63,28.0,-0.37,-1.3214,78600.69,216444.254,3.4199,25.019683056636747,24.96535149733895,25.74410384727408,24.31337278576536
300192.SZ,20200811,27.66,27.94,26.85,27.16,27.63,-0.47,-1.701,47533.32,129879.259,3.4199,24.59408584213732,25.046848836285648,25.30039611300872,24.31337278576536
300192.SZ,20200812,27.3,27.4,25.7,26.7,27.16,-0.46,-1.6937,63009.16,166092.413,3.4199,24.17754388752085,24.72085948049885,24.811412079328512,23.272017899224192
300192.SZ,20200813,27.19,27.19,25.32,25.49,26.7,-1.21,-4.5318,66877.68,172985.051,3.4199,23.08185744168189,24.62125162178621,24.62125162178621,22.92791802367146
300192.SZ,20200814,25.67,26.85,25.44,25.9,25.49,0.41,1.6085,50828.79,132480.954,3.4199,23.453123096883523,23.24485211957529,24.31337278576536,23.03658114226706
300192.SZ,20200817,25.9,26.3,25.54,26.04,25.9,0.14,0.5405,35975.0,93387.359,3.4199,23.579896735245057,23.453123096883523,23.81533349220219,23.127133741096724
300192.SZ,20200818,26.14,26.77,25.88,26.18,26.04,0.14,0.5376,44000.99,115645.112,3.4199,23.70667037360659,23.67044933407472,24.24093070670162,23.43501257711759
300192.SZ,20200819,26.33,26.46,25.4,25.43,26.18,-0.75,-2.8648,31541.52,81205.66,3.4199,23.027525882384094,23.84249927185109,23.960217650329653,23.0003601027352
300192.SZ,20200820,25.06,25.73,24.7,25.04,25.43,-0.39,-1.5336,32283.06,81128.218,3.4199,22.674370746948394,22.692481266714324,23.29918367887309,22.36649191092753
300192.SZ,20200821,25.25,26.48,25.0,26.28,25.04,1.24,4.9521,50364.67,130126.352,3.4199,23.79722297243626,22.86453120449069,23.978328170095587,22.638149707416527
300192.SZ,20200824,26.29,26.98,26.08,26.72,26.28,0.44,1.6743,46385.36,123180.342,3.4199,24.195654407286785,23.806278232319222,24.43109116424392,23.61611777477692
300192.SZ,20200825,26.88,27.44,26.2,26.42,26.72,-0.3,-1.1228,30220.38,81223.487,3.4199,23.92399661079779,24.340538565414253,24.847633118860387,23.72478089337252
300192.SZ,20200826,26.7,26.7,25.1,25.5,26.42,-0.92,-3.4822,35875.6,92151.071,3.4199,23.09091270156486,24.17754388752085,24.17754388752085,22.7287023062462
300192.SZ,20200827,25.54,26.8,25.21,26.8,25.5,1.3,5.098,32432.4,85102.137,3.4199,24.26809648635052,23.127133741096724,24.26809648635052,22.82831016495883
300192.SZ,20200828,26.85,26.87,25.23,26.44,26.8,-0.36,-1.3433,59435.54,154994.208,3.4199,23.942107130563723,24.31337278576536,24.33148330553129,22.84642068472476
300192.SZ,20200831,26.44,28.13,26.13,27.42,26.44,0.98,3.7065,55900.0,151993.708,3.4199,24.82952259909445,23.942107130563723,25.47244605078508,23.661394074191755
300192.SZ,20200901,27.45,27.45,26.1,26.52,27.42,-0.9,-3.2823,53143.27,141617.893,3.4199,24.014549209627454,24.856688378743343,24.856688378743343,23.63422829454285
300192.SZ,20200902,26.7,26.93,25.81,26.65,26.52,0.13,0.4902,45828.75,120828.101,3.4199,24.13226758810601,24.17754388752085,24.385814864829086,23.371625757936823
300192.SZ,20200903,26.88,26.88,25.55,25.74,26.65,-0.91,-3.4146,40124.97,104296.033,3.4199,23.30823893875606,24.340538565414253,24.340538565414253,23.13618900097969
300192.SZ,20200904,24.81,25.34,24.44,24.8,25.74,-0.94,-3.6519,47936.38,118873.059,3.4199,22.4570445097572,22.466099769640163,22.9460285434374,22.1310551539704
300192.SZ,20200907,24.68,25.35,23.23,23.53,24.8,-1.27,-5.121,49310.0,118492.002,3.4199,21.30702650462044,22.348381391161595,22.955083803320363,21.03536870813144
300192.SZ,20200908,23.55,23.84,22.66,23.03,23.53,-0.5,-2.1249,39398.0,91364.775,3.4199,20.85426351047211,21.32513702438637,21.5877395609924,20.519218894802343
300192.SZ,20200909,23.0,23.14,21.37,21.42,23.03,-1.61,-6.9909,61237.34,134787.701,3.4199,19.39636666931448,20.82709773082321,20.95387136918474,19.351090369899648
300192.SZ,20200910,21.77,22.17,21.11,21.11,21.42,-0.31,-1.4472,47843.02,103497.937,3.4199,19.11565361294252,19.71330076521832,20.07551116053698,19.11565361294252
300192.SZ,20200911,21.11,22.16,21.11,21.76,21.11,0.65,3.0791,33382.02,72510.67,3.4199,19.70424550533535,19.11565361294252,20.066455900654013,19.11565361294252
300192.SZ,20200914,21.88,21.97,21.03,21.37,21.76,-0.39,-1.7923,45355.0,97499.187,3.4199,19.351090369899648,19.812908623930944,19.894405962877645,19.043211533878782
300192.SZ,20200915,21.47,21.77,21.22,21.36,21.37,-0.01,-0.0468,27531.0,59026.829,3.4199,19.34203511001668,19.441642968729315,19.71330076521832,19.21526147165515
300192.SZ,20200916,21.36,21.47,20.56,20.84,21.36,-0.52,-2.4345,49668.97,103612.204,3.4199,18.87116159610241,19.34203511001668,19.441642968729315,18.61761431937935
300192.SZ,20200917,20.92,21.2,20.4,20.91,20.84,0.07,0.3359,43065.0,89680.604,3.4199,18.934548415283185,18.943603675166155,19.197150951889217,18.472730161251885
300192.SZ,20200918,21.14,21.77,20.55,21.77,20.91,0.86,4.1129,49791.4,105780.551,3.4199,19.71330076521832,19.142819392591417,19.71330076521832,18.60855905949639
300192.SZ,20200921,21.81,22.0,20.88,21.3,21.77,-0.47,-2.1589,61944.24,132201.904,3.4199,19.287703550718884,19.74952180475018,19.921571742526545,18.907382635634285
300192.SZ,20200922,21.09,21.54,20.5,20.73,21.3,-0.57,-2.6761,60448.15,126553.02,3.4199,18.771553737389787,19.097543093176583,19.50502978791008,18.563282760081552
300192.SZ,20200923,20.89,21.08,20.65,20.65,20.73,-0.08,-0.3859,34439.4,71577.769,3.4199,18.699111658326053,18.91643789551725,19.088487833293616,18.699111658326053
300192.SZ,20200924,20.6,20.7,19.88,20.06,20.65,-0.59,-2.8571,42252.83,85343.101,3.4199,18.164851325231023,18.653835358911223,18.744387957740887,18.001856647337622
300192.SZ,20200925,20.11,20.44,19.9,20.11,20.06,0.05,0.2493,32524.36,65521.237,3.4199,18.210127624645857,18.210127624645857,18.50895120078376,18.019967167103555
300192.SZ,20200928,20.3,20.31,19.48,19.63,20.11,-0.48,-2.3869,38632.0,76417.681,3.4199,17.775475150263457,18.382177562422225,18.391232822305188,17.63964625201896
300192.SZ,20200929,19.66,20.39,19.59,19.7,19.63,0.07,0.3566,51813.34,103035.35,3.4199,17.838861969444224,17.80264092991236,18.46367490136892,17.73925411073159
300192.SZ,20200930,19.72,19.77,19.06,19.21,19.7,-0.49,-2.4873,48492.73,93930.794,3.4199,17.39515423517886,17.856972489210158,17.90224878862499,17.259325336934364
300192.SZ,20201009,19.4,19.96,19.23,19.43,19.21,0.22,1.1452,51008.0,99727.939,3.4199,17.594369952604126,17.567204172955226,18.07429872640136,17.413264754944795
300192.SZ,20201012,19.6,20.38,19.41,20.25,19.43,0.82,4.2203,68049.2,135840.738,3.4199,18.33690126300739,17.74830937061456,18.454619641485955,17.576259432838196
300192.SZ,20201013,20.14,20.24,19.77,20.14,20.25,-0.11,-0.5432,39527.0,78957.06,3.4199,18.23729340429476,18.23729340429476,18.327846003124417,17.90224878862499
300192.SZ,20201014,20.24,20.43,19.72,19.93,20.14,-0.21,-1.0427,39446.22,78928.613,3.4199,18.04713294675245,18.327846003124417,18.499895940900785,17.856972489210158
300192.SZ,20201015,19.88,20.0,19.26,19.3,19.93,-0.63,-3.1611,41300.46,80415.392,3.4199,17.476651574125558,18.001856647337622,18.110519765933223,17.440430534593695
300192.SZ,20201016,19.4,19.4,18.88,19.11,19.3,-0.19,-0.9845,29025.5,55438.587,3.4199,17.304601636349194,17.567204172955226,17.567204172955226,17.096330659040962
300192.SZ,20201019,19.26,19.6,18.81,18.84,19.11,-0.27,-1.4129,34904.0,66742.354,3.4199,17.060109619509095,17.440430534593695,17.74830937061456,17.032943839860195
300192.SZ,20201020,18.74,19.1,18.48,19.09,18.84,0.25,1.327,33797.66,63638.244,3.4199,17.286491116583264,16.969557020679428,17.29554637646623,16.7341202637223
300192.SZ,20201021,19.15,19.28,18.37,18.44,19.09,-0.65,-3.4049,39594.21,73966.261,3.4199,16.697899224190433,17.34082267588106,17.458541054359628,16.634512405009666
300192.SZ,20201022,18.3,18.7,17.95,18.08,18.44,-0.36,-1.9523,57183.1,104037.671,3.4199,16.371909868403634,16.571125585828902,16.933335981147565,16.254191489925066
300192.SZ,20201023,18.27,18.28,16.91,17.1,18.08,-0.98,-5.4204,106598.6,186209.063,3.4199,15.484494399872908,16.54395980618,16.553015066062965,15.312444462096542
300192.SZ,20201026,17.53,18.59,17.24,17.5,17.1,0.4,2.3392,96878.66,173176.968,3.4199,15.84670479519157,15.873870574840472,16.83372812243493,15.611268038234437
300192.SZ,20201027,17.51,18.51,17.02,18.25,17.5,0.75,4.2857,93354.44,169132.892,3.4199,16.525849286414065,15.85576005507454,16.7612860433712,15.412052320809172
300192.SZ,20201028,18.24,18.27,17.83,18.13,18.25,-0.12,-0.6575,47067.8,85077.185,3.4199,16.417186167818464,16.516794026531098,16.54395980618,16.145528371329466
300192.SZ,20201029,17.89,19.4,17.7,19.18,18.13,1.05,5.7915,87444.5,165205.759,3.4199,17.36798845552996,16.19985993062727,17.567204172955226,16.0278099928509
300192.SZ,20201030,19.48,20.48,19.48,19.69,19.18,0.51,2.659,121376.61,242346.985,3.4199,17.82980670956126,17.63964625201896,18.54517224031562,17.63964625201896
300192.SZ,20201102,19.79,20.07,19.25,19.65,19.69,-0.04,-0.2031,78384.76,154136.79,3.4199,17.793585670029394,17.920359308390925,18.17390658511399,17.431375274710728
300192.SZ,20201103,19.77,19.91,19.2,19.42,19.65,-0.23,-1.1705,72886.68,142094.187,3.4199,17.585314692721163,17.90224878862499,18.02902242698652,17.386098975295894
300192.SZ,20201104,19.26,19.87,19.26,19.35,19.42,-0.07,-0.3605,45387.38,88470.852,3.4199,17.521927873540392,17.440430534593695,17.99280138745466,17.440430534593695
300192.SZ,20201105,19.55,20.29,19.47,20.09,19.35,0.74,3.8243,75157.41,149271.267,3.4199,18.192017104879923,17.703033071199727,18.37312230253925,17.630590992135993
300192.SZ,20201106,20.01,20.21,19.51,19.64,20.09,-0.45,-2.2399,47037.79,93022.246,3.4199,17.784530410146424,18.1195750258162,18.30068022347552,17.66681203166786
300192.SZ,20201109,19.68,20.6,19.28,20.33,19.64,0.69,3.5132,86091.73,172017.959,3.4199,18.40934334207112,17.820751449678294,18.653835358911223,17.458541054359628
300192.SZ,20201110,20.5,21.75,20.35,21.17,20.33,0.84,4.1318,99582.47,210316.09,3.4199,19.16998517224032,18.563282760081552,19.695190245452377,18.42745386183705
300192.SZ,20201111,20.8,21.05,20.05,20.36,21.17,-0.81,-3.8262,62910.88,128571.785,3.4199,18.43650912172002,18.83494055657055,19.06132205364472,18.155796065348056
300192.SZ,20201112,19.99,20.07,18.7,19.89,20.36,-0.47,-2.3084,113265.49,220237.061,3.4199,18.01091190722059,18.101464506050256,18.17390658511399,16.933335981147565
300192.SZ,20201113,20.2,20.87,19.86,20.59,19.89,0.7,3.5194,74284.27,151736.514,3.4199,18.644780099028253,18.29162496359256,18.89832737575132,17.98374612757169
300192.SZ,20201116,20.52,20.79,19.62,19.83,20.59,-0.76,-3.6911,70269.59,140867.297,3.4199,17.956580347922788,18.58139327984749,18.825885296687584,17.76641989038049
300192.SZ,20201117,19.78,20.73,19.78,20.16,19.83,0.33,1.6641,73039.18,147926.729,3.4199,18.255403924060687,17.911304048507958,18.771553737389787,17.911304048507958
300192.SZ,20201118,20.0,20.35,19.85,20.11,20.16,-0.05,-0.248,32262.0,64770.744,3.4199,18.210127624645857,18.110519765933223,18.42745386183705,17.974690867688725
300192.SZ,20201119,20.2,20.78,19.93,20.34,20.11,0.23,1.1437,47743.08,97145.511,3.4199,18.418398601954088,18.29162496359256,18.816830036804618,18.04713294675245
300192.SZ,20201120,20.18,20.69,20.08,20.48,20.34,0.14,0.6883,35683.98,72980.913,3.4199,18.54517224031562,18.27351444382662,18.73533269785792,18.18296184499696
300192.SZ,20201123,20.33,20.58,19.65,19.72,20.48,-0.76,-3.7109,54157.83,107588.147,3.4199,17.856972489210158,18.40934334207112,18.635724839145286,17.793585670029394
300192.SZ,20201124,19.78,20.05,19.58,19.65,19.72,-0.07,-0.355,32146.24,63509.527,3.4199,17.793585670029394,17.911304048507958,18.155796065348056,17.730198850848623
300192.SZ,20201125,19.65,19.72,18.58,18.62,19.65,-1.03,-5.2417,63656.83,120657.203,3.4199,16.86089390208383,17.793585670029394,17.856972489210158,16.824672862551964
300192.SZ,20201126,18.67,18.68,17.85,18.18,18.62,-0.44,-2.3631,40370.0,73307.733,3.4199,16.4624624672333,16.906170201498664,16.91522546138163,16.163638891095403
300192.SZ,20201127,18.48,18.55,17.83,18.15,18.18,-0.03,-0.165,25418.4,45783.679,3.4199,16.435296687584398,16.7341202637223,16.797507082903063,16.145528371329466
300192.SZ,20201130,18.01,18.13,17.43,17.55,18.15,-0.6,-3.3058,42605.0,75382.483,3.4199,15.891981094606404,16.30852304922287,16.417186167818464,15.783317976010805
300192.SZ,20201201,17.54,18.8,17.34,18.16,17.55,0.61,3.4758,71468.63,128260.467,3.4199,16.444351947467368,15.882925834723435,17.023888579977232,15.701820637064106
300192.SZ,20201202,18.5,18.85,18.21,18.22,18.16,0.06,0.3304,58453.4,108097.891,3.4199,16.498683506765165,16.752230783488233,17.069164879392066,16.4896282468822
300192.SZ,20201203,17.93,18.2,17.7,17.79,18.22,-0.43,-2.36,49448.07,88452.564,3.4199,16.109307331797602,16.236080970159133,16.48057298699923,16.0278099928509
300192.SZ,20201204,17.84,17.84,17.28,17.31,17.79,-0.48,-2.6981,47670.9,83087.19,3.4199,15.674654857415202,16.154583631212436,16.154583631212436,15.647489077766306
300192.SZ,20201207,17.27,17.41,17.01,17.02,17.31,-0.29,-1.6753,40526.24,69689.331,3.4199,15.412052320809172,15.638433817883335,15.765207456244871,15.402997060926207
300192.SZ,20201208,17.14,17.5,17.05,17.25,17.02,0.23,1.3514,30390.0,52496.613,3.4199,15.620323298117404,15.520715439404771,15.84670479519157,15.439218100458074
300192.SZ,20201209,17.2,17.36,16.5,16.5,17.25,-0.75,-4.3478,55702.0,93377.801,3.4199,14.941178806894907,15.575046998702572,15.719931156830038,14.941178806894907
300192.SZ,20201210,16.37,16.87,16.18,16.43,16.5,-0.07,-0.4242,26501.0,43718.545,3.4199,14.877791987714144,14.823460428416343,15.276223422564676,14.651410490639975
300192.SZ,20201211,16.43,16.57,15.5,15.84,16.43,-0.59,-3.591,71118.0,112708.583,3.4199,14.343531654619111,14.877791987714144,15.004565626075674,14.035652818598248
300192.SZ,20201214,15.71,16.08,15.41,15.79,15.84,-0.05,-0.3157,38747.83,61280.129,3.4199,14.298255355204278,14.225813276140547,14.56085789181031,13.954155479651549
300192.SZ,20201215,15.8,16.22,15.71,15.98,15.79,0.19,1.2033,42142.5,67355.985,3.4199,14.470305292980646,14.307310615087246,14.687631530171842,14.225813276140547
300192.SZ,20201216,15.98,16.28,15.72,15.72,15.98,-0.26,-1.627,32575.11,52125.686,3.4199,14.234868536023514,14.470305292980646,14.741963089469646,14.234868536023514
300192.SZ,20201217,15.63,16.39,15.54,16.35,15.72,0.63,4.0076,47546.0,76221.713,3.4199,14.805349908650411,14.153371197076812,14.841570948182277,14.071873858130116
300192.SZ,20201218,16.48,16.48,15.5,15.52,16.35,-0.83,-5.0765,71940.0,113655.591,3.4199,14.05376333836418,14.923068287128975,14.923068287128975,14.035652818598248
300192.SZ,20201221,15.4,15.56,14.9,15.16,15.52,-0.36,-2.3196,69510.31,105781.852,3.4199,13.727773982577384,13.945100219768582,14.089984377896048,13.49233722562025
300192.SZ,20201222,15.26,15.28,14.28,14.3,15.16,-0.86,-5.6728,96420.41,140892.362,3.4199,12.949021632642255,13.81832658140705,13.836437101172985,12.93091111287632
300192.SZ,20201223,14.44,14.87,14.27,14.53,14.3,0.23,1.6084,55448.85,80455.136,3.4199,13.157292609950488,13.075795271003786,13.46517144597135,12.921855852993357
300192.SZ,20201224,14.53,14.59,13.93,14.0,14.53,-0.53,-3.6476,66309.89,93890.333,3.4199,12.677363836153257,13.157292609950488,13.211624169248283,12.61397701697249
300192.SZ,20201225,14.22,14.33,13.84,13.9,14.0,-0.1,-0.7143,48435.0,67916.668,3.4199,12.586811237323593,12.876579553578525,12.976187412291155,12.53247967802579
300192.SZ,20201228,14.0,14.14,13.47,13.61,13.9,-0.29,-2.0863,68971.08,94449.188,3.4199,12.32420870071756,12.677363836153257,12.80413747451479,12.197435062356028
300192.SZ,20201229,14.08,14.4,13.78,14.09,13.61,0.48,3.5268,75083.98,105980.54,3.4199,12.758861175099955,12.749805915216989,13.03957423147192,12.47814811872799
300192.SZ,20201230,14.02,14.75,13.77,14.53,14.09,0.44,3.1228,66829.0,96420.831,3.4199,13.157292609950488,12.695474355919188,13.356508327375751,12.469092858845023
300192.SZ,20201231,14.6,15.09,14.48,15.03,14.53,0.5,3.4412,52904.6,78618.098,3.4199,13.610055604098816,13.220679429131252,13.664387163396617,13.112016310535656
300192.SZ,20210104,15.0,15.03,14.5,14.78,15.03,-0.25,-1.6633,58579.84,86331.12,3.4199,13.38367410702465,13.582889824449918,13.610055604098816,13.130126830301588
300192.SZ,20210105,14.68,14.87,14.28,14.44,14.78,-0.34,-2.3004,53584.41,77457.178,3.4199,13.075795271003786,13.293121508194986,13.46517144597135,12.93091111287632
300192.SZ,20210106,14.35,14.44,13.95,14.12,14.44,-0.32,-2.2161,47854.52,67555.154,3.4199,12.786026954748854,12.994297932057089,13.075795271003786,12.632087536738425
300192.SZ,20210107,14.02,14.19,13.0,13.04,14.12,-1.08,-7.6487,119010.51,158512.11,3.42,11.808404162363969,12.695845579474144,12.849789498768764,11.772182063706412
300192.SZ,20210108,13.0,13.56,12.52,12.93,13.04,-0.11,-0.8436,87208.27,113713.375,3.42,11.708793391055684,11.772182063706412,12.279291444912223,11.33751687981571
300192.SZ,20210111,13.1,13.11,12.06,12.47,12.93,-0.46,-3.5576,97257.62,120935.384,3.42,11.292239256493763,11.862737310350306,11.871792835014697,10.920962745253794
300192.SZ,20210112,12.4,12.7,12.09,12.2,12.47,-0.27,-2.1652,67217.78,82762.042,3.42,11.047740090555246,11.228850583843036,11.500516323774724,10.94812931924696
300192.SZ,20210113,12.16,12.42,11.93,12.22,12.2,0.02,0.1639,82165.85,99929.79,3.42,11.065851139884026,11.011517991897689,11.246961633171816,10.803240924616729
300192.SZ,20210114,12.21,12.64,12.08,12.64,12.22,0.42,3.437,131950.14,162687.534,3.42,11.446183175788386,11.056795615219636,11.446183175788386,10.939073794582573
300192.SZ,20210115,12.84,12.84,12.37,12.51,12.64,-0.13,-1.0285,74951.0,94281.382,3.42,11.328461355151322,11.627293669076176,11.627293669076176,11.201684009849869
300192.SZ,20210118,12.4,12.94,12.3,12.81,12.51,0.3,2.3981,74585.47,94549.895,3.42,11.60012709508301,11.228850583843036,11.717848915720072,11.138295337199144
300192.SZ,20210119,12.81,13.13,12.51,12.96,12.81,0.15,1.171,64667.66,83304.67,3.42,11.735959965048853,11.60012709508301,11.889903884343475,11.328461355151322
300192.SZ,20210120,12.93,13.02,12.6,12.78,12.96,-0.18,-1.3889,59164.34,75519.356,3.42,11.57296052108984,11.708793391055684,11.790293113035188,11.409961077130829
300192.SZ,20210121,12.77,13.06,12.6,12.79,12.78,0.01,0.0782,56535.5,72703.981,3.42,11.58201604575423,11.563904996425451,11.826515211692747,11.409961077130829
300192.SZ,20210122,13.45,13.85,12.36,12.37,12.79,-0.42,-3.2838,163729.07,211919.682,3.42,11.201684009849869,12.179680673603938,12.54190166017952,11.19262848518548
300192.SZ,20210125,12.06,12.32,11.7,11.7,12.37,-0.67,-5.4163,107084.95,128547.259,3.42,10.594963857335769,10.920962745253794,11.15640638652792,10.594963857335769
300192.SZ,20210126,11.74,14.04,11.74,14.04,11.7,2.34,20.0,231536.09,304583.636,3.42,12.713956628802922,10.631185955993327,12.713956628802922,10.631185955993327
300192.SZ,20210127,14.02,14.68,13.31,14.45,14.04,0.41,2.9202,281043.79,397743.486,3.42,13.085233140042892,12.695845579474144,13.293510207323854,12.052903328302488
300192.SZ,20210128,14.26,15.1,13.85,13.91,14.45,-0.54,-3.737,214078.8,308641.925,3.42,12.59623480816586,12.913178171419492,13.673842243228217,12.54190166017952
300192.SZ,20210129,14.22,14.35,13.08,13.43,13.91,-0.48,-3.4508,144975.94,195883.633,3.42,12.16156962427516,12.876956072761937,12.994677893399,11.844626261021528
300192.SZ,20210201,13.41,13.41,12.8,13.05,13.43,-0.38,-2.8295,106080.74,139005.386,3.42,11.81745968702836,12.143458574946385,12.143458574946385,11.59107157041862
300192.SZ,20210202,13.2,14.13,12.92,13.48,13.05,0.43,3.295,139760.03,190410.139,3.42,12.206847247597109,11.9532925569942,12.79545635078243,11.699737866391294
300192.SZ,20210203,13.63,13.7,12.62,12.65,13.48,-0.83,-6.1573,123226.0,160149.822,3.42,11.455238700452776,12.342680117562953,12.40606879021368,11.428072126459607
300192.SZ,20210204,12.66,13.35,12.12,13.14,12.65,0.49,3.8735,108344.91,137444.684,3.42,11.898959409007864,11.464294225117165,12.089125426960043,10.97529589324013
300192.SZ,20210205,13.27,13.91,12.96,13.36,13.14,0.22,1.6743,133021.75,179962.599,3.42,12.098180951624434,12.016681229644927,12.59623480816586,11.735959965048853
300192.SZ,20210208,13.45,13.49,12.6,12.65,13.36,-0.71,-5.3144,123998.1,160074.329,3.42,11.455238700452776,12.179680673603938,12.2159027722615,11.409961077130829
300192.SZ,20210209,12.62,12.85,12.34,12.45,12.65,-0.2,-1.581,94592.81,118488.462,3.42,11.274128207164985,11.428072126459607,11.636349193740566,11.1745174358567
300192.SZ,20210210,12.57,12.62,12.02,12.1,12.45,-0.35,-2.8112,91277.0,111343.857,3.42,10.957184843911351,11.38279450313766,11.428072126459607,10.884740646596232
300192.SZ,20210218,12.19,13.16,12.19,12.61,12.1,0.51,4.2149,144039.28,183893.123,3.42,11.419016601795215,11.038684565890856,11.917070458336642,11.038684565890856
300192.SZ,20210219,12.84,15.13,12.8,15.13,12.61,2.52,19.9841,279455.5,400069.8,3.42,13.701008817221384,11.627293669076176,13.701008817221384,11.59107157041862
300192.SZ,20210222,15.22,15.83,14.96,15.75,15.13,0.62,4.0978,318686.57,491822.218,3.42,14.262451346413537,13.78250853920089,14.334895543728653,13.547064897926765
300192.SZ,20210223,15.7,15.7,14.95,15.0,15.75,-0.75,-4.7619,169219.82,257182.701,3.42,13.583286996584318,14.217173723091587,14.217173723091587,13.538009373262373
300192.SZ,20210224,15.46,15.72,15.0,15.36,15.0,0.36,2.4,158290.45,241606.611,3.42,13.909285884502344,13.99984113114624,14.235284772420368,13.583286996584318
300192.SZ,20210225,15.63,15.8,14.9,15.05,15.36,-0.31,-2.0182,118545.22,180101.964,3.42,13.62856461990627,14.15378505044086,14.307728969735484,13.492731749940424
300192.SZ,20210226,14.66,15.43,14.61,15.16,15.05,0.11,0.7309,121974.02,183897.65,3.42,13.728175391214553,13.275399157995077,13.972674557153068,13.230121534673126
300192.SZ,20210301,15.3,16.2,15.02,15.39,15.16,0.23,1.5172,134075.03,208508.711,3.42,13.936452458495513,13.854952736516006,14.669949956311063,13.601398045913095
300192.SZ,20210302,15.5,15.53,14.81,15.08,15.39,-0.31,-2.0143,99743.65,150305.909,3.42,13.655731193899436,14.036063229803796,14.063229803796965,13.411232027960915
300192.SZ,20210303,14.98,15.25,14.92,15.11,15.08,0.03,0.1989,81145.76,122711.677,3.42,13.682897767892603,13.565175947255542,13.80967511319406,13.510842799269202
300192.SZ,20210304,15.07,16.47,14.56,15.86,15.11,0.75,4.9636,213912.41,333008.507,3.42,14.362062117721822,13.646675669235046,14.914449122249582,13.18484391135118
300192.SZ,20210305,15.5,16.66,15.41,16.19,15.86,0.33,2.0807,169914.8,274939.832,3.42,14.660894431646676,14.036063229803796,15.086504090872983,13.954563507824291
300192.SZ,20210308,16.01,16.39,15.37,15.7,16.19,-0.49,-3.0266,136244.7,217054.249,3.42,14.217173723091587,14.497894987687664,14.842004924934468,13.918341409166732
300192.SZ,20210309,15.46,15.65,13.33,14.24,15.7,-1.46,-9.2994,187434.57,270991.443,3.42,12.895067122090715,13.99984113114624,14.171896099769642,12.071014377631265
300192.SZ,20210310,13.71,14.0,13.13,13.29,14.24,-0.95,-6.6713,154869.31,208478.231,3.42,12.034792278973708,12.415124314878067,12.677734530145363,11.889903884343475
300192.SZ,20210311,12.87,13.45,12.7,13.25,13.29,-0.04,-0.301,101934.8,133367.339,3.42,11.998570180316149,11.654460243069346,12.179680673603938,11.500516323774724
300192.SZ,20210312,13.29,13.84,13.12,13.4,13.25,0.15,1.1321,97534.34,131392.629,3.42,12.134403050281993,12.034792278973708,12.532846135515133,11.880848359679083
300192.SZ,20210315,13.03,13.6,12.91,13.21,13.4,-0.19,-1.4179,66561.33,87845.361,3.42,11.962348081658591,11.79934863769958,12.315513543569784,11.690682341726903
300192.SZ,20210316,13.32,15.21,13.22,14.78,13.21,1.57,11.8849,176699.78,253398.863,3.42,13.384065453967748,12.061958852966876,13.7734530145365,11.971403606322982
300192.SZ,20210317,14.83,14.97,14.25,14.31,14.78,-0.47,-3.18,116686.64,168839.068,3.42,12.95845579474144,13.429343077289698,13.556120422591151,12.904122646755104
300192.SZ,20210318,14.5,14.55,14.08,14.31,14.31,0.0,0.0,76956.0,109875.487,3.42,12.95845579474144,13.13051076336484,13.175788386686792,12.75017872746048
300192.SZ,20210319,14.18,14.35,13.65,13.69,14.31,-0.62,-4.3326,79252.76,110416.463,3.42,12.397013265549289,12.840733974104376,12.994677893399,12.360791166891731
300192.SZ,20210322,14.1,15.12,14.1,14.85,13.69,1.16,8.4733,162731.94,239897.175,3.42,13.447454126618476,12.768289776789262,13.691953292556992,12.768289776789262
300192.SZ,20210323,15.01,15.06,14.29,14.38,14.85,-0.47,-3.165,97101.5,141587.938,3.42,13.021844467392167,13.592342521248709,13.637620144570658,12.94034474541266
300192.SZ,20210324,14.29,14.47,14.0,14.2,14.38,-0.18,-1.2517,62207.16,88080.629,3.42,12.858845023433156,12.94034474541266,13.103344189371674,12.677734530145363
300192.SZ,20210325,14.47,15.12,14.16,14.56,14.2,0.36,2.5352,118851.87,173920.824,3.42,13.18484391135118,13.103344189371674,13.691953292556992,12.822622924775596
300192.SZ,20210326,14.45,14.95,14.27,14.77,14.56,0.21,1.4423,83152.87,121854.499,3.42,13.37500992930336,13.085233140042892,13.538009373262373,12.922233696083882
300192.SZ,20210329,14.43,14.44,13.71,13.87,14.77,-0.9,-6.0934,100282.95,140354.962,3.42,12.5600127095083,13.067122090714117,13.076177615378503,12.415124314878067
300192.SZ,20210330,13.87,14.14,13.53,13.93,13.87,0.06,0.4326,60070.18,82885.785,3.42,12.61434585749464,12.5600127095083,12.80451187544682,12.252124870919056
300192.SZ,20210331,14.05,14.09,13.43,13.54,13.93,-0.39,-2.7997,52606.0,72033.064,3.42,12.261180395583445,12.723012153467314,12.75923425212487,12.16156962427516
300192.SZ,20210401,13.47,14.45,13.46,13.99,13.54,0.45,3.3235,77779.64,109609.729,3.42,12.668679005480977,12.19779172293272,13.085233140042892,12.18873619826833
300192.SZ,20210402,13.8,14.03,13.61,13.71,13.99,-0.28,-2.0014,51949.1,71317.854,3.42,12.415124314878067,12.496624036857574,12.704901104138534,12.324569068234172
300192.SZ,20210406,13.62,13.86,13.46,13.81,13.71,0.1,0.7294,43149.41,59243.185,3.42,12.505679561521966,12.33362459289856,12.550957184843911,12.18873619826833
300192.SZ,20210407,13.91,13.92,13.42,13.63,13.81,-0.18,-1.3034,57759.7,78761.994,3.42,12.342680117562953,12.59623480816586,12.605290332830249,12.152514099610771
300192.SZ,20210408,13.58,13.6,13.01,13.14,13.63,-0.49,-3.595,73658.02,97069.481,3.42,11.898959409007864,12.297402494241004,12.315513543569784,11.7812375883708
300192.SZ,20210409,13.08,13.33,12.99,13.17,13.14,0.03,0.2283,37741.2,49600.785,3.42,11.926125983001032,11.844626261021528,12.071014377631265,11.76312653904202
300192.SZ,20210412,13.09,13.43,12.7,13.43,13.17,0.26,1.9742,55737.2,73161.649,3.42,12.16156962427516,11.853681785685916,12.16156962427516,11.500516323774724
300192.SZ,20210413,13.15,13.99,13.11,13.67,13.43,0.24,1.787,85708.78,116531.227,3.42,12.37890221622051,11.908014933672254,12.668679005480977,11.871792835014697
300192.SZ,20210414,13.89,14.03,13.54,13.56,13.67,-0.11,-0.8047,55672.15,76377.758,3.42,12.279291444912223,12.57812375883708,12.704901104138534,12.261180395583445
300192.SZ,20210415,13.51,13.78,13.24,13.57,13.56,0.01,0.0737,35566.25,48186.474,3.42,12.288346969576612,12.234013821590278,12.478512987528791,11.98951465565176
300192.SZ,20210416,13.47,14.5,13.46,14.13,13.57,0.56,4.1268,108994.59,153938.03,3.42,12.79545635078243,12.19779172293272,13.13051076336484,12.18873619826833
300192.SZ,20210419,14.1,14.35,13.93,14.2,14.13,0.07,0.4954,61621.37,87338.345,3.42,12.858845023433156,12.768289776789262,12.994677893399,12.61434585749464
300192.SZ,20210420,14.2,14.35,13.87,13.94,14.2,-0.26,-1.831,59914.67,84103.148,3.42,12.623401382159027,12.858845023433156,12.994677893399,12.5600127095083
300192.SZ,20210421,13.83,14.38,13.71,13.89,13.94,-0.05,-0.3587,71594.69,100661.6,3.42,12.57812375883708,12.523790610850742,13.021844467392167,12.415124314878067
300192.SZ,20210422,13.9,14.05,13.5,13.52,13.89,-0.37,-2.6638,61483.0,83893.483,3.42,12.243069346254666,12.587179283501468,12.723012153467314,12.224958296925887
300192.SZ,20210423,13.49,13.71,13.3,13.61,13.52,0.09,0.6657,37448.41,50695.42,3.42,12.324569068234172,12.2159027722615,12.415124314878067,12.043847803638098
300192.SZ,20210426,13.38,13.63,13.37,13.42,13.61,-0.19,-1.396,29360.01,39531.359,3.42,12.152514099610771,12.116292000953212,12.342680117562953,12.107236476288822
300192.SZ,20210427,13.43,13.45,13.06,13.18,13.42,-0.24,-1.7884,34040.62,44776.86,3.42,11.935181507665424,12.16156962427516,12.179680673603938,11.826515211692747
300192.SZ,20210428,12.58,12.68,12.1,12.54,13.18,-0.64,-4.8558,74453.84,92805.979,3.42,11.35562792914449,11.39185002780205,11.482405274445943,10.957184843911351
300192.SZ,20210429,12.58,12.99,12.48,12.6,12.54,0.06,0.4785,40858.9,52009.372,3.42,11.409961077130829,11.39185002780205,11.76312653904202,11.301294781158155
300192.SZ,20210430,12.88,12.88,12.08,12.13,12.6,-0.47,-3.7302,58062.56,71432.565,3.42,10.98435141790452,11.663515767733738,11.663515767733738,10.939073794582573
300192.SZ,20210506,12.09,12.76,12.08,12.42,12.13,0.29,2.3908,36366.31,45017.396,3.42,11.246961633171816,10.94812931924696,11.55484947176106,10.939073794582573
300192.SZ,20210507,12.43,12.5,12.17,12.2,12.42,-0.22,-1.7713,32317.0,39743.749,3.42,11.047740090555246,11.256017157836206,11.319405830486934,11.02057351656208
300192.SZ,20210510,12.1,12.31,11.94,12.03,12.2,-0.17,-1.3934,40132.0,48373.93,3.42,10.893796171260623,10.957184843911351,11.147350861863533,10.812296449281115
300192.SZ,20210511,11.95,12.13,11.83,12.05,12.03,0.02,0.1663,31417.0,37736.734,3.42,10.911907220589404,10.821351973945507,10.98435141790452,10.712685677972832
300192.SZ,20210512,12.07,12.42,11.94,12.37,12.05,0.32,2.6556,48781.0,59700.87,3.42,11.201684009849869,10.930018269918182,11.246961633171816,10.812296449281115
300192.SZ,20210513,12.23,12.48,12.23,12.26,12.37,-0.11,-0.8892,31954.0,39444.271,3.42,11.102073238541584,11.074906664548417,11.301294781158155,11.074906664548417
300192.SZ,20210514,12.44,12.44,12.13,12.32,12.26,0.06,0.4894,33878.51,41641.529,3.42,11.15640638652792,11.265072682500596,11.265072682500596,10.98435141790452
300192.SZ,20210517,12.34,12.86,12.19,12.23,12.32,-0.09,-0.7305,52260.0,65169.766,3.42,11.074906664548417,11.1745174358567,11.645404718404956,11.038684565890856
300192.SZ,20210518,12.1,12.18,11.9,11.99,12.23,-0.24,-1.9624,45264.7,54317.237,3.42,10.857574072603066,10.957184843911351,11.029629041226467,10.77607435062356
300192.SZ,20210519,11.97,11.98,11.67,11.7,11.99,-0.29,-2.4187,59673.16,70155.334,3.42,10.594963857335769,10.839463023274288,10.848518547938678,10.5677972833426
300192.SZ,20210520,11.75,11.84,11.66,11.76,11.7,0.06,0.5128,27542.57,32374.89,3.42,10.649297005322106,10.640241480657718,10.721741202637222,10.558741758678211
300192.SZ,20210521,11.9,11.9,11.7,11.79,11.76,0.03,0.2551,26338.5,31085.024,3.42,10.676463579315277,10.77607435062356,10.77607435062356,10.594963857335769
300192.SZ,20210524,11.8,11.8,11.18,11.26,11.79,-0.53,-4.4953,63470.0,72204.204,3.42,10.196520772102629,10.685519103979663,10.685519103979663,10.124076574787512
300192.SZ,20210525,10.96,11.08,10.56,10.95,11.26,-0.31,-2.7531,107895.29,116791.578,3.42,9.915799507506552,9.924855032170944,10.033521328143618,9.56263404559536
300192.SZ,20210526,11.33,11.74,11.08,11.39,10.95,0.44,4.0183,103578.12,118398.569,3.42,10.314242592739694,10.259909444753356,10.631185955993327,10.033521328143618
300192.SZ,20210527,11.2,11.43,11.08,11.4,11.39,0.01,0.0878,65260.26,73199.344,3.42,10.323298117404082,10.142187624116293,10.350464691397251,10.033521328143618
300192.SZ,20210528,11.39,11.47,11.14,11.24,11.4,-0.16,-1.4035,42848.0,48303.693,3.42,10.178409722773852,10.314242592739694,10.38668679005481,10.087854476129955
300192.SZ,20210531,11.22,11.22,10.99,11.13,11.24,-0.11,-0.9786,45333.57,50169.797,3.42,10.078798951465563,10.160298673445071,10.160298673445071,9.952021606164111
300192.SZ,20210601,11.26,12.77,11.2,12.07,11.13,0.94,8.4456,174471.51,208834.141,3.42,10.930018269918182,10.196520772102629,11.563904996425451,10.142187624116293
300192.SZ,20210602,11.8,11.94,11.55,11.68,12.07,-0.39,-3.2312,81604.0,95385.763,3.42,10.57685280800699,10.685519103979663,10.812296449281115,10.459130987369928
300192.SZ,20210603,11.68,11.73,11.47,11.48,11.68,-0.2,-1.7123,51729.73,59872.401,3.42,10.3957423147192,10.57685280800699,10.622130431328936,10.38668679005481
300192.SZ,20210604,11.45,11.7,11.37,11.5,11.48,0.02,0.1742,43241.2,49911.318,3.42,10.41385336404798,10.36857574072603,10.594963857335769,10.296131543410914
300192.SZ,20210607,11.58,11.61,11.11,11.34,11.5,-0.16,-1.3913,43721.48,49273.572,3.42,10.268964969417748,10.486297561363097,10.513464135356262,10.060687902136785
300192.SZ,20210608,11.4,11.59,11.3,11.43,11.34,0.09,0.7937,40359.01,46172.995,3.42,10.350464691397251,10.323298117404082,10.495353086027484,10.232742870760188
300192.SZ,20210609,11.4,11.56,11.3,11.38,11.43,-0.05,-0.4374,31048.1,35371.387,3.42,10.305187068075304,10.323298117404082,10.468186512034316,10.232742870760188
300192.SZ,20210610,11.55,11.77,11.4,11.49,11.38,0.11,0.9666,48955.21,56557.801,3.42,10.404797839383589,10.459130987369928,10.658352529986496,10.323298117404082
300192.SZ,20210611,11.43,11.8,11.1,11.18,11.49,-0.31,-2.698,84612.62,96404.186,3.42,10.124076574787512,10.350464691397251,10.685519103979663,10.051632377472396
300192.SZ,20210615,11.11,11.44,10.83,11.23,11.18,0.05,0.4472,66989.14,74199.864,3.42,10.16935419810946,10.060687902136785,10.35952021606164,9.80713321153388
300192.SZ,20210616,11.11,11.35,10.92,11.24,11.23,0.01,0.089,45106.14,50241.449,3.42,10.178409722773852,10.060687902136785,10.278020494082137,9.888632933513383
300192.SZ,20210617,11.07,11.46,11.07,11.13,11.24,-0.11,-0.9786,49137.54,55277.741,3.42,10.078798951465563,10.024465803479227,10.377631265390422,10.024465803479227
300192.SZ,20210618,10.97,11.11,10.67,11.1,11.13,-0.03,-0.2695,64474.16,70119.789,3.42,10.051632377472396,9.933910556835333,10.060687902136785,9.662244816903646
300192.SZ,20210621,10.96,11.11,10.72,10.8,11.1,-0.3,-2.7027,53666.0,58316.575,3.42,9.77996663754071,9.924855032170944,10.060687902136785,9.707522440225594
300192.SZ,20210622,10.8,10.98,10.75,10.83,10.8,0.03,0.2778,40718.39,44172.325,3.42,9.80713321153388,9.77996663754071,9.942966081499724,9.734689014218764
300192.SZ,20210623,10.81,10.9,10.3,10.33,10.83,-0.5,-4.6168,94557.6,99099.424,3.42,9.3543569783144,9.7890221622051,9.870521884184605,9.327190404321232
300192.SZ,20210624,10.27,10.43,10.18,10.2,10.33,-0.13,-1.2585,46834.0,48005.813,3.42,9.236635157677338,9.300023830328064,9.444912224958298,9.218524108348555
300192.SZ,20210625,10.29,10.33,10.05,10.14,10.2,-0.06,-0.5882,43163.58,43799.744,3.42,9.182302009691002,9.318134879656842,9.3543569783144,9.100802287711495
300192.SZ,20210628,10.08,10.37,10.08,10.3,10.14,0.16,1.5779,40731.6,41744.383,3.42,9.327190404321232,9.127968861704662,9.390579076971958,9.127968861704662
300192.SZ,20210629,10.31,10.35,10.01,10.04,10.3,-0.26,-2.5243,47563.02,48343.451,3.42,9.091746763047103,9.336245928985624,9.37246802764318,9.064580189053936
300192.SZ,20210630,10.05,10.12,9.85,9.88,10.04,-0.16,-1.5936,58492.17,58168.084,3.42,8.946858368416873,9.100802287711495,9.16419096036222,8.919691794423702
300192.SZ,20210701,9.91,10.38,9.77,10.03,9.88,0.15,1.5182,77960.64,78696.615,3.42,9.082691238382717,8.974024942410042,9.39963460163635,8.847247597108586
300192.SZ,20210702,9.96,10.47,9.92,10.31,10.03,0.28,2.7916,79619.02,81762.511,3.42,9.336245928985624,9.019302565731987,9.481134323615857,8.98308046707443
300192.SZ,20210705,10.17,10.33,10.03,10.15,10.31,-0.16,-1.5519,56473.0,57216.86,3.42,9.19135753435539,9.209468583684169,9.3543569783144,9.082691238382717
300192.SZ,20210706,10.13,10.45,10.1,10.41,10.15,0.26,2.5616,70804.46,73341.122,3.42,9.426801175629516,9.173246485026612,9.463023274287076,9.146079911033445
300192.SZ,20210707,10.39,10.42,10.22,10.36,10.41,-0.05,-0.4803,45077.0,46500.709,3.42,9.38152355230757,9.40869012630074,9.435856700293908,9.254746207006118
300192.SZ,20210708,10.3,10.36,9.92,9.92,10.36,-0.44,-4.2471,69457.07,69688.674,3.42,8.98308046707443,9.327190404321232,9.38152355230757,8.98308046707443
300192.SZ,20210709,9.82,10.02,9.8,9.97,9.92,0.05,0.504,31116.0,30835.657,3.42,9.028358090396376,8.892525220430535,9.073635713718325,8.874414171101755
300192.SZ,20210712,10.05,10.1,9.95,9.99,9.97,0.02,0.2006,36415.0,36429.652,3.42,9.046469139725156,9.100802287711495,9.146079911033445,9.010247041067595
300192.SZ,20210713,10.01,10.2,9.87,10.19,9.99,0.2,2.002,48958.0,49061.171,3.42,9.227579633012947,9.064580189053936,9.236635157677338,8.93780284375248
300192.SZ,20210714,10.23,10.47,10.08,10.13,10.19,-0.06,-0.5888,60738.38,62359.196,3.42,9.173246485026612,9.263801731670506,9.481134323615857,9.127968861704662
300192.SZ,20210715,10.05,10.1,9.7,9.78,10.13,-0.35,-3.4551,59698.58,58668.384,3.42,8.856303121772974,9.100802287711495,9.146079911033445,8.78385892445786
300192.SZ,20210716,9.7,9.76,9.46,9.49,9.78,-0.29,-2.9652,54458.0,52161.494,3.42,8.59369290650568,8.78385892445786,8.838192072444198,8.566526332512511
300192.SZ,20210719,9.4,9.4,9.04,9.23,9.49,-0.26,-2.7397,55738.0,51274.083,3.42,8.358249265231551,8.512193184526174,8.512193184526174,8.186194296608148
300192.SZ,20210720,9.23,9.28,9.06,9.25,9.23,0.02,0.2167,34117.02,31263.469,3.42,8.37636031456033,8.358249265231551,8.403526888553499,8.20430534593693
300192.SZ,20210721,9.29,9.65,9.26,9.38,9.25,0.13,1.4054,46609.28,44160.689,3.42,8.494082135197395,8.412582413217887,8.738581301135913,8.38541583922472
300192.SZ,20210722,9.5,9.7,9.47,9.54,9.38,0.16,1.7058,47481.28,45571.806,3.42,8.638970529827626,8.60274843117007,8.78385892445786,8.5755818571769
300192.SZ,20210723,9.45,9.49,9.06,9.07,9.54,-0.47,-4.9266,58457.28,53802.124,3.42,8.213360870601319,8.557470807848121,8.59369290650568,8.20430534593693
300192.SZ,20210726,7.81,8.2,7.65,7.93,9.07,-1.14,-12.5689,178726.64,141219.785,3.42,7.181031058860911,7.072364762888235,7.425530224799427,6.927476368258003
300192.SZ,20210727,7.93,7.95,7.09,7.1,7.93,-0.83,-10.4666,199181.0,146282.389,3.42,6.429422511716578,7.181031058860911,7.199142108189689,6.420366987052188
300192.SZ,20210728,7.19,7.47,7.12,7.14,7.1,0.04,0.5634,149055.2,108149.584,3.42,6.465644610374135,6.510922233696084,6.764476924298991,6.447533561045358
300192.SZ,20210729,7.28,7.54,7.26,7.37,7.14,0.23,3.2213,127111.25,94123.038,3.42,6.6739216776550965,6.59242195567559,6.827865596949718,6.574310906346811
300192.SZ,20210730,7.25,7.83,7.18,7.76,7.37,0.39,5.2917,140066.89,105705.011,3.42,7.027087139566287,6.56525538168242,7.090475812217015,6.501866709031694
300192.SZ,20210802,7.76,8.07,7.5,7.73,7.76,-0.03,-0.3866,114217.94,87709.379,3.42,6.99992056557312,7.027087139566287,7.307808404162364,6.791643498292159
300192.SZ,20210803,7.85,8.16,7.73,8.0,7.73,0.27,3.4929,104651.19,83804.691,3.42,7.244419731511637,7.108586861545794,7.38930812614187,6.99992056557312
300192.SZ,20210804,7.95,8.6,7.94,8.28,8.0,0.28,3.5,148550.39,122645.91,3.42,7.497974422114544,7.199142108189689,7.78775121137501,7.1900865835253
300192.SZ,20210805,8.13,8.28,7.92,7.95,8.28,-0.33,-3.9855,96497.17,77634.205,3.42,7.199142108189689,7.362141552148701,7.497974422114544,7.171975534196521
300192.SZ,20210806,7.91,8.09,7.68,7.73,7.95,-0.22,-2.7673,64597.0,50339.895,3.42,6.99992056557312,7.162920009532131,7.325919453491143,6.954642942251172
300192.SZ,20210809,7.79,8.26,7.77,8.16,7.73,0.43,5.5627,84721.75,68198.79,3.42,7.38930812614187,7.054253713559457,7.479863372785765,7.0361426642306775
300192.SZ,20210810,8.11,8.53,8.06,8.48,8.16,0.32,3.9216,94537.17,79168.667,3.42,7.679084915402336,7.344030502819922,7.724362538724282,7.298752879497974
300192.SZ,20210811,8.48,8.74,8.36,8.4,8.48,-0.08,-0.9434,75523.0,64315.593,3.42,7.6066407180872195,7.679084915402336,7.914528556676463,7.5704186194296605
300192.SZ,20210812,8.43,8.49,8.19,8.28,8.4,-0.12,-1.4286,59408.42,49381.049,3.42,7.497974422114544,7.633807292080386,7.688140440066726,7.416474700135038
300192.SZ,20210813,8.21,8.33,8.06,8.12,8.28,-0.16,-1.9324,47857.78,39073.932,3.42,7.35308602748431,7.434585749463818,7.543252045436492,7.298752879497974
300192.SZ,20210816,8.25,8.45,7.97,8.0,8.12,-0.12,-1.4778,47107.86,38088.785,3.42,7.244419731511637,7.470807848121375,7.651918341409166,7.217253157518468
300192.SZ,20210817,7.98,8.12,7.76,7.79,8.0,-0.21,-2.625,48006.0,38109.135,3.42,7.054253713559457,7.226308682182859,7.35308602748431,7.027087139566287
300192.SZ,20210818,7.8,7.94,7.69,7.84,7.79,0.05,0.6418,47304.95,37023.525,3.42,7.099531336881404,7.063309238223846,7.1900865835253,6.963698466915561
300192.SZ,20210819,7.9,9.41,7.9,8.73,7.84,0.89,11.352,364890.61,333710.27,3.42,7.905473032012074,7.153864484867742,8.521248709190564,7.153864484867742
300192.SZ,20210820,8.51,8.77,7.98,8.03,8.73,-0.7,-8.0183,310759.84,255569.731,3.42,7.271586305504806,7.706251489395504,7.941695130669632,7.226308682182859
300192.SZ,20210823,8.06,9.33,8.06,9.07,8.03,1.04,12.9514,352322.33,309697.157,3.42,8.213360870601319,7.298752879497974,8.448804511875448,7.298752879497974
300192.SZ,20210824,9.31,9.41,8.58,8.64,9.07,-0.43,-4.7409,254312.06,223932.443,3.42,7.823973310032568,8.430693462546667,8.521248709190564,7.7696401620462305
300192.SZ,20210825,9.07,9.91,8.81,9.27,8.64,0.63,7.2917,350847.16,329016.271,3.42,8.394471363889108,8.213360870601319,8.974024942410042,7.977917229327191
300192.SZ,20210826,9.27,9.45,8.91,8.97,9.27,-0.3,-3.2362,249993.0,227135.601,3.42,8.122805623957424,8.394471363889108,8.557470807848121,8.068472475971086
300192.SZ,20210827,8.99,9.04,8.55,8.55,8.97,-0.42,-4.6823,169535.97,147823.427,3.42,7.742473588053063,8.140916673286203,8.186194296608148,7.742473588053063
300192.SZ,20210830,8.57,9.12,8.56,8.83,8.55,0.28,3.2749,180848.35,159332.299,3.42,7.996028278655969,7.760584637381841,8.258638493923266,7.751529112717452
300192.SZ,20210831,8.77,9.26,8.58,8.66,8.83,-0.17,-1.9253,200077.36,178093.365,3.42,7.842084359361348,7.941695130669632,8.38541583922472,7.7696401620462305
300192.SZ,20210901,8.63,8.78,8.23,8.32,8.66,-0.34,-3.9261,146077.1,123231.115,3.42,7.5341965207721024,7.814917785368179,7.950750655334021,7.452696798792597
300192.SZ,20210902,8.35,8.4,8.1,8.18,8.32,-0.14,-1.6827,101180.98,83426.553,3.42,7.407419175470649,7.561363094765271,7.6066407180872195,7.3349749781555325
300192.SZ,20210903,8.22,8.48,8.17,8.4,8.18,0.22,2.6895,91233.96,75941.118,3.42,7.6066407180872195,7.443641274128208,7.679084915402336,7.398363650806259
300192.SZ,20210906,8.35,8.35,8.07,8.23,8.4,-0.17,-2.0238,82725.95,67690.481,3.42,7.452696798792597,7.561363094765271,7.561363094765271,7.307808404162364
300192.SZ,20210907,8.23,8.29,8.1,8.25,8.23,0.02,0.243,78346.99,64084.402,3.42,7.470807848121375,7.452696798792597,7.507029946778934,7.3349749781555325
300192.SZ,20210908,8.26,8.64,8.25,8.63,8.25,0.38,4.6061,125717.99,106220.96,3.42,7.814917785368179,7.479863372785765,7.823973310032568,7.470807848121375
300192.SZ,20210909,8.5,9.19,8.28,8.76,8.63,0.13,1.5064,213574.01,184763.716,3.42,7.932639606005242,7.697195964731114,8.322027166573992,7.497974422114544
300192.SZ,20210910,8.65,8.71,8.42,8.45,8.76,-0.31,-3.5388,112520.0,95571.252,3.42,7.651918341409166,7.833028834696958,7.887361982683296,7.624751767415998
300192.SZ,20210913,8.5,8.5,8.17,8.25,8.45,-0.2,-2.3669,65610.0,54213.364,3.42,7.470807848121375,7.697195964731114,7.697195964731114,7.398363650806259
300192.SZ,20210914,8.26,8.35,8.11,8.13,8.25,-0.12,-1.4545,57140.0,46909.617,3.42,7.362141552148701,7.479863372785765,7.561363094765271,7.344030502819922
300192.SZ,20210915,8.18,8.22,8.07,8.17,8.13,0.04,0.492,38920.34,31687.587,3.42,7.398363650806259,7.407419175470649,7.443641274128208,7.307808404162364
300192.SZ,20210916,8.15,8.2,7.94,7.95,8.17,-0.22,-2.6928,60202.11,48666.166,3.42,7.199142108189689,7.380252601477481,7.425530224799427,7.1900865835253
300192.SZ,20210917,7.95,8.08,7.83,8.0,7.95,0.05,0.6289,47068.0,37359.673,3.42,7.244419731511637,7.199142108189689,7.316863928826754,7.090475812217015
300192.SZ,20210922,7.9,8.0,7.85,7.93,8.0,-0.07,-0.875,26921.0,21371.764,3.42,7.181031058860911,7.153864484867742,7.244419731511637,7.108586861545794
300192.SZ,20210923,8.01,8.12,7.98,8.0,7.93,0.07,0.8827,36481.0,29371.865,3.42,7.244419731511637,7.253475256176026,7.35308602748431,7.226308682182859
300192.SZ,20210924,8.08,8.2,8.02,8.02,8.0,0.02,0.25,44462.0,35992.492,3.42,7.262530780840415,7.316863928826754,7.425530224799427,7.262530780840415
300192.SZ,20210927,8.05,8.05,7.54,7.58,8.02,-0.44,-5.4863,54894.0,42353.199,3.42,6.864087695607276,7.289697354833586,7.289697354833586,6.827865596949718
300192.SZ,20210928,7.58,7.71,7.53,7.59,7.58,0.01,0.1319,31798.0,24193.403,3.42,6.873143220271666,6.864087695607276,6.98180951624434,6.818810072285329
300192.SZ,20210929,7.58,7.58,7.21,7.26,7.59,-0.33,-4.3478,58559.0,42843.481,3.42,6.574310906346811,6.864087695607276,6.864087695607276,6.529033283024863
300192.SZ,20210930,7.08,7.17,6.88,7.07,6.96,0.11,1.5805,41315.5,28995.093,3.567,6.677440622765907,6.686885376122012,6.771888156326953,6.497990308999921
300192.SZ,20211008,7.1,7.46,7.06,7.37,7.07,0.3,4.2433,52882.77,38614.525,3.567,6.960783223449043,6.705774882834221,7.045786003653984,6.667995869409802
300192.SZ,20211011,7.48,7.55,7.25,7.4,7.37,0.03,0.4071,41862.0,30820.387,3.567,6.989117483517357,7.064675510366193,7.130788783858924,6.847446183175789
300192.SZ,20211012,7.38,7.44,7.2,7.25,7.4,-0.15,-2.027,27557.0,20089.311,3.567,6.847446183175789,6.970227976805148,7.026896496941776,6.8002224163952665
300192.SZ,20211013,8.06,8.7,8.06,8.7,7.25,1.45,20.0,393855.46,339149.328,3.567,8.216935419810946,7.612471205020257,8.216935419810946,7.612471205020257
300192.SZ,20211014,8.78,9.9,8.62,9.23,8.7,0.53,6.092,639765.7,591783.484,3.567,8.717507347684487,8.292493446659781,9.350305822543492,8.14137739296211
300192.SZ,20211015,8.78,8.87,8.3,8.44,9.23,-0.79,-8.559,378478.89,322167.971,3.567,7.971371832552228,8.292493446659781,8.377496226864723,7.839145285566766
300192.SZ,20211018,8.33,8.95,8.32,8.45,8.44,0.01,0.1185,289265.15,248647.927,3.567,7.980816585908332,7.867479545635079,8.45305425371356,7.858034792278974
300192.SZ,20211019,8.66,8.76,8.19,8.23,8.45,-0.22,-2.6036,241038.64,202202.155,3.567,7.773032012074034,8.179156406386529,8.273603939947574,7.735252998649615
300192.SZ,20211020,8.16,8.28,8.03,8.18,8.23,-0.05,-0.6075,184952.36,150140.255,3.567,7.725808245293511,7.706918738581302,7.8202557788545555,7.5841369449519425
300192.SZ,20211021,8.1,8.22,7.9,8.06,8.18,-0.12,-1.467,148719.0,119811.805,3.567,7.612471205020257,7.650250218444675,7.76358725871793,7.461355151322584
300192.SZ,20211022,8.04,8.36,8.0,8.14,8.06,0.08,0.9926,167010.08,136194.642,3.567,7.688029231869093,7.593581698308046,7.895813805703391,7.555802684883629
300192.SZ,20211025,8.14,8.14,7.57,7.7,8.14,-0.44,-5.4054,182895.32,140721.989,3.567,7.2724600842004925,7.688029231869093,7.688029231869093,7.149678290571134
300192.SZ,20211026,7.69,7.69,7.38,7.46,7.7,-0.24,-3.1169,128884.0,96633.04,3.567,7.045786003653984,7.263015330844387,7.263015330844387,6.970227976805148
300192.SZ,20211027,7.31,7.52,7.12,7.18,7.46,-0.28,-3.7534,99837.82,72094.102,3.567,6.781332909683058,6.904114703312416,7.102454523790611,6.7246643895464295
300192.SZ,20211028,7.2,7.22,6.98,7.18,7.18,0.0,0.0,83031.11,59059.1,3.567,6.781332909683058,6.8002224163952665,6.819111923107475,6.592437842560966
300192.SZ,20211029,7.1,7.26,7.03,7.22,7.18,0.04,0.5571,84902.16,60803.782,3.567,6.819111923107475,6.705774882834221,6.856890936531893,6.6396616093414895
300192.SZ,20211101,7.02,7.32,6.93,7.3,7.22,0.08,1.108,94146.3,67573.244,3.567,6.894669949956311,6.630216855985385,6.91355945666852,6.545214075780444
300192.SZ,20211102,7.3,7.32,6.97,7.05,7.3,-0.25,-3.4247,92240.42,65805.487,3.567,6.658551116053697,6.894669949956311,6.91355945666852,6.582993089204861
300192.SZ,20211103,7.04,7.23,6.98,7.18,7.05,0.13,1.844,56268.18,40076.854,3.567,6.781332909683058,6.6491063626975935,6.82855667646358,6.592437842560966
300192.SZ,20211104,7.2,7.26,7.07,7.14,7.18,-0.04,-0.5571,49852.1,35491.671,3.567,6.743553896258638,6.8002224163952665,6.856890936531893,6.677440622765907
300192.SZ,20211105,7.14,7.32,7.09,7.23,7.14,0.09,1.2605,87210.82,63066.671,3.567,6.82855667646358,6.743553896258638,6.91355945666852,6.696330129478116
300192.SZ,20211108,7.23,7.4,7.17,7.31,7.23,0.08,1.1065,67247.5,48908.966,3.567,6.904114703312416,6.82855667646358,6.989117483517357,6.771888156326953
300192.SZ,20211109,7.41,7.48,7.21,7.31,7.31,0.0,0.0,71458.59,52209.619,3.567,6.904114703312416,6.998562236873461,7.064675510366193,6.80966716975137
300192.SZ,20211110,7.27,7.42,7.1,7.35,7.31,0.04,0.5472,77429.13,56361.722,3.567,6.941893716736834,6.866335689887997,7.008006990229566,6.705774882834221
300192.SZ,20211111,7.3,7.49,7.26,7.42,7.35,0.07,0.9524,93151.0,69041.22,3.567,7.008006990229566,6.894669949956311,7.074120263722298,6.856890936531893
300192.SZ,20211112,7.42,7.53,7.19,7.39,7.42,-0.03,-0.4043,121666.5,89588.493,3.567,6.979672730161252,7.008006990229566,7.111899277146716,6.790777663039162
300192.SZ,20211115,7.4,7.69,7.39,7.56,7.39,0.17,2.3004,118226.5,89298.226,3.567,7.140233537215029,6.989117483517357,7.263015330844387,6.979672730161252
300192.SZ,20211116,7.57,7.58,7.4,7.43,7.56,-0.13,-1.7196,80194.0,59970.732,3.567,7.01745174358567,7.149678290571134,7.159123043927239,6.989117483517357
300192.SZ,20211117,7.38,7.79,7.37,7.65,7.43,0.22,2.961,124690.25,94803.904,3.567,7.225236317419971,6.970227976805148,7.357462864405434,6.960783223449043
300192.SZ,20211118,7.6,7.62,7.37,7.44,7.65,-0.21,-2.7451,122075.14,91309.333,3.567,7.026896496941776,7.178012550639448,7.196902057351656,6.960783223449043
300192.SZ,20211119,7.39,7.5,7.36,7.44,7.44,0.0,0.0,61892.76,45961.895,3.567,7.026896496941776,6.979672730161252,7.083565017078402,6.95133847009294
300192.SZ,20211122,7.43,7.54,7.39,7.49,7.44,0.05,0.672,64806.36,48351.712,3.567,7.074120263722298,7.01745174358567,7.12134403050282,6.979672730161252
300192.SZ,20211123,7.51,7.53,7.42,7.45,7.49,-0.04,-0.534,64995.0,48480.427,3.567,7.03634125029788,7.093009770434507,7.111899277146716,7.008006990229566
300192.SZ,20211124,7.45,7.57,7.38,7.53,7.45,0.08,1.0738,85575.53,64091.994,3.567,7.111899277146716,7.03634125029788,7.149678290571134,6.970227976805148
300192.SZ,20211125,7.55,8.03,7.5,7.84,7.53,0.31,4.1169,209272.25,163503.767,3.567,7.404686631185956,7.130788783858924,7.5841369449519425,7.083565017078402
300192.SZ,20211126,7.78,7.86,7.57,7.62,7.84,-0.22,-2.8061,117808.0,90156.893,3.567,7.196902057351656,7.3480181110493294,7.423576137898165,7.149678290571134
300192.SZ,20211129,7.47,8.28,7.39,7.77,7.62,0.15,1.9685,212537.06,167829.55,3.567,7.338573357693224,7.055230757010088,7.8202557788545555,6.979672730161252
300192.SZ,20211130,7.73,8.14,7.73,8.13,7.77,0.36,4.6332,215169.07,171063.904,3.567,7.678584478512989,7.300794344268807,7.688029231869093,7.300794344268807
300192.SZ,20211201,8.02,8.22,7.9,8.1,8.13,-0.03,-0.369,137322.53,110622.523,3.567,7.650250218444675,7.574692191595838,7.76358725871793,7.461355151322584
300192.SZ,20211202,8.31,8.9,8.03,8.27,8.1,0.17,2.0988,344482.65,289743.77,3.567,7.810811025498451,7.848590038922871,8.405830486933038,7.5841369449519425
300192.SZ,20211203,8.12,8.38,7.93,7.97,8.27,-0.3,-3.6276,208226.12,168809.943,3.567,7.527468424815315,7.669139725156882,7.914703312415602,7.489689411390897
300192.SZ,20211206,7.98,8.0,7.62,7.65,7.97,-0.32,-4.0151,136439.59,105777.323,3.567,7.225236317419971,7.53691317817142,7.555802684883629,7.196902057351656
300192.SZ,20211207,7.65,7.75,7.61,7.72,7.65,0.07,0.915,78451.0,60253.556,3.567,7.291349590912702,7.225236317419971,7.319683850981015,7.187457303995552
300192.SZ,20211208,7.72,7.84,7.63,7.75,7.72,0.03,0.3886,77060.0,59572.804,3.567,7.319683850981015,7.291349590912702,7.404686631185956,7.206346810707761
300192.SZ,20211209,7.76,8.24,7.76,8.11,7.75,0.36,4.6452,200897.22,161323.201,3.567,7.659694971800778,7.32912860433712,7.782476765430139,7.32912860433712
300192.SZ,20211210,8.11,8.33,8.02,8.08,8.11,-0.03,-0.3699,162988.22,132820.161,3.567,7.631360711732466,7.659694971800778,7.867479545635079,7.574692191595838
300192.SZ,20211213,8.11,8.2,8.01,8.13,8.08,0.05,0.6188,112589.0,91191.018,3.567,7.678584478512989,7.659694971800778,7.7446977520057185,7.565247438239734
300192.SZ,20211214,8.05,8.39,7.95,8.29,8.13,0.16,1.968,165708.37,136397.578,3.567,7.829700532210659,7.603026451664152,7.924148065771706,7.508578918103106
300192.SZ,20211215,8.3,8.48,8.23,8.35,8.29,0.06,0.7238,142766.0,119277.275,3.567,7.886369052347288,7.839145285566766,8.009150845976647,7.773032012074034
300192.SZ,20211216,8.3,8.46,8.3,8.38,8.35,0.03,0.3593,120143.0,100730.852,3.567,7.914703312415602,7.839145285566766,7.990261339264438,7.839145285566766
300192.SZ,20211217,8.3,8.39,8.1,8.21,8.38,-0.17,-2.0286,111205.0,91449.942,3.567,7.754142505361825,7.839145285566766,7.924148065771706,7.650250218444675
300192.SZ,20211220,8.25,8.25,8.04,8.06,8.21,-0.15,-1.827,83730.0,68271.029,3.567,7.612471205020257,7.791921518786243,7.791921518786243,7.593581698308046
300192.SZ,20211221,8.1,8.42,8.01,8.41,8.06,0.35,4.3424,126651.55,105238.306,3.567,7.943037572483915,7.650250218444675,7.95248232584002,7.565247438239734
300192.SZ,20211222,8.47,8.48,8.26,8.37,8.41,-0.04,-0.4756,97458.0,81593.464,3.567,7.905258559059496,7.999706092620542,8.009150845976647,7.801366272142347
300192.SZ,20211223,8.33,8.38,8.09,8.1,8.37,-0.27,-3.2258,95463.5,77936.989,3.567,7.650250218444675,7.867479545635079,7.914703312415602,7.64080546508857
300192.SZ,20211224,8.16,8.35,7.81,7.85,8.1,-0.25,-3.0864,118088.0,93863.22,3.567,7.414131384542061,7.706918738581302,7.886369052347288,7.376352371117643
300192.SZ,20211227,7.8,8.17,7.67,8.02,7.85,0.17,2.1656,75949.73,60186.76,3.567,7.574692191595838,7.366907617761538,7.716363491937407,7.24412582413218
300192.SZ,20211228,8.03,8.3,7.95,8.19,8.02,0.17,2.1197,93554.7,76464.296,3.567,7.735252998649615,7.5841369449519425,7.839145285566766,7.508578918103106
300192.SZ,20211229,8.23,8.28,8.05,8.16,8.19,-0.03,-0.3663,61853.2,50403.658,3.567,7.706918738581302,7.773032012074034,7.8202557788545555,7.603026451664152
300192.SZ,20211230,8.19,8.42,8.12,8.33,8.16,0.17,2.0833,111375.02,92604.267,3.567,7.867479545635079,7.735252998649615,7.95248232584002,7.669139725156882
300192.SZ,20211231,8.4,8.44,8.27,8.31,8.33,-0.02,-0.2401,74018.22,61764.478,3.567,7.848590038922871,7.933592819127811,7.971371832552228,7.810811025498451
300192.SZ,20220104,8.22,8.7,8.22,8.52,8.31,0.21,2.5271,147777.0,126000.513,3.567,8.046929859401065,7.76358725871793,8.216935419810946,7.76358725871793
300192.SZ,20220105,8.55,8.59,8.3,8.47,8.52,-0.05,-0.5869,91906.22,77530.4,3.567,7.999706092620542,8.075264119469379,8.113043132893797,7.839145285566766
300192.SZ,20220106,8.48,8.53,8.33,8.47,8.47,0.0,0.0,75093.0,63301.746,3.567,7.999706092620542,8.009150845976647,8.05637461275717,7.867479545635079
300192.SZ,20220107,8.5,8.59,8.17,8.18,8.47,-0.29,-3.4238,87634.52,73151.104,3.567,7.725808245293511,8.028040352688857,8.113043132893797,7.716363491937407
300192.SZ,20220110,8.18,8.41,8.0,8.38,8.18,0.2,2.445,85244.23,70672.524,3.567,7.914703312415602,7.725808245293511,7.943037572483915,7.555802684883629
300192.SZ,20220111,8.35,8.66,8.22,8.27,8.38,-0.11,-1.3126,70153.52,58780.267,3.567,7.810811025498451,7.886369052347288,8.179156406386529,7.76358725871793
300192.SZ,20220112,8.28,8.45,8.18,8.33,8.27,0.06,0.7255,62168.14,51794.007,3.567,7.867479545635079,7.8202557788545555,7.980816585908332,7.725808245293511
300192.SZ,20220113,8.32,8.55,8.28,8.33,8.33,0.0,0.0,78041.14,65613.112,3.567,7.867479545635079,7.858034792278974,8.075264119469379,7.8202557788545555
300192.SZ,20220114,8.37,8.45,8.08,8.08,8.33,-0.25,-3.0012,85252.07,70078.814,3.567,7.631360711732466,7.905258559059496,7.980816585908332,7.631360711732466
300192.SZ,20220117,8.1,8.36,8.01,8.34,8.08,0.26,3.2178,92138.74,75992.917,3.567,7.876924298991183,7.650250218444675,7.895813805703391,7.565247438239734
300192.SZ,20220118,8.39,8.41,7.85,7.85,8.34,-0.49,-5.8753,135173.0,108309.599,3.567,7.414131384542061,7.924148065771706,7.943037572483915,7.414131384542061
300192.SZ,20220119,7.78,8.26,7.78,8.07,7.85,0.22,2.8025,98831.0,79747.684,3.567,7.621915958376361,7.3480181110493294,7.801366272142347,7.3480181110493294
300192.SZ,20220120,8.06,8.06,7.65,7.71,8.07,-0.36,-4.461,80663.0,63132.624,3.567,7.281904837556597,7.612471205020257,7.612471205020257,7.225236317419971
300192.SZ,20220121,7.71,7.88,7.52,7.7,7.71,-0.01,-0.1297,61483.0,47092.768,3.567,7.2724600842004925,7.281904837556597,7.442465644610375,7.102454523790611
300192.SZ,20220124,7.29,7.3,6.71,6.9,7.7,-0.8,-10.3896,176889.53,122792.801,3.567,6.51687981571213,6.885225196600207,6.894669949956311,6.337429501946144
300192.SZ,20220125,6.87,6.9,6.52,6.56,6.9,-0.34,-4.9275,94168.07,62701.483,3.567,6.195758201604575,6.4885455556438165,6.51687981571213,6.157979188180158
300192.SZ,20220126,6.61,6.71,6.55,6.64,6.56,0.08,1.2195,52491.0,34795.14,3.567,6.271316228453411,6.242981968385099,6.337429501946144,6.186313448248471
300192.SZ,20220127,6.65,6.65,6.32,6.41,6.64,-0.23,-3.4639,75187.9,48415.5,3.567,6.054086901263008,6.280760981809517,6.280760981809517,5.969084121058067
300192.SZ,20220128,6.44,6.8,6.38,6.71,6.41,0.3,4.6802,61228.43,40737.913,3.567,6.337429501946144,6.082421161331322,6.422432282151084,6.0257526411946944
300192.SZ,20220207,6.79,6.84,6.53,6.69,6.71,-0.02,-0.2981,53480.0,35646.748,3.567,6.318539995233935,6.4129875287949805,6.460211295575503,6.167423941536263
300192.SZ,20220208,6.8,6.92,6.67,6.92,6.69,0.23,3.438,58513.0,40033.584,3.567,6.535769322424339,6.422432282151084,6.535769322424339,6.299650488521726
300192.SZ,20220209,6.9,7.05,6.83,7.01,6.92,0.09,1.3006,46591.0,32394.886,3.567,6.62077210262928,6.51687981571213,6.658551116053697,6.450766542219398
300192.SZ,20220210,6.93,7.06,6.86,6.92,7.01,-0.09,-1.2839,40864.0,28242.185,3.567,6.535769322424339,6.545214075780444,6.667995869409802,6.479100802287713
300192.SZ,20220211,6.87,6.91,6.64,6.68,6.92,-0.24,-3.4682,55129.0,37200.27,3.567,6.309095241877831,6.4885455556438165,6.526324569068234,6.271316228453411
300192.SZ,20220214,6.68,6.88,6.67,6.75,6.68,0.07,1.0479,44124.0,29909.344,3.567,6.375208515370561,6.309095241877831,6.497990308999921,6.299650488521726
300192.SZ,20220215,6.79,7.19,6.65,6.92,6.75,0.17,2.5185,136099.57,93833.4,3.567,6.535769322424339,6.4129875287949805,6.790777663039162,6.280760981809517
300192.SZ,20220216,6.96,7.23,6.92,7.04,6.92,0.12,1.7341,122526.95,86176.032,3.567,6.6491063626975935,6.573548335848757,6.82855667646358,6.535769322424339
300192.SZ,20220217,6.98,7.12,6.82,6.9,7.04,-0.14,-1.9886,101951.43,71038.492,3.567,6.51687981571213,6.592437842560966,6.7246643895464295,6.441321788863293
300192.SZ,20220218,6.82,6.98,6.81,6.95,6.9,0.05,0.7246,51430.17,35516.856,3.567,6.5641035824926535,6.441321788863293,6.592437842560966,6.431877035507189
300192.SZ,20220221,6.92,7.29,6.88,7.21,6.95,0.26,3.741,96209.0,68508.679,3.567,6.80966716975137,6.535769322424339,6.885225196600207,6.497990308999921
300192.SZ,20220222,7.12,7.2,7.02,7.09,7.21,-0.12,-1.6644,74695.23,52934.618,3.567,6.696330129478116,6.7246643895464295,6.8002224163952665,6.630216855985385
300192.SZ,20220223,7.09,8.2,7.09,7.57,7.09,0.48,6.7701,336564.75,256697.343,3.567,7.149678290571134,6.696330129478116,7.7446977520057185,6.696330129478116
300192.SZ,20220224,7.6,7.6,7.0,7.13,7.57,-0.44,-5.8124,249319.0,183097.759,3.567,6.734109142902534,7.178012550639448,7.178012550639448,6.611327349273175
300192.SZ,20220225,7.21,7.33,7.1,7.15,7.13,0.02,0.2805,97825.52,70331.256,3.567,6.752998649614744,6.80966716975137,6.923004210024625,6.705774882834221
300192.SZ,20220228,7.16,7.16,6.84,7.0,7.15,-0.15,-2.0979,92491.0,64410.524,3.567,6.611327349273175,6.762443402970848,6.762443402970848,6.460211295575503
300192.SZ,20220301,6.98,7.33,6.98,7.25,7.0,0.25,3.5714,112552.04,81026.516,3.567,6.847446183175789,6.592437842560966,6.923004210024625,6.592437842560966
300192.SZ,20220302,7.16,7.39,7.15,7.35,7.25,0.1,1.3793,110931.81,81261.932,3.567,6.941893716736834,6.762443402970848,6.979672730161252,6.752998649614744
300192.SZ,20220303,7.46,7.46,7.14,7.23,7.35,-0.12,-1.6327,74955.77,54451.373,3.567,6.82855667646358,7.045786003653984,7.045786003653984,6.743553896258638
300192.SZ,20220304,7.18,7.46,7.12,7.23,7.23,0.0,0.0,106926.0,77783.757,3.567,6.82855667646358,6.781332909683058,7.045786003653984,6.7246643895464295
300192.SZ,20220307,7.09,7.77,7.03,7.47,7.23,0.24,3.3195,241074.18,179763.598,3.567,7.055230757010088,6.696330129478116,7.338573357693224,6.6396616093414895
300192.SZ,20220308,7.49,7.55,6.91,6.92,7.47,-0.55,-7.3628,207649.41,148262.221,3.567,6.535769322424339,7.074120263722298,7.130788783858924,6.526324569068234
300192.SZ,20220309,6.95,7.11,6.43,6.64,6.92,-0.28,-4.0462,141748.0,95493.469,3.567,6.271316228453411,6.5641035824926535,6.715219636190326,6.072976407975217
300192.SZ,20220310,6.83,7.11,6.8,6.92,6.64,0.28,4.2169,146165.31,102168.806,3.567,6.535769322424339,6.450766542219398,6.715219636190326,6.422432282151084
300192.SZ,20220311,6.91,7.08,6.75,7.06,6.92,0.14,2.0231,93270.52,64494.976,3.567,6.667995869409802,6.526324569068234,6.686885376122012,6.375208515370561
300192.SZ,20220314,7.0,7.29,6.79,6.81,7.06,-0.25,-3.5411,102325.0,71739.955,3.567,6.431877035507189,6.611327349273175,6.885225196600207,6.4129875287949805
300192.SZ,20220315,6.71,6.89,6.37,6.39,6.81,-0.42,-6.1674,107381.39,71068.4,3.567,6.035197394550798,6.337429501946144,6.507435062356025,6.01630788783859
300192.SZ,20220316,6.48,6.56,6.21,6.55,6.39,0.16,2.5039,90519.39,58047.237,3.567,6.186313448248471,6.120200174755739,6.195758201604575,5.865191834140917
300192.SZ,20220317,6.59,6.87,6.49,6.65,6.55,0.1,1.5267,101281.0,68153.58,3.567,6.280760981809517,6.22409246167289,6.4885455556438165,6.129644928111844
300192.SZ,20220318,6.59,6.79,6.59,6.77,6.65,0.12,1.8045,80419.0,54192.794,3.567,6.394098022082771,6.22409246167289,6.4129875287949805,6.22409246167289
300192.SZ,20220321,6.75,6.82,6.65,6.73,6.77,-0.04,-0.5908,52324.0,35200.304,3.567,6.356319008658353,6.375208515370561,6.441321788863293,6.280760981809517
300192.SZ,20220322,6.68,6.7,6.51,6.66,6.73,-0.07,-1.0401,65288.0,43120.327,3.567,6.290205735165622,6.309095241877831,6.32798474859004,6.148534434824053
300192.SZ,20220323,6.66,6.73,6.59,6.64,6.66,-0.02,-0.3003,55377.9,36804.622,3.567,6.271316228453411,6.290205735165622,6.356319008658353,6.22409246167289
300192.SZ,20220324,6.68,6.82,6.48,6.53,6.64,-0.11,-1.6566,76871.0,50644.94,3.567,6.167423941536263,6.309095241877831,6.441321788863293,6.120200174755739
300192.SZ,20220325,6.68,6.82,6.6,6.65,6.53,0.12,1.8377,94977.0,63530.612,3.567,6.280760981809517,6.309095241877831,6.441321788863293,6.233537215028994
300192.SZ,20220328,6.61,6.79,6.43,6.7,6.65,0.05,0.7519,63166.0,41813.337,3.567,6.32798474859004,6.242981968385099,6.4129875287949805,6.072976407975217
300192.SZ,20220329,6.62,6.73,6.47,6.48,6.7,-0.22,-3.2836,59725.0,39200.854,3.567,6.120200174755739,6.252426721741203,6.356319008658353,6.1107554213996345
300192.SZ,20220330,6.52,6.59,6.4,6.56,6.48,0.08,1.2346,44588.0,28983.377,3.567,6.195758201604575,6.157979188180158,6.22409246167289,6.044642147906903
300192.SZ,20220331,6.51,6.59,6.42,6.51,6.56,-0.05,-0.7622,49536.0,32306.654,3.567,6.148534434824053,6.148534434824053,6.22409246167289,6.063531654619112
300192.SZ,20220401,6.45,6.64,6.34,6.5,6.51,-0.01,-0.1536,87563.0,56525.822,3.567,6.139089681467949,6.0918659146874266,6.271316228453411,5.987973627770276
300192.SZ,20220406,6.65,7.17,6.63,6.87,6.5,0.37,5.6923,257225.57,179371.928,3.567,6.4885455556438165,6.280760981809517,6.771888156326953,6.261871475097308
300192.SZ,20220407,6.96,7.03,6.66,6.67,6.87,-0.2,-2.9112,124521.77,84683.224,3.567,6.299650488521726,6.573548335848757,6.6396616093414895,6.290205735165622
300192.SZ,20220408,6.69,6.75,6.35,6.44,6.67,-0.23,-3.4483,123468.33,79424.553,3.567,6.082421161331322,6.318539995233935,6.375208515370561,5.99741838112638
300192.SZ,20220411,6.38,6.43,6.12,6.18,6.44,-0.26,-4.0373,70898.5,44460.81,3.567,5.836857574072604,6.0257526411946944,6.072976407975217,5.780189053935976
300192.SZ,20220412,6.2,6.45,6.06,6.41,6.18,0.23,3.7217,79069.99,49410.661,3.567,6.054086901263008,5.855747080784813,6.0918659146874266,5.723520533799348
300192.SZ,20220413,6.31,6.35,6.15,6.18,6.41,-0.23,-3.5881,61634.98,38415.823,3.567,5.836857574072604,5.959639367701962,5.99741838112638,5.80852331400429
300192.SZ,20220414,6.2,6.31,6.16,6.19,6.18,0.01,0.1618,42063.41,26131.863,3.567,5.846302327428708,5.855747080784813,5.959639367701962,5.817968067360395
300192.SZ,20220415,6.2,6.2,5.86,5.88,6.19,-0.31,-5.0081,76353.41,45590.598,3.567,5.553514973389468,5.855747080784813,5.855747080784813,5.534625466677259
300192.SZ,20220418,5.87,5.95,5.7,5.93,5.88,0.05,0.8503,38472.18,22578.644,3.567,5.60073874016999,5.544070220033363,5.6196282468822,5.383509412979586
300192.SZ,20220419,5.88,6.02,5.83,5.96,5.93,0.03,0.5059,32378.0,19215.423,3.567,5.629073000238304,5.553514973389468,5.685741520374931,5.506291206608944
300192.SZ,20220420,6.02,6.1,5.92,5.97,5.96,0.01,0.1678,44614.0,26797.918,3.567,5.638517753594408,5.685741520374931,5.761299547223767,5.591293986813885
300192.SZ,20220421,6.08,6.27,5.76,5.78,5.97,-0.19,-3.1826,68322.66,41025.44,3.567,5.459067439828422,5.742410040511558,5.921860354277544,5.440177933116212
300192.SZ,20220422,5.69,5.7,5.41,5.53,5.78,-0.25,-4.3253,63190.0,35252.42,3.567,5.222948605925809,5.374064659623481,5.383509412979586,5.109611565652554
300192.SZ,20220425,5.52,5.52,4.94,4.95,5.53,-0.58,-10.4882,70997.66,36668.755,3.567,4.675152911271746,5.213503852569704,5.213503852569704,4.665708157915642
300192.SZ,20220426,4.87,5.09,4.72,4.74,4.95,-0.21,-4.2424,48854.83,23975.975,3.567,4.47681309079355,4.59959488442291,4.807379458257209,4.457923584081341
300192.SZ,20220427,4.69,4.98,4.6,4.97,4.74,0.23,4.8523,71504.0,34428.522,3.567,4.694042417983954,4.429589324013028,4.7034871713400594,4.344586543808087
300192.SZ,20220428,4.92,5.07,4.85,4.94,4.97,-0.03,-0.6036,72105.0,35897.562,3.567,4.665708157915642,4.646818651203431,4.788489951545,4.580705377710699
300192.SZ,20220429,4.91,5.33,4.91,5.25,4.94,0.31,6.2753,74235.33,38613.167,3.567,4.958495511954882,4.637373897847327,5.034053538803717,4.637373897847327
300192.SZ,20220505,5.22,5.36,5.12,5.28,5.25,0.03,0.5714,54788.0,28908.124,3.567,4.986829772023196,4.930161251886568,5.062387798872032,4.835713718325523
300192.SZ,20220506,5.16,5.34,5.15,5.24,5.28,-0.04,-0.7576,37415.0,19654.442,3.567,4.949050758598777,4.873492731749941,5.043498292159822,4.864047978393836
300192.SZ,20220509,5.22,5.37,5.2,5.33,5.24,0.09,1.7176,25890.0,13784.278,3.567,5.034053538803717,4.930161251886568,5.071832552228137,4.911271745174359
300192.SZ,20220510,5.29,5.51,5.22,5.48,5.33,0.15,2.8143,50560.0,27209.414,3.567,5.175724839145286,4.9962745253793,5.204059099213599,4.930161251886568
300192.SZ,20220511,5.48,5.58,5.37,5.38,5.48,-0.1,-1.8248,48370.24,26572.026,3.567,5.081277305584241,5.175724839145286,5.270172372706331,5.071832552228137
300192.SZ,20220512,5.4,5.51,5.26,5.47,5.38,0.09,1.6729,48414.34,26047.601,3.567,5.166280085789181,5.100166812296449,5.204059099213599,4.967940265310985
300192.SZ,20220513,5.45,5.58,5.31,5.54,5.47,0.07,1.2797,55529.34,30348.859,3.567,5.232393359281913,5.147390579076973,5.270172372706331,5.0151640320915085
300192.SZ,20220516,5.54,5.62,5.47,5.53,5.54,-0.01,-0.1805,55903.0,30905.946,3.567,5.222948605925809,5.232393359281913,5.307951386130749,5.166280085789181
300192.SZ,20220517,5.47,5.51,5.34,5.4,5.53,-0.13,-2.3508,49811.0,26896.457,3.567,5.100166812296449,5.166280085789181,5.204059099213599,5.043498292159822
300192.SZ,20220518,5.36,5.67,5.35,5.55,5.4,0.15,2.7778,70081.0,39019.433,3.567,5.241838112638018,5.062387798872032,5.355175152911272,5.052943045515926
300192.SZ,20220519,5.44,5.74,5.41,5.6,5.55,0.05,0.9009,77137.74,43374.321,3.567,5.28906187941854,5.137945825720868,5.421288426404004,5.109611565652554
300192.SZ,20220520,5.7,5.85,5.59,5.62,5.6,0.02,0.3571,58078.0,33175.91,3.567,5.307951386130749,5.383509412979586,5.525180713321153,5.279617126062436
300192.SZ,20220523,5.65,5.81,5.64,5.72,5.62,0.1,1.7794,42624.16,24381.565,3.567,5.4023989196917945,5.336285646199063,5.487401699896735,5.326840892842959
300192.SZ,20220524,5.72,5.76,5.43,5.43,5.72,-0.29,-5.0699,45562.0,25406.509,3.567,5.128501072364763,5.4023989196917945,5.440177933116212,5.128501072364763
300192.SZ,20220525,5.41,5.61,5.41,5.57,5.43,0.14,2.5783,32363.0,17951.65,3.567,5.260727619350227,5.109611565652554,5.298506632774645,5.109611565652554
300192.SZ,20220526,5.65,5.65,5.42,5.61,5.57,0.04,0.7181,30038.0,16613.399,3.567,5.298506632774645,5.336285646199063,5.336285646199063,5.119056319008658
300192.SZ,20220527,5.67,6.16,5.51,5.88,5.61,0.27,4.8128,168758.68,99315.899,3.567,5.553514973389468,5.355175152911272,5.817968067360395,5.204059099213599
300192.SZ,20220530,5.84,6.11,5.63,5.92,5.88,0.04,0.6803,165163.0,96242.206,3.567,5.591293986813885,5.515735959965049,5.770744300579872,5.317396139486854
300192.SZ,20220531,5.9,5.95,5.7,5.81,5.92,-0.11,-1.8581,88859.02,51537.707,3.567,5.487401699896735,5.572404480101676,5.6196282468822,5.383509412979586
300192.SZ,20220601,5.78,5.86,5.66,5.69,5.81,-0.12,-2.0654,58366.16,33524.379,3.567,5.374064659623481,5.459067439828422,5.534625466677259,5.345730399555168
300192.SZ,20220602,5.69,5.72,5.55,5.68,5.69,-0.01,-0.1757,41836.0,23616.835,3.567,5.364619906267377,5.374064659623481,5.4023989196917945,5.241838112638018
300192.SZ,20220606,5.67,5.8,5.62,5.78,5.68,0.1,1.7606,40848.0,23508.308,3.567,5.459067439828422,5.355175152911272,5.477956946540632,5.307951386130749
300192.SZ,20220607,5.79,5.95,5.69,5.81,5.78,0.03,0.519,90731.24,52716.063,3.567,5.487401699896735,5.468512193184527,5.6196282468822,5.374064659623481
300192.SZ,20220608,5.81,5.98,5.77,5.95,5.81,0.14,2.4096,111396.24,65681.313,3.567,5.6196282468822,5.487401699896735,5.647962506950513,5.449622686472317
300192.SZ,20220609,5.96,5.99,5.61,5.61,5.95,-0.34,-5.7143,85136.02,49009.815,3.567,5.298506632774645,5.629073000238304,5.657407260306617,5.298506632774645
300192.SZ,20220610,5.6,5.83,5.58,5.69,5.61,0.08,1.426,67111.0,38234.701,3.567,5.374064659623481,5.28906187941854,5.506291206608944,5.270172372706331
300192.SZ,20220613,5.71,6.14,5.63,6.01,5.69,0.32,5.6239,195736.66,116806.635,3.567,5.676296767018826,5.39295416633569,5.7990785606481845,5.317396139486854
300192.SZ,20220614,5.88,5.99,5.64,5.81,6.01,-0.2,-3.3278,135693.0,78572.065,3.567,5.487401699896735,5.553514973389468,5.657407260306617,5.326840892842959
300192.SZ,20220615,5.86,6.28,5.86,6.03,5.81,0.22,3.7866,240959.0,147201.117,3.567,5.695186273731036,5.534625466677259,5.931305107633649,5.534625466677259
300192.SZ,20220616,6.14,7.24,6.12,7.24,6.03,1.21,20.0663,574947.2,396096.184,3.567,6.838001429819685,5.7990785606481845,6.838001429819685,5.780189053935976
300192.SZ,20220617,7.06,7.46,6.72,6.85,7.24,-0.39,-5.3867,533147.05,372088.095,3.567,6.469656048931607,6.667995869409802,7.045786003653984,6.346874255302248
300192.SZ,20220620,6.76,7.64,6.5,7.21,6.85,0.36,5.2555,524846.71,365900.903,3.567,6.80966716975137,6.384653268726666,7.215791564063865,6.139089681467949
300192.SZ,20220621,6.89,6.9,6.45,6.52,7.21,-0.69,-9.57,324930.5,216294.817,3.567,6.157979188180158,6.507435062356025,6.51687981571213,6.0918659146874266
300192.SZ,20220622,6.53,6.7,6.35,6.37,6.52,-0.15,-2.3006,196496.11,127427.035,3.567,6.01630788783859,6.167423941536263,6.32798474859004,5.99741838112638
300192.SZ,20220623,6.35,6.48,6.24,6.33,6.37,-0.04,-0.6279,159161.02,100514.724,3.567,5.978528874414171,5.99741838112638,6.120200174755739,5.893526094209231
300192.SZ,20220624,6.35,6.38,6.2,6.24,6.33,-0.09,-1.4218,117132.0,73403.66,3.567,5.893526094209231,5.99741838112638,6.0257526411946944,5.855747080784813
300192.SZ,20220627,6.25,6.35,6.19,6.28,6.24,0.04,0.641,124270.28,77940.402,3.567,5.931305107633649,5.902970847565336,5.99741838112638,5.846302327428708
300192.SZ,20220628,6.24,6.31,6.17,6.26,6.28,-0.02,-0.3185,97809.28,60992.46,3.567,5.912415600921439,5.893526094209231,5.959639367701962,5.827412820716499
300192.SZ,20220629,6.25,6.32,6.15,6.15,6.26,-0.11,-1.7572,131061.0,81928.238,3.567,5.80852331400429,5.902970847565336,5.969084121058067,5.80852331400429
300192.SZ,20220630,6.15,6.39,6.12,6.23,6.15,0.08,1.3008,128485.02,80304.426,3.567,5.884081340853127,5.80852331400429,6.035197394550798,5.780189053935976
300192.SZ,20220701,6.18,6.2,5.98,6.0,6.23,-0.23,-3.6918,112370.0,67811.78,3.567,5.666852013662722,5.836857574072604,5.855747080784813,5.647962506950513
300192.SZ,20220704,6.01,6.09,5.97,6.02,6.0,0.02,0.3333,67533.0,40657.069,3.567,5.685741520374931,5.676296767018826,5.751854793867663,5.638517753594408
300192.SZ,20220705,6.01,6.05,5.85,5.91,6.02,-0.11,-1.8272,68012.0,40334.067,3.567,5.581849233457781,5.676296767018826,5.714075780443244,5.525180713321153
300192.SZ,20220706,5.97,6.06,5.84,5.88,5.91,-0.03,-0.5076,50991.22,30272.696,3.567,5.553514973389468,5.638517753594408,5.723520533799348,5.515735959965049
300192.SZ,20220707,5.86,6.03,5.83,5.92,5.88,0.04,0.6803,84214.02,49751.666,3.567,5.591293986813885,5.534625466677259,5.695186273731036,5.506291206608944
300192.SZ,20220708,5.9,5.95,5.85,5.92,5.92,0.0,0.0,50628.02,29935.857,3.567,5.591293986813885,5.572404480101676,5.6196282468822,5.525180713321153
300192.SZ,20220711,5.89,5.92,5.75,5.78,5.92,-0.14,-2.3649,56487.0,32857.635,3.567,5.459067439828422,5.562959726745572,5.591293986813885,5.430733179760108
300192.SZ,20220712,5.81,5.93,5.79,5.83,5.78,0.05,0.8651,59694.52,34984.86,3.567,5.506291206608944,5.487401699896735,5.60073874016999,5.468512193184527
300192.SZ,20220713,5.83,5.93,5.8,5.93,5.83,0.1,1.7153,42063.02,24762.95,3.567,5.60073874016999,5.506291206608944,5.60073874016999,5.477956946540632
300192.SZ,20220714,5.94,5.94,5.79,5.82,5.93,-0.11,-1.855,49438.0,29016.82,3.567,5.49684645325284,5.610183493526095,5.610183493526095,5.468512193184527
300192.SZ,20220715,5.82,5.82,5.6,5.6,5.82,-0.22,-3.7801,59083.0,33532.571,3.567,5.28906187941854,5.49684645325284,5.49684645325284,5.28906187941854
300192.SZ,20220718,5.61,5.87,5.61,5.85,5.6,0.25,4.4643,71198.75,41367.494,3.567,5.525180713321153,5.298506632774645,5.544070220033363,5.298506632774645
300192.SZ,20220719,5.87,5.97,5.83,5.95,5.85,0.1,1.7094,50022.46,29604.157,3.567,5.6196282468822,5.544070220033363,5.638517753594408,5.506291206608944
300192.SZ,20220720,5.94,6.0,5.91,5.99,5.95,0.04,0.6723,41954.0,25041.429,3.567,5.657407260306617,5.610183493526095,5.666852013662722,5.581849233457781
300192.SZ,20220721,5.98,6.06,5.93,6.0,5.99,0.01,0.1669,48438.02,29049.405,3.567,5.666852013662722,5.647962506950513,5.723520533799348,5.60073874016999
300192.SZ,20220722,6.04,6.04,5.88,5.95,6.0,-0.05,-0.8333,36222.5,21577.499,3.567,5.6196282468822,5.70463102708714,5.70463102708714,5.553514973389468
300192.SZ,20220725,5.95,6.03,5.91,5.92,5.95,-0.03,-0.5042,37202.0,22234.287,3.567,5.591293986813885,5.6196282468822,5.695186273731036,5.581849233457781
300192.SZ,20220726,6.01,6.06,5.91,6.01,5.92,0.09,1.5203,42801.9,25626.614,3.567,5.676296767018826,5.676296767018826,5.723520533799348,5.581849233457781
300192.SZ,20220727,5.99,6.05,5.96,6.02,6.01,0.01,0.1664,45963.15,27684.073,3.567,5.685741520374931,5.657407260306617,5.714075780443244,5.629073000238304
300192.SZ,20220728,6.04,6.09,6.02,6.06,6.02,0.04,0.6645,43212.0,26171.679,3.567,5.723520533799348,5.70463102708714,5.751854793867663,5.685741520374931
300192.SZ,20220729,6.1,6.1,6.01,6.02,6.06,-0.04,-0.6601,30664.0,18494.516,3.567,5.685741520374931,5.761299547223767,5.761299547223767,5.676296767018826
300192.SZ,20220801,6.0,6.05,5.95,6.02,6.02,0.0,0.0,30846.0,18459.073,3.567,5.685741520374931,5.666852013662722,5.714075780443244,5.6196282468822
300192.SZ,20220802,6.01,6.01,5.6,5.65,6.02,-0.37,-6.1462,63873.0,36432.682,3.567,5.336285646199063,5.676296767018826,5.676296767018826,5.28906187941854
300192.SZ,20220803,5.65,5.82,5.62,5.64,5.65,-0.01,-0.177,39256.0,22475.653,3.567,5.326840892842959,5.336285646199063,5.49684645325284,5.307951386130749
300192.SZ,20220804,5.64,5.81,5.64,5.8,5.64,0.16,2.8369,37841.0,21634.619,3.567,5.477956946540632,5.326840892842959,5.487401699896735,5.326840892842959
300192.SZ,20220805,5.84,5.87,5.76,5.84,5.8,0.04,0.6897,29828.0,17338.126,3.567,5.515735959965049,5.515735959965049,5.544070220033363,5.440177933116212
300192.SZ,20220808,5.85,5.88,5.74,5.81,5.84,-0.03,-0.5137,26853.0,15597.301,3.567,5.487401699896735,5.525180713321153,5.553514973389468,5.421288426404004
300192.SZ,20220809,5.81,5.88,5.75,5.81,5.81,0.0,0.0,29602.52,17144.574,3.567,5.487401699896735,5.487401699896735,5.553514973389468,5.430733179760108
300192.SZ,20220810,5.83,5.83,5.72,5.77,5.81,-0.04,-0.6885,22788.6,13132.688,3.567,5.449622686472317,5.506291206608944,5.506291206608944,5.4023989196917945
300192.SZ,20220811,5.77,5.94,5.77,5.89,5.77,0.12,2.0797,46978.0,27627.528,3.567,5.562959726745572,5.449622686472317,5.610183493526095,5.449622686472317
300192.SZ,20220812,5.93,5.94,5.86,5.9,5.89,0.01,0.1698,28843.0,17033.287,3.567,5.572404480101676,5.60073874016999,5.610183493526095,5.534625466677259
300192.SZ,20220815,5.9,5.98,5.79,5.96,5.9,0.06,1.0169,48756.5,28720.811,3.567,5.629073000238304,5.572404480101676,5.647962506950513,5.468512193184527
300192.SZ,20220816,5.96,6.02,5.92,5.98,5.96,0.02,0.3356,32416.95,19322.286,3.567,5.647962506950513,5.629073000238304,5.685741520374931,5.591293986813885
300192.SZ,20220817,5.99,6.07,5.97,6.03,5.98,0.05,0.8361,50636.0,30528.005,3.567,5.695186273731036,5.657407260306617,5.732965287155454,5.638517753594408
300192.SZ,20220818,6.04,6.06,5.9,5.95,6.03,-0.08,-1.3267,32240.6,19150.981,3.567,5.6196282468822,5.70463102708714,5.723520533799348,5.572404480101676
300192.SZ,20220819,5.93,6.19,5.92,6.03,5.95,0.08,1.3445,76949.02,46755.021,3.567,5.695186273731036,5.60073874016999,5.846302327428708,5.591293986813885
300192.SZ,20220822,6.03,6.13,5.88,6.09,6.03,0.06,0.995,61545.2,37244.875,3.567,5.751854793867663,5.695186273731036,5.7896338072920805,5.553514973389468
300192.SZ,20220823,6.07,6.15,6.05,6.11,6.09,0.02,0.3284,44607.37,27168.432,3.567,5.770744300579872,5.732965287155454,5.80852331400429,5.714075780443244
300192.SZ,20220824,6.11,6.13,5.93,5.93,6.11,-0.18,-2.946,44669.02,26814.503,3.567,5.60073874016999,5.770744300579872,5.7896338072920805,5.60073874016999
300192.SZ,20220825,5.93,6.0,5.76,5.84,5.93,-0.09,-1.5177,39692.0,23198.772,3.567,5.515735959965049,5.60073874016999,5.666852013662722,5.440177933116212
300192.SZ,20220826,5.83,6.02,5.8,5.86,5.84,0.02,0.3425,46614.04,27591.529,3.567,5.534625466677259,5.506291206608944,5.685741520374931,5.477956946540632
300192.SZ,20220829,5.77,5.91,5.71,5.9,5.86,0.04,0.6826,36801.9,21452.855,3.567,5.572404480101676,5.449622686472317,5.581849233457781,5.39295416633569
300192.SZ,20220830,5.86,6.08,5.86,6.08,5.9,0.18,3.0508,76203.06,45855.28,3.567,5.742410040511558,5.534625466677259,5.742410040511558,5.534625466677259
300192.SZ,20220831,6.06,6.1,5.94,6.01,6.08,-0.07,-1.1513,61052.95,36651.081,3.567,5.676296767018826,5.723520533799348,5.761299547223767,5.610183493526095
300192.SZ,20220901,5.99,6.15,5.9,5.94,6.01,-0.07,-1.1647,92245.0,55459.317,3.567,5.610183493526095,5.657407260306617,5.80852331400429,5.572404480101676
300192.SZ,20220902,5.95,6.04,5.91,6.03,5.94,0.09,1.5152,65141.0,39024.86,3.567,5.695186273731036,5.6196282468822,5.70463102708714,5.581849233457781
300192.SZ,20220905,6.05,6.15,5.91,6.01,6.03,-0.02,-0.3317,56450.0,33840.765,3.567,5.676296767018826,5.714075780443244,5.80852331400429,5.581849233457781
300192.SZ,20220906,6.02,6.06,5.92,5.98,6.01,-0.03,-0.4992,52705.13,31509.83,3.567,5.647962506950513,5.685741520374931,5.723520533799348,5.591293986813885
300192.SZ,20220907,5.98,5.98,5.84,5.91,5.98,-0.07,-1.1706,58070.05,34214.72,3.567,5.581849233457781,5.647962506950513,5.647962506950513,5.515735959965049
300192.SZ,20220908,5.91,5.97,5.78,5.81,5.91,-0.1,-1.692,46541.0,27247.63,3.567,5.487401699896735,5.581849233457781,5.638517753594408,5.459067439828422
300192.SZ,20220909,5.8,5.82,5.73,5.77,5.81,-0.04,-0.6885,33808.0,19482.535,3.567,5.449622686472317,5.477956946540632,5.49684645325284,5.4118436730479
300192.SZ,20220913,5.77,5.93,5.75,5.81,5.77,0.04,0.6932,39028.0,22818.461,3.567,5.487401699896735,5.449622686472317,5.60073874016999,5.430733179760108
300192.SZ,20220914,5.75,5.79,5.67,5.75,5.81,-0.06,-1.0327,32967.0,18899.031,3.567,5.430733179760108,5.430733179760108,5.468512193184527,5.355175152911272
300192.SZ,20220915,5.75,5.78,5.54,5.62,5.75,-0.13,-2.2609,42645.0,24109.131,3.567,5.307951386130749,5.430733179760108,5.459067439828422,5.232393359281913
300192.SZ,20220916,5.61,5.65,5.41,5.42,5.62,-0.2,-3.5587,45391.0,25021.669,3.567,5.119056319008658,5.298506632774645,5.336285646199063,5.109611565652554
300192.SZ,20220919,5.45,5.45,5.3,5.35,5.42,-0.07,-1.2915,34492.22,18504.821,3.567,5.052943045515926,5.147390579076973,5.147390579076973,5.005719278735405
300192.SZ,20220920,5.35,5.49,5.35,5.46,5.35,0.11,2.0561,30696.0,16702.821,3.567,5.156835332433078,5.052943045515926,5.18516959250139,5.052943045515926
300192.SZ,20220921,5.45,5.53,5.33,5.53,5.46,0.07,1.2821,33092.2,17992.416,3.567,5.222948605925809,5.147390579076973,5.222948605925809,5.034053538803717
300192.SZ,20220922,5.43,5.55,5.38,5.4,5.53,-0.13,-2.3508,30485.0,16615.487,3.567,5.100166812296449,5.128501072364763,5.241838112638018,5.081277305584241
300192.SZ,20220923,5.38,5.4,5.21,5.21,5.4,-0.19,-3.5185,33448.42,17683.641,3.567,4.920716498530464,5.081277305584241,5.100166812296449,4.920716498530464
300192.SZ,20220926,5.2,5.2,5.01,5.03,5.21,-0.18,-3.4549,34280.0,17467.497,3.567,4.750710938120583,4.911271745174359,4.911271745174359,4.731821431408372
300192.SZ,20220927,5.08,5.29,5.04,5.28,5.03,0.25,4.9702,50779.46,26355.295,3.567,4.986829772023196,4.797934704901104,4.9962745253793,4.760155691476686
300192.SZ,20220928,5.31,5.31,5.11,5.11,5.28,-0.17,-3.2197,36572.59,19040.263,3.567,4.826268964969418,5.0151640320915085,5.0151640320915085,4.826268964969418
300192.SZ,20220929,5.23,5.24,5.0,5.04,5.11,-0.07,-1.3699,34629.0,17719.642,3.567,4.760155691476686,4.939606005242673,4.949050758598777,4.722376678052268
300192.SZ,20220930,5.07,5.12,5.01,5.05,5.04,0.01,0.1984,28197.27,14295.278,3.567,4.769600444832791,4.788489951545,4.835713718325523,4.731821431408372
300192.SZ,20221010,5.08,5.1,4.9,4.9,5.05,-0.15,-2.9703,30163.77,14998.804,3.567,4.627929144491223,4.797934704901104,4.816824211613313,4.627929144491223
300192.SZ,20221011,4.91,4.96,4.8,4.96,4.9,0.06,1.2245,29244.05,14278.553,3.567,4.684597664627851,4.637373897847327,4.684597664627851,4.533481610930178
300192.SZ,20221012,4.95,5.06,4.87,5.05,4.96,0.09,1.8145,28197.2,13983.442,3.567,4.769600444832791,4.675152911271746,4.779045198188895,4.59959488442291
300192.SZ,20221013,5.05,5.2,5.01,5.14,5.05,0.09,1.7822,38490.01,19672.589,3.567,4.854603225037732,4.769600444832791,4.911271745174359,4.731821431408372
300192.SZ,20221014,5.15,5.47,5.15,5.4,5.14,0.26,5.0584,63837.0,34153.714,3.567,5.100166812296449,4.864047978393836,5.166280085789181,4.864047978393836
300192.SZ,20221017,5.36,6.48,5.35,6.48,5.4,1.08,20.0,305192.52,187474.372,3.567,6.120200174755739,5.062387798872032,6.120200174755739,5.052943045515926
300192.SZ,20221018,6.56,6.59,6.07,6.21,6.48,-0.27,-4.1667,428999.62,268044.848,3.567,5.865191834140917,6.195758201604575,6.22409246167289,5.732965287155454
300192.SZ,20221019,6.11,6.29,5.97,6.05,6.21,-0.16,-2.5765,263390.53,161007.791,3.567,5.714075780443244,5.770744300579872,5.9407498609897536,5.638517753594408
300192.SZ,20221020,6.0,6.12,5.85,5.86,6.05,-0.19,-3.1405,186480.2,111204.552,3.567,5.534625466677259,5.666852013662722,5.780189053935976,5.525180713321153
300192.SZ,20221021,5.89,6.24,5.81,6.06,5.86,0.2,3.413,267584.97,161560.331,3.567,5.723520533799348,5.562959726745572,5.893526094209231,5.487401699896735
300192.SZ,20221024,6.0,6.15,5.73,5.77,6.06,-0.29,-4.7855,195542.0,116329.191,3.567,5.449622686472317,5.666852013662722,5.80852331400429,5.4118436730479
300192.SZ,20221025,5.77,5.84,5.52,5.59,5.77,-0.18,-3.1196,122030.58,68557.641,3.567,5.279617126062436,5.449622686472317,5.515735959965049,5.213503852569704
300192.SZ,20221026,5.56,5.98,5.56,5.8,5.59,0.21,3.7567,140522.0,82146.356,3.567,5.477956946540632,5.2512828659941215,5.647962506950513,5.2512828659941215
300192.SZ,20221027,6.06,6.36,6.01,6.01,5.8,0.21,3.6207,235709.23,145327.812,3.567,5.676296767018826,5.723520533799348,6.006863134482486,5.676296767018826
300192.SZ,20221028,5.99,6.14,5.81,5.84,6.01,-0.17,-2.8286,151671.5,90255.201,3.567,5.515735959965049,5.657407260306617,5.7990785606481845,5.487401699896735
300192.SZ,20221031,5.73,5.95,5.72,5.83,5.84,-0.01,-0.1712,105008.0,61411.438,3.567,5.506291206608944,5.4118436730479,5.6196282468822,5.4023989196917945
300192.SZ,20221101,5.9,6.1,5.84,6.1,5.83,0.27,4.6312,108951.25,65192.554,3.567,5.761299547223767,5.572404480101676,5.761299547223767,5.515735959965049
300192.SZ,20221102,6.03,6.26,6.02,6.12,6.1,0.02,0.3279,126757.0,77942.02,3.567,5.780189053935976,5.695186273731036,5.912415600921439,5.685741520374931
300192.SZ,20221103,6.04,6.24,5.92,6.14,6.12,0.02,0.3268,116308.0,70582.811,3.567,5.7990785606481845,5.70463102708714,5.893526094209231,5.591293986813885
300192.SZ,20221104,6.1,6.32,6.1,6.23,6.14,0.09,1.4658,126200.25,78702.557,3.567,5.884081340853127,5.761299547223767,5.969084121058067,5.761299547223767
300192.SZ,20221107,6.21,6.37,6.19,6.33,6.23,0.1,1.6051,114410.96,72096.835,3.567,5.978528874414171,5.865191834140917,6.01630788783859,5.846302327428708
300192.SZ,20221108,6.33,6.33,6.17,6.26,6.33,-0.07,-1.1058,75575.95,47148.322,3.567,5.912415600921439,5.978528874414171,5.978528874414171,5.827412820716499
300192.SZ,20221109,6.25,6.31,6.2,6.25,6.26,-0.01,-0.1597,63901.0,40011.631,3.567,5.902970847565336,5.902970847565336,5.959639367701962,5.855747080784813
300192.SZ,20221110,6.26,6.32,6.2,6.23,6.25,-0.02,-0.32,56659.75,35408.347,3.567,5.884081340853127,5.912415600921439,5.969084121058067,5.855747080784813
300192.SZ,20221111,6.31,6.46,6.2,6.31,6.23,0.08,1.2841,108722.13,68898.199,3.567,5.959639367701962,5.959639367701962,6.1013106680435305,5.855747080784813
300192.SZ,20221114,6.27,6.32,6.17,6.21,6.31,-0.1,-1.5848,64003.75,39802.528,3.567,5.865191834140917,5.921860354277544,5.969084121058067,5.827412820716499
300192.SZ,20221115,6.2,6.36,6.18,6.27,6.21,0.06,0.9662,58884.5,37063.978,3.567,5.921860354277544,5.855747080784813,6.006863134482486,5.836857574072604
300192.SZ,20221116,6.29,6.77,6.29,6.66,6.27,0.39,6.2201,216678.0,142855.761,3.567,6.290205735165622,5.9407498609897536,6.394098022082771,5.9407498609897536
300192.SZ,20221117,6.6,6.6,6.38,6.48,6.66,-0.18,-2.7027,128875.02,83143.029,3.567,6.120200174755739,6.233537215028994,6.233537215028994,6.0257526411946944
300192.SZ,20221118,6.5,7.37,6.44,7.11,6.48,0.63,9.7222,350742.2,243887.222,3.567,6.715219636190326,6.139089681467949,6.960783223449043,6.082421161331322
300192.SZ,20221121,6.9,7.01,6.53,6.66,7.11,-0.45,-6.3291,276326.41,184417.213,3.567,6.290205735165622,6.51687981571213,6.62077210262928,6.167423941536263
300192.SZ,20221122,6.6,7.58,6.55,7.0,6.66,0.34,5.1051,373186.25,265898.291,3.567,6.611327349273175,6.233537215028994,7.159123043927239,6.186313448248471
300192.SZ,20221123,7.0,7.09,6.57,6.78,7.0,-0.22,-3.1429,271930.96,183508.146,3.567,6.403542775438876,6.611327349273175,6.696330129478116,6.20520295496068
300192.SZ,20221124,6.75,6.83,6.6,6.61,6.78,-0.17,-2.5074,177415.02,118391.837,3.567,6.242981968385099,6.375208515370561,6.450766542219398,6.233537215028994
300192.SZ,20221125,6.6,6.8,6.48,6.5,6.61,-0.11,-1.6641,128831.11,84736.851,3.567,6.139089681467949,6.233537215028994,6.422432282151084,6.120200174755739
300192.SZ,20221128,6.44,6.51,6.22,6.34,6.5,-0.16,-2.4615,113485.25,71883.202,3.567,5.987973627770276,6.082421161331322,6.148534434824053,5.874636587497021
300192.SZ,20221129,6.34,6.73,6.34,6.66,6.34,0.32,5.0473,141395.11,93850.706,3.567,6.290205735165622,5.987973627770276,6.356319008658353,5.987973627770276
300192.SZ,20221130,6.65,7.05,6.48,6.88,6.66,0.22,3.3033,154057.75,104651.591,3.567,6.497990308999921,6.280760981809517,6.658551116053697,6.120200174755739
300192.SZ,20221201,6.8,7.07,6.7,6.94,6.88,0.06,0.8721,159749.0,110545.013,3.567,6.554658829136549,6.422432282151084,6.677440622765907,6.32798474859004
300192.SZ,20221202,6.98,7.17,6.94,7.06,6.94,0.12,1.7291,174329.24,123316.718,3.567,6.667995869409802,6.592437842560966,6.771888156326953,6.554658829136549
300192.SZ,20221205,7.15,7.22,6.96,7.14,7.06,0.08,1.1331,122306.0,87081.368,3.567,6.743553896258638,6.752998649614744,6.819111923107475,6.573548335848757
300192.SZ,20221206,7.09,7.3,7.03,7.25,7.14,0.11,1.5406,91121.36,65315.679,3.567,6.847446183175789,6.696330129478116,6.894669949956311,6.6396616093414895
300192.SZ,20221207,7.21,8.13,7.17,7.96,7.25,0.71,9.7931,328510.1,255882.44,3.567,7.518023671459211,6.80966716975137,7.678584478512989,6.771888156326953
300192.SZ,20221208,7.94,8.05,7.81,8.04,7.96,0.08,1.005,149639.02,118860.603,3.567,7.593581698308046,7.499134164747002,7.603026451664152,7.376352371117643
300192.SZ,20221209,7.99,8.15,7.81,8.03,8.04,-0.01,-0.1244,110089.85,88034.787,3.567,7.5841369449519425,7.546357931527525,7.697473985225198,7.376352371117643
300192.SZ,20221212,7.97,8.2,7.88,8.01,8.03,-0.02,-0.2491,108279.25,86834.474,3.567,7.565247438239734,7.527468424815315,7.7446977520057185,7.442465644610375
300192.SZ,20221213,8.02,8.78,8.01,8.3,8.01,0.29,3.6205,193207.77,161619.672,3.567,7.839145285566766,7.574692191595838,8.292493446659781,7.565247438239734
300192.SZ,20221214,8.25,9.16,8.25,8.7,8.3,0.4,4.8193,223056.25,195137.271,3.567,8.216935419810946,7.791921518786243,8.651394074191755,7.791921518786243
300192.SZ,20221215,8.61,8.72,8.29,8.45,8.7,-0.25,-2.8736,162990.0,137336.898,3.567,7.980816585908332,8.131932639606006,8.235824926523156,7.829700532210659
300192.SZ,20221216,8.59,9.03,7.93,8.08,8.45,-0.37,-4.3787,258526.92,217601.523,3.567,7.631360711732466,8.113043132893797,8.528612280562395,7.489689411390897
300192.SZ,20221219,8.08,8.23,7.57,7.77,8.08,-0.31,-3.8366,339556.58,267678.863,3.567,7.338573357693224,7.631360711732466,7.773032012074034,7.149678290571134
300192.SZ,20221220,7.69,7.78,7.27,7.36,7.77,-0.41,-5.2767,210193.0,156075.65,3.567,6.95133847009294,7.263015330844387,7.3480181110493294,6.866335689887997
300192.SZ,20221221,7.51,7.65,7.33,7.38,7.36,0.02,0.2717,131426.39,97895.568,3.567,6.970227976805148,7.093009770434507,7.225236317419971,6.923004210024625
300192.SZ,20221222,7.61,7.81,7.07,7.41,7.38,0.03,0.4065,279870.17,209641.707,3.567,6.998562236873461,7.187457303995552,7.376352371117643,6.677440622765907
300192.SZ,20221223,7.31,8.26,7.3,7.78,7.41,0.37,4.9933,376088.33,293324.121,3.567,7.3480181110493294,6.904114703312416,7.801366272142347,6.894669949956311
300192.SZ,20221226,7.37,7.93,7.37,7.71,7.78,-0.07,-0.8997,283088.0,216379.527,3.567,7.281904837556597,6.960783223449043,7.489689411390897,6.960783223449043
300192.SZ,20221227,7.58,8.21,7.45,7.79,7.71,0.08,1.0376,340553.83,268393.706,3.567,7.357462864405434,7.159123043927239,7.754142505361825,7.03634125029788
300192.SZ,20221228,7.67,7.72,7.15,7.24,7.79,-0.55,-7.0603,281210.58,206547.907,3.567,6.838001429819685,7.24412582413218,7.291349590912702,6.752998649614744
300192.SZ,20221229,7.11,7.42,6.99,7.05,7.24,-0.19,-2.6243,169857.0,122405.227,3.567,6.658551116053697,6.715219636190326,7.008006990229566,6.601882595917071
300192.SZ,20221230,7.17,7.26,6.77,7.16,7.05,0.11,1.5603,141248.75,99264.759,3.567,6.762443402970848,6.771888156326953,6.856890936531893,6.394098022082771
300192.SZ,20230103,7.1,7.45,7.04,7.32,7.16,0.16,2.2346,136423.02,98947.844,3.567,6.91355945666852,6.705774882834221,7.03634125029788,6.6491063626975935
300192.SZ,20230104,7.31,7.49,7.08,7.27,7.32,-0.05,-0.6831,164381.0,119888.138,3.567,6.866335689887997,6.904114703312416,7.074120263722298,6.686885376122012
300192.SZ,20230105,7.28,7.46,7.06,7.29,7.27,0.02,0.2751,181247.25,132227.441,3.567,6.885225196600207,6.875780443244103,7.045786003653984,6.667995869409802
300192.SZ,20230106,7.26,7.29,7.0,7.0,7.29,-0.29,-3.9781,118895.0,84452.574,3.567,6.611327349273175,6.856890936531893,6.885225196600207,6.611327349273175
300192.SZ,20230109,7.07,7.39,7.05,7.3,7.0,0.3,4.2857,158625.43,114896.412,3.567,6.894669949956311,6.677440622765907,6.979672730161252,6.658551116053697
300192.SZ,20230110,7.28,7.28,6.98,7.0,7.3,-0.3,-4.1096,130396.0,92211.379,3.567,6.611327349273175,6.875780443244103,6.875780443244103,6.592437842560966
300192.SZ,20230111,6.98,7.1,6.84,6.85,7.0,-0.15,-2.1429,103691.0,72051.99,3.567,6.469656048931607,6.592437842560966,6.705774882834221,6.460211295575503
300192.SZ,20230112,6.84,7.07,6.67,6.75,6.85,-0.1,-1.4599,111306.5,75978.932,3.567,6.375208515370561,6.460211295575503,6.677440622765907,6.299650488521726
300192.SZ,20230113,6.74,6.78,6.63,6.72,6.75,-0.03,-0.4444,62565.25,41953.591,3.567,6.346874255302248,6.365763762014458,6.403542775438876,6.261871475097308
300192.SZ,20230116,6.69,6.94,6.66,6.85,6.72,0.13,1.9345,91164.25,62115.716,3.567,6.469656048931607,6.318539995233935,6.554658829136549,6.290205735165622
300192.SZ,20230117,6.82,7.09,6.76,6.94,6.85,0.09,1.3139,109220.25,75376.827,3.567,6.554658829136549,6.441321788863293,6.696330129478116,6.384653268726666
300192.SZ,20230118,6.93,6.93,6.7,6.73,6.94,-0.21,-3.0259,88048.0,59538.535,3.567,6.356319008658353,6.545214075780444,6.545214075780444,6.32798474859004
300192.SZ,20230119,6.7,6.77,6.63,6.67,6.73,-0.06,-0.8915,55747.0,37320.159,3.567,6.299650488521726,6.32798474859004,6.394098022082771,6.261871475097308
300192.SZ,20230120,6.74,6.88,6.7,6.83,6.67,0.16,2.3988,64235.0,43787.925,3.567,6.450766542219398,6.365763762014458,6.497990308999921,6.32798474859004
300192.SZ,20230130,7.08,7.26,7.0,7.2,6.83,0.37,5.4173,218434.25,155815.933,3.567,6.8002224163952665,6.686885376122012,6.856890936531893,6.611327349273175
300192.SZ,20230131,7.26,7.79,7.18,7.7,7.2,0.5,6.9444,313538.0,235055.724,3.567,7.2724600842004925,6.856890936531893,7.357462864405434,6.781332909683058
300192.SZ,20230201,7.53,8.15,7.52,8.08,7.7,0.38,4.9351,276299.21,217030.694,3.567,7.631360711732466,7.111899277146716,7.697473985225198,7.102454523790611
300192.SZ,20230202,8.02,8.1,7.8,7.88,8.08,-0.2,-2.4752,156743.46,124198.041,3.567,7.442465644610375,7.574692191595838,7.650250218444675,7.366907617761538
300192.SZ,20230203,7.81,7.98,7.76,7.84,7.88,-0.04,-0.5076,106378.0,83516.435,3.567,7.404686631185956,7.376352371117643,7.53691317817142,7.32912860433712
300192.SZ,20230206,7.76,7.88,7.66,7.85,7.84,0.01,0.1276,139528.0,108669.552,3.567,7.414131384542061,7.32912860433712,7.442465644610375,7.234681070776075
300192.SZ,20230207,7.86,8.39,7.75,8.19,7.85,0.34,4.3312,199930.5,162344.506,3.567,7.735252998649615,7.423576137898165,7.924148065771706,7.319683850981015
300192.SZ,20230208,8.1,8.28,7.85,8.01,8.19,-0.18,-2.1978,200605.75,160303.063,3.567,7.565247438239734,7.650250218444675,7.8202557788545555,7.414131384542061
300192.SZ,20230209,7.96,7.96,7.8,7.94,8.01,-0.07,-0.8739,104194.0,82039.473,3.567,7.499134164747002,7.518023671459211,7.518023671459211,7.366907617761538
300192.SZ,20230210,7.95,8.17,7.94,8.01,7.94,0.07,0.8816,123564.75,99665.159,3.567,7.565247438239734,7.508578918103106,7.716363491937407,7.499134164747002
300192.SZ,20230213,7.88,8.03,7.79,7.99,8.01,-0.02,-0.2497,121470.46,95993.686,3.567,7.546357931527525,7.442465644610375,7.5841369449519425,7.357462864405434
300192.SZ,20230214,8.05,8.05,7.85,7.9,7.99,-0.09,-1.1264,74953.05,59256.135,3.567,7.461355151322584,7.603026451664152,7.603026451664152,7.414131384542061
300192.SZ,20230215,7.9,7.96,7.81,7.84,7.9,-0.06,-0.7595,75827.0,59707.705,3.567,7.404686631185956,7.461355151322584,7.518023671459211,7.376352371117643
300192.SZ,20230216,7.81,7.95,7.46,7.54,7.84,-0.3,-3.8265,93590.0,72271.486,3.567,7.12134403050282,7.376352371117643,7.508578918103106,7.045786003653984
300192.SZ,20230217,7.56,7.68,7.45,7.54,7.54,0.0,0.0,61697.0,46725.053,3.567,7.12134403050282,7.140233537215029,7.253570577488284,7.03634125029788
300192.SZ,20230220,7.5,7.73,7.45,7.64,7.54,0.1,1.3263,55236.0,42022.755,3.567,7.215791564063865,7.083565017078402,7.300794344268807,7.03634125029788
300192.SZ,20230221,7.64,7.74,7.55,7.62,7.64,-0.02,-0.2618,50577.21,38644.175,3.567,7.196902057351656,7.215791564063865,7.310239097624912,7.130788783858924
300192.SZ,20230222,7.56,7.65,7.48,7.64,7.62,0.02,0.2625,51002.0,38591.068,3.567,7.215791564063865,7.140233537215029,7.225236317419971,7.064675510366193
300192.SZ,20230223,7.68,7.85,7.63,7.68,7.64,0.04,0.5236,76155.0,58958.877,3.567,7.253570577488284,7.253570577488284,7.414131384542061,7.206346810707761
300192.SZ,20230224,7.7,7.8,7.57,7.61,7.68,-0.07,-0.9115,50928.33,39063.361,3.567,7.187457303995552,7.2724600842004925,7.366907617761538,7.149678290571134
300192.SZ,20230227,7.61,7.68,7.55,7.59,7.61,-0.02,-0.2628,37628.25,28593.062,3.567,7.168567797283343,7.187457303995552,7.253570577488284,7.130788783858924
300192.SZ,20230228,7.61,7.72,7.59,7.69,7.59,0.1,1.3175,43376.0,33267.928,3.567,7.263015330844387,7.187457303995552,7.291349590912702,7.168567797283343
300192.SZ,20230301,7.7,8.15,7.68,8.12,7.69,0.43,5.5917,159012.0,126818.276,3.567,7.669139725156882,7.2724600842004925,7.697473985225198,7.253570577488284
300192.SZ,20230302,8.14,8.43,8.06,8.21,8.12,0.09,1.1084,118062.0,97304.49,3.567,7.754142505361825,7.688029231869093,7.961927079196124,7.612471205020257
300192.SZ,20230303,8.25,9.35,8.17,9.28,8.21,1.07,13.0329,365288.8,323438.569,3.567,8.76473111446501,7.791921518786243,8.830844387957741,7.716363491937407
300192.SZ,20230306,8.88,9.15,8.48,8.69,9.28,-0.59,-6.3578,235468.84,205867.61,3.567,8.207490666454841,8.38694098022083,8.64194932083565,8.009150845976647
300192.SZ,20230307,8.7,8.72,8.2,8.24,8.69,-0.45,-5.1784,176104.78,146655.179,3.567,7.782476765430139,8.216935419810946,8.235824926523156,7.7446977520057185
300192.SZ,20230308,8.25,8.27,8.04,8.23,8.24,-0.01,-0.1214,116023.75,94875.214,3.567,7.773032012074034,7.791921518786243,7.810811025498451,7.593581698308046
300192.SZ,20230309,8.23,8.24,8.01,8.15,8.23,-0.08,-0.9721,101476.31,82126.672,3.567,7.697473985225198,7.773032012074034,7.782476765430139,7.565247438239734
300192.SZ,20230310,8.08,8.64,7.97,8.49,8.15,0.34,4.1718,242760.98,203218.783,3.567,8.018595599332752,7.631360711732466,8.160266899674319,7.527468424815315
300192.SZ,20230313,8.33,8.75,8.21,8.61,8.49,0.12,1.4134,151709.0,129757.592,3.567,8.131932639606006,7.867479545635079,8.264159186591469,7.754142505361825
300192.SZ,20230314,8.57,8.78,8.45,8.58,8.61,-0.03,-0.3484,131802.69,113365.889,3.567,8.103598379537692,8.094153626181589,8.292493446659781,7.980816585908332
300192.SZ,20230315,8.62,8.82,8.43,8.66,8.58,0.08,0.9324,104817.0,90445.097,3.567,8.179156406386529,8.14137739296211,8.3302724600842,7.961927079196124
300192.SZ,20230316,8.56,8.62,8.31,8.36,8.66,-0.3,-3.4642,88556.34,74548.992,3.567,7.895813805703391,8.084708872825484,8.14137739296211,7.848590038922871
300192.SZ,20230317,8.4,8.61,8.35,8.39,8.36,0.03,0.3589,89391.47,75676.453,3.567,7.924148065771706,7.933592819127811,8.131932639606006,7.886369052347288
300192.SZ,20230320,8.46,8.59,8.35,8.4,8.39,0.01,0.1192,88474.09,74949.117,3.567,7.933592819127811,7.990261339264438,8.113043132893797,7.886369052347288
300192.SZ,20230321,8.46,8.87,8.36,8.74,8.4,0.34,4.0476,160040.34,138969.256,3.567,8.254714433235366,7.990261339264438,8.377496226864723,7.895813805703391
300192.SZ,20230322,8.73,8.79,8.58,8.77,8.74,0.03,0.3432,134082.95,116192.925,3.567,8.283048693303678,8.24526967987926,8.301938200015886,8.103598379537692
300192.SZ,20230323,8.71,8.98,8.68,8.8,8.77,0.03,0.3421,120843.7,106664.401,3.567,8.311382953371993,8.226380173167051,8.481388513781873,8.198045913098738
300192.SZ,20230324,8.9,9.13,8.82,9.11,8.8,0.31,3.5227,125462.06,113113.583,3.567,8.604170307411232,8.405830486933038,8.623059814123444,8.3302724600842
300192.SZ,20230327,9.17,9.17,8.39,8.48,9.11,-0.63,-6.9155,181838.0,156555.546,3.567,8.009150845976647,8.66083882754786,8.66083882754786,7.924148065771706
300192.SZ,20230328,8.43,8.61,8.24,8.3,8.48,-0.18,-2.1226,155334.75,130546.426,3.567,7.839145285566766,7.961927079196124,8.131932639606006,7.782476765430139
300192.SZ,20230329,8.28,9.04,8.28,8.87,8.3,0.57,6.8675,183941.26,160316.657,3.567,8.377496226864723,7.8202557788545555,8.5380570339185,7.8202557788545555
300192.SZ,20230330,8.8,9.35,8.47,9.12,8.87,0.25,2.8185,220463.78,197545.721,3.567,8.613615060767335,8.311382953371993,8.830844387957741,7.999706092620542
300192.SZ,20230331,9.14,9.59,8.9,9.46,9.12,0.34,3.7281,242012.83,227048.114,3.567,8.934736674874893,8.632504567479547,9.057518468504249,8.405830486933038
300192.SZ,20230403,9.85,10.65,9.66,10.13,9.46,0.67,7.0825,379659.09,383105.111,3.567,9.567535149733898,9.30308205576297,10.058662324251332,9.12363174199698
300192.SZ,20230404,10.33,10.36,9.62,9.72,10.13,-0.41,-4.0474,247745.19,244674.967,3.567,9.18030026213361,9.756430216855986,9.7847644769243,9.085852728572563
300192.SZ,20230406,9.7,10.8,9.61,10.54,9.72,0.82,8.4362,341073.62,354097.666,3.567,9.95477003733418,9.161410755421398,10.2003336245929,9.076407975216458
300192.SZ,20230407,10.57,11.88,9.76,10.03,10.54,-0.51,-4.8387,505456.41,533624.667,3.567,9.47308761617285,9.983104297402496,11.22036698705219,9.218079275558027
300192.SZ,20230410,10.7,10.78,9.1,9.2,10.03,-0.83,-8.2752,628534.93,631147.692,3.567,8.689173087616174,10.105886091031852,10.181444117880693,8.594725554055128
300192.SZ,20230411,9.25,9.89,9.25,9.56,9.2,0.36,3.913,428013.38,410750.97,3.567,9.029184208435938,8.736396854396697,9.340861069187389,8.736396854396697
300192.SZ,20230412,9.66,11.21,9.61,10.9,9.56,1.34,14.0167,500261.67,523468.849,3.567,10.294781158153944,9.12363174199698,10.587568512193188,9.076407975216458
300192.SZ,20230413,11.03,12.45,10.7,11.7,10.9,0.8,7.3394,532948.91,620569.304,3.567,11.050361426642306,10.417562951783305,11.758717928350146,10.105886091031852
300192.SZ,20230414,11.52,12.66,10.74,12.14,11.7,0.44,3.7607,477986.54,559727.749,3.567,11.465930574310908,10.880355866232424,11.957057748828342,10.143665104456272
300192.SZ,20230417,12.37,12.82,11.99,12.1,12.14,-0.04,-0.3295,503843.72,623832.492,3.567,11.428151560886487,11.68315990150131,12.108173802526016,11.32425927396934
300192.SZ,20230418,12.46,14.49,12.06,14.13,12.1,2.03,16.7769,544592.28,715604.377,3.567,13.345436492175711,11.768162681706254,13.685447612995471,11.390372547462071
300192.SZ,20230419,13.53,14.68,13.33,14.3,14.13,0.17,1.2031,423613.62,594963.569,3.567,13.505997299229488,12.778751290809437,13.864897926761458,12.589856223687349
300192.SZ,20230420,14.06,14.94,13.75,14.83,14.3,0.53,3.7063,366463.34,523752.295,3.567,14.006569227103029,13.27932321868298,14.110461514020177,12.986535864643736
300192.SZ,20230421,14.75,15.25,13.95,13.96,14.83,-0.87,-5.8665,289713.85,415107.35,3.567,13.184875685121932,13.93101120025419,14.403248868059418,13.175430931765828
300192.SZ,20230424,14.59,15.19,14.14,14.2,13.96,0.24,1.7192,334371.48,489811.157,3.567,13.41154976566844,13.779895146556518,14.34658034792279,13.354881245531814
300192.SZ,20230425,14.49,14.88,13.32,13.72,14.2,-0.48,-3.3803,305895.91,430748.326,3.567,12.958201604575423,13.685447612995471,14.053792993883553,12.580411470331244
300192.SZ,20230426,13.52,14.0,12.76,12.89,13.72,-0.83,-6.0496,315497.16,418463.82,3.567,12.174287076018746,12.769306537453332,13.22265469854635,12.051505282389387
300192.SZ,20230427,12.64,13.56,12.6,12.8,12.89,-0.09,-0.6982,270564.6,353250.62,3.567,12.089284295813806,11.938168242116134,12.807085550877751,11.900389228691717
300192.SZ,20230428,12.82,14.25,12.6,13.91,12.8,1.11,8.6719,260931.44,357090.113,3.567,13.13765191834141,12.108173802526016,13.458773532448964,11.900389228691717
300192.SZ,20230504,14.0,15.12,13.35,14.42,13.91,0.51,3.6664,367251.07,521364.116,3.567,13.61933433950274,13.22265469854635,14.280467074430058,12.608745730399557
300192.SZ,20230505,14.48,17.3,14.3,17.3,14.42,2.88,19.9723,420040.86,673639.728,3.567,16.339423306060848,13.67600285963937,16.339423306060848,13.505997299229488
300192.SZ,20230508,18.45,18.88,16.81,18.18,17.3,0.88,5.0867,674051.07,1207567.742,3.567,17.17056160139805,17.425569942012867,17.831694336325363,15.876630391611725
300192.SZ,20230509,17.13,17.52,15.92,16.01,18.18,-2.17,-11.9362,487043.4,811281.522,3.567,15.121050123123364,16.17886249900707,16.547207879895147,15.036047342918422
300192.SZ,20230510,16.04,16.76,14.94,15.33,16.01,-0.68,-4.2473,445252.05,706176.113,3.567,14.478806894908256,15.149384383191675,15.829406624831204,14.110461514020177
300192.SZ,20230511,15.35,16.39,15.35,15.79,15.33,0.46,3.0007,414727.9,659597.219,3.567,14.91326554928906,14.497696401620464,15.479950750655336,14.497696401620464
300192.SZ,20230512,15.09,15.86,14.27,15.2,15.79,-0.59,-3.7365,381219.03,573585.919,3.567,14.356025101278895,14.252132814361746,14.979378822781792,13.477663039161174
300192.SZ,20230515,15.41,15.99,14.5,14.8,15.2,-0.4,-2.6316,310338.71,473048.094,3.567,13.978234967034714,14.554364921757092,15.102160616411156,13.694892366351578
300192.SZ,20230516,14.59,14.86,13.24,13.41,14.8,-1.39,-9.3919,342424.71,468758.431,3.567,12.665414250536184,13.779895146556518,14.03490348717134,12.504853443482403
300192.SZ,20230517,13.4,14.0,13.4,13.65,13.41,0.24,1.7897,220842.28,302041.166,3.567,12.892088331082691,12.65596949718008,13.22265469854635,12.65596949718008
300192.SZ,20230518,13.69,14.61,13.35,14.25,13.65,0.6,4.3956,257484.68,362179.554,3.567,13.458773532448964,12.92986734450711,13.798784653268726,12.608745730399557
300192.SZ,20230519,14.46,14.77,13.58,13.74,14.25,-0.51,-3.5789,227057.93,319698.217,3.567,12.977091111287631,13.65711335292716,13.9499007069664,12.82597505758996
300192.SZ,20230522,13.42,13.78,12.67,12.89,13.74,-0.85,-6.1863,269578.26,352006.737,3.567,12.174287076018746,12.674859003892289,13.01487012471205,11.966502502184449
300192.SZ,20230523,12.9,13.22,12.46,12.5,12.89,-0.39,-3.0256,152571.1,193472.44,3.567,11.805941695130672,12.183731829374851,12.485963936770196,11.768162681706254
300192.SZ,20230524,12.2,12.78,12.2,12.47,12.5,-0.03,-0.24,110251.0,137662.32,3.567,11.777607435062356,11.522599094447534,12.070394789101597,11.522599094447534
300192.SZ,20230525,12.56,13.22,12.19,12.73,12.47,0.26,2.085,223137.42,283788.4,3.567,12.023171022321074,11.862610215267296,12.485963936770196,11.513154341091427
300192.SZ,20230526,12.69,14.57,12.53,14.16,12.73,1.43,11.2333,416362.21,575093.347,3.567,13.373770752244024,11.985392008896657,13.761005639844308,11.834275955198985
300192.SZ,20230529,14.16,14.97,13.91,14.76,14.16,0.6,4.2373,442506.58,641772.137,3.567,13.940455953610297,13.373770752244024,14.138795774088493,13.13765191834141
300192.SZ,20230530,14.31,14.49,13.3,14.35,14.76,-0.41,-2.7778,391644.07,548154.452,3.567,13.553221066010009,13.515442052585591,13.685447612995471,12.561521963619034
300192.SZ,20230531,14.01,14.19,13.41,13.53,14.35,-0.82,-5.7143,329553.14,453089.833,3.567,12.778751290809437,13.232099451902457,13.402105012312337,12.665414250536184
300192.SZ,20230601,13.58,14.36,13.45,14.17,13.53,0.64,4.7302,336452.99,470834.849,3.567,13.383215505600129,12.82597505758996,13.562665819366115,12.7031932639606
300192.SZ,20230602,14.1,14.87,13.88,14.41,14.17,0.24,1.6937,373344.5,538591.826,3.567,13.609889586146638,13.317102232107397,14.044348240527444,13.109317658273095
300192.SZ,20230605,14.37,15.45,14.3,15.1,14.41,0.69,4.7883,351732.22,525427.58,3.567,14.261577567717849,13.572110572722218,14.592143935181507,13.505997299229488
300192.SZ,20230606,14.63,15.4,14.6,14.7,15.1,-0.4,-2.649,337464.96,506703.142,3.567,13.883787433473668,13.817674159980935,14.544920168400983,13.789339899912624
300192.SZ,20230607,14.3,15.33,14.25,15.31,14.7,0.61,4.1497,344477.76,514224.75,3.567,14.459917388196043,13.505997299229488,14.478806894908256,13.458773532448964
300192.SZ,20230608,15.05,15.69,14.81,14.99,15.31,-0.32,-2.0901,283959.19,430411.099,3.567,14.1576852808007,14.214353800937328,14.818818015728018,13.98767972039082
300192.SZ,20230609,14.85,15.14,14.55,14.96,14.99,-0.03,-0.2001,202086.41,300419.39,3.567,14.129351020732386,14.025458733815237,14.299356581142268,13.742116133132102
300192.SZ,20230612,15.16,15.81,15.09,15.39,14.96,0.43,2.8743,356788.43,552220.925,3.567,14.535475415044882,14.318246087854478,14.932155056001273,14.252132814361746
300192.SZ,20230613,15.03,15.17,14.43,14.74,15.39,-0.65,-4.2235,294882.9,435068.464,3.567,13.921566446898089,14.195464294225117,14.32769084121058,13.628779092858846
300192.SZ,20230614,14.76,15.24,14.01,14.3,14.74,-0.44,-2.9851,335347.01,491996.683,3.567,13.505997299229488,13.940455953610297,14.393804114703311,13.232099451902457
300192.SZ,20230615,14.35,14.45,13.38,13.51,14.3,-0.79,-5.5245,320622.93,439085.348,3.567,12.759861784097229,13.553221066010009,13.647668599571054,12.63707999046787
300192.SZ,20230616,13.55,13.88,13.25,13.67,13.51,0.16,1.1843,178509.36,243606.015,3.567,12.9109778377949,12.797640797521648,13.109317658273095,12.514298196838512
300192.SZ,20230619,13.69,13.83,13.49,13.79,13.67,0.12,0.8778,155407.91,212879.444,3.567,13.024314878068155,12.92986734450711,13.062093891492577,12.74097227738502
300192.SZ,20230620,13.7,14.22,13.35,13.42,13.79,-0.37,-2.6831,212298.71,291315.995,3.567,12.674859003892289,12.939312097863214,13.430439272380651,12.608745730399557
300192.SZ,20230621,13.28,13.36,12.51,12.6,13.42,-0.82,-6.1103,223872.93,287339.815,3.567,11.900389228691717,12.542632456906825,12.618190483755662,11.815386448486777
300192.SZ,20230626,12.49,12.6,11.72,11.85,12.6,-0.75,-5.9524,161845.93,194617.694,3.567,11.192032726983877,11.796496941774564,11.900389228691717,11.069250933354516
300192.SZ,20230627,11.93,12.39,11.91,12.31,11.85,0.46,3.8819,114829.73,140136.148,3.567,11.626491381364684,11.267590753832712,11.702049408213522,11.248701247120502
300192.SZ,20230628,12.31,12.32,11.79,12.15,12.31,-0.16,-1.2998,95258.0,114179.222,3.567,11.475375327667011,11.626491381364684,11.63593613472079,11.135364206847248
300192.SZ,20230629,12.15,12.28,12.04,12.24,12.15,0.09,0.7407,75774.0,92184.998,3.567,11.560378107871951,11.475375327667011,11.598157121296367,11.371483040749862
300192.SZ,20230630,12.24,12.47,12.08,12.38,12.24,0.14,1.1438,99399.8,122072.706,3.567,11.692604654857416,11.560378107871951,11.777607435062356,11.40926205417428
300192.SZ,20230703,12.35,12.39,12.0,12.11,12.38,-0.27,-2.1809,85366.0,103675.729,3.567,11.437596314242594,11.6642703947891,11.702049408213522,11.333704027325444
300192.SZ,20230704,12.1,12.17,11.95,12.05,12.11,-0.06,-0.4955,70646.0,85001.512,3.567,11.380927794105968,11.428151560886487,11.49426483437922,11.28648026054492
300192.SZ,20230705,12.04,12.04,11.64,11.71,12.05,-0.34,-2.8216,88147.0,104416.265,3.567,11.059806179998413,11.371483040749862,11.371483040749862,10.99369290650568
300192.SZ,20230706,11.68,11.98,11.66,11.73,11.71,0.02,0.1708,83641.5,98781.893,3.567,11.07869568671062,11.031471919930098,11.314814520613234,11.012582413217888
300192.SZ,20230707,11.73,11.75,11.37,11.53,11.73,-0.2,-1.705,65460.0,75531.251,3.567,10.88980061958853,11.07869568671062,11.09758519342283,10.738684565890855
300192.SZ,20230710,11.62,11.7,11.33,11.4,11.53,-0.13,-1.1275,56823.1,65251.006,3.567,10.767018825959171,10.97480339979347,11.050361426642306,10.70090555246644
300192.SZ,20230711,11.5,11.51,11.15,11.22,11.4,-0.18,-1.5789,73514.0,82982.781,3.567,10.59701326554929,10.861466359520216,10.87091111287632,10.530899992056558
300192.SZ,20230712,11.21,11.45,10.94,11.0,11.22,-0.22,-1.9608,84239.0,94021.449,3.567,10.38922869171499,10.587568512193188,10.814242592739692,10.33256017157836
300192.SZ,20230713,11.01,11.26,10.97,11.24,11.0,0.24,2.1818,72934.58,81149.491,3.567,10.615902772261498,10.398673445071092,10.634792278973707,10.360894431646678
300192.SZ,20230714,11.24,11.54,11.15,11.41,11.24,0.17,1.5125,76800.0,87521.498,3.567,10.776463579315276,10.615902772261498,10.899245372944634,10.530899992056558
300192.SZ,20230717,11.79,11.89,11.37,11.44,11.41,0.03,0.2629,137351.0,158042.749,3.567,10.804797839383587,11.135364206847248,11.229811740408294,10.738684565890855
300192.SZ,20230718,11.6,11.73,11.43,11.53,11.44,0.09,0.7867,123071.93,142411.989,3.567,10.88980061958853,10.955913893081265,11.07869568671062,10.795353086027486
300192.SZ,20230719,11.63,12.32,11.57,12.11,11.53,0.58,5.0304,247077.34,297171.407,3.567,11.437596314242594,10.984248153149576,11.63593613472079,10.927579633012948
300192.SZ,20230720,12.07,13.24,11.58,12.68,12.11,0.57,4.7069,396390.78,493750.358,3.567,11.975947255540552,11.399817300818176,12.504853443482403,10.937024386369051
300192.SZ,20230721,12.25,12.39,12.05,12.17,12.68,-0.51,-4.0221,215165.77,262469.681,3.567,11.49426483437922,11.569822861228058,11.702049408213522,11.380927794105968
300192.SZ,20230724,12.16,12.91,11.79,12.8,12.17,0.63,5.1767,206455.65,251583.365,3.567,12.089284295813806,11.484820081023116,12.193176582730956,11.135364206847248
300192.SZ,20230725,12.55,12.98,12.35,12.55,12.8,-0.25,-1.9531,214651.0,269652.243,3.567,11.853165461911194,11.853165461911194,12.259289856223688,11.6642703947891
300192.SZ,20230726,12.4,12.41,11.92,12.08,12.55,-0.47,-3.745,155675.0,188745.899,3.567,11.40926205417428,11.711494161569624,11.72093891492573,11.258146000476607
300192.SZ,20230727,12.05,12.31,11.5,11.55,12.08,-0.53,-4.3874,152806.0,181654.026,3.567,10.90869012630074,11.380927794105968,11.626491381364684,10.861466359520216
300192.SZ,20230728,11.37,11.46,11.18,11.32,11.55,-0.23,-1.9913,115583.69,130664.065,3.567,10.691460799110336,10.738684565890855,10.8236873460958,10.559234252124872
300192.SZ,20230731,11.38,12.14,11.37,11.69,11.32,0.37,3.2686,142056.1,167477.49,3.567,11.040916673286205,10.748129319246962,11.465930574310908,10.738684565890855
300192.SZ,20230801,11.6,12.45,11.6,12.23,11.69,0.54,4.6193,229557.2,278755.361,3.567,11.550933354515848,10.955913893081265,11.758717928350146,10.955913893081265
300192.SZ,20230802,11.96,12.1,11.73,11.84,12.23,-0.39,-3.1889,124725.0,147854.48,3.567,11.18258797362777,11.295925013901028,11.428151560886487,11.07869568671062
300192.SZ,20230803,11.76,11.86,11.5,11.55,11.84,-0.29,-2.4493,93545.2,108517.446,3.567,10.90869012630074,11.107029946778937,11.20147748033998,10.861466359520216
300192.SZ,20230804,11.81,11.82,11.52,11.56,11.55,0.01,0.0866,97541.19,113497.246,3.567,10.918134879656844,11.154253713559456,11.163698466915562,10.880355866232424
300192.SZ,20230807,11.5,11.66,11.41,11.47,11.56,-0.09,-0.7785,76850.0,88570.489,3.567,10.833132099451904,10.861466359520216,11.012582413217888,10.776463579315276
300192.SZ,20230808,11.4,11.87,11.4,11.7,11.47,0.23,2.0052,103795.15,121432.579,3.567,11.050361426642306,10.767018825959171,11.210922233696085,10.767018825959171
300192.SZ,20230809,11.61,11.69,11.14,11.16,11.7,-0.54,-4.6154,106685.65,120403.546,3.567,10.540344745412662,10.965358646437366,11.040916673286205,10.521455238700456
300192.SZ,20230810,11.16,11.31,11.08,11.1,11.16,-0.06,-0.5376,56143.11,62705.077,3.567,10.483676225276035,10.540344745412662,10.68201604575423,10.464786718563824
300192.SZ,20230811,11.09,11.16,10.82,10.84,11.1,-0.26,-2.3423,61884.5,67816.387,3.567,10.238112638017316,10.47423147191993,10.540344745412662,10.219223131305109
300192.SZ,20230814,10.83,10.84,10.49,10.73,10.84,-0.11,-1.0148,118690.02,126242.458,3.567,10.134220351100169,10.228667884661212,10.238112638017316,9.90754627055366
300192.SZ,20230815,10.72,10.8,10.5,10.58,10.73,-0.15,-1.3979,62659.0,66560.126,3.567,9.9925490507586,10.124775597744064,10.2003336245929,9.916991023909764
300192.SZ,20230816,10.5,10.56,10.3,10.36,10.58,-0.22,-2.0794,63130.0,65736.509,3.567,9.7847644769243,9.916991023909764,9.973659544046392,9.728095956787673
300192.SZ,20230817,10.36,10.6,10.24,10.55,10.36,0.19,1.834,52676.0,55190.278,3.567,9.964214790690288,9.7847644769243,10.01143855747081,9.671427436651046
300192.SZ,20230818,10.57,10.62,10.28,10.31,10.55,-0.24,-2.2749,54188.0,56460.857,3.567,9.737540710143778,9.983104297402496,10.030328064183015,9.709206450075463
300192.SZ,20230821,10.37,10.72,10.35,10.39,10.31,0.08,0.7759,59206.0,62292.451,3.567,9.813098736992616,9.794209230280403,10.124775597744064,9.775319723568195
300192.SZ,20230822,10.37,10.85,10.37,10.72,10.39,0.33,3.1761,134125.15,142366.007,3.567,10.124775597744064,9.794209230280403,10.247557391373425,9.794209230280403
300192.SZ,20230823,10.63,10.72,10.45,10.62,10.72,-0.1,-0.9328,67899.66,71964.213,3.567,10.030328064183015,10.039772817539122,10.124775597744064,9.869767257129238
300192.SZ,20230824,10.47,10.83,10.47,10.63,10.62,0.01,0.0942,76124.66,81408.025,3.567,10.039772817539122,9.88865676384145,10.228667884661212,9.88865676384145
300192.SZ,20230825,10.46,10.58,10.09,10.2,10.63,-0.43,-4.0452,94775.0,97473.278,3.567,9.633648423226626,9.879212010485348,9.9925490507586,9.529756136309476
300192.SZ,20230828,10.63,10.82,9.98,10.12,10.2,-0.08,-0.7843,141755.0,145955.163,3.567,9.55809039637779,10.039772817539122,10.219223131305109,9.425863849392329
300192.SZ,20230829,10.06,10.64,9.99,10.6,10.12,0.48,4.7431,111582.0,116658.971,3.567,10.01143855747081,9.501421876241166,10.049217570895228,9.435308602748432
300192.SZ,20230830,10.57,10.86,10.56,10.81,10.6,0.21,1.9811,105804.25,113721.596,3.567,10.209778377949004,9.983104297402496,10.257002144729526,9.973659544046392
300192.SZ,20230831,10.69,10.78,10.45,10.5,10.81,-0.31,-2.8677,84470.0,88916.755,3.567,9.916991023909764,10.09644133767575,10.181444117880693,9.869767257129238
300192.SZ,20230901,10.55,10.61,10.28,10.34,10.5,-0.16,-1.5238,55668.46,57887.419,3.567,9.76587497021209,9.964214790690288,10.020883310826912,9.709206450075463
300192.SZ,20230904,10.44,10.59,10.36,10.59,10.34,0.25,2.4178,63371.0,66612.952,3.567,10.001993804114704,9.860322503773135,10.001993804114704,9.7847644769243
300192.SZ,20230905,10.55,10.59,10.26,10.3,10.59,-0.29,-2.7384,51713.0,53594.763,3.567,9.728095956787673,9.964214790690288,10.001993804114704,9.690316943363252
300192.SZ,20230906,10.26,10.36,10.19,10.25,10.3,-0.05,-0.4854,38620.0,39587.929,3.567,9.68087219000715,9.690316943363252,9.7847644769243,9.62420366987052
300192.SZ,20230907,10.25,10.79,10.25,10.39,10.25,0.14,1.3659,154792.0,163214.871,3.567,9.813098736992616,9.68087219000715,10.190888871236794,9.68087219000715
300192.SZ,20230908,10.2,10.25,9.86,9.9,10.39,-0.49,-4.7161,153360.5,153191.995,3.567,9.350305822543492,9.633648423226626,9.68087219000715,9.312526809119072
300192.SZ,20230911,9.93,10.02,9.68,9.93,9.9,0.03,0.303,68459.46,67322.607,3.567,9.378640082611804,9.378640082611804,9.463642862816744,9.14252124870919
300192.SZ,20230912,9.93,10.02,9.79,9.89,9.93,-0.04,-0.4028,47631.0,47102.306,3.567,9.340861069187389,9.378640082611804,9.463642862816744,9.24641353562634
300192.SZ,20230913,9.88,9.88,9.61,9.71,9.89,-0.18,-1.82,57289.0,55623.373,3.567,9.170855508777503,9.331416315831284,9.331416315831284,9.076407975216458
300192.SZ,20230914,9.68,9.76,9.5,9.59,9.71,-0.12,-1.2358,42213.0,40554.405,3.567,9.057518468504249,9.14252124870919,9.218079275558027,8.972515688299309
300192.SZ,20230915,9.63,9.73,9.52,9.55,9.59,-0.04,-0.4171,37273.0,35838.397,3.567,9.019739455079833,9.09529748192867,9.189745015489711,8.991405195011517
300192.SZ,20230918,9.55,9.69,9.37,9.44,9.55,-0.11,-1.1518,92375.0,87702.976,3.567,8.915847168162681,9.019739455079833,9.151966002065295,8.84973389466995
300192.SZ,20230919,9.44,9.46,9.13,9.2,9.44,-0.24,-2.5424,113909.29,105069.882,3.567,8.689173087616174,8.915847168162681,8.934736674874893,8.623059814123444
300192.SZ,20230920,9.25,9.31,9.07,9.1,9.2,-0.1,-1.087,64300.4,58991.38,3.567,8.594725554055128,8.736396854396697,8.793065374533324,8.566391293986815
300192.SZ,20230921,9.1,9.27,9.07,9.08,9.1,-0.02,-0.2198,58207.0,53270.418,3.567,8.575836047342918,8.594725554055128,8.755286361108906,8.566391293986815
300192.SZ,20230922,9.09,9.5,9.04,9.46,9.08,0.38,4.185,89125.02,83164.861,3.567,8.934736674874893,8.585280800699024,8.972515688299309,8.5380570339185
300192.SZ,20230925,9.45,9.54,9.24,9.33,9.46,-0.13,-1.3742,59740.05,55934.811,3.567,8.811954881245532,8.925291921518786,9.010294701723726,8.726952101040592
300192.SZ,20230926,9.3,9.58,9.25,9.46,9.33,0.13,1.3934,64580.0,61209.974,3.567,8.934736674874893,8.783620621177219,9.048073715148146,8.736396854396697
300192.SZ,20230927,9.51,9.58,9.39,9.48,9.46,0.02,0.2114,52140.0,49464.92,3.567,8.9536261815871,8.981960441655414,9.048073715148146,8.86862340138216
300192.SZ,20230928,9.58,9.8,9.56,9.61,9.48,0.13,1.3713,69056.0,66682.369,3.567,9.076407975216458,9.048073715148146,9.255858288982443,9.029184208435938
300192.SZ,20231009,9.55,9.61,9.45,9.51,9.61,-0.1,-1.0406,50427.0,48049.706,3.567,8.981960441655414,9.019739455079833,9.076407975216458,8.925291921518786
300192.SZ,20231010,9.53,9.8,9.52,9.68,9.51,0.17,1.7876,67125.0,64974.806,3.567,9.14252124870919,9.000849948367623,9.255858288982443,8.991405195011517
300192.SZ,20231011,9.69,10.37,9.61,10.09,9.68,0.41,4.2355,211580.0,213977.357,3.567,9.529756136309476,9.151966002065295,9.794209230280403,9.076407975216458
300192.SZ,20231012,10.07,10.27,9.85,9.95,10.09,-0.14,-1.3875,142564.0,142434.704,3.567,9.397529589324012,9.510866629597269,9.699761696719358,9.30308205576297
300192.SZ,20231013,9.87,9.99,9.66,9.71,9.95,-0.24,-2.4121,106834.0,104432.708,3.567,9.170855508777503,9.321971562475175,9.435308602748432,9.12363174199698
300192.SZ,20231016,9.61,9.75,9.34,9.43,9.71,-0.28,-2.8836,122922.0,116570.055,3.567,8.906402414806578,9.076407975216458,9.208634522201924,8.821399634601638
300192.SZ,20231017,9.43,9.63,9.3,9.34,9.43,-0.09,-0.9544,80809.0,76311.043,3.567,8.821399634601638,8.906402414806578,9.09529748192867,8.783620621177219
300192.SZ,20231018,9.56,9.56,9.01,9.03,9.34,-0.31,-3.3191,98212.0,89838.336,3.567,8.528612280562395,9.029184208435938,9.029184208435938,8.509722773850186
300192.SZ,20231019,9.0,9.9,8.96,9.26,9.03,0.23,2.5471,233328.0,222432.638,3.567,8.7458416077528,8.500278020494083,9.350305822543492,8.462499007069665
300192.SZ,20231020,9.29,9.72,9.11,9.36,9.26,0.1,1.0799,209906.0,198093.438,3.567,8.840289141313846,8.774175867821114,9.18030026213361,8.604170307411232
300192.SZ,20231023,9.24,9.42,8.5,8.51,9.36,-0.85,-9.0812,243849.1,214928.136,3.567,8.03748510604496,8.726952101040592,8.896957661450474,8.028040352688857
300192.SZ,20231024,8.55,9.27,8.55,9.04,8.51,0.53,6.228,214533.0,193034.344,3.567,8.5380570339185,8.075264119469379,8.755286361108906,8.075264119469379
300192.SZ,20231025,9.13,9.35,8.95,9.29,9.04,0.25,2.7655,155046.0,142246.227,3.567,8.774175867821114,8.623059814123444,8.830844387957741,8.45305425371356
300192.SZ,20231026,9.6,10.22,9.3,9.4,9.29,0.11,1.1841,311816.0,304233.269,3.567,8.878068154738264,9.066963221860355,9.652537929938836,8.783620621177219
300192.SZ,20231027,9.62,9.69,9.11,9.13,9.4,-0.27,-2.8723,223599.0,207404.668,3.567,8.623059814123444,9.085852728572563,9.151966002065295,8.604170307411232
300192.SZ,20231030,9.07,9.41,9.06,9.38,9.13,0.25,2.7382,148921.84,138473.012,3.567,8.859178648026056,8.566391293986815,8.887512908094369,8.556946540630712
300192.SZ,20231031,9.4,9.57,9.17,9.25,9.38,-0.13,-1.3859,105575.84,98623.886,3.567,8.736396854396697,8.878068154738264,9.03862896179204,8.66083882754786
300192.SZ,20231101,9.28,9.64,9.2,9.42,9.25,0.17,1.8378,107307.56,101296.252,3.567,8.896957661450474,8.76473111446501,9.104742235284771,8.689173087616174
300192.SZ,20231102,9.41,9.66,9.33,9.34,9.42,-0.08,-0.8493,176569.0,167649.366,3.567,8.821399634601638,8.887512908094369,9.12363174199698,8.811954881245532
300192.SZ,20231103,9.34,9.5,9.28,9.47,9.34,0.13,1.3919,116721.0,109833.339,3.567,8.944181428230996,8.821399634601638,8.972515688299309,8.76473111446501
300192.SZ,20231106,9.51,10.03,9.5,9.92,9.47,0.45,4.7518,192177.0,188378.117,3.567,9.3691953292557,8.981960441655414,9.47308761617285,8.972515688299309
300192.SZ,20231107,10.06,10.16,9.91,10.11,9.92,0.19,1.9153,182485.56,183240.068,3.567,9.548645643021686,9.501421876241166,9.595869409802209,9.359750575899596
300192.SZ,20231108,10.3,10.51,10.09,10.22,10.11,0.11,1.088,214580.63,220631.234,3.567,9.652537929938836,9.728095956787673,9.926435777265867,9.529756136309476
300192.SZ,20231109,10.27,10.53,10.13,10.25,10.22,0.03,0.2935,173962.38,179436.939,3.567,9.68087219000715,9.699761696719358,9.945325283978075,9.567535149733898
300192.SZ,20231110,10.17,10.25,9.95,9.96,10.25,-0.29,-2.8293,126027.38,126363.343,3.567,9.40697434268012,9.605314163158312,9.68087219000715,9.397529589324012
300192.SZ,20231113,10.16,10.39,10.03,10.2,9.96,0.24,2.4096,186870.0,190715.833,3.567,9.633648423226626,9.595869409802209,9.813098736992616,9.47308761617285
300192.SZ,20231114,10.15,10.41,10.15,10.27,10.2,0.07,0.6863,154289.0,157832.794,3.567,9.699761696719358,9.586424656446104,9.831988243704822,9.586424656446104
300192.SZ,20231115,10.45,10.58,10.2,10.23,10.27,-0.04,-0.3895,158930.5,164374.167,3.567,9.66198268329494,9.869767257129238,9.9925490507586,9.633648423226626
300192.SZ,20231116,10.12,10.78,10.07,10.53,10.23,0.3,2.9326,308430.0,323386.531,3.567,9.945325283978075,9.55809039637779,10.181444117880693,9.510866629597269
300192.SZ,20231117,10.4,10.57,10.22,10.43,10.53,-0.1,-0.9497,202448.0,209471.707,3.567,9.850877750417032,9.822543490348718,9.983104297402496,9.652537929938836
300192.SZ,20231120,10.42,10.83,10.23,10.68,10.43,0.25,2.3969,285807.3,302700.611,3.567,10.086996584319644,9.841432997060927,10.228667884661212,9.66198268329494
300192.SZ,20231121,10.61,10.93,10.5,10.65,10.68,-0.03,-0.2809,258052.22,276566.284,3.567,10.058662324251332,10.020883310826912,10.323115418222258,9.916991023909764
300192.SZ,20231122,10.48,10.7,10.34,10.34,10.65,-0.31,-2.9108,149554.22,156978.412,3.567,9.76587497021209,9.898101517197556,10.105886091031852,9.76587497021209
300192.SZ,20231123,10.35,10.42,10.2,10.31,10.34,-0.03,-0.2901,121230.8,124710.794,3.567,9.737540710143778,9.775319723568195,9.841432997060927,9.633648423226626
300192.SZ,20231124,10.28,10.37,10.0,10.05,10.31,-0.26,-2.5218,107427.5,108806.981,3.567,9.49197712288506,9.709206450075463,9.794209230280403,9.444753356104536
300192.SZ,20231127,10.04,10.16,9.97,10.04,10.05,-0.01,-0.0995,89055.0,89569.347,3.567,9.482532369528954,9.482532369528954,9.595869409802209,9.416419096036224
300192.SZ,20231128,10.01,10.06,9.88,9.98,10.04,-0.06,-0.5976,74775.0,74411.515,3.567,9.425863849392329,9.45419810946064,9.501421876241166,9.331416315831284
300192.SZ,20231129,9.98,10.23,9.84,9.98,9.98,0.0,0.0,107434.22,107789.707,3.567,9.425863849392329,9.425863849392329,9.66198268329494,9.293637302406864
300192.SZ,20231130,9.91,9.96,9.7,9.86,9.98,-0.12,-1.2024,89969.0,88255.737,3.567,9.312526809119072,9.359750575899596,9.40697434268012,9.161410755421398
300192.SZ,20231201,9.88,11.17,9.84,11.07,9.86,1.21,12.2718,458523.0,489455.475,3.567,10.455341965207722,9.331416315831284,10.549789498768767,9.293637302406864
300192.SZ,20231204,11.07,11.22,10.87,10.97,11.07,-0.1,-0.9033,369584.0,407556.16,3.567,10.360894431646678,10.455341965207722,10.59701326554929,10.26644689808563
300192.SZ,20231205,10.92,11.55,10.65,10.72,10.97,-0.25,-2.2789,346525.0,384066.344,3.567,10.124775597744064,10.313670664866155,10.90869012630074,10.058662324251332
300192.SZ,20231206,10.71,10.89,10.25,10.69,10.72,-0.03,-0.2799,334842.5,353351.466,3.567,10.09644133767575,10.11533084438796,10.28533640479784,9.68087219000715
300192.SZ,20231207,10.66,11.03,10.55,10.78,10.69,0.09,0.8419,275847.5,297536.431,3.567,10.181444117880693,10.068107077607436,10.417562951783305,9.964214790690288
300192.SZ,20231208,11.02,11.88,10.73,11.31,10.78,0.53,4.9165,535818.8,602937.2,3.567,10.68201604575423,10.408118198427198,11.22036698705219,10.134220351100169
300192.SZ,20231211,11.35,11.87,11.17,11.47,11.31,0.16,1.4147,581013.25,667842.463,3.567,10.833132099451904,10.719795059178647,11.210922233696085,10.549789498768767
300192.SZ,20231212,11.5,12.3,11.21,11.8,11.47,0.33,2.8771,597625.38,701493.855,3.567,11.144808960203353,10.861466359520216,11.61704662800858,10.587568512193188
300192.SZ,20231213,11.7,12.08,11.36,11.41,11.8,-0.39,-3.3051,452359.7,528191.263,3.567,10.776463579315276,11.050361426642306,11.40926205417428,10.729239812534754
300192.SZ,20231214,11.59,12.49,11.5,12.15,11.41,0.74,6.4855,601463.48,722423.19,3.567,11.475375327667011,10.946469139725156,11.796496941774564,10.861466359520216
300192.SZ,20231215,12.1,12.15,11.37,11.48,12.15,-0.67,-5.5144,377679.83,437287.596,3.567,10.842576852808008,11.428151560886487,11.475375327667011,10.738684565890855
300192.SZ,20231218,11.34,11.37,10.85,10.92,11.48,-0.56,-4.878,273659.33,301420.88,3.567,10.313670664866155,10.710350305822544,10.738684565890855,10.247557391373425
300192.SZ,20231219,10.82,11.08,10.82,10.97,10.92,0.05,0.4579,162807.0,177837.714,3.567,10.360894431646678,10.219223131305109,10.464786718563824,10.219223131305109
300192.SZ,20231220,10.96,10.99,10.46,10.5,10.97,-0.47,-4.2844,199517.83,212187.081,3.567,9.916991023909764,10.351449678290573,10.379783938358887,9.879212010485348
300192.SZ,20231221,10.4,10.59,10.17,10.45,10.5,-0.05,-0.4762,147445.29,153463.418,3.567,9.869767257129238,9.822543490348718,10.001993804114704,9.605314163158312
300192.SZ,20231222,10.48,10.52,9.69,9.83,10.45,-0.62,-5.933,218865.93,219370.278,3.567,9.28419254905076,9.898101517197556,9.93588053062197,9.151966002065295
300192.SZ,20231225,9.7,9.85,9.53,9.63,9.83,-0.2,-2.0346,110753.42,106761.303,3.567,9.09529748192867,9.161410755421398,9.30308205576297,9.000849948367623
300192.SZ,20231226,9.55,9.72,9.35,9.38,9.63,-0.25,-2.5961,86540.71,81850.71,3.567,8.859178648026056,9.019739455079833,9.18030026213361,8.830844387957741
300192.SZ,20231227,9.39,9.54,9.37,9.47,9.38,0.09,0.9595,65094.0,61548.626,3.567,8.944181428230996,8.86862340138216,9.010294701723726,8.84973389466995
300192.SZ,20231228,9.41,9.76,9.32,9.65,9.47,0.18,1.9007,109546.0,105281.177,3.567,9.114186988640878,8.887512908094369,9.218079275558027,8.802510127889429
300192.SZ,20231229,9.63,9.92,9.6,9.87,9.65,0.22,2.2798,96476.6,94781.527,3.567,9.321971562475175,9.09529748192867,9.3691953292557,9.066963221860355
300192.SZ,20240102,9.9,10.05,9.72,9.72,9.87,-0.15,-1.5198,104577.71,102748.26,3.567,9.18030026213361,9.350305822543492,9.49197712288506,9.18030026213361
300192.SZ,20240103,9.69,9.95,9.63,9.87,9.72,0.15,1.5432,130524.0,128198.317,3.567,9.321971562475175,9.151966002065295,9.397529589324012,9.09529748192867
300192.SZ,20240104,9.81,9.95,9.7,9.85,9.87,-0.02,-0.2026,100594.0,98965.657,3.567,9.30308205576297,9.265303042338552,9.397529589324012,9.161410755421398
300192.SZ,20240105,9.79,9.84,9.43,9.48,9.85,-0.37,-3.7563,119390.02,114869.308,3.567,8.9536261815871,9.24641353562634,9.293637302406864,8.906402414806578
300192.SZ,20240108,9.44,9.6,9.4,9.45,9.48,-0.03,-0.3165,88409.0,84209.033,3.567,8.925291921518786,8.915847168162681,9.066963221860355,8.878068154738264
300192.SZ,20240109,9.39,9.62,9.33,9.48,9.45,0.03,0.3175,75871.0,71821.325,3.567,8.9536261815871,8.86862340138216,9.085852728572563,8.811954881245532
300192.SZ,20240110,9.45,9.47,9.15,9.3,9.48,-0.18,-1.8987,64924.0,60357.957,3.567,8.783620621177219,8.925291921518786,8.944181428230996,8.64194932083565
300192.SZ,20240111,9.34,9.69,9.29,9.66,9.3,0.36,3.871,108391.05,104024.023,3.567,9.12363174199698,8.821399634601638,9.151966002065295,8.774175867821114
300192.SZ,20240112,9.65,9.69,9.35,9.35,9.66,-0.31,-3.2091,85444.0,80984.968,3.567,8.830844387957741,9.114186988640878,9.151966002065295,8.830844387957741
300192.SZ,20240115,9.29,9.43,9.27,9.36,9.35,0.01,0.107,55741.0,52172.321,3.567,8.840289141313846,8.774175867821114,8.906402414806578,8.755286361108906
300192.SZ,20240116,9.48,9.48,9.1,9.3,9.36,-0.06,-0.641,67308.0,62040.951,3.567,8.783620621177219,8.9536261815871,8.9536261815871,8.594725554055128
300192.SZ,20240117,9.33,9.55,9.23,9.24,9.3,-0.06,-0.6452,103002.27,96943.876,3.567,8.726952101040592,8.811954881245532,9.019739455079833,8.717507347684487
300192.SZ,20240118,9.15,9.35,8.99,9.26,9.24,0.02,0.2165,97979.7,89564.989,3.567,8.7458416077528,8.64194932083565,8.830844387957741,8.49083326713798
300192.SZ,20240119,9.29,9.42,9.0,9.0,9.26,-0.26,-2.8078,77362.0,71192.569,3.567,8.500278020494083,8.774175867821114,8.896957661450474,8.500278020494083
300192.SZ,20240122,9.0,9.07,8.42,8.49,9.0,-0.51,-5.6667,100527.22,88221.086,3.567,8.018595599332752,8.500278020494083,8.566391293986815,7.95248232584002
300192.SZ,20240123,8.56,8.65,8.37,8.58,8.49,0.09,1.0601,73868.71,63022.984,3.567,8.103598379537692,8.084708872825484,8.169711653030424,7.905258559059496
300192.SZ,20240124,8.56,8.75,8.27,8.66,8.58,0.08,0.9324,85680.0,72986.278,3.567,8.179156406386529,8.084708872825484,8.264159186591469,7.810811025498451
300192.SZ,20240125,8.61,9.1,8.56,9.08,8.66,0.42,4.8499,104632.0,92846.293,3.567,8.575836047342918,8.131932639606006,8.594725554055128,8.084708872825484
300192.SZ,20240126,9.1,9.26,8.98,9.01,9.08,-0.07,-0.7709,79348.02,72298.312,3.567,8.509722773850186,8.594725554055128,8.7458416077528,8.481388513781873
300192.SZ,20240129,9.03,9.06,8.51,8.55,9.01,-0.46,-5.1054,83745.0,72949.629,3.567,8.075264119469379,8.528612280562395,8.556946540630712,8.03748510604496
300192.SZ,20240130,8.54,8.54,8.1,8.16,8.55,-0.39,-4.5614,77465.6,64431.943,3.567,7.706918738581302,8.065819366113274,8.065819366113274,7.650250218444675
300192.SZ,20240131,8.1,8.22,7.73,7.75,8.16,-0.41,-5.0245,88707.0,70503.291,3.567,7.319683850981015,7.650250218444675,7.76358725871793,7.300794344268807
300192.SZ,20240201,7.75,7.83,7.46,7.71,7.75,-0.04,-0.5161,85381.0,65598.366,3.567,7.281904837556597,7.319683850981015,7.395241877829852,7.045786003653984
300192.SZ,20240202,7.75,7.93,6.91,7.18,7.71,-0.53,-6.8742,107507.0,79347.502,3.567,6.781332909683058,7.319683850981015,7.489689411390897,6.526324569068234
300192.SZ,20240205,7.05,7.12,6.2,6.28,7.18,-0.9,-12.5348,147972.0,95869.033,3.567,5.931305107633649,6.658551116053697,6.7246643895464295,5.855747080784813
300192.SZ,20240206,6.19,6.65,5.64,6.45,6.28,0.17,2.707,162231.16,99172.071,3.567,6.0918659146874266,5.846302327428708,6.280760981809517,5.326840892842959
300192.SZ,20240207,6.47,6.62,5.98,6.18,6.45,-0.27,-4.186,166164.0,105305.152,3.567,5.836857574072604,6.1107554213996345,6.252426721741203,5.647962506950513
300192.SZ,20240208,6.18,7.05,6.08,7.02,6.18,0.84,13.5922,178060.6,118101.844,3.567,6.630216855985385,5.836857574072604,6.658551116053697,5.742410040511558
300192.SZ,20240219,7.55,8.39,7.47,8.25,7.02,1.23,17.5214,289554.63,232652.157,3.567,7.791921518786243,7.130788783858924,7.924148065771706,7.055230757010088
300192.SZ,20240220,8.0,8.36,7.89,8.12,8.25,-0.13,-1.5758,247468.55,200072.99,3.567,7.669139725156882,7.555802684883629,7.895813805703391,7.451910397966479
300192.SZ,20240221,8.0,8.66,7.86,8.66,8.12,0.54,6.6502,286655.18,240178.869,3.567,8.179156406386529,7.555802684883629,8.179156406386529,7.423576137898165
300192.SZ,20240222,8.4,8.74,8.35,8.66,8.66,0.0,0.0,241311.57,206551.767,3.567,8.179156406386529,7.933592819127811,8.254714433235366,7.886369052347288
300192.SZ,20240223,8.66,9.06,8.51,8.92,8.66,0.26,3.0023,235185.16,205821.243,3.567,8.424719993645246,8.179156406386529,8.556946540630712,8.03748510604496
300192.SZ,20240226,8.77,9.33,8.61,8.94,8.92,0.02,0.2242,259909.1,232614.434,3.567,8.443609500357455,8.283048693303678,8.811954881245532,8.131932639606006
300192.SZ,20240227,8.8,9.34,8.73,9.32,8.94,0.38,4.2506,254877.29,234030.399,3.567,8.802510127889429,8.311382953371993,8.821399634601638,8.24526967987926
300192.SZ,20240228,9.43,10.88,9.15,9.17,9.32,-0.15,-1.6094,473738.16,474995.959,3.567,8.66083882754786,8.906402414806578,10.275891651441736,8.64194932083565
300192.SZ,20240229,9.0,10.09,8.92,10.03,9.17,0.86,9.3784,350717.24,335245.454,3.567,9.47308761617285,8.500278020494083,9.529756136309476,8.424719993645246
300192.SZ,20240301,9.85,9.95,9.51,9.85,10.03,-0.18,-1.7946,265081.9,258603.37,3.567,9.30308205576297,9.30308205576297,9.397529589324012,8.981960441655414
300192.SZ,20240304,9.78,10.69,9.77,10.55,9.85,0.7,7.1066,326151.29,337960.726,3.567,9.964214790690288,9.236968782270235,10.09644133767575,9.22752402891413
300192.SZ,20240305,10.28,10.58,9.93,10.29,10.55,-0.26,-2.4645,266106.1,272135.02,3.567,9.718651203431568,9.709206450075463,9.9925490507586,9.378640082611804
300192.SZ,20240306,10.14,10.71,10.09,10.13,10.29,-0.16,-1.5549,249835.0,258980.54,3.567,9.567535149733898,9.57697990309,10.11533084438796,9.529756136309476
300192.SZ,20240307,9.98,10.6,9.9,10.13,10.13,0.0,0.0,260225.33,265273.253,3.567,9.567535149733898,9.425863849392329,10.01143855747081,9.350305822543492
300192.SZ,20240308,10.06,10.07,9.78,9.96,10.13,-0.17,-1.6782,178224.3,176660.65,3.567,9.40697434268012,9.501421876241166,9.510866629597269,9.236968782270235
300192.SZ,20240311,9.75,10.23,9.7,10.16,9.96,0.2,2.008,185227.1,186608.611,3.567,9.595869409802209,9.208634522201924,9.66198268329494,9.161410755421398
300192.SZ,20240312,10.18,10.32,9.9,10.22,10.16,0.06,0.5906,176305.02,178891.118,3.567,9.652537929938836,9.614758916514418,9.746985463499882,9.350305822543492
300192.SZ,20240313,10.17,10.45,10.09,10.34,10.22,0.12,1.1742,181222.0,186098.569,3.567,9.76587497021209,9.605314163158312,9.869767257129238,9.529756136309476
300192.SZ,20240314,10.18,10.23,9.88,10.08,10.34,-0.26,-2.5145,142766.0,143639.719,3.567,9.520311382953372,9.614758916514418,9.66198268329494,9.331416315831284
300192.SZ,20240315,10.0,10.12,9.9,10.11,10.08,0.03,0.2976,92780.0,92838.841,3.567,9.548645643021686,9.444753356104536,9.55809039637779,9.350305822543492
300192.SZ,20240318,10.0,11.54,10.0,11.3,10.11,1.19,11.7705,440646.54,477879.401,3.567,10.672571292398128,9.444753356104536,10.899245372944634,9.444753356104536
300192.SZ,20240319,11.15,11.27,10.91,11.13,11.3,-0.17,-1.5044,229192.0,253971.69,3.567,10.51201048534435,10.530899992056558,10.644237032329812,10.304225911510049
300192.SZ,20240320,11.5,12.06,11.13,11.81,11.13,0.68,6.1096,374388.46,436204.073,3.567,11.154253713559456,10.861466359520216,11.390372547462071,10.51201048534435
300192.SZ,20240321,11.59,12.39,11.51,11.75,11.81,-0.06,-0.508,319009.46,378050.749,3.567,11.09758519342283,10.946469139725156,11.702049408213522,10.87091111287632
300192.SZ,20240322,11.47,11.88,11.28,11.41,11.75,-0.34,-2.8936,214638.57,246214.773,3.567,10.776463579315276,10.833132099451904,11.22036698705219,10.653681785685915
300192.SZ,20240325,11.5,11.66,11.16,11.18,11.41,-0.23,-2.0158,191628.0,218967.452,3.567,10.559234252124872,10.861466359520216,11.012582413217888,10.540344745412662
300192.SZ,20240326,11.16,11.44,10.92,11.31,11.18,0.13,1.1628,130848.99,146599.947,3.567,10.68201604575423,10.540344745412662,10.804797839383587,10.313670664866155
300192.SZ,20240327,11.25,11.34,10.3,10.37,11.31,-0.94,-8.3112,190966.83,204620.291,3.567,9.794209230280403,10.625347525617604,10.710350305822544,9.728095956787673
300192.SZ,20240328,10.42,11.02,10.3,10.89,10.37,0.52,5.0145,146966.0,158509.727,3.567,10.28533640479784,9.841432997060927,10.408118198427198,9.728095956787673
300192.SZ,20240329,10.88,11.63,10.88,11.52,10.89,0.63,5.7851,178348.41,202522.8,3.567,10.880355866232424,10.275891651441736,10.984248153149576,10.275891651441736
300192.SZ,20240401,11.46,11.99,11.34,11.8,11.52,0.28,2.4306,163106.0,189874.607,3.567,11.144808960203353,10.8236873460958,11.32425927396934,10.710350305822544
300192.SZ,20240402,11.61,11.85,11.57,11.77,11.8,-0.03,-0.2542,80785.0,94691.138,3.567,11.116474700135038,10.965358646437366,11.192032726983877,10.927579633012948
300192.SZ,20240403,11.67,11.71,11.17,11.2,11.77,-0.57,-4.8428,107651.64,122404.933,3.567,10.57812375883708,11.022027166573992,11.059806179998413,10.549789498768767
300192.SZ,20240408,11.13,11.2,10.62,10.66,11.2,-0.54,-4.8214,104622.52,113726.713,3.567,10.068107077607436,10.51201048534435,10.57812375883708,10.030328064183015
300192.SZ,20240409,10.7,10.87,10.52,10.63,10.66,-0.03,-0.2814,60565.0,64672.506,3.567,10.039772817539122,10.105886091031852,10.26644689808563,9.93588053062197
300192.SZ,20240410,10.6,10.68,9.85,10.12,10.63,-0.51,-4.7977,121791.58,123496.964,3.567,9.55809039637779,10.01143855747081,10.086996584319644,9.30308205576297
300192.SZ,20240411,10.09,10.38,10.02,10.23,10.12,0.11,1.087,88913.22,91353.352,3.567,9.66198268329494,9.529756136309476,9.803653983636508,9.463642862816744
300192.SZ,20240412,10.2,10.27,9.9,10.0,10.23,-0.23,-2.2483,79955.0,80527.252,3.567,9.444753356104536,9.633648423226626,9.699761696719358,9.350305822543492
300192.SZ,20240415,9.97,10.02,9.27,9.4,10.0,-0.6,-6.0,109724.0,104609.888,3.567,8.878068154738264,9.416419096036224,9.463642862816744,8.755286361108906
300192.SZ,20240416,9.44,9.49,8.41,8.47,9.4,-0.93,-9.8936,162863.69,141256.657,3.567,7.999706092620542,8.915847168162681,8.963070934943206,7.943037572483915
300192.SZ,20240417,8.59,9.66,8.59,9.63,8.47,1.16,13.6954,167249.64,155461.25,3.567,9.09529748192867,8.113043132893797,9.12363174199698,8.113043132893797
300192.SZ,20240418,9.52,9.95,9.31,9.76,9.63,0.13,1.3499,143750.52,138615.944,3.567,9.218079275558027,8.991405195011517,9.397529589324012,8.793065374533324
300192.SZ,20240419,9.64,9.7,9.27,9.37,9.76,-0.39,-3.9959,97920.52,92485.092,3.567,8.84973389466995,9.104742235284771,9.161410755421398,8.755286361108906
300192.SZ,20240422,9.22,9.77,8.97,9.58,9.37,0.21,2.2412,102900.0,97234.924,3.567,9.048073715148146,8.708062594328382,9.22752402891413,8.47194376042577
300192.SZ,20240423,9.74,10.66,9.65,10.22,9.58,0.64,6.6806,176747.99,180819.452,3.567,9.652537929938836,9.19918976884582,10.068107077607436,9.114186988640878
300192.SZ,20240424,10.11,10.32,10.0,10.25,10.22,0.03,0.2935,128684.5,130851.246,3.567,9.68087219000715,9.548645643021686,9.746985463499882,9.444753356104536
300192.SZ,20240425,10.17,10.52,10.09,10.42,10.25,0.17,1.6585,105920.52,109344.672,3.567,9.841432997060927,9.605314163158312,9.93588053062197,9.529756136309476
300192.SZ,20240426,10.27,11.04,10.27,10.61,10.42,0.19,1.8234,157858.5,169597.403,3.567,10.020883310826912,9.699761696719358,10.427007705139408,9.699761696719358
300192.SZ,20240429,10.68,11.24,10.6,11.03,10.61,0.42,3.9585,129203.0,141396.936,3.567,10.417562951783305,10.086996584319644,10.615902772261498,10.01143855747081
300192.SZ,20240430,10.99,11.34,10.88,11.14,11.03,0.11,0.9973,127951.0,142332.015,3.567,10.521455238700456,10.379783938358887,10.710350305822544,10.275891651441736
300192.SZ,20240506,11.24,11.42,10.94,11.13,11.14,-0.01,-0.0898,102118.0,113132.587,3.567,10.51201048534435,10.615902772261498,10.78590833267138,10.33256017157836
300192.SZ,20240507,11.13,11.13,10.7,10.87,11.13,-0.26,-2.336,130550.0,141785.074,3.567,10.26644689808563,10.51201048534435,10.51201048534435,10.105886091031852
300192.SZ,20240508,10.85,11.03,10.72,10.84,10.87,-0.03,-0.276,90156.0,97937.503,3.567,10.238112638017316,10.247557391373425,10.417562951783305,10.124775597744064
300192.SZ,20240509,10.7,10.98,10.7,10.87,10.84,0.03,0.2768,79734.0,86537.553,3.567,10.26644689808563,10.105886091031852,10.37033918500278,10.105886091031852
300192.SZ,20240510,10.89,11.05,10.54,10.62,10.87,-0.25,-2.2999,106663.33,114990.778,3.567,10.030328064183015,10.28533640479784,10.436452458495513,9.95477003733418
300192.SZ,20240513,10.58,11.18,10.37,11.08,10.62,0.46,4.3315,190310.24,207652.472,3.567,10.464786718563824,9.9925490507586,10.559234252124872,9.794209230280403
300192.SZ,20240514,11.13,11.9,11.13,11.39,11.08,0.31,2.7978,243527.47,278618.517,3.567,10.757574072603068,10.51201048534435,11.2392564937644,10.51201048534435
300192.SZ,20240515,11.29,11.55,11.15,11.2,11.39,-0.19,-1.6681,140686.22,159279.673,3.567,10.57812375883708,10.663126539042022,10.90869012630074,10.530899992056558
300192.SZ,20240516,11.22,11.32,10.95,11.0,11.2,-0.2,-1.7857,104859.0,116703.722,3.567,10.38922869171499,10.59701326554929,10.691460799110336,10.342004924934466
300192.SZ,20240517,10.86,11.09,10.77,10.94,11.0,-0.06,-0.5455,79496.0,86702.561,3.567,10.33256017157836,10.257002144729526,10.47423147191993,10.171999364524584
300192.SZ,20240520,10.94,11.52,10.8,11.45,10.94,0.51,4.6618,154587.2,173983.96,3.567,10.814242592739692,10.33256017157836,10.880355866232424,10.2003336245929
300192.SZ,20240521,11.35,11.45,11.16,11.28,11.45,-0.17,-1.4847,87651.0,98696.568,3.567,10.653681785685915,10.719795059178647,10.814242592739692,10.540344745412662
300192.SZ,20240522,11.3,12.08,11.17,11.43,11.28,0.15,1.3298,251063.41,291958.25,3.567,10.795353086027486,10.672571292398128,11.40926205417428,10.549789498768767
300192.SZ,20240523,11.35,11.35,10.7,10.77,11.43,-0.66,-5.7743,187967.0,205405.642,3.567,10.171999364524584,10.719795059178647,10.719795059178647,10.105886091031852
300192.SZ,20240524,10.7,10.82,10.5,10.59,10.77,-0.18,-1.6713,94748.0,100667.169,3.567,10.001993804114704,10.105886091031852,10.219223131305109,9.916991023909764
300192.SZ,20240527,10.58,10.99,10.37,10.95,10.59,0.36,3.3994,116397.0,124171.089,3.567,10.342004924934466,9.9925490507586,10.379783938358887,9.794209230280403
300192.SZ,20240528,10.84,10.98,10.63,10.68,10.95,-0.27,-2.4658,79074.5,85119.023,3.567,10.086996584319644,10.238112638017316,10.37033918500278,10.039772817539122
300192.SZ,20240529,10.66,11.14,10.48,10.74,10.68,0.06,0.5618,120011.0,129620.154,3.567,10.143665104456272,10.068107077607436,10.521455238700456,9.898101517197556
300192.SZ,20240530,10.55,10.6,10.32,10.38,10.74,-0.36,-3.352,97869.0,102028.153,3.567,9.803653983636508,9.964214790690288,10.01143855747081,9.746985463499882
300192.SZ,20240531,10.37,10.96,10.37,10.83,10.38,0.45,4.3353,111735.0,120234.526,3.567,10.228667884661212,9.794209230280403,10.351449678290573,9.794209230280403
300192.SZ,20240603,10.73,11.1,10.51,11.0,10.83,0.17,1.5697,125318.0,135545.881,3.567,10.38922869171499,10.134220351100169,10.483676225276035,9.926435777265867
300192.SZ,20240604,10.88,10.89,10.37,10.43,11.0,-0.57,-5.1818,121596.0,128243.986,3.567,9.850877750417032,10.275891651441736,10.28533640479784,9.794209230280403
300192.SZ,20240605,10.4,10.42,10.05,10.07,10.43,-0.36,-3.4516,71408.0,72885.253,3.567,9.510866629597269,9.822543490348718,9.841432997060927,9.49197712288506
300192.SZ,20240606,10.19,10.32,9.82,9.95,10.07,-0.12,-1.1917,85271.89,85660.646,3.567,9.397529589324012,9.62420366987052,9.746985463499882,9.274747795694656
300192.SZ,20240607,9.79,10.05,9.68,9.78,9.68,0.1,1.0331,75202.41,74033.886,3.6665,9.494630232742873,9.504338443614795,9.756751926284853,9.397548124023618
300192.SZ,20240611,9.71,10.28,9.43,10.2,9.78,0.42,4.2945,115238.97,114784.01,3.6665,9.90237508936373,9.426672756639396,9.980040776339132,9.154842852225489
300192.SZ,20240612,10.18,10.66,10.07,10.56,10.2,0.36,3.5294,122588.37,128051.308,3.6665,10.251870680753038,9.88295866761988,10.34895278947229,9.776168348028705
300192.SZ,20240613,10.72,10.8,10.44,10.47,10.56,-0.09,-0.8523,76188.14,80455.743,3.6665,10.164496782905712,10.407202054703845,10.484867741679246,10.135372150289935
300192.SZ,20240614,10.5,10.67,10.39,10.47,10.47,0.0,0.0,63185.0,66353.805,3.6665,10.164496782905712,10.193621415521488,10.358661000344217,10.08683109593031
300192.SZ,20240617,10.51,10.59,10.27,10.31,10.47,-0.16,-1.5282,62575.0,64984.035,3.6665,10.009165408954908,10.203329626393412,10.280995313368814,9.970332565467206
300192.SZ,20240618,10.29,10.73,10.22,10.7,10.31,0.39,3.7827,96727.57,102212.69,3.6665,10.387785632959991,9.989748987211057,10.416910265575767,9.921791511107582
300192.SZ,20240619,10.7,10.79,10.52,10.66,10.7,-0.04,-0.3738,64555.99,68803.319,3.6665,10.34895278947229,10.387785632959991,10.475159530807318,10.213037837265336
300192.SZ,20240620,10.58,11.08,10.43,10.95,10.66,0.29,2.7205,210480.99,227625.869,3.6665,10.630490904758124,10.271287102496888,10.75669764609315,10.12566393941801
300192.SZ,20240621,10.68,10.74,10.2,10.22,10.95,-0.73,-6.6667,157742.0,164042.439,3.6665,9.921791511107582,10.36836921121614,10.426618476447691,9.90237508936373
300192.SZ,20240624,10.08,10.22,9.84,9.86,10.22,-0.36,-3.5225,97348.57,97308.446,3.6665,9.572295919718274,9.785876558900627,9.921791511107582,9.552879497974423
300192.SZ,20240625,9.89,10.35,9.8,9.87,9.86,0.01,0.1014,96715.37,97423.354,3.6668,9.582788148383507,9.602206158815896,10.048820398760824,9.514825111870152
300192.SZ,20240626,9.77,10.2,9.58,10.2,9.87,0.33,3.3435,94142.7,93347.331,3.667,9.9037254746207,9.486215479121984,9.9037254746207,9.301734318320229
300192.SZ,20240627,10.06,10.12,9.76,9.78,10.2,-0.42,-4.1176,80538.71,80042.867,3.667,9.495925013901024,9.767791987714142,9.82604919638838,9.476505944342945
300192.SZ,20240628,9.72,10.03,9.71,9.82,9.78,0.04,0.409,60796.05,60129.78,3.667,9.534763153017185,9.437667805226786,9.738663383377022,9.427958270447744
300192.SZ,20240701,9.89,10.4,9.8,10.0,9.82,0.18,1.833,98333.65,98744.611,3.667,9.709534779039902,9.602729896470464,10.0979161702015,9.515344083459103
300192.SZ,20240702,9.95,10.23,9.87,9.96,10.0,-0.04,-0.4,97799.67,98317.801,3.667,9.670696639923742,9.660987105144702,9.93285407895782,9.583310826912385
300192.SZ,20240703,9.9,9.96,9.58,9.6,9.96,-0.36,-3.6145,92484.29,90101.128,3.667,9.321153387878306,9.612439431249504,9.670696639923742,9.301734318320229
300192.SZ,20240704,9.53,9.63,9.32,9.32,9.6,-0.28,-2.9167,73131.29,69196.098,3.667,9.04928641406519,9.253186644425028,9.350281992215423,9.04928641406519
300192.SZ,20240705,9.32,9.42,9.09,9.3,9.32,-0.02,-0.2146,58870.28,54342.371,3.667,9.029867344507108,9.04928641406519,9.146381761855588,8.825967114147272
300192.SZ,20240708,9.3,9.33,9.05,9.08,9.3,-0.22,-2.3656,47647.79,43647.425,3.667,8.816257579368232,9.029867344507108,9.05899594884423,8.787128975031113
300192.SZ,20240709,9.07,9.32,8.83,9.28,9.08,0.2,2.2026,83303.0,75726.877,3.667,9.01044827494903,8.806548044589192,9.04928641406519,8.573519209892234
300192.SZ,20240710,9.21,9.3,8.95,9.0,9.28,-0.28,-3.0172,74182.28,67787.336,3.667,8.738581301135913,8.942481531495751,9.029867344507108,8.690033627240712
300192.SZ,20240711,9.18,9.27,9.03,9.25,9.0,0.25,2.7778,73806.29,67773.692,3.667,8.98131967061191,8.913352927158629,9.000738740169988,8.767709905473032
300192.SZ,20240712,9.23,9.36,9.0,9.04,9.25,-0.21,-2.2703,79682.01,72743.884,3.667,8.777419440252071,8.96190060105383,9.088124553181348,8.738581301135913
300192.SZ,20240715,9.03,9.03,8.74,8.79,9.04,-0.25,-2.7655,62892.66,55495.738,3.667,8.534681070776074,8.767709905473032,8.767709905473032,8.486133396880875
300192.SZ,20240716,8.77,9.0,8.57,8.9,8.79,0.11,1.2514,72110.01,63331.416,3.667,8.641485953345512,8.515262001217993,8.738581301135913,8.321071305637195
300192.SZ,20240717,8.9,9.11,8.7,8.85,8.9,-0.05,-0.5618,81274.02,72296.061,3.667,8.592938279450312,8.641485953345512,8.845386183705351,8.447295257764715
300192.SZ,20240718,8.85,9.14,8.53,9.12,8.85,0.27,3.0508,126296.22,112221.165,3.667,8.85509571848439,8.592938279450312,8.87451478804247,8.282233166521035
300192.SZ,20240719,9.52,10.6,9.51,9.73,9.12,0.61,6.6886,254941.89,252282.78,3.667,9.447377340005826,9.243477109645989,10.292106865782296,9.233767574866944
300192.SZ,20240722,9.38,9.58,9.22,9.45,9.73,-0.28,-2.8777,201286.25,188776.724,3.667,9.175510366192707,9.107543622739428,9.301734318320229,8.95219106627479
300192.SZ,20240723,9.4,9.58,9.24,9.27,9.45,-0.18,-1.9048,126965.92,119493.248,3.667,9.000738740169988,9.126962692297507,9.301734318320229,8.97161013583287
300192.SZ,20240724,9.2,9.44,9.01,9.33,9.27,0.06,0.6472,130075.17,120355.337,3.667,9.05899594884423,8.93277199671671,9.165800831413668,8.748290835914952
300192.SZ,20240725,9.23,9.37,9.01,9.07,9.33,-0.26,-2.7867,105885.6,96872.151,3.667,8.806548044589192,8.96190060105383,9.097834087960388,8.748290835914952
300192.SZ,20240726,9.0,9.15,8.97,9.04,9.07,-0.03,-0.3308,68728.9,62226.302,3.667,8.777419440252071,8.738581301135913,8.884224322821511,8.709452696798792
300192.SZ,20240729,9.06,9.16,8.96,9.11,9.04,0.07,0.7743,57117.0,51893.505,3.667,8.845386183705351,8.79683850981015,8.893933857600551,8.699743162019754
300192.SZ,20240730,9.05,9.52,9.0,9.52,9.11,0.41,4.5005,124172.37,115657.133,3.667,9.243477109645989,8.787128975031113,9.243477109645989,8.738581301135913
300192.SZ,20240731,11.42,11.42,10.35,11.42,9.52,1.9,19.958,606052.95,677646.038,3.667,11.088288717663568,11.088288717663568,11.088288717663568,10.0493684963063
300192.SZ,20240801,11.49,12.99,10.98,12.02,11.42,0.6,5.2539,748516.58,879298.519,3.667,11.670860804405963,11.156255461116848,12.612685677972832,10.661069187385811
300192.SZ,20240802,11.95,12.47,11.49,11.54,12.02,-0.48,-3.9933,582669.02,699522.785,3.667,11.204803135012046,11.602894060952682,12.10778986946276,11.156255461116848
300192.SZ,20240805,12.09,12.44,10.76,10.83,11.54,-0.71,-6.1525,554899.79,651868.572,3.667,10.515426165700214,11.73882754785924,12.078661265125636,10.447459422246936
300192.SZ,20240806,11.34,13.0,10.88,13.0,10.83,2.17,20.0369,771453.9,935587.982,3.667,12.622395212751874,11.010612439431249,12.622395212751874,10.563973839595414
300192.SZ,20240807,12.95,15.0,12.62,13.8,13.0,0.8,6.1538,947061.28,1300937.991,3.667,13.399157995075065,12.573847538856672,14.564302168559854,12.253432891148355
300192.SZ,20240808,12.18,13.13,12.1,12.24,13.8,-1.56,-11.3043,718666.42,900954.898,3.667,11.88447056954484,11.826213360870602,12.748619164879392,11.748537082638284
300192.SZ,20240809,12.42,12.58,11.92,11.97,12.24,-0.27,-2.2059,450550.54,550341.203,3.667,11.622313130510763,12.059242195567558,12.214594752032196,11.573765456615565
300192.SZ,20240812,11.97,11.97,11.17,11.33,11.97,-0.64,-5.3467,335160.47,383924.339,3.667,11.000902904652207,11.622313130510763,11.622313130510763,10.84555034818757
300192.SZ,20240813,11.34,11.48,11.17,11.38,11.33,0.05,0.4413,208223.86,235766.927,3.667,11.04945057854741,11.010612439431249,11.14654592633781,10.84555034818757
300192.SZ,20240814,11.24,11.47,11.15,11.23,11.38,-0.15,-1.3181,185738.69,209748.732,3.667,10.90380755686181,10.91351709164085,11.136836391558768,10.826131278629491
300192.SZ,20240815,11.22,11.59,11.0,11.48,11.23,0.25,2.2262,275234.47,311624.903,3.667,11.14654592633781,10.89409802208277,11.253350808907246,10.680488256943892
300192.SZ,20240816,11.41,11.87,11.35,11.38,11.48,-0.1,-0.8711,294433.47,339654.764,3.667,11.04945057854741,11.078579182884528,11.525217782720365,11.020321974210288
300192.SZ,20240819,11.2,11.79,11.18,11.59,11.38,0.21,1.8453,273158.26,314566.879,3.667,11.253350808907246,10.87467895252469,11.447541504488044,10.85525988296661
300192.SZ,20240820,11.41,11.55,11.17,11.44,11.59,-0.15,-1.2942,216633.0,245221.196,3.667,11.10770778722165,11.078579182884528,11.214512669791088,10.84555034818757
300192.SZ,20240821,11.38,11.96,11.22,11.71,11.44,0.27,2.3601,334427.57,389266.41,3.667,11.369865226255726,11.04945057854741,11.612603595731724,10.89409802208277
300192.SZ,20240822,11.44,11.73,10.86,10.9,11.71,-0.81,-6.9172,329550.89,368034.646,3.667,10.583392909153494,11.10770778722165,11.389284295813807,10.544554770037331
300192.SZ,20240823,10.62,11.09,10.62,10.74,10.9,-0.16,-1.4679,202265.79,220053.194,3.667,10.428040352688855,10.311525935340375,10.767874069955251,10.311525935340375
300192.SZ,20240826,10.75,10.99,10.64,10.8,10.74,0.06,0.5587,144406.0,156551.153,3.667,10.486297561363097,10.437749887467897,10.670778722164853,10.330945004898457
300192.SZ,20240827,11.11,11.26,10.48,10.53,10.8,-0.27,-2.5,183161.47,197414.467,3.667,10.224140122329016,10.78729313951333,10.93293616119893,10.175592448433818
300192.SZ,20240828,10.53,11.05,10.35,10.8,10.53,0.27,2.5641,250059.1,269081.376,3.667,10.486297561363097,10.224140122329016,10.729035930839093,10.0493684963063
300192.SZ,20240829,10.62,11.48,10.55,11.29,10.8,0.49,4.537,294584.63,324549.751,3.667,10.962064765536049,10.311525935340375,11.14654592633781,10.243559191887098
300192.SZ,20240830,11.25,11.98,11.09,11.56,11.29,0.27,2.3915,364127.29,419783.966,3.667,11.224222204570127,10.92322662641989,11.632022665289805,10.767874069955251
300192.SZ,20240902,11.62,11.9,11.35,11.35,11.56,-0.21,-1.8166,263893.0,305744.937,3.667,11.020321974210288,11.282479413244364,11.554346387057484,11.020321974210288
300192.SZ,20240903,11.47,11.75,11.28,11.59,11.35,0.24,2.1145,247902.77,285988.833,3.667,11.253350808907246,11.136836391558768,11.408703365371885,10.952355230757007
300192.SZ,20240904,11.45,12.07,11.41,11.85,11.59,0.26,2.2433,322166.77,379132.289,3.667,11.505798713162283,11.117417322000689,11.719408478301162,11.078579182884528
300192.SZ,20240905,11.35,11.74,11.2,11.4,11.85,-0.45,-3.7975,310600.0,356146.856,3.667,11.06886964810549,11.020321974210288,11.398993830592843,10.87467895252469
300192.SZ,20240906,11.45,11.47,10.89,10.97,11.4,-0.43,-3.7719,195342.0,215805.389,3.667,10.651359652606772,11.117417322000689,11.136836391558768,10.573683374374454
300192.SZ,20240909,11.0,11.55,10.8,11.29,10.97,0.32,2.917,208418.02,233831.74,3.667,10.962064765536049,10.680488256943892,11.214512669791088,10.486297561363097
300192.SZ,20240910,11.35,11.45,10.51,10.81,11.29,-0.48,-4.2516,236635.0,254408.207,3.667,10.496007096142137,11.020321974210288,11.117417322000689,10.204721052770935
300192.SZ,20240911,10.57,10.77,10.3,10.62,10.81,-0.19,-1.7576,181281.0,190308.411,3.667,10.311525935340375,10.262978261445175,10.457168957025974,10.0008208224111
300192.SZ,20240912,10.47,10.75,10.16,10.16,10.62,-0.46,-4.3315,186043.0,192405.031,3.667,9.86488733550454,10.165882913654778,10.437749887467897,9.86488733550454
300192.SZ,20240913,10.2,10.48,10.05,10.14,10.16,-0.02,-0.1969,122416.08,125246.405,3.667,9.845468265946462,9.9037254746207,10.175592448433818,9.758082452935104
300192.SZ,20240918,10.02,10.34,9.97,10.16,10.14,0.02,0.1972,107179.0,108545.814,3.667,9.86488733550454,9.728953848597982,10.03965896152726,9.680406174702783
300192.SZ,20240919,10.19,10.4,10.09,10.2,10.16,0.04,0.3937,153271.72,157404.97,3.667,9.9037254746207,9.89401593984166,10.0979161702015,9.79692059205126
300192.SZ,20240920,10.2,10.3,9.99,10.15,10.2,-0.05,-0.4902,113841.89,115234.358,3.667,9.8551778007255,9.9037254746207,10.0008208224111,9.699825244260865
300192.SZ,20240923,10.08,10.58,10.0,10.2,10.15,0.05,0.4926,151036.0,156254.374,3.667,9.9037254746207,9.787211057272222,10.272687796224217,9.709534779039902
300192.SZ,20240924,10.18,10.55,9.88,10.45,10.2,0.25,2.451,204637.0,209977.955,3.667,10.146463844096695,9.88430640506262,10.243559191887098,9.593020361691424
300192.SZ,20240925,10.45,11.23,10.4,10.84,10.45,0.39,3.7321,246680.01,268157.863,3.667,10.525135700479254,10.146463844096695,10.90380755686181,10.0979161702015
300192.SZ,20240926,11.4,11.75,11.05,11.36,10.84,0.52,4.797,437781.48,497343.561,3.667,11.03003150898933,11.06886964810549,11.408703365371885,10.729035930839093
300192.SZ,20240927,11.53,12.43,11.53,12.07,11.36,0.71,6.25,522409.02,630264.799,3.667,11.719408478301162,11.195093600233006,12.0689517303466,11.195093600233006
300192.SZ,20240930,12.07,13.94,12.07,13.64,12.07,1.57,13.0075,642789.44,827075.689,3.667,13.243805438610426,11.719408478301162,13.535091481981624,11.719408478301162
300192.SZ,20241008,16.0,16.0,14.0,15.75,13.64,2.11,15.4692,658275.49,985423.185,3.667,15.292517276987846,15.535255646463844,15.535255646463844,13.593348690655862
300192.SZ,20241009,14.5,15.07,13.44,13.48,15.75,-2.27,-14.4127,498619.59,706122.75,3.667,13.088452882145788,14.078825429607855,14.632268912013132,13.049614743029627
300192.SZ,20241010,13.6,13.96,12.98,13.21,13.48,-0.27,-2.003,284421.76,382306.506,3.667,12.826295443111713,13.204967299494266,13.554510551539703,12.602976143193793
300192.SZ,20241011,13.0,13.15,12.2,12.55,13.06,-0.51,-3.9051,220734.7,279430.127,3.7091,12.325364736410094,12.7673100855244,12.914625201895834,11.981629464876743
300192.SZ,20241014,12.53,13.02,12.21,12.94,12.55,0.39,3.1076,233469.01,295321.007,3.7091,12.708384038975826,12.3057227208939,12.78695210104059,11.99145047263484
300192.SZ,20241015,12.84,13.75,12.71,12.88,12.94,-0.06,-0.4637,253783.0,335259.364,3.7091,12.649457992427251,12.610173961394867,13.503885667381576,12.482500860539623
300192.SZ,20241016,12.5,13.74,12.41,13.31,12.88,0.43,3.3385,294857.0,390649.258,3.7091,13.071761326025369,12.276259697619617,13.49406465962348,12.187870627796752
300192.SZ,20241017,13.44,15.25,13.29,14.08,13.31,0.77,5.7851,529860.1,763960.782,3.7091,13.827978923398735,13.19943442688061,14.97703683109593,13.052119310509172
300192.SZ,20241018,13.88,15.01,13.72,14.59,14.08,0.51,3.6222,402435.0,573201.101,3.7091,14.328850319061615,13.631558768236822,14.741332644901632,13.474422644107287
300192.SZ,20241021,14.59,16.11,14.35,15.51,14.59,0.92,6.3057,507661.7,772838.97,3.7091,15.232383032806418,14.328850319061615,15.82164349829216,14.093146132867316
300192.SZ,20241022,15.36,16.05,14.66,14.89,15.51,-0.62,-3.9974,433278.5,663803.646,3.7091,14.623480551804484,15.085067916434983,15.762717451743589,14.397597373368283
300192.SZ,20241023,14.5,15.12,14.16,14.38,14.89,-0.51,-3.4251,290051.78,423847.072,3.7091,14.122609156141603,14.240461249238752,14.849363730240684,13.906546985463498
300192.SZ,20241024,14.23,15.06,14.21,14.57,14.38,0.19,1.3213,262585.07,384834.34,3.7091,14.309208303545423,13.97529403977017,14.790437683692112,13.95565202425398
300192.SZ,20241025,14.86,16.77,14.86,16.6,14.57,2.03,13.9327,580652.53,927307.392,3.7091,16.30287287843885,14.594017528530197,16.469830010326476,14.594017528530197
300192.SZ,20241028,16.55,17.25,15.91,16.93,16.6,0.33,1.988,526515.01,873359.499,3.7091,16.626966134456005,16.25376783964837,16.941238382715067,15.625223343130246
300192.SZ,20241029,16.8,17.17,15.56,15.73,16.93,-1.2,-7.088,506593.07,818003.109,3.7091,15.448445203484525,16.49929303360076,16.862670320650306,15.281488071596897
300192.SZ,20241030,15.39,15.48,14.65,14.87,15.73,-0.86,-5.4673,332907.0,500168.647,3.7091,14.603838536288292,15.11453093970927,15.202920009532132,14.38777636561019
300192.SZ,20241031,15.09,16.84,15.09,15.85,14.87,0.98,6.5905,412875.47,662957.168,3.7091,15.566297296581672,14.8199007069664,16.538577064633145,14.8199007069664
300192.SZ,20241101,15.66,15.96,14.2,14.32,15.85,-1.53,-9.653,330882.81,490602.937,3.7091,14.06368310959303,15.379698149177852,15.674328381920724,13.945831016495882
300192.SZ,20241104,14.1,14.36,14.0,14.33,14.32,0.01,0.0698,191821.5,272764.043,3.7091,14.073504117351126,13.847620938914924,14.102967140625411,13.749410861333969
300192.SZ,20241105,14.38,15.0,14.15,14.87,14.33,0.54,3.7683,207669.16,304837.54,3.7091,14.603838536288292,14.122609156141603,14.731511637143536,13.896725977705405
300192.SZ,20241106,14.82,15.58,14.3,15.09,14.87,0.22,1.4795,350990.6,528473.362,3.7091,14.8199007069664,14.554733497497816,15.301130087113089,14.04404109407684
300192.SZ,20241107,15.11,16.44,14.91,16.2,15.09,1.11,7.3559,401598.27,631661.737,3.7091,15.91003256811502,14.839542722482587,16.14573675430932,14.643122567320678
300192.SZ,20241108,15.96,16.18,15.42,15.57,16.2,-0.63,-3.8889,316107.15,497557.023,3.7091,15.291309079354992,15.674328381920724,15.890390552598827,15.143993962983558
300192.SZ,20241111,15.7,16.68,15.4,16.57,15.57,1.0,6.4226,361447.15,585356.854,3.7091,16.273409855164562,15.418982180210236,16.381440940503612,15.124351947467366
300192.SZ,20241112,16.8,17.57,15.4,15.64,16.57,-0.93,-5.6126,393682.43,649700.897,3.7091,15.36005613366166,16.49929303360076,17.25551063097413,15.124351947467366
300192.SZ,20241113,15.53,16.49,15.4,16.28,15.64,0.64,4.0921,316611.25,507099.856,3.7091,15.988600630179787,15.25202504832261,16.194841793099794,15.124351947467366
300192.SZ,20241114,16.13,17.36,15.56,15.6,16.28,-0.68,-4.1769,368472.18,604271.74,3.7091,15.32077210262928,15.84128551380835,17.04926946805412,15.281488071596897
300192.SZ,20241115,15.65,16.69,15.5,15.62,15.6,0.02,0.1282,387050.6,624900.322,3.7091,15.34041411814547,15.369877141419758,16.39126194826171,15.22256202504832
300192.SZ,20241118,15.57,15.76,13.5,13.66,15.62,-1.96,-12.548,363209.92,509491.328,3.7091,13.415496597558716,15.291309079354992,15.47790822675881,13.258360473429184
300192.SZ,20241119,13.7,14.08,13.44,14.08,13.66,0.42,3.0747,190511.0,262935.547,3.7091,13.827978923398735,13.454780628591095,13.827978923398735,13.19943442688061
300192.SZ,20241120,14.01,14.55,13.96,14.37,14.08,0.29,2.0597,187419.86,268352.044,3.7091,14.112788148383508,13.759231869092064,14.289566288029231,13.710126830301586
300192.SZ,20241121,14.3,14.71,14.0,14.45,14.37,0.08,0.5567,204873.0,294334.107,3.7091,14.191356210448276,14.04404109407684,14.446702412158764,13.749410861333969
300192.SZ,20241122,14.52,14.75,13.62,13.66,14.45,-0.79,-5.4671,198867.39,282828.622,3.7091,13.415496597558716,14.260103264754944,14.485986443191145,13.376212566526332
300192.SZ,20241125,13.8,13.97,13.49,13.9,13.66,0.24,1.757,139487.0,191468.565,3.7091,13.651200783753012,13.552990706172055,13.719947838059682,13.248539465671088
300192.SZ,20241126,13.8,14.33,13.72,13.85,13.9,-0.05,-0.3597,134878.0,189044.829,3.7091,13.602095744962533,13.552990706172055,14.073504117351126,13.474422644107287
300192.SZ,20241127,13.65,14.58,13.19,14.56,13.85,0.71,5.1264,226629.0,316399.495,3.7091,14.299387295787326,13.40567558980062,14.31902931130352,12.953909232928217
300192.SZ,20241128,14.43,14.67,14.02,14.09,14.56,-0.47,-3.228,175453.43,250761.529,3.7091,13.83779993115683,14.171714194932084,14.407418381126378,13.76905287685016
300192.SZ,20241129,14.09,14.49,13.8,14.19,14.09,0.1,0.7097,164310.0,232225.859,3.7091,13.936010008737789,13.83779993115683,14.230640241480655,13.552990706172055
300192.SZ,20241202,14.2,14.6,14.04,14.42,14.19,0.23,1.6209,197308.01,282854.14,3.7091,14.161893187173987,13.945831016495882,14.33867132681971,13.78869489236635
300192.SZ,20241203,14.42,14.76,14.29,14.44,14.42,0.02,0.1387,171917.0,249084.626,3.7091,14.181535202690178,14.161893187173987,14.495807450949242,14.034220086318742
300192.SZ,20241204,14.48,14.88,14.08,14.16,14.44,-0.28,-1.9391,183936.57,267218.8,3.7091,13.906546985463498,14.220819233722562,14.61365954404639,13.827978923398735
300192.SZ,20241205,14.13,14.8,14.04,14.78,14.16,0.62,4.3785,241109.0,352176.166,3.7091,14.515449466465432,13.877083962189213,14.535091481981624,13.78869489236635
300192.SZ,20241206,14.87,15.77,14.83,15.59,14.78,0.81,5.4804,391525.0,600893.162,3.7091,15.310951094871184,14.603838536288292,15.487729234516904,14.564554505255913
300192.SZ,20241209,15.8,15.95,14.95,15.16,15.59,-0.43,-2.7582,274342.86,418273.98,3.7091,14.88864776127307,15.517192257791194,15.664507374162628,14.682406598353058
300192.SZ,20241210,15.7,15.78,15.2,15.3,15.16,0.14,0.9235,260514.0,402933.433,3.7091,15.026141869886407,15.418982180210236,15.497550242275,14.92793179230545
300192.SZ,20241211,15.4,15.53,14.93,15.29,15.3,-0.01,-0.0654,200119.1,303653.141,3.7091,15.016320862128312,15.124351947467366,15.25202504832261,14.662764582836866
300192.SZ,20241212,15.44,16.12,15.26,16.04,15.29,0.75,4.9052,330572.21,517095.211,3.7091,15.752896443985488,15.163635978499746,15.831464506050256,14.986857838854023
300192.SZ,20241213,15.98,16.24,15.25,15.33,16.04,-0.71,-4.4264,296636.86,466264.199,3.7091,15.055604893160696,15.693970397436916,15.949316599147402,14.97703683109593
300192.SZ,20241216,17.0,18.4,16.73,18.4,15.33,3.07,20.0261,440692.14,781824.279,3.7091,18.07065427489607,16.695713188762674,18.07065427489607,16.430545979294095
300192.SZ,20241217,18.88,19.0,16.36,16.61,18.4,-1.79,-9.7283,656882.62,1132170.845,3.7091,16.312693886196943,18.542062647284663,18.65991474038181,16.06716869224455
300192.SZ,20241218,16.47,18.08,15.71,17.23,16.61,0.62,3.7327,654567.97,1109063.053,3.7091,16.921596367198877,16.175199777583604,17.75638202663701,15.428803187968333
300192.SZ,20241219,17.01,18.67,17.01,17.81,17.23,0.58,3.3662,599886.91,1070741.544,3.7091,17.491214817168423,16.705534196520773,18.33582148436465,16.705534196520773
300192.SZ,20241220,17.22,20.26,17.22,18.94,17.81,1.13,6.3448,674133.08,1256413.9,3.7091,18.60098869383324,16.91177535944078,19.89736171790188,16.91177535944078
300192.SZ,20241223,19.52,20.43,17.7,18.19,18.94,-0.75,-3.9599,650204.76,1241584.02,3.7091,17.864413111976067,19.17060714380279,20.064318849789498,17.383183731829373
300192.SZ,20241224,18.66,18.88,17.15,17.51,18.19,-0.68,-3.7383,458520.4,811738.437,3.7091,17.19658458442556,18.32600047660656,18.542062647284663,16.84302830513411
300192.SZ,20241225,17.11,17.64,16.36,16.62,17.51,-0.89,-5.0828,356998.62,598993.871,3.7091,16.32251489395504,16.803744274101728,17.3242576852808,16.06716869224455
300192.SZ,20241226,16.81,17.89,16.64,17.29,16.62,0.67,4.0313,372271.78,644796.838,3.7091,16.98052241374745,16.509114041358856,17.569782879233195,16.342156909471232
300192.SZ,20241227,17.51,18.85,17.51,17.79,17.29,0.5,2.8918,429216.29,780561.672,3.7091,17.471572801652236,17.19658458442556,18.512599624010377,17.19658458442556
300192.SZ,20241230,17.87,18.18,16.91,17.37,17.79,-0.42,-2.3609,304902.02,536303.771,3.7091,17.059090475812216,17.550140863717,17.854592104217968,16.607324118939815
300192.SZ,20241231,17.62,17.7,15.8,15.9,17.37,-1.47,-8.4629,357993.4,588250.171,3.7091,15.61540233537215,17.304615669764612,17.383183731829373,15.517192257791194
300192.SZ,20250102,16.02,16.87,15.71,16.0,15.9,0.1,0.6289,297974.83,482307.149,3.7091,15.713612412953108,15.733254428469298,16.56804008790743,15.428803187968333
300192.SZ,20250103,15.94,16.04,14.53,14.57,16.0,-1.43,-8.9375,286715.3,433098.988,3.7091,14.309208303545423,15.654686366404531,15.752896443985488,14.26992427251304
300192.SZ,20250106,14.6,14.75,13.9,14.15,14.57,-0.42,-2.8826,184463.0,262500.257,3.7091,13.896725977705405,14.33867132681971,14.485986443191145,13.651200783753012
300192.SZ,20250107,14.22,14.98,14.2,14.95,14.15,0.8,5.6537,192178.0,280029.084,3.7091,14.682406598353058,13.965473032012076,14.711869621627349,13.945831016495882
300192.SZ,20250108,14.76,15.15,14.26,14.9,14.95,-0.05,-0.3344,197223.57,290328.47,3.7091,14.63330155956258,14.495807450949242,14.878826753514971,14.004757063044456
300192.SZ,20250109,14.99,16.3,14.91,15.36,14.9,0.46,3.0872,290661.8,454959.893,3.7091,15.085067916434983,14.721690629385442,16.008242645695976,14.643122567320678
300192.SZ,20250110,15.21,15.94,14.88,14.91,15.36,-0.45,-2.9297,257455.9,396906.051,3.7091,14.643122567320678,14.937752800063548,15.654686366404531,14.61365954404639
300192.SZ,20250113,14.68,15.32,14.02,15.06,14.91,0.15,1.006,183275.0,269290.224,3.7091,14.790437683692112,14.417239388884475,15.0457838854026,13.76905287685016
300192.SZ,20250114,15.32,16.08,15.11,16.08,15.06,1.02,6.7729,284309.2,445831.697,3.7091,15.79218047501787,15.0457838854026,15.79218047501787,14.839542722482587
300192.SZ,20250115,15.91,16.55,15.84,16.14,16.08,0.06,0.3731,285716.59,462590.084,3.7091,15.851106521566448,15.625223343130246,16.25376783964837,15.556476288823577
300192.SZ,20250116,16.2,16.6,15.77,15.96,16.14,-0.18,-1.1152,251118.06,405455.673,3.7091,15.674328381920724,15.91003256811502,16.30287287843885,15.487729234516904
300192.SZ,20250117,15.79,16.22,15.69,16.12,15.96,0.16,1.0025,190505.47,304838.744,3.7091,15.831464506050256,15.507371250033096,15.929674583631211,15.40916117245214
300192.SZ,20250120,16.6,16.8,16.08,16.35,16.12,0.23,1.4268,320642.93,525198.965,3.7091,16.05734768448646,16.30287287843885,16.49929303360076,15.79218047501787
300192.SZ,20250121,16.25,16.33,15.51,15.94,16.35,-0.41,-2.5076,290235.93,459937.277,3.7091,15.654686366404531,15.9591376069055,16.037705668970265,15.232383032806418
300192.SZ,20250122,15.9,16.15,15.68,15.84,15.84,0.0,0.0,232928.2,371321.225,3.7325,15.654619111923108,15.713916911589482,15.960991076866046,15.496491646146106
300192.SZ,20250123,15.99,16.65,15.78,16.05,15.84,0.21,1.3258,347087.1,565100.062,3.7325,15.86216141075542,15.802863611089045,16.455139407419175,15.595321312256733
300192.SZ,20250124,15.87,16.65,15.87,16.56,16.05,0.51,3.1776,297718.3,488124.279,3.7325,16.366192707919613,15.684268011756297,16.455139407419175,15.684268011756297
300192.SZ,20250127,16.68,16.99,15.8,15.8,16.56,-0.76,-4.5894,228851.1,369207.266,3.7325,15.615087245478858,16.484788307252362,16.7911602721953,15.615087245478858
300192.SZ,20250205,16.2,18.83,16.13,17.64,15.8,1.84,11.6456,497363.0,858079.938,3.7325,17.43355310191437,16.01040590992136,18.60962612863081,15.94122514364392
300192.SZ,20250206,17.48,18.33,17.17,17.99,17.64,0.35,1.9841,444450.01,796356.786,3.7325,17.779456933301557,17.27542563613737,18.115477798077684,16.969053671194434
300192.SZ,20250207,17.9,18.15,17.27,17.68,17.99,-0.31,-1.7232,421593.2,749930.78,3.7325,17.47308496835862,17.690510233801994,17.93758439907856,17.067883337305055
300192.SZ,20250210,18.14,18.94,17.99,18.69,17.68,1.01,5.7127,537392.03,991199.303,3.7325,18.47126459607594,17.927701432467497,18.718338761352506,17.779456933301557
300192.SZ,20250211,18.34,22.43,18.03,20.8,18.69,2.11,11.2895,844648.5,1738299.785,3.7325,20.55657055101014,18.125360764688747,22.167494108613337,17.81898879974581
300192.SZ,20250212,20.8,21.4,20.01,20.67,20.8,-0.13,-0.625,678812.92,1411050.644,3.7325,20.42809198506633,20.55657055101014,21.14954854767389,19.7758161887362
300192.SZ,20250213,20.79,21.78,20.36,20.6,20.67,-0.07,-0.3387,558769.09,1173305.729,3.7325,20.35891121878889,20.54668758439908,21.52510127889428,20.121720020123387
300192.SZ,20250214,20.4,21.44,19.63,21.19,20.6,0.59,2.8641,543426.73,1113777.974,3.7325,20.942006248841583,20.16125188656764,21.189080414118145,19.40026345751582
300192.SZ,20250217,21.45,22.8,20.95,21.09,21.19,-0.1,-0.4719,609203.23,1334430.924,3.7325,20.843176582730955,21.198963380729207,22.53316387322265,20.70481505017608
300192.SZ,20250218,20.61,20.9,19.21,19.31,21.09,-1.78,-8.44,505316.07,1017000.526,3.7325,19.084008525961817,20.36879418539996,20.655400217120764,18.985178859851192
300192.SZ,20250219,19.63,19.95,19.31,19.71,19.31,0.4,2.0715,269864.1,529750.555,3.7325,19.479327190404323,19.40026345751582,19.716518389069822,19.084008525961817
300192.SZ,20250220,19.7,20.16,19.37,19.69,19.71,-0.02,-0.1015,299803.0,592455.746,3.7325,19.459561257182195,19.469444223793257,19.92406068790213,19.143306325628192
300192.SZ,20250221,20.09,20.96,19.71,20.77,19.69,1.08,5.485,433190.23,882663.953,3.7325,20.526921651176952,19.854879921624697,20.714698016787143,19.479327190404323
300192.SZ,20250224,20.37,20.4,19.47,19.67,20.77,-1.1,-5.2961,361527.0,717783.192,3.7325,19.43979532396008,20.13160298673445,20.16125188656764,19.24213599173882
300192.SZ,20250225,19.0,19.78,18.9,19.4,19.67,-0.27,-1.3726,248421.0,480600.719,3.7325,19.172955225461383,18.77763656101888,19.54850795668176,18.67880689490825
300192.SZ,20250226,19.6,20.37,19.46,19.84,19.4,0.44,2.268,307372.3,610055.133,3.7325,19.60780575634813,19.37061455768264,20.13160298673445,19.23225302512776
300192.SZ,20250227,19.92,20.63,19.05,19.6,19.84,-0.24,-1.2097,305119.01,603838.04,3.7325,19.37061455768264,19.686869489236635,20.38856011862208,18.82705139407419
300192.SZ,20250228,19.53,19.54,17.75,17.9,19.6,-1.7,-8.6735,314152.16,582261.548,3.7325,17.690510233801994,19.301433791405195,19.311316758016257,17.542265734636057
300192.SZ,20250303,18.1,18.5,17.75,18.11,17.9,0.21,1.1732,174270.03,316979.897,3.7325,17.89805253263431,17.888169566023247,18.28348823046575,17.542265734636057
300192.SZ,20250304,17.73,19.17,17.73,18.7,18.11,0.59,3.2579,210269.09,388537.538,3.7325,18.481147562687,17.522499801413936,18.945646993406942,17.522499801413936
300192.SZ,20250305,18.68,19.8,18.57,18.91,18.7,0.21,1.123,240500.01,456622.673,3.7325,18.688689861519315,18.46138162946488,19.568273889903885,18.352668996743187
300192.SZ,20250306,19.0,19.8,19.0,19.53,18.91,0.62,3.2787,273174.01,531920.909,3.7325,19.301433791405195,18.77763656101888,19.568273889903885,18.77763656101888
300192.SZ,20250307,19.36,20.0,19.0,19.21,19.53,-0.32,-1.6385,240719.0,468961.15,3.7325,18.985178859851192,19.133423359017133,19.76593322212514,18.77763656101888
300192.SZ,20250310,19.22,19.36,18.65,18.86,19.21,-0.35,-1.822,169159.0,319899.857,3.7325,18.639275028464,18.99506182646225,19.133423359017133,18.431732729631687
300192.SZ,20250311,18.5,18.71,18.27,18.59,18.86,-0.27,-1.4316,146287.82,270611.661,3.7325,18.372434929965312,18.28348823046575,18.491030529298065,18.05617999841131
300192.SZ,20250312,18.64,18.87,18.5,18.54,18.59,-0.05,-0.269,142393.0,266439.346,3.7325,18.32302009691,18.421849763020628,18.64915799507507,18.28348823046575
300192.SZ,20250313,18.58,18.58,17.7,17.99,18.54,-0.55,-2.9666,168182.66,302933.848,3.7325,17.779456933301557,18.36255196335425,18.36255196335425,17.49285090158074
300192.SZ,20250314,17.88,18.45,17.72,18.41,17.99,0.42,2.3346,146438.0,265845.648,3.7325,18.194541530966188,17.67074430057987,18.23407339741044,17.51261683480287
300192.SZ,20250317,18.28,18.75,18.24,18.29,18.41,-0.12,-0.6518,146553.0,271110.176,3.7325,18.075945931633434,18.06606296502237,18.530562395742315,18.02653109857812
300192.SZ,20250318,18.37,19.15,18.37,18.48,18.29,0.19,1.0388,203673.0,380125.712,3.7325,18.26372229724363,18.155009664521938,18.925881060184818,18.155009664521938
300192.SZ,20250319,18.36,18.93,18.07,18.16,18.48,-0.32,-1.7316,178050.16,327645.092,3.7325,17.947467365689626,18.145126697910875,18.70845579474144,17.85852066619006
300192.SZ,20250320,18.02,18.44,17.88,18.03,18.16,-0.13,-0.7159,131685.14,239066.712,3.7325,17.81898879974581,17.809105833134744,18.22419043079938,17.67074430057987
300192.SZ,20250321,17.96,17.97,17.4,17.46,18.03,-0.57,-3.1614,142880.49,251612.871,3.7325,17.255659702915242,17.749808033468373,17.759691000079435,17.196361903248867
300192.SZ,20250324,17.41,17.59,16.31,16.9,17.46,-0.56,-3.2073,154868.0,262189.418,3.7325,16.70221357269574,17.206244869859933,17.384138268859058,16.119118542643047
300192.SZ,20250325,16.91,16.98,16.5,16.71,16.9,-0.19,-1.1243,101509.0,170188.724,3.7325,16.51443720708555,16.712096539306803,16.78127730558424,16.306894908253238
300192.SZ,20250326,16.59,16.85,16.59,16.79,16.71,0.08,0.4788,72751.0,121959.484,3.7325,16.59350093997405,16.3958416077528,16.652798739640428,16.3958416077528
300192.SZ,20250327,16.69,16.89,16.44,16.65,16.79,-0.14,-0.8338,83567.0,139449.719,3.7325,16.455139407419175,16.494671273863425,16.692330606084678,16.247597108586863
300192.SZ,20250328,16.6,16.84,16.41,16.45,16.65,-0.2,-1.2012,88693.0,147181.031,3.7325,16.257480075197922,16.405724574363866,16.642915773029365,16.217948208753672
300192.SZ,20250331,16.36,16.4,15.83,16.25,16.45,-0.2,-1.2158,110850.0,177983.759,3.7325,16.059820742976672,16.16853337569836,16.20806524214261,15.644736145312043
300192.SZ,20250401,16.35,16.63,16.29,16.29,16.25,0.04,0.2462,85171.01,139986.099,3.7325,16.099352609420922,16.1586504090873,16.43537347419705,16.099352609420922
300192.SZ,20250402,16.26,16.73,16.26,16.39,16.29,0.1,0.6139,95987.58,158334.405,3.7325,16.198182275531547,16.06970370958774,16.534203140307675,16.06970370958774
300192.SZ,20250403,16.1,16.47,15.97,16.21,16.39,-0.18,-1.0982,84805.0,137682.869,3.7325,16.020288876532423,15.911576243810735,16.277246008420047,15.78309767786692
300192.SZ,20250407,15.03,15.34,12.97,13.13,16.21,-3.08,-19.0006,223264.27,309774.203,3.7325,12.976335160325153,14.854098816427038,15.16047078136998,12.81820769454815
300192.SZ,20250408,13.35,14.25,13.16,13.67,13.13,0.54,4.1127,206322.0,282880.779,3.7325,13.51001535732253,13.193760425768527,14.08322742076416,13.00598406015834
300192.SZ,20250409,13.5,14.5,12.44,14.42,13.67,0.75,5.4865,221054.0,302612.919,3.7325,14.251237853152222,13.342004924934468,14.330301586040722,12.294410464161832
300192.SZ,20250410,14.8,15.55,14.7,15.13,14.42,0.71,4.9237,244642.58,370545.331,3.7325,14.952928482537668,14.6267905843726,15.368013080202294,14.527960918261972
300192.SZ,20250411,15.0,15.68,15.0,15.08,15.13,-0.05,-0.3305,234946.0,359047.994,3.7325,14.903513649482353,14.824449916593853,15.496491646146106,14.824449916593853
300192.SZ,20250414,15.2,15.4,15.0,15.12,15.08,0.04,0.2653,159369.0,242744.519,3.7325,14.9430455159266,15.022109248815102,15.219768581036355,14.824449916593853
300192.SZ,20250415,15.22,15.42,14.9,15.05,15.12,-0.07,-0.463,97208.0,146433.505,3.7325,14.873864749649163,15.041875182037227,15.239534514258478,14.725620250483226
300192.SZ,20250416,15.03,15.64,14.91,15.09,15.05,0.04,0.2658,195028.26,297280.948,3.7325,14.913396616093417,14.854098816427038,15.456959779701856,14.735503217094289
300192.SZ,20250417,14.93,15.36,14.85,15.01,15.09,-0.08,-0.5302,152280.0,230277.6,3.7325,14.834332883204915,14.755269150316414,15.180236714592104,14.676205417427914
300192.SZ,20250418,15.67,15.94,15.04,15.09,15.01,0.08,0.533,170373.5,260861.467,3.7325,14.913396616093417,15.486608679535044,15.753448778033732,14.8639817830381
300192.SZ,20250421,14.94,16.18,14.94,15.94,15.09,0.85,5.6329,285147.67,449775.974,3.7325,15.753448778033732,14.765152116927474,15.990639976699237,14.765152116927474
300192.SZ,20250422,15.78,16.42,15.78,15.97,15.94,0.03,0.1882,199536.5,320330.164,3.7325,15.78309767786692,15.595321312256733,16.227831175364738,15.595321312256733
300192.SZ,20250423,15.88,16.03,15.63,15.7,15.97,-0.27,-1.6907,148037.5,233542.77,3.7325,15.516257579368231,15.69415097836736,15.842395477533296,15.447076813090796
300192.SZ,20250424,15.7,15.77,15.29,15.53,15.7,-0.17,-1.0828,123186.0,191143.712,3.7325,15.348247146980167,15.516257579368231,15.58543834564567,15.111055948314666
300192.SZ,20250425,15.38,15.99,15.28,15.63,15.53,0.1,0.6439,152884.0,239481.643,3.7325,15.447076813090796,15.20000264781423,15.802863611089045,15.101172981703602
300192.SZ,20250428,15.58,15.76,15.13,15.14,15.63,-0.49,-3.135,120042.4,183571.035,3.7325,14.962811449148727,15.39766198003548,15.575555379034606,14.952928482537668
300192.SZ,20250429,15.02,15.52,15.01,15.25,15.14,0.11,0.7266,100687.42,154319.518,3.7325,15.071524081870416,14.844215849815976,15.338364180369105,14.834332883204915
300192.SZ,20250430,15.29,15.68,15.29,15.58,15.25,0.33,2.1639,98157.04,152775.083,3.7325,15.39766198003548,15.111055948314666,15.496491646146106,15.111055948314666
300192.SZ,20250506,15.76,16.37,15.75,16.25,15.58,0.67,4.3004,170603.0,273918.024,3.7325,16.059820742976672,15.575555379034606,16.178416342309422,15.565672412423543
300192.SZ,20250507,16.31,16.5,15.76,15.93,16.25,-0.32,-1.9692,150387.0,241272.35,3.7325,15.743565811422672,16.119118542643047,16.306894908253238,15.575555379034606
300192.SZ,20250508,15.84,16.33,15.84,16.22,15.93,0.29,1.8205,126928.0,204983.873,3.7325,16.030171843143485,15.654619111923108,16.138884475865172,15.654619111923108
300192.SZ,20250509,16.13,16.21,15.59,15.72,16.22,-0.5,-3.0826,110565.33,174840.798,3.7325,15.536023512590358,15.94122514364392,16.020288876532423,15.407544946646544
300192.SZ,20250512,15.88,15.99,15.7,15.83,15.72,0.11,0.6997,95737.0,151756.521,3.7325,15.644736145312043,15.69415097836736,15.802863611089045,15.516257579368231
300192.SZ,20250513,16.02,16.21,15.58,15.65,15.83,-0.18,-1.1371,118699.8,188126.389,3.7325,15.46684274631292,15.832512510922234,16.020288876532423,15.39766198003548
300192.SZ,20250514,15.74,15.77,15.45,15.6,15.65,-0.05,-0.3195,96552.0,150526.7,3.7325,15.417427913257605,15.55578944581248,15.58543834564567,15.269183414091668
300192.SZ,20250515,15.61,15.66,15.01,15.05,15.6,-0.55,-3.5256,101864.0,154615.58,3.7325,14.873864749649163,15.427310879868667,15.47672571292398,14.834332883204915
300192.SZ,20250516,14.98,15.25,14.93,15.09,15.05,0.04,0.2658,70705.0,107106.956,3.7325,14.913396616093417,14.804683983371726,15.071524081870416,14.755269150316414
300192.SZ,20250519,15.23,15.82,14.92,15.62,15.09,0.53,3.5123,156168.19,241496.654,3.7325,15.43719384647973,15.051758148648291,15.634853178700984,14.745386183705351
300192.SZ,20250520,15.51,15.97,15.4,15.88,15.62,0.26,1.6645,145027.0,228924.468,3.7325,15.69415097836736,15.328481213758042,15.78309767786692,15.219768581036355
300192.SZ,20250521,15.82,16.29,15.41,16.16,15.88,0.28,1.7632,219508.3,349300.377,3.7325,15.97087404347711,15.634853178700984,16.099352609420922,15.229651547647418
300192.SZ,20250522,16.9,17.75,16.15,16.15,16.16,-0.01,-0.0619,464379.19,790871.814,3.7325,15.960991076866046,16.70221357269574,17.542265734636057,15.960991076866046
300192.SZ,20250523,16.14,16.8,15.5,16.3,16.15,0.15,0.9288,310643.33,502480.558,3.7325,16.109235576031985,15.951108110254983,16.603383906585115,15.31859824714698
300192.SZ,20250526,16.0,16.68,15.85,16.13,16.3,-0.17,-1.0429,190139.0,308111.512,3.7325,15.94122514364392,15.812746577700109,16.484788307252362,15.66450207853417
300192.SZ,20250527,16.13,16.19,15.7,15.8,16.13,-0.33,-2.0459,161357.23,256120.078,3.7325,15.615087245478858,15.94122514364392,16.000522943310298,15.516257579368231
300192.SZ,20250528,15.77,15.89,15.3,15.33,15.8,-0.47,-2.9747,139782.84,216340.48,3.7325,15.150587814758918,15.58543834564567,15.704033944978422,15.120938914925729
300192.SZ,20250529,15.3,15.72,15.2,15.65,15.33,0.32,2.0874,104636.23,163060.297,3.7325,15.46684274631292,15.120938914925729,15.536023512590358,15.022109248815102
300192.SZ,20250530,15.5,15.58,15.12,15.13,15.65,-0.52,-3.3227,109576.0,166960.051,3.7325,14.952928482537668,15.31859824714698,15.39766198003548,14.9430455159266
300192.SZ,20250603,15.11,15.5,15.06,15.28,15.13,0.15,0.9914,80449.0,123433.358,3.7325,15.101172981703602,14.93316254931554,15.31859824714698,14.883747716260228
300192.SZ,20250604,15.31,15.59,15.15,15.42,15.28,0.14,0.9162,80154.0,123410.393,3.7325,15.239534514258478,15.130821881536791,15.407544946646544,14.972694415759792
300192.SZ,20250605,15.3,15.42,15.16,15.4,15.32,0.08,0.5222,94886.44,145057.763,3.7569,15.319262848518548,15.21978711573596,15.339157995075066,15.080521089840335
300192.SZ,20250606,15.3,15.39,15.12,15.19,15.4,-0.21,-1.3636,70719.0,107500.939,3.7569,15.110363809675112,15.21978711573596,15.309315275240287,15.0407307967273
300192.SZ,20250609,15.1,15.23,14.9,15.16,15.19,-0.03,-0.1975,102515.43,154698.494,3.7569,15.080521089840335,15.020835650170785,15.150154102788148,14.821884184605608
300192.SZ,20250610,15.19,15.19,14.5,14.77,15.16,-0.39,-2.5726,126298.74,187225.827,3.7569,14.692565731988244,15.110363809675112,15.110363809675112,14.423981253475256
300192.SZ,20250611,14.7,15.13,14.66,14.91,14.77,0.14,0.9479,76492.3,114205.79,3.7569,14.831831757883863,14.622932719040431,15.050678370005562,14.583142425927395
300192.SZ,20250612,14.91,15.32,14.77,14.98,14.91,0.07,0.4695,106278.5,159944.148,3.7569,14.901464770831678,14.831831757883863,15.239682262292478,14.692565731988244
300192.SZ,20250613,14.85,15.12,14.48,14.49,14.98,-0.49,-3.271,93622.0,137269.45,3.7569,14.414033680196995,14.772146318214311,15.0407307967273,14.404086106918738
300192.SZ,20250616,14.4,14.69,14.36,14.58,14.49,0.09,0.6211,68851.0,100157.304,3.7569,14.503561839701328,14.324505520692668,14.612985145762172,14.284715227579634
300192.SZ,20250617,14.6,14.77,14.31,14.43,14.58,-0.15,-1.0288,82632.0,119534.797,3.7569,14.354348240527443,14.523456986257845,14.692565731988244,14.23497736118834
300192.SZ,20250618,14.36,14.54,14.15,14.35,14.43,-0.08,-0.5544,72080.0,103092.368,3.7569,14.274767654301373,14.284715227579634,14.46377154658829,14.075816188736198
300192.SZ,20250619,14.26,14.39,13.98,14.0,14.35,-0.35,-2.439,76737.76,108652.178,3.7569,13.926602589562314,14.185239494797043,14.314557947414407,13.906707443005798
300192.SZ,20250620,14.0,14.17,13.78,13.79,14.0,-0.21,-1.5,62229.9,86711.403,3.7569,13.71770355071888,13.926602589562314,14.095711335292716,13.70775597744062
300192.SZ,20250623,13.57,14.06,13.5,13.99,13.79,0.2,1.4503,69619.9,96843.97,3.7569,13.916655016284055,13.498856938597187,13.98628802923187,13.429223925649376
300192.SZ,20250624,14.0,14.32,14.0,14.27,13.99,0.28,2.0014,82355.9,117172.137,3.7569,14.195187068075304,13.926602589562314,14.244924934466598,13.926602589562314
300192.SZ,20250625,14.28,14.63,14.22,14.59,14.27,0.32,2.2425,109723.0,158533.165,3.7569,14.513509412979586,14.205134641353562,14.553299706092622,14.145449201684013
300192.SZ,20250626,14.55,14.64,14.35,14.41,14.59,-0.18,-1.2337,72836.0,105620.892,3.7569,14.334453093970929,14.47371911986655,14.56324727937088,14.274767654301373
300192.SZ,20250627,14.48,14.6,14.34,14.47,14.41,0.06,0.4164,63930.0,92518.139,3.7569,14.39413853364048,14.404086106918738,14.523456986257845,14.264820081023114
300192.SZ,20250630,15.31,15.88,14.87,15.0,14.47,0.53,3.6628,268639.0,410335.619,3.7569,14.921359917388196,15.22973468901422,15.796746365874972,14.792041464770833
300192.SZ,20250701,15.35,16.09,15.35,15.41,15.0,0.41,2.7333,333612.95,521750.416,3.7569,15.329210421796803,15.269524982127251,16.005645404718404,15.269524982127251
300192.SZ,20250702,14.92,15.0,14.55,14.67,15.41,-0.74,-4.8021,212034.86,312668.845,3.7569,14.593089999205656,14.841779331162126,14.921359917388196,14.47371911986655
300192.SZ,20250703,14.64,14.82,14.64,14.7,14.67,0.03,0.2045,89072.0,130959.797,3.7569,14.622932719040431,14.56324727937088,14.742303598379538,14.56324727937088
300192.SZ,20250704,14.7,14.7,14.36,14.38,14.7,-0.32,-2.1769,97905.0,141751.16,3.7569,14.304610374136152,14.622932719040431,14.622932719040431,14.284715227579634
300192.SZ,20250707,14.32,14.54,14.32,14.52,14.38,0.14,0.9736,62009.35,89616.531,3.7569,14.443876400031774,14.244924934466598,14.46377154658829,14.244924934466598
300192.SZ,20250708,14.44,14.59,14.44,14.57,14.52,0.05,0.3444,66479.0,96655.748,3.7569,14.493614266423068,14.364295813805702,14.513509412979586,14.364295813805702
300192.SZ,20250709,14.57,14.69,14.5,14.52,14.57,-0.05,-0.3432,84859.76,123801.068,3.7569,14.443876400031774,14.493614266423068,14.612985145762172,14.423981253475256
300192.SZ,20250710,14.51,14.97,14.4,14.63,14.52,0.11,0.7576,132804.0,195780.173,3.7569,14.553299706092622,14.433928826753515,14.89151719755342,14.324505520692668
300192.SZ,20250711,14.6,14.75,14.37,14.73,14.63,0.1,0.6835,110978.0,161594.855,3.7569,14.652775438875208,14.523456986257845,14.672670585431725,14.29466280085789
300192.SZ,20250714,14.63,14.68,14.48,14.53,14.73,-0.2,-1.3578,76028.73,110477.333,3.7569,14.453823973310032,14.553299706092622,14.603037572483917,14.404086106918738
300192.SZ,20250715,14.49,14.61,14.26,14.48,14.53,-0.05,-0.3441,80637.09,116489.185,3.7569,14.404086106918738,14.414033680196995,14.533404559536104,14.185239494797043
300192.SZ,20250716,14.64,14.89,14.58,14.82,14.48,0.34,2.3481,148351.0,219255.479,3.7569,14.742303598379538,14.56324727937088,14.811936611327347,14.503561839701328
300192.SZ,20250717,14.76,14.85,14.66,14.8,14.82,-0.02,-0.135,92166.0,135984.348,3.7569,14.72240845182302,14.682618158709984,14.772146318214311,14.583142425927395
300192.SZ,20250718,14.8,15.58,14.73,15.3,14.8,0.5,3.3784,260784.21,396412.149,3.7569,15.21978711573596,14.72240845182302,15.498319167527209,14.652775438875208
300192.SZ,20250721,15.09,15.19,15.0,15.16,15.3,-0.14,-0.915,146827.66,221648.359,3.7569,15.080521089840335,15.010888076892526,15.110363809675112,14.921359917388196
300192.SZ,20250722,15.18,15.22,14.82,14.86,15.16,-0.3,-1.9789,136619.0,204064.447,3.7569,14.782093891492574,15.100416236396857,15.140206529509893,14.742303598379538
300192.SZ,20250723,14.96,14.99,14.71,14.73,14.86,-0.13,-0.8748,92996.5,137848.681,3.7569,14.652775438875208,14.88156962427516,14.911412344109936,14.63288029231869
300192.SZ,20250724,14.8,15.75,14.75,15.47,14.73,0.74,5.0238,292961.46,450537.856,3.7569,15.38889586146636,14.72240845182302,15.667427913257606,14.672670585431725
300192.SZ,20250725,15.37,15.97,15.36,15.92,15.47,0.45,2.9089,260568.98,409565.334,3.7569,15.836536658988004,15.289420128683773,15.8862745253793,15.279472555405512
300192.SZ,20250728,15.8,15.9,15.6,15.73,15.92,-0.19,-1.1935,172610.0,271448.973,3.7569,15.647532766701088,15.7171657796489,15.816641512431488,15.518214314083725
300192.SZ,20250729,15.66,15.79,15.53,15.63,15.73,-0.1,-0.6357,113895.0,177966.689,3.7569,15.548057033918502,15.577899753753275,15.70721820637064,15.448581301135912
300192.SZ,20250730,15.59,15.83,15.41,15.56,15.63,-0.07,-0.4479,141073.0,220372.971,3.7569,15.478424020970689,15.508266740805466,15.747008499483677,15.329210421796803
300192.SZ,20250731,15.5,16.2,15.45,15.85,15.56,0.29,1.8638,264883.98,420608.726,3.7569,15.766903646040191,15.418738581301136,16.11506871077925,15.36900071490984
300192.SZ,20250801,16.07,16.25,15.7,16.0,15.85,0.15,0.9464,228170.0,365037.582,3.7569,15.916117245214076,15.985750258161886,16.164806577170545,15.617690046866311
300192.SZ,20250804,15.82,15.96,15.62,15.93,16.0,-0.07,-0.4375,113216.0,178935.008,3.7569,15.846484232266263,15.737060926205416,15.87632695210104,15.53810946064024
300192.SZ,20250805,15.88,15.97,15.61,15.71,15.93,-0.22,-1.381,114495.0,179961.858,3.7569,15.62763762014457,15.796746365874972,15.8862745253793,15.528161887361982
300192.SZ,20250806,15.7,16.1,15.6,15.7,15.71,-0.01,-0.0637,125431.0,197769.273,3.7569,15.617690046866311,15.617690046866311,16.015592977996665,15.518214314083725
300192.SZ,20250807,15.65,16.15,15.59,15.92,15.7,0.22,1.4013,167752.0,265916.087,3.7569,15.836536658988004,15.567952180475018,16.065330844387955,15.508266740805466
300192.SZ,20250808,15.86,15.88,15.4,15.45,15.92,-0.47,-2.9523,141758.0,220178.765,3.7569,15.36900071490984,15.776851219318452,15.796746365874972,15.319262848518548
300192.SZ,20250811,15.42,16.1,15.36,15.86,15.45,0.41,2.6537,146662.3,231597.841,3.7569,15.776851219318452,15.339157995075066,16.015592977996665,15.279472555405512
300192.SZ,20250812,15.9,17.19,15.66,16.83,15.86,0.97,6.116,383179.0,631001.931,3.7569,16.741765827309553,15.816641512431488,17.099878465326874,15.577899753753275
300192.SZ,20250813,16.65,16.92,16.37,16.8,16.83,-0.03,-0.1783,265233.0,440924.419,3.7569,16.71192310747478,16.562709508300895,16.831293986813886,16.284177456509653
300192.SZ,20250814,16.88,17.48,16.66,16.76,16.8,-0.04,-0.2381,300425.4,512196.443,3.7569,16.672132814361746,16.791503693700847,17.38835809039638,16.572657081579155
300192.SZ,20250815,16.76,17.77,16.75,17.66,16.76,0.9,5.3699,402937.5,700465.417,3.7569,17.567414409405036,16.672132814361746,17.67683771546588,16.662185241083485
300192.SZ,20250818,18.0,18.57,17.65,17.85,17.66,0.19,1.0759,404522.8,728810.915,3.7569,17.756418301691955,17.905631900865835,18.472643577726583,17.557466836126775
300192.SZ,20250819,17.7,17.97,17.3,17.5,17.85,-0.35,-1.9608,277098.38,487071.7,3.7569,17.408253236952895,17.60720470251807,17.875789181031056,17.20930177138772
300192.SZ,20250820,17.41,17.89,17.02,17.71,17.5,0.21,1.2,258627.0,450486.894,3.7569,17.617152275796332,17.318725077448565,17.79620859480499,16.930769719596473
300192.SZ,20250821,17.61,18.5,17.5,17.99,17.71,0.28,1.581,351201.0,632296.182,3.7569,17.895684327587578,17.517676543013742,18.40301056477877,17.408253236952895
300192.SZ,20250822,21.59,21.59,21.59,21.59,17.99,3.6,20.0111,178580.83,385556.012,3.7569,21.47681070776074,21.47681070776074,21.47681070776074,21.47681070776074
300192.SZ,20250825,25.91,25.91,25.91,25.91,21.59,4.32,20.0093,37429.0,96978.539,3.7569,25.774162363968543,25.774162363968543,25.774162363968543,25.774162363968543
300192.SZ,20250826,26.01,27.78,25.34,26.32,25.91,0.41,1.5824,1385669.72,3710150.108,3.7569,26.18201286837716,25.873638096751133,27.634358567002938,25.20715068710779
300192.SZ,20250827,25.15,25.59,23.57,23.6,26.32,-2.72,-10.3343,1017644.27,2475738.51,3.7569,23.47627293669076,25.018146794820872,25.45584001906426,23.446430216855987
300192.SZ,20250828,23.0,24.57,22.1,24.13,23.6,0.53,2.2458,819926.94,1925808.946,3.7569,24.00349432043848,22.879418539995232,24.441187544681867,21.984136944951945
300192.SZ,20250829,24.2,24.33,21.61,21.81,24.13,-2.32,-9.6146,633330.33,1432031.292,3.7569,21.695657319882432,24.07312733338629,24.20244578600365,21.49670585431726
300192.SZ,20250901,21.91,22.1,20.82,21.16,21.81,-0.65,-2.9803,474406.32,1012383.219,3.7569,21.049065056795616,21.795133052665022,21.984136944951945,20.710847565334817
300192.SZ,20250902,21.23,21.54,20.31,20.53,21.16,-0.63,-2.9773,422003.82,888331.549,3.7569,20.42236794026532,21.118698069743427,21.427072841369448,20.20352132814362
300192.SZ,20250903,20.54,20.69,19.75,19.84,20.53,-0.69,-3.3609,308202.8,621777.498,3.7569,19.73598538406545,20.432315513543568,20.58152911271745,19.646457224561125
300192.SZ,20250904,20.4,20.98,19.78,19.85,19.84,0.01,0.0504,444387.89,908539.553,3.7569,19.745932957343715,20.29304948764794,20.87000873778696,19.6762999443959
300192.SZ,20250905,19.8,19.92,18.84,19.73,19.85,-0.12,-0.6045,349119.81,673830.728,3.7569,19.626562078004607,19.696195090952425,19.815565970291527,18.74122805623957
300192.SZ,20250908,19.57,19.79,19.32,19.53,19.73,-0.2,-1.0137,245563.31,479557.811,3.7569,19.42761061243944,19.467400905552463,19.68624751767416,19.218711573596
300192.SZ,20250909,19.54,19.68,18.71,18.74,19.53,-0.79,-4.0451,306044.0,584470.869,3.7569,18.641752323456984,19.437558185717688,19.57682421161331,18.61190960362221
300192.SZ,20250910,18.81,19.4,18.75,19.15,18.74,0.41,2.1878,238434.93,455336.237,3.7569,19.049602827865595,18.7113853364048,19.29829215982207,18.651699896735245
300192.SZ,20250911,19.27,19.86,18.9,19.67,19.15,0.52,2.7154,303040.5,588615.995,3.7569,19.566876638335057,19.1689737072047,19.75588053062197,18.80091349590913
300192.SZ,20250912,19.52,19.82,19.33,19.39,19.67,-0.28,-1.4235,220199.9,429644.377,3.7569,19.288344586543808,19.417663039161173,19.716090237508936,19.228659146874254
300192.SZ,20250915,19.33,19.56,19.05,19.1,19.39,-0.29,-1.4956,160739.5,308761.805,3.7569,18.999864961474305,19.228659146874254,19.45745333227421,18.95012709508301
300192.SZ,20250916,19.28,19.83,19.16,19.67,19.1,0.57,2.9843,246788.0,483008.148,3.7569,19.566876638335057,19.17892128048296,19.7260378107872,19.059550401143856
300192.SZ,20250917,19.7,19.78,19.15,19.23,19.67,-0.44,-2.2369,223613.0,432407.438,3.7569,19.129183414091667,19.596719358169832,19.6762999443959,19.049602827865595
300192.SZ,20250918,19.19,20.24,19.18,19.49,19.23,0.26,1.3521,385320.6,762412.138,3.7569,19.38782031932639,19.08939312097863,20.133888315195804,19.07944554770037
300192.SZ,20250919,19.33,19.69,18.88,19.39,19.49,-0.1,-0.5131,274962.0,529832.219,3.7569,19.288344586543808,19.228659146874254,19.58677178489157,18.781018349352607
300192.SZ,20250922,19.27,19.88,18.9,19.59,19.39,0.2,1.0315,256991.5,500512.066,3.7569,19.48729605210898,19.1689737072047,19.775775677178487,18.80091349590913
300192.SZ,20250923,19.55,20.1,18.89,19.29,19.59,-0.3,-1.5314,275679.3,534228.187,3.7569,19.18886885376122,19.44750575899595,19.99462228930018,18.79096592263087
300192.SZ,20250924,19.15,20.1,19.15,19.79,19.29,0.5,2.592,319727.2,631573.227,3.7569,19.68624751767416,19.049602827865595,19.99462228930018,19.049602827865595
300192.SZ,20250925,19.63,20.98,19.52,20.61,19.79,0.82,4.1435,488230.63,999490.425,3.7569,20.501948526491383,19.527086345222017,20.87000873778696,19.417663039161173
300192.SZ,20250926,20.65,20.65,19.51,19.51,20.61,-1.1,-5.3372,307448.34,613994.138,3.7569,19.40771546588292,20.54173881960441,20.54173881960441,19.40771546588292
300192.SZ,20250929,19.21,19.28,18.23,18.33,19.51,-1.18,-6.0482,305263.27,564591.388,3.7569,18.233901819048373,19.10928826753516,19.17892128048296,18.134426086265787
300192.SZ,20250930,18.91,19.47,18.75,18.75,18.33,0.42,2.2913,259438.84,494491.269,3.7569,18.651699896735245,18.810861069187386,19.36792517276988,18.651699896735245
300192.SZ,20251009,18.77,18.9,18.43,18.49,18.75,-0.26,-1.3867,193070.52,359286.619,3.7569,18.39306299150052,18.67159504329176,18.80091349590913,18.333377551830964
300192.SZ,20251010,18.41,18.53,18.02,18.09,18.49,-0.4,-2.1633,154980.97,282215.387,3.7569,17.995160060370164,18.31348240527445,18.43285328461356,17.925527047422353
300192.SZ,20251013,17.01,17.91,16.97,17.83,18.09,-0.26,-1.4373,163838.56,287905.897,3.7569,17.736523155135433,16.920822146318216,17.816103741361506,16.881031853205176
300192.SZ,20251014,18.0,18.15,17.32,17.44,17.83,-0.39,-2.1873,140428.0,248997.747,3.7569,17.348567797283344,17.905631900865835,18.054845500039715,17.229196917944236
300192.SZ,20251015,17.4,17.7,17.22,17.7,17.44,0.26,1.4908,91168.0,159761.935,3.7569,17.60720470251807,17.308777504170305,17.60720470251807,17.129721185161646
300192.SZ,20251016,18.83,19.06,17.99,18.05,17.7,0.35,1.9774,330007.98,612513.254,3.7569,17.955369767257128,18.73128048296132,18.960074668361266,17.895684327587578
300192.SZ,20251017,17.93,17.99,17.1,17.1,18.05,-0.95,-5.2632,190127.08,331643.448,3.7569,17.010350305822545,17.835998887918024,17.895684327587578,17.010350305822545
300192.SZ,20251020,17.4,17.63,17.29,17.41,17.1,0.31,1.8129,122360.0,213975.028,3.7569,17.318725077448565,17.308777504170305,17.537571689570257,17.19935419810946
300192.SZ,20251021,17.62,17.8,17.28,17.69,17.41,0.28,1.6083,119256.02,209512.527,3.7569,17.597257129239814,17.527624116292003,17.70668043530066,17.189406624831204
300192.SZ,20251022,17.78,17.97,17.6,17.64,17.69,-0.05,-0.2826,99903.0,177311.138,3.7569,17.547519262848517,17.686785288744144,17.875789181031056,17.507728969735485
300192.SZ,20251023,17.58,17.82,17.23,17.49,17.64,-0.15,-0.8503,97814.0,169850.224,3.7569,17.398305663674634,17.487833823178967,17.726575581857176,17.139668758439907
300192.SZ,20251024,17.6,17.8,17.36,17.57,17.49,0.08,0.4574,127025.25,222806.076,3.7569,17.477886249900706,17.507728969735485,17.70668043530066,17.26898721105727
300192.SZ,20251027,17.7,18.25,17.65,18.2,17.57,0.63,3.5857,174768.0,313824.184,3.7569,18.10458336643101,17.60720470251807,18.154321232822305,17.557466836126775
300192.SZ,20251028,18.33,18.54,17.75,18.17,18.2,-0.03,-0.1648,189774.0,346047.374,3.7569,18.07474064659624,18.233901819048373,18.442800857891807,17.656942568909365
300192.SZ,20251029,18.01,18.16,17.78,18.02,18.17,-0.15,-0.8255,111981.0,200856.415,3.7569,17.925527047422353,17.915579474144096,18.064793073317976,17.686785288744144
300192.SZ,20251030,17.95,17.95,17.52,17.7,18.02,-0.32,-1.7758,134257.0,238103.106,3.7569,17.60720470251807,17.855894034474538,17.855894034474538,17.428148383509413
300192.SZ,20251031,17.82,18.3,17.63,18.11,17.7,0.41,2.3164,159290.97,287322.587,3.7569,18.01505520692668,17.726575581857176,18.2040590992136,17.537571689570257
300192.SZ,20251103,18.1,18.34,17.83,18.25,18.11,0.14,0.7731,130153.7,234976.476,3.7569,18.154321232822305,18.005107633648425,18.243849392326634,17.736523155135433
300192.SZ,20251104,18.2,18.2,17.78,17.95,18.25,-0.3,-1.6438,102210.5,183403.637,3.7569,17.855894034474538,18.10458336643101,18.10458336643101,17.686785288744144
300192.SZ,20251105,17.82,18.28,17.75,18.0,17.95,0.05,0.2786,122840.01,222107.484,3.7569,17.905631900865835,17.726575581857176,18.18416395265708,17.656942568909365
300192.SZ,20251106,18.13,18.15,17.78,17.93,18.0,-0.07,-0.3889,93385.41,167115.886,3.7569,17.835998887918024,18.0349503534832,18.054845500039715,17.686785288744144
300192.SZ,20251107,17.93,17.95,17.58,17.61,17.93,-0.32,-1.7847,97659.73,172699.331,3.7569,17.517676543013742,17.835998887918024,17.855894034474538,17.487833823178967
300192.SZ,20251110,17.53,19.22,17.47,18.69,17.61,1.08,6.1329,404825.04,746227.164,3.7569,18.59201445706569,17.438095956787674,19.11923584081341,17.37841051711812
300192.SZ,20251111,18.46,19.24,18.25,19.07,18.69,0.38,2.0332,348504.3,656152.193,3.7569,18.970022241639526,18.36322027166574,19.139130987369924,18.154321232822305
300192.SZ,20251112,18.9,19.23,18.6,18.77,19.07,-0.3,-1.5732,168217.25,317325.988,3.7569,18.67159504329176,18.80091349590913,19.129183414091667,18.502486297561365
300192.SZ,20251113,18.83,19.1,18.66,18.93,18.77,0.16,0.8524,129409.0,244743.031,3.7569,18.830756215743904,18.73128048296132,18.999864961474305,18.56217173723092
300192.SZ,20251114,18.78,18.8,18.13,18.14,18.93,-0.79,-4.1733,153124.0,282336.216,3.7569,18.044897926761458,18.68154261657002,18.701437763126545,18.0349503534832
300192.SZ,20251117,18.29,19.47,18.15,19.28,18.14,1.14,6.2845,295403.31,562143.411,3.7569,19.17892128048296,18.19411152593534,19.36792517276988,18.054845500039715
300192.SZ,20251118,19.29,20.14,19.01,19.79,19.28,0.51,2.6452,358542.0,705146.239,3.7569,19.68624751767416,19.18886885376122,20.034412582413218,18.910336801969976
300192.SZ,20251119,19.67,19.82,19.23,19.42,19.79,-0.37,-1.8696,182967.6,356611.479,3.7569,19.318187306378583,19.566876638335057,19.716090237508936,19.129183414091667
300192.SZ,20251120,19.9,19.95,19.01,19.11,19.42,-0.31,-1.5963,148074.2,285561.635,3.7569,19.00981253475256,19.79567082373501,19.8454086901263,18.910336801969976
300192.SZ,20251121,18.85,19.9,18.64,19.13,19.01,0.12,0.6312,291719.01,563672.054,3.7767,19.129999999999995,18.85,19.9,18.64
300192.SZ,20251124,19.7,20.14,19.0,19.96,19.13,0.83,4.3387,314686.44,619003.342,3.7767,19.96,19.7,20.14,19.0
300192.SZ,20251125,20.86,23.95,20.67,23.95,19.96,3.99,19.99,427941.26,986977.026,3.7767,23.95,20.86,23.95,20.67
300192.SZ,20251126,22.49,23.5,22.3,22.67,23.95,-1.28,-5.3445,750565.22,1713201.48,3.7767,22.67,22.49,23.5,22.3
300192.SZ,20251127,22.63,23.5,22.37,22.96,22.67,0.29,1.2792,625349.57,1435273.979,3.7767,22.96,22.63,23.5,22.37
300192.SZ,20251128,22.57,24.68,22.38,22.72,22.96,-0.24,-1.0453,668355.32,1564418.865,3.7767,22.72,22.57,24.68,22.38
300192.SZ,20251201,22.48,23.28,21.85,22.86,22.72,0.14,0.6162,558138.98,1262105.74,3.7767,22.860000000000003,22.48,23.28,21.85
300192.SZ,20251202,22.7,22.81,21.48,21.81,22.86,-1.05,-4.5932,414834.28,907927.224,3.7767,21.81,22.7,22.81,21.48
300192.SZ,20251203,21.75,22.0,20.52,20.62,21.81,-1.19,-5.4562,348810.0,730260.675,3.7767,20.62,21.75,22.0,20.52
300192.SZ,20251204,20.42,20.68,19.92,20.05,20.62,-0.57,-2.7643,241164.0,486070.302,3.7767,20.05,20.42,20.68,19.92
300192.SZ,20251205,20.24,20.45,19.62,19.96,20.05,-0.09,-0.4489,171718.0,342367.756,3.7767,19.96,20.24,20.45,19.62
300192.SZ,20251208,19.8,20.95,19.73,20.8,19.96,0.84,4.2084,266732.8,548769.995,3.7767,20.8,19.8,20.95,19.73
300192.SZ,20251209,20.59,20.7,20.08,20.11,20.8,-0.69,-3.3173,202635.0,412516.607,3.7767,20.11,20.59,20.7,20.08
300192.SZ,20251210,20.15,20.98,19.83,20.57,20.11,0.46,2.2874,332101.0,677298.457,3.7767,20.57,20.15,20.98,19.83
300192.SZ,20251211,20.38,20.38,19.5,19.5,20.57,-1.07,-5.2018,254774.0,504766.032,3.7767,19.5,20.38,20.38,19.5
300192.SZ,20251212,19.51,19.79,19.23,19.28,19.5,-0.22,-1.1282,169599.0,329936.307,3.7767,19.28,19.51,19.79,19.23
300192.SZ,20251215,19.02,19.47,19.0,19.1,19.28,-0.18,-0.9336,131804.35,253101.115,3.7767,19.1,19.02,19.47,19.0
300192.SZ,20251216,19.02,19.96,18.97,19.41,19.1,0.31,1.623,259276.86,507214.743,3.7767,19.41,19.02,19.96,18.97
300192.SZ,20251217,19.2,20.17,19.03,20.17,19.41,0.76,3.9155,293136.8,576101.451,3.7767,20.17,19.2,20.17,19.03
300192.SZ,20251218,19.85,21.6,19.8,20.8,20.17,0.63,3.1235,386082.0,808889.807,3.7767,20.8,19.85,21.6,19.8
300192.SZ,20251219,20.7,21.3,20.32,20.92,20.8,0.12,0.5769,261540.0,542685.954,3.7767,20.92,20.7,21.3,20.32
300192.SZ,20251222,20.78,20.83,20.44,20.57,20.92,-0.35,-1.673,168929.0,347698.089,3.7767,20.57,20.78,20.83,20.44
300192.SZ,20251223,20.58,20.67,20.21,20.39,20.57,-0.18,-0.8751,145884.0,297140.246,3.7767,20.39,20.58,20.67,20.21
300192.SZ,20251224,20.21,21.06,20.08,20.67,20.39,0.28,1.3732,171427.0,352664.211,3.7767,20.67,20.21,21.06,20.08
300192.SZ,20251225,20.78,21.36,20.54,21.28,20.67,0.61,2.9511,214635.68,453685.126,3.7767,21.28,20.78,21.36,20.54
300192.SZ,20251226,21.48,21.9,21.04,21.19,21.28,-0.09,-0.4229,224494.5,481858.3,3.7767,21.19,21.48,21.9,21.04
300192.SZ,20251229,21.33,22.13,21.31,21.59,21.19,0.4,1.8877,241046.19,524569.238,3.7767,21.59,21.33,22.13,21.31
300192.SZ,20251230,21.4,22.35,21.15,21.71,21.59,0.12,0.5558,237117.44,517684.277,3.7767,21.71,21.4,22.35,21.15
300192.SZ,20251231,22.45,22.7,21.09,21.13,21.71,-0.58,-2.6716,290369.18,625163.593,3.7767,21.13,22.45,22.7,21.09
300192.SZ,20260105,21.0,22.45,20.75,22.09,21.13,0.96,4.5433,328025.58,707735.573,3.7767,22.09,21.0,22.45,20.75
300192.SZ,20260106,21.87,21.87,21.45,21.49,22.09,-0.6,-2.7162,188367.5,406992.265,3.7767,21.49,21.87,21.87,21.45
300192.SZ,20260107,21.49,21.75,21.24,21.51,21.49,0.02,0.0931,162963.0,350617.528,3.7767,21.51,21.49,21.75,21.24
300192.SZ,20260108,21.48,22.45,21.38,21.97,21.51,0.46,2.1385,242701.5,535223.76,3.7767,21.97,21.48,22.45,21.38
300192.SZ,20260109,23.07,24.6,22.02,22.58,21.97,0.61,2.7765,629513.33,1460552.025,3.7767,22.58,23.07,24.6,22.02
300192.SZ,20260112,23.46,23.97,22.92,23.65,22.58,1.07,4.7387,473633.8,1109291.647,3.7767,23.65,23.46,23.97,22.92
300192.SZ,20260113,24.07,25.97,22.81,25.0,23.65,1.35,5.7082,630204.32,1554025.378,3.7767,25.0,24.07,25.97,22.81
300192.SZ,20260114,24.53,25.85,23.98,25.67,25.0,0.67,2.68,632166.18,1580188.943,3.7767,25.67,24.53,25.85,23.98
300192.SZ,20260115,24.96,24.96,23.75,23.93,25.67,-1.74,-6.7783,354675.09,861052.703,3.7767,23.93,24.960000000000004,24.960000000000004,23.75
300192.SZ,20260116,23.51,24.1,22.98,22.98,23.93,-0.95,-3.9699,236222.91,551528.561,3.7767,22.98,23.51,24.1,22.98
300192.SZ,20260119,22.93,25.18,22.65,24.14,22.98,1.16,5.0479,356184.79,847148.983,3.7767,24.14,22.93,25.18,22.65
300192.SZ,20260120,23.7,23.9,22.68,22.87,24.14,-1.27,-5.261,220039.0,510583.029,3.7767,22.87,23.7,23.9,22.68
300192.SZ,20260121,22.59,23.25,22.43,22.92,22.87,0.05,0.2186,129200.1,296296.375,3.7767,22.92,22.59,23.25,22.43
300192.SZ,20260122,23.01,23.24,22.53,22.66,22.92,-0.26,-1.1344,129435.1,295382.482,3.7767,22.66,23.01,23.24,22.53
300192.SZ,20260123,22.54,23.07,22.52,22.78,22.66,0.12,0.5296,131185.0,299420.972,3.7767,22.78,22.54,23.07,22.52
300192.SZ,20260126,22.6,23.1,21.58,21.75,22.78,-1.03,-4.5215,193442.0,428936.188,3.7767,21.75,22.6,23.1,21.58
300192.SZ,20260127,21.54,21.95,21.11,21.6,21.75,-0.15,-0.6897,128583.5,275413.363,3.7767,21.6,21.54,21.95,21.11
300192.SZ,20260128,21.6,21.78,21.13,21.17,21.6,-0.43,-1.9907,111699.5,237836.856,3.7767,21.17,21.6,21.78,21.13
300192.SZ,20260129,21.09,21.99,20.91,20.95,21.17,-0.22,-1.0392,166193.0,356135.875,3.7767,20.95,21.09,21.989999999999995,20.91
300192.SZ,20260130,21.0,21.09,20.2,20.39,20.95,-0.56,-2.673,134659.21,275998.47,3.7767,20.39,21.0,21.09,20.2
300192.SZ,20260202,20.39,20.58,20.02,20.03,20.39,-0.36,-1.7656,115373.9,233967.122,3.7767,20.03,20.39,20.58,20.02
300192.SZ,20260203,20.27,20.57,20.21,20.55,20.03,0.52,2.5961,95708.02,195544.509,3.7767,20.55,20.27,20.57,20.21
300192.SZ,20260204,20.4,20.6,20.07,20.32,20.55,-0.23,-1.1192,91499.0,185741.309,3.7767,20.32,20.4,20.6,20.07
300192.SZ,20260205,20.12,20.29,19.9,19.92,20.32,-0.4,-1.9685,79299.43,159026.616,3.7767,19.92,20.12,20.290000000000003,19.9
300192.SZ,20260206,19.8,20.15,19.62,19.93,19.92,0.01,0.0502,66100.0,131897.823,3.7767,19.93,19.8,20.15,19.62
300192.SZ,20260209,20.19,20.76,20.19,20.73,19.93,0.8,4.014,100221.0,204527.572,3.7767,20.73,20.19,20.76,20.19
300192.SZ,20260210,20.69,21.08,20.48,20.86,20.73,0.13,0.6271,122270.0,254740.012,3.7767,20.86,20.69,21.08,20.48
300192.SZ,20260211,20.76,20.76,20.27,20.31,20.86,-0.55,-2.6366,104337.42,213338.706,3.7767,20.31,20.76,20.76,20.27
300192.SZ,20260212,20.36,20.55,20.06,20.4,20.31,0.09,0.4431,80225.0,163297.796,3.7767,20.4,20.36,20.55,20.06
300192.SZ,20260213,20.4,21.12,20.3,20.6,20.4,0.2,0.9804,98772.28,205160.745,3.7767,20.6,20.4,21.12,20.3
300192.SZ,20260224,20.62,20.8,20.0,20.13,20.6,-0.47,-2.2816,88656.0,179508.498,3.7767,20.13,20.62,20.8,20.0
300192.SZ,20260225,20.07,20.42,20.04,20.36,20.13,0.23,1.1426,66678.85,135285.942,3.7767,20.36,20.07,20.42,20.04
300192.SZ,20260226,20.37,20.42,20.06,20.15,20.36,-0.21,-1.0314,80004.02,161510.313,3.7767,20.15,20.37,20.42,20.06
300192.SZ,20260227,20.11,21.45,20.0,21.27,20.15,1.12,5.5583,207293.0,432301.989,3.7767,21.27,20.11,21.45,20.0
300192.SZ,20260302,20.65,20.67,20.05,20.12,21.27,-1.15,-5.4067,166672.5,337828.959,3.7767,20.12,20.649999999999995,20.67,20.05
300192.SZ,20260303,20.1,20.29,18.88,18.89,20.12,-1.23,-6.1133,135387.2,263482.986,3.7767,18.89,20.1,20.290000000000003,18.88
300192.SZ,20260304,18.5,19.25,18.42,19.15,18.89,0.26,1.3764,69513.53,132069.869,3.7767,19.15,18.5,19.25,18.42
300192.SZ,20260305,19.5,19.93,19.5,19.6,19.15,0.45,2.3499,78318.0,154101.308,3.7767,19.6,19.5,19.93,19.5
300192.SZ,20260306,19.53,19.9,19.42,19.77,19.6,0.17,0.8673,51944.0,102529.338,3.7767,19.77,19.53,19.9,19.42
300192.SZ,20260309,19.4,19.76,19.2,19.62,19.77,-0.15,-0.7587,80210.0,155860.726,3.7767,19.62,19.4,19.76,19.2
300192.SZ,20260310,19.79,20.26,19.79,20.11,19.62,0.49,2.4975,73115.0,146647.603,3.7767,20.11,19.79,20.26,19.79
300192.SZ,20260311,20.59,20.59,19.9,19.93,20.11,-0.18,-0.8951,78383.4,158102.556,3.7767,19.93,20.59,20.59,19.9
300192.SZ,20260312,19.85,20.25,19.62,19.63,19.93,-0.3,-1.5053,70448.57,139766.274,3.7767,19.63,19.85,20.25,19.62
300192.SZ,20260313,19.5,19.68,19.08,19.15,19.63,-0.48,-2.4452,72459.0,140281.476,3.7767,19.15,19.5,19.68,19.08
300192.SZ,20260316,19.04,19.5,18.95,19.46,19.15,0.31,1.6188,54029.0,103777.123,3.7767,19.46,19.04,19.5,18.950000000000003
300192.SZ,20260317,19.47,19.75,18.95,18.95,19.46,-0.51,-2.6208,54424.0,105305.176,3.7767,18.950000000000003,19.47,19.75,18.950000000000003
300192.SZ,20260318,19.0,19.27,18.91,19.23,18.95,0.28,1.4776,42109.0,80367.494,3.7767,19.23,19.0,19.27,18.91
300192.SZ,20260319,18.96,19.41,18.9,18.98,19.23,-0.25,-1.3001,65815.0,125977.082,3.7767,18.98,18.96,19.41,18.9
300192.SZ,20260320,19.01,19.2,18.19,18.29,18.98,-0.69,-3.6354,81405.0,151074.965,3.7767,18.29,19.01,19.2,18.19
300192.SZ,20260323,17.9,17.94,16.86,16.98,18.29,-1.31,-7.1624,105629.93,183403.236,3.7767,16.98,17.900000000000002,17.94,16.86
300192.SZ,20260324,17.69,17.8,17.15,17.73,16.98,0.75,4.417,81280.5,142291.044,3.7767,17.73,17.69,17.8,17.15
300192.SZ,20260325,17.85,19.7,17.85,19.13,17.73,1.4,7.8962,184531.65,351886.42,3.7767,19.129999999999995,17.85,19.7,17.85
300192.SZ,20260326,19.29,19.43,18.45,18.62,19.13,-0.51,-2.666,90967.33,171782.414,3.7767,18.62,19.29,19.43,18.45
300192.SZ,20260327,18.31,18.8,18.26,18.66,18.62,0.04,0.2148,57514.0,107137.448,3.7767,18.66,18.31,18.8,18.26
300192.SZ,20260330,18.31,18.99,18.04,18.74,18.66,0.08,0.4287,85989.73,158683.941,3.7767,18.74,18.31,18.99,18.04
300192.SZ,20260331,19.03,19.1,18.48,18.5,18.74,-0.24,-1.2807,64804.47,121955.526,3.7767,18.5,19.03,19.1,18.480000000000004
300192.SZ,20260401,18.95,19.0,18.58,18.88,18.5,0.38,2.0541,48978.0,91917.378,3.7767,18.88,18.950000000000003,19.0,18.58
300192.SZ,20260402,18.71,18.92,18.36,18.51,18.88,-0.37,-1.9597,55654.38,103421.531,3.7767,18.51,18.71,18.92,18.36
300192.SZ,20260403,18.6,18.62,18.04,18.18,18.51,-0.33,-1.7828,40897.0,74358.694,3.7767,18.18,18.6,18.62,18.04
300192.SZ,20260407,18.19,19.3,18.07,19.08,18.18,0.9,4.9505,95565.0,179479.318,3.7767,19.08,18.189999999999998,19.3,18.07
