ts_code,trade_date,open,high,low,close,pre_close,change,pct_chg,vol,amount,adj_factor,adj_close,adj_open,adj_high,adj_low
300870.SZ,20200824,75.0,97.65,66.26,85.0,36.81,48.19,130.9155,130033.63,993162.037,1.0,82.35636081775021,72.66737719213255,94.61292510415656,64.1992055033427
300870.SZ,20200825,82.12,104.32,82.12,99.5,85.0,14.5,17.0588,142889.53,1308597.4,1.0,96.40538707489584,79.56593353357233,101.07547718244356,79.56593353357233
300870.SZ,20200826,92.01,97.99,85.0,85.5,99.5,-14.0,-14.0704,101666.42,916509.022,1.0,82.8408099990311,89.14833833930821,94.94235054742757,82.35636081775021
300870.SZ,20200827,86.05,92.5,77.3,90.8,85.5,5.3,6.1988,120276.73,1040863.734,1.0,87.97597132060847,83.37370409844007,89.62309853696347,74.89584342602461
300870.SZ,20200828,87.79,103.81,80.11,96.31,90.8,5.51,6.0683,147346.97,1369405.379,1.0,93.3146012983238,85.05958724929755,100.58133901753706,77.61844782482318
300870.SZ,20200831,93.5,97.63,86.6,96.1,96.31,-0.21,-0.218,125537.49,1152734.386,1.0,93.11113264218582,90.59199689952524,94.59354713690531,83.90659819784904
300870.SZ,20200901,92.5,92.5,80.2,80.28,96.1,-15.82,-16.462,105741.91,923057.407,1.0,77.78316054645867,89.62309853696347,89.62309853696347,77.70564867745374
300870.SZ,20200902,78.8,82.62,78.01,80.62,80.28,0.34,0.4235,72078.94,579980.149,1.0,78.11258598972968,76.34919096986725,80.05038271485321,75.58376126344346
300870.SZ,20200903,79.16,82.86,78.0,78.0,80.62,-2.62,-3.2498,56691.83,454141.606,1.0,75.57407227981784,76.69799438038949,80.28291832186804,75.57407227981784
300870.SZ,20200904,76.45,83.83,75.5,80.71,78.0,2.71,3.4744,70741.85,560719.922,1.0,78.19978684236023,74.0722798178471,81.22274973355294,73.15182637341343
300870.SZ,20200907,80.0,85.15,78.0,80.19,80.71,-0.52,-0.6443,66847.5,543418.327,1.0,77.69595969382812,77.51186900494137,82.5016955721345,75.57407227981784
300870.SZ,20200908,80.75,84.88,78.53,80.01,80.19,-0.18,-0.2245,64907.22,530339.662,1.0,77.521557988567,78.2385427768627,82.2400930142428,76.08758841197559
300870.SZ,20200909,76.99,78.98,73.58,75.03,80.01,-4.98,-6.2242,57604.75,438385.844,1.0,72.6964441430094,74.59548493363046,76.52359267512838,71.29154151729483
300870.SZ,20200910,75.4,76.75,70.51,71.0,75.03,-4.03,-5.3712,38838.24,287934.298,1.0,68.79178374188548,73.05493653715726,74.36294932661563,68.31702354423021
300870.SZ,20200911,70.8,81.34,70.5,80.0,71.0,9.0,12.6761,59150.31,452698.346,1.0,77.51186900494137,68.59800406937312,78.81019281077415,68.30733456060459
300870.SZ,20200914,79.1,84.9,79.1,83.13,80.0,3.13,3.9125,47544.05,388585.747,1.0,80.5445208797597,76.63986047863578,82.25947098149405,76.63986047863578
300870.SZ,20200915,82.0,86.5,79.0,82.0,83.13,-1.13,-1.3593,50317.56,418000.845,1.0,79.44966573006492,79.44966573006492,83.80970836159287,76.54297064237961
300870.SZ,20200916,81.88,98.4,80.1,98.4,82.0,16.4,20.0,59706.67,543797.339,1.0,95.3395988760779,79.3333979265575,95.3395988760779,77.60875884119756
300870.SZ,20200917,108.15,114.0,94.01,94.71,98.4,-3.69,-3.75,123446.4,1301752.879,1.0,91.76436391822496,104.78635791105512,110.45441333204148,91.08613506443174
300870.SZ,20200918,92.0,99.88,90.36,91.05,94.71,-3.66,-3.8644,73405.32,689525.225,1.0,88.21819591124891,89.13864935568259,96.77356845266932,87.54965604108129
300870.SZ,20200921,89.92,93.44,88.25,90.55,91.05,-0.5,-0.5491,56687.61,509172.118,1.0,87.73374672996802,87.12334076155412,90.53386299777154,85.50528049607595
300870.SZ,20200922,88.41,90.3,86.2,87.34,90.55,-3.21,-3.545,42396.28,370345.572,1.0,84.62358298614475,85.66030423408584,87.49152213932759,83.51903885282434
300870.SZ,20200923,88.2,89.9,87.25,89.06,87.34,1.72,1.9693,39691.18,352117.815,1.0,86.29008816975099,85.45683557794787,87.10396279430289,84.5363821335142
300870.SZ,20200924,87.78,90.8,85.18,89.1,89.06,0.04,0.0449,48156.17,423009.377,1.0,86.32884410425346,85.04989826567193,87.97597132060847,82.53076252301135
300870.SZ,20200925,88.9,90.0,81.18,81.18,89.1,-7.92,-8.8889,45865.53,391061.628,1.0,78.65516907276427,86.13506443174111,87.20085263055906,78.65516907276427
300870.SZ,20200928,81.05,82.93,78.36,78.98,81.18,-2.2,-2.71,26771.2,215990.153,1.0,76.52359267512838,78.52921228563123,80.35074120724737,75.92287569034008
300870.SZ,20200929,78.99,81.43,78.99,79.93,78.98,0.95,1.2028,21897.34,175522.039,1.0,77.44404611956206,76.53328165875399,78.89739366340471,76.53328165875399
300870.SZ,20200930,80.97,83.99,79.2,79.9,79.93,-0.03,-0.0375,26530.07,214836.277,1.0,77.4149791686852,78.4517004166263,81.37777347156283,76.73675031489196
300870.SZ,20201009,82.0,85.58,80.69,84.51,79.9,4.61,5.7697,34466.25,286277.471,1.0,81.88160062009496,79.44966573006492,82.91832186803605,78.180408875109
300870.SZ,20201012,86.6,89.8,84.15,88.75,84.51,4.24,5.0172,40873.89,355989.487,1.0,85.98972967735685,83.90659819784904,87.00707295804669,81.53279720957272
300870.SZ,20201013,87.88,91.0,86.91,88.0,88.75,-0.75,-0.8451,31944.79,282866.847,1.0,85.26305590543552,85.1467881019281,88.16975099312081,84.20695669024319
300870.SZ,20201014,88.21,92.32,86.52,89.97,88.0,1.97,2.2386,47157.11,422405.425,1.0,87.1717856796822,85.46652456157348,89.44869683170235,83.8290863288441
300870.SZ,20201015,89.0,89.0,84.32,84.4,89.97,-5.57,-6.191,38709.68,332561.114,1.0,81.77502180021317,86.23195426799728,86.23195426799728,81.6975099312082
300870.SZ,20201016,84.0,86.45,81.91,82.6,84.4,-1.8,-2.1327,27675.24,232934.541,1.0,80.03100474760197,81.38746245518846,83.76126344346478,79.36246487743435
300870.SZ,20201019,83.2,85.12,82.32,83.78,82.6,1.18,1.4286,22016.78,184020.591,1.0,81.17430481542486,80.61234376513904,82.47262862125763,79.75971320608467
300870.SZ,20201020,83.88,87.49,81.3,87.47,83.78,3.69,4.4044,41695.79,354874.99,1.0,84.74953977327777,81.27119465168103,84.768917740529,78.77143687627168
300870.SZ,20201021,88.0,91.67,87.01,88.5,87.47,1.03,1.1775,49395.17,439405.209,1.0,85.7475050867164,85.26305590543552,88.8189128960372,84.30384652649937
300870.SZ,20201022,86.15,88.77,84.55,85.17,88.5,-3.33,-3.7627,35651.34,308790.244,1.0,82.52107353938572,83.47059393469625,86.00910764460808,81.92035655459742
300870.SZ,20201023,85.78,87.38,82.36,82.7,85.17,-2.47,-2.9001,32336.37,274661.052,1.0,80.12789458385815,83.1121015405484,84.66233892064722,79.79846914058714
300870.SZ,20201026,81.5,83.3,78.3,80.04,82.7,-2.66,-3.2164,35476.44,286066.661,1.0,77.55062493944386,78.96521654878403,80.70923360139521,75.86474178858637
300870.SZ,20201027,79.76,80.6,77.77,80.0,80.04,-0.04,-0.05,27135.43,215453.666,1.0,77.51186900494137,77.27933339792656,78.09320802247844,75.35122565642864
300870.SZ,20201028,80.09,81.59,79.07,81.59,80.0,1.59,1.9875,30848.47,248633.523,1.0,79.05241740141459,77.59906985757195,79.05241740141459,76.61079352775893
300870.SZ,20201029,81.3,85.5,81.01,81.91,81.59,0.32,0.3922,42314.92,351759.218,1.0,79.36246487743435,78.77143687627168,82.8408099990311,78.49045635112877
300870.SZ,20201030,81.91,81.91,74.5,74.7,81.91,-7.21,-8.8023,39366.8,307853.937,1.0,72.37670768336402,79.36246487743435,79.36246487743435,72.18292801085165
300870.SZ,20201102,75.0,79.11,74.9,77.89,74.7,3.19,4.2704,28895.15,224588.91,1.0,75.46749345993605,72.66737719213255,76.6495494622614,72.57048735587637
300870.SZ,20201103,78.66,80.7,77.18,80.01,77.89,2.12,2.7218,26781.4,212957.14,1.0,77.521557988567,76.21354519910861,78.19009785873462,74.7795756225172
300870.SZ,20201104,80.12,81.22,78.53,79.29,80.01,-0.72,-0.8999,22766.21,181454.919,1.0,76.82395116752254,77.6281368084488,78.69392500726674,76.08758841197559
300870.SZ,20201105,80.15,82.21,79.8,82.21,79.29,2.92,3.6827,29225.13,237152.585,1.0,79.65313438620288,77.65720375932565,79.65313438620288,77.31808933242903
300870.SZ,20201106,84.0,84.27,81.06,82.04,82.21,-0.17,-0.2068,35311.32,292054.654,1.0,79.4884216645674,81.38746245518846,81.64906501308012,78.53890126925685
300870.SZ,20201109,83.0,87.1,82.1,86.72,82.04,4.68,5.7045,48085.93,408828.893,1.0,84.02286600135646,80.41856409262668,84.39104737912992,79.54655556632109
300870.SZ,20201110,87.13,87.13,83.9,84.34,86.72,-2.38,-2.7445,32344.71,274781.607,1.0,81.71688789845945,84.42011433000678,84.42011433000678,81.29057261893227
300870.SZ,20201111,84.65,85.55,81.41,81.65,84.34,-2.69,-3.1895,26679.26,222111.428,1.0,79.11055130316831,82.0172463908536,82.88925491715919,78.87801569615347
300870.SZ,20201112,82.4,83.02,80.76,81.7,81.65,0.05,0.0612,18208.18,149385.942,1.0,79.15899622129639,79.83722507508963,80.43794205987791,78.24823176048832
300870.SZ,20201113,81.98,83.54,80.79,83.5,81.7,1.8,2.2032,20566.82,170330.611,1.0,80.90301327390756,79.43028776281368,80.94176920841004,78.27729871136518
300870.SZ,20201116,83.62,85.88,83.5,85.32,83.5,1.82,2.1796,28263.61,239623.431,1.0,82.66640829376998,81.01928107741499,83.20899137680456,80.90301327390756
300870.SZ,20201117,85.0,85.4,79.21,79.99,85.32,-5.33,-6.2471,31813.71,260204.203,1.0,77.50218002131575,82.35636081775021,82.74392016277493,76.74643929851757
300870.SZ,20201118,79.83,81.5,78.53,80.34,79.99,0.35,0.4376,16774.72,134015.389,1.0,77.84129444821238,77.34715628330588,78.96521654878403,76.08758841197559
300870.SZ,20201119,80.0,80.35,78.78,79.22,80.34,-1.12,-1.3941,15496.95,123068.221,1.0,76.7561282821432,77.51186900494137,77.85098343183799,76.32981300261602
300870.SZ,20201120,79.2,79.78,78.75,79.09,79.22,-0.13,-0.1641,12164.97,96318.291,1.0,76.63017149501017,76.73675031489196,77.2987113651778,76.30074605173917
300870.SZ,20201123,78.96,85.35,76.81,84.3,79.09,5.21,6.5874,43013.83,346714.766,1.0,81.67813196395697,76.50421470787714,82.69547524464683,74.42108322836934
300870.SZ,20201124,85.51,90.55,84.59,84.6,84.3,0.3,0.3559,59158.67,516619.24,1.0,81.9688014727255,82.85049898265672,87.73374672996802,81.9591124890999
300870.SZ,20201125,84.6,86.55,83.65,84.19,84.6,-0.41,-0.4846,29517.87,249641.287,1.0,81.57155314407518,81.9688014727255,83.85815327972095,81.04834802829184
300870.SZ,20201126,84.0,87.97,84.0,87.07,84.19,2.88,3.4208,38909.97,337622.813,1.0,84.36198042825306,81.38746245518846,85.23398895455867,81.38746245518846
300870.SZ,20201127,87.84,88.6,84.87,85.77,87.07,-1.3,-1.4931,28468.39,245915.381,1.0,83.10241255692277,85.10803216742563,85.84439492297257,82.2304040306172
300870.SZ,20201130,85.8,86.0,83.89,85.24,85.77,-0.53,-0.6179,20322.52,172536.14,1.0,82.58889642476504,83.13147950779963,83.32525918031199,81.28088363530665
300870.SZ,20201201,85.9,87.45,84.4,86.64,85.24,1.4,1.6424,23932.0,206149.025,1.0,83.94535413235151,83.2283693440558,84.73016180602654,81.77502180021317
300870.SZ,20201202,86.1,87.22,84.22,87.09,86.64,0.45,0.5194,27772.02,238624.266,1.0,84.38135839550431,83.42214901656816,84.50731518263734,81.60062009495203
300870.SZ,20201203,86.7,87.98,85.5,86.6,87.09,-0.49,-0.5626,18515.01,160550.575,1.0,83.90659819784904,84.00348803410522,85.24367793818429,82.8408099990311
300870.SZ,20201204,87.77,87.77,82.8,83.18,86.6,-3.42,-3.9492,24924.05,211318.263,1.0,80.5929657978878,85.0402092820463,85.0402092820463,80.22478442011433
300870.SZ,20201207,83.02,83.9,80.58,80.69,83.18,-2.49,-2.9935,17195.05,141453.215,1.0,78.180408875109,80.43794205987791,81.29057261893227,78.0738300552272
300870.SZ,20201208,81.0,81.88,80.0,80.77,80.69,0.08,0.0991,10782.45,87199.801,1.0,78.25792074411393,78.48076736750315,79.3333979265575,77.51186900494137
300870.SZ,20201209,80.8,84.5,80.52,84.07,80.77,3.3,4.0857,24763.97,205375.134,1.0,81.45528534056777,78.28698769499078,81.87191163646933,78.0156961534735
300870.SZ,20201210,83.0,84.15,81.66,83.3,84.07,-0.77,-0.9159,18673.33,154963.334,1.0,80.70923360139521,80.41856409262668,81.53279720957272,79.12024028679392
300870.SZ,20201211,83.3,83.4,78.7,78.75,83.3,-4.55,-5.4622,18329.84,147718.9,1.0,76.30074605173917,80.70923360139521,80.8061234376514,76.25230113361108
300870.SZ,20201214,78.75,79.87,77.16,79.47,78.75,0.72,0.9143,12108.78,94957.042,1.0,76.99835287278364,76.30074605173917,77.38591221780835,74.76019765526596
300870.SZ,20201215,79.12,81.1,78.17,79.5,79.47,0.03,0.0378,11896.87,94413.005,1.0,77.0274198236605,76.65923844588703,78.57765720375932,75.73878500145335
300870.SZ,20201216,79.7,79.76,75.68,75.91,79.5,-3.59,-4.5157,19084.09,147246.67,1.0,73.54907470206375,77.22119949617286,77.27933339792656,73.32622807867455
300870.SZ,20201217,75.9,78.79,75.5,78.55,75.91,2.64,3.4778,13930.79,107963.185,1.0,76.10696637922682,73.53938571843814,76.33950198624164,73.15182637341343
300870.SZ,20201218,78.53,79.0,76.5,76.68,78.55,-1.87,-2.3806,10328.19,80352.696,1.0,74.29512644123632,76.08758841197559,76.54297064237961,74.1207247359752
300870.SZ,20201221,77.0,79.35,76.79,78.34,76.68,1.66,2.1648,12760.2,100259.435,1.0,75.90349772308885,74.60517391725608,76.88208506927623,74.40170526111811
300870.SZ,20201222,78.06,78.4,74.56,74.63,78.34,-3.71,-4.7358,17615.89,133971.672,1.0,72.30888479798469,75.63220618157155,75.96163162484255,72.24106191260537
300870.SZ,20201223,74.36,75.71,72.5,75.6,74.63,0.97,1.2997,13130.77,97602.523,1.0,73.2487162096696,72.04728224009301,73.3552950295514,70.24513128572812
300870.SZ,20201224,75.4,75.4,71.02,72.29,75.6,-3.31,-4.3783,14179.37,103453.432,1.0,70.04166262959016,73.05493653715726,73.05493653715726,68.81116170913671
300870.SZ,20201225,72.29,72.79,70.21,71.61,72.29,-0.68,-0.9407,11481.2,82141.237,1.0,69.38281174304815,70.04166262959016,70.52611181087104,68.02635403546168
300870.SZ,20201228,71.38,71.5,66.77,66.8,71.61,-4.81,-6.7169,17105.47,117305.313,1.0,64.72241061912605,69.15996511965895,69.27623292316636,64.6933436682492
300870.SZ,20201229,66.84,68.7,66.71,67.62,66.8,0.82,1.2275,12728.52,86182.747,1.0,65.5169072764267,64.76116655362853,66.56331750799342,64.63520976649549
300870.SZ,20201230,67.01,68.8,65.38,67.76,67.62,0.14,0.207,10084.2,67778.955,1.0,65.65255304718535,64.92587927526402,66.66020734424959,63.34657494428834
300870.SZ,20201231,67.55,69.68,67.45,68.61,67.76,0.85,1.2544,8524.09,58741.132,1.0,66.47611665536284,65.44908439104738,67.51283790330395,65.35219455479121
300870.SZ,20210104,68.38,71.26,68.38,70.53,68.61,1.92,2.7984,11550.24,80890.989,1.0,68.33640151148144,66.25327003197364,69.04369731615154,66.25327003197364
300870.SZ,20210105,70.8,71.85,69.5,71.18,70.53,0.65,0.9216,10572.99,74735.123,1.0,68.9661854471466,68.59800406937312,69.61534735006298,67.33843619804283
300870.SZ,20210106,70.88,71.2,67.6,68.04,71.18,-3.14,-4.4114,16867.88,115636.626,1.0,65.92384458870265,68.67551593837806,68.98556341439783,65.49752930917546
300870.SZ,20210107,68.02,68.6,65.4,65.7,68.04,-2.34,-3.4392,14990.29,100128.55,1.0,63.65662242030811,65.9044666214514,66.46642767173722,63.36595291153959
300870.SZ,20210108,65.7,66.9,63.0,66.07,65.7,0.37,0.5632,15352.93,99880.954,1.0,64.01511481445596,63.65662242030811,64.81930045538223,61.04059684139133
300870.SZ,20210111,66.45,66.58,63.56,63.56,66.07,-2.51,-3.799,13268.44,86344.878,1.0,61.58317992442593,64.38329619222944,64.50925297936246,61.58317992442593
300870.SZ,20210112,63.05,66.37,63.05,65.7,63.56,2.14,3.3669,9324.86,60726.095,1.0,63.65662242030811,61.08904175951943,64.3057843232245,61.08904175951943
300870.SZ,20210113,65.42,67.2,63.83,66.39,65.7,0.69,1.0502,13356.35,87635.87,1.0,64.32516229047573,63.38533087879082,65.10996996415076,61.844782482317605
300870.SZ,20210114,65.8,69.65,65.1,67.0,66.39,0.61,0.9188,11516.83,77936.172,1.0,64.9161902916384,63.753512256564285,67.4837709524271,63.07528340277104
300870.SZ,20210115,66.57,71.77,66.3,69.77,67.0,2.77,4.1343,19330.32,134748.374,1.0,67.60003875593449,64.49956399573684,69.53783548105804,64.23796143784517
300870.SZ,20210118,69.0,70.44,67.88,68.43,69.77,-1.34,-1.9206,15796.7,108463.944,1.0,66.30171495010174,66.85398701676193,68.24920065885088,65.76882085069276
300870.SZ,20210119,68.68,70.14,68.09,68.41,68.43,-0.02,-0.0292,12895.82,88996.306,1.0,66.2823369828505,66.54393954074219,67.95853115008235,65.97228950683073
300870.SZ,20210120,68.21,68.45,65.55,66.87,68.41,-1.54,-2.2511,12020.94,80338.483,1.0,64.79023350450538,66.08855731033813,66.32109291735297,63.51128766592384
300870.SZ,20210121,66.46,67.66,65.9,66.03,66.87,-0.84,-1.2562,13006.04,86603.541,1.0,63.97635887995349,64.39298517585505,65.55566321092917,63.85040209282047
300870.SZ,20210122,65.99,66.04,63.63,63.82,66.03,-2.21,-3.347,14799.63,95382.093,1.0,61.83509349869199,63.93760294545102,63.98604786357912,61.651002809805256
300870.SZ,20210125,63.68,64.07,60.63,60.71,63.82,-3.11,-4.8731,15930.17,98919.833,1.0,58.82181959112489,61.69944772793334,62.07731808933242,58.74430772211995
300870.SZ,20210126,59.84,62.52,59.84,61.5,60.71,0.79,1.3013,10380.02,63760.359,1.0,59.58724929754869,57.97887801569616,60.57552562736169,57.97887801569616
300870.SZ,20210127,60.84,62.0,59.05,61.98,61.5,0.48,0.7805,11402.62,69731.435,1.0,60.05232051157833,58.94777637825792,60.07169847882957,57.21344830927235
300870.SZ,20210128,62.69,64.24,60.37,60.53,61.98,-1.45,-2.3395,15479.7,96933.686,1.0,58.647417885863774,60.74023834899719,62.242030810967925,58.49239414785389
300870.SZ,20210129,60.12,61.19,57.5,58.9,60.53,-1.63,-2.6929,15246.47,89901.319,1.0,57.06811355488809,58.25016955721345,59.286890805154535,55.711655847301614
300870.SZ,20210201,58.51,61.99,58.2,61.99,58.9,3.09,5.2462,16633.35,101167.287,1.0,60.06200949520395,56.690243193489,60.06200949520395,56.38988470109486
300870.SZ,20210202,61.83,61.9,59.37,59.71,61.99,-2.28,-3.678,12178.97,73675.665,1.0,57.852921228563126,59.906985757194064,59.97480864257339,57.52349578529212
300870.SZ,20210203,59.65,63.81,58.98,61.21,59.71,1.5,2.5121,17587.08,108439.397,1.0,59.30626877240577,57.79478732680941,61.82540451506637,57.14562542389303
300870.SZ,20210204,60.8,62.27,57.83,59.73,61.21,-1.48,-2.4179,15989.7,95400.46,1.0,57.87229919581436,58.909020443755445,60.33330103672125,56.031392306947
300870.SZ,20210205,59.65,60.5,56.06,56.07,59.73,-3.66,-6.1276,14048.94,81450.449,1.0,54.32613118883829,57.79478732680941,58.61835093498692,54.316442205212674
300870.SZ,20210208,55.39,56.2,53.98,54.01,56.07,-2.06,-3.674,9155.07,50401.668,1.0,52.33020056196105,53.66728030229629,54.45208797597133,52.3011336110842
300870.SZ,20210209,54.02,56.15,54.02,55.6,54.01,1.59,2.9439,9433.02,52171.245,1.0,53.87074895843426,52.33988954558667,54.40364305784323,52.33988954558667
300870.SZ,20210210,55.72,56.58,54.5,54.81,55.6,-0.79,-1.4209,9111.04,50482.209,1.0,53.10531925201047,53.98701676194167,54.82026935374479,52.80496075961632
300870.SZ,20210218,55.85,59.38,55.85,57.79,54.81,2.98,5.437,16880.94,97739.206,1.0,55.99263637244453,54.1129735490747,57.53318476891774,54.1129735490747
300870.SZ,20210219,57.77,60.0,57.4,59.46,57.79,1.67,2.8898,12680.11,74487.247,1.0,57.61069663792268,55.9732584051933,58.133901753706034,55.61476601104544
300870.SZ,20210222,59.53,60.3,57.53,58.25,59.46,-1.21,-2.035,18077.0,106632.357,1.0,56.43832961922294,57.67851952330201,58.424571262474565,55.74072279817848
300870.SZ,20210223,57.88,58.5,56.54,57.0,58.25,-1.25,-2.1459,10004.33,57388.276,1.0,55.227206666020734,56.07983722507509,56.68055420986339,54.78151341924232
300870.SZ,20210224,56.55,58.29,55.88,57.28,57.0,0.28,0.4912,16692.85,95464.665,1.0,55.49849820753803,54.79120240286794,56.47708555372541,54.14204049995156
300870.SZ,20210225,57.28,57.77,55.03,55.11,57.28,-2.17,-3.7884,13269.8,74612.076,1.0,53.39598876077899,55.49849820753803,55.9732584051933,53.31847689177405
300870.SZ,20210226,54.69,57.2,54.2,56.56,55.11,1.45,2.6311,14988.11,84321.496,1.0,54.80089138649356,52.98905144850305,55.42098633853309,52.51429125084779
300870.SZ,20210301,56.67,60.6,56.66,59.61,56.56,3.05,5.3925,21376.54,126367.754,1.0,57.756031392306944,54.90747020637535,58.715240771243096,54.89778122274973
300870.SZ,20210302,60.3,60.7,57.65,58.3,59.61,-1.31,-2.1976,15429.75,90153.859,1.0,56.48677453735103,58.424571262474565,58.81213060749928,55.85699060168588
300870.SZ,20210303,58.49,58.78,57.52,58.57,58.3,0.27,0.4631,13223.59,77056.826,1.0,56.74837709524271,56.670865226237765,56.95184575138068,55.73103381455286
300870.SZ,20210304,58.15,58.8,57.32,57.5,58.57,-1.07,-1.8269,12070.79,70011.455,1.0,55.711655847301614,56.341439782966766,56.97122371863191,55.5372541420405
300870.SZ,20210305,57.28,58.25,56.86,57.88,57.5,0.38,0.6609,11011.52,63302.861,1.0,56.07983722507509,55.49849820753803,56.43832961922294,55.09156089526208
300870.SZ,20210308,58.04,59.18,57.51,57.75,57.88,-0.13,-0.2246,13530.87,79125.879,1.0,55.95388043794206,56.23486096308497,57.339405096405386,55.72134483092723
300870.SZ,20210309,57.36,58.91,54.91,55.9,57.75,-1.85,-3.2035,13392.58,75492.432,1.0,54.16141846720279,55.57601007654297,57.07780253851371,53.20220908826664
300870.SZ,20210310,56.5,56.57,54.77,54.94,55.9,-0.96,-1.7174,9318.09,51633.151,1.0,53.23127603914349,54.74275748473985,54.810580370119176,53.066563317508
300870.SZ,20210311,54.97,57.25,54.45,56.98,54.94,2.04,3.7131,12934.06,72546.797,1.0,55.2078286987695,53.26034299002035,55.46943125666117,52.75651584148823
300870.SZ,20210312,57.08,57.35,54.9,55.32,56.98,-1.66,-2.9133,10443.48,58106.283,1.0,53.59945741691696,55.30471853502567,55.56632109291736,53.19252010464102
300870.SZ,20210315,55.6,55.6,53.0,53.39,55.32,-1.93,-3.4888,10215.68,55073.984,1.0,51.72948357717276,53.87074895843426,53.87074895843426,51.35161321577367
300870.SZ,20210316,53.45,54.6,53.21,53.95,53.39,0.56,1.0489,8481.93,45802.554,1.0,52.272066660207344,51.787617478926464,52.901850595872496,51.55508187191164
300870.SZ,20210317,53.61,58.58,53.45,58.28,53.95,4.33,8.0259,25619.35,145818.178,1.0,56.467396570099794,51.942641216936345,56.758066078868325,51.787617478926464
300870.SZ,20210318,58.53,60.2,57.77,58.88,58.28,0.6,1.0295,23884.44,140834.293,1.0,57.048735587636855,56.70962116074024,58.32768142621839,55.9732584051933
300870.SZ,20210319,58.01,61.33,57.85,60.25,58.88,1.37,2.3268,24465.19,147326.726,1.0,58.37612634434648,56.20579401220812,59.42253657591319,56.05077027419824
300870.SZ,20210322,61.03,61.44,59.6,60.65,60.25,0.4,0.6639,19033.57,115229.174,1.0,58.76368568937118,59.131867067144654,59.529115395794975,57.74634240868133
300870.SZ,20210323,60.1,61.19,59.73,60.55,60.65,-0.1,-0.1649,16213.32,98265.942,1.0,58.666795853115005,58.230791589962216,59.286890805154535,57.87229919581436
300870.SZ,20210324,60.01,60.7,58.58,58.86,60.55,-1.69,-2.7911,12782.68,76009.077,1.0,57.02935762038562,58.14359073733165,58.81213060749928,56.758066078868325
300870.SZ,20210325,59.5,59.88,58.23,58.29,58.86,-0.57,-0.9684,9093.15,53475.994,1.0,56.47708555372541,57.64945257242516,58.01763395019863,56.4189516519717
300870.SZ,20210326,58.8,59.3,57.81,59.05,58.29,0.76,1.3038,11760.9,68961.568,1.0,57.21344830927235,56.97122371863191,57.4556728999128,56.01201433969577
300870.SZ,20210329,59.3,59.63,56.9,57.73,59.05,-1.32,-2.2354,14096.18,81398.861,1.0,55.93450247069082,57.4556728999128,57.77540935955818,55.13031682976455
300870.SZ,20210330,57.76,57.93,56.0,56.41,57.73,-1.32,-2.2865,11326.09,64185.258,1.0,54.65555663210929,55.96356942156768,56.12828214320318,54.25830830345897
300870.SZ,20210331,56.35,57.0,55.88,56.53,56.41,0.12,0.2127,8359.22,47156.255,1.0,54.7718244356167,54.59742273035559,55.227206666020734,54.14204049995156
300870.SZ,20210401,56.4,56.79,55.7,56.19,56.53,-0.34,-0.6015,9669.54,54369.491,1.0,54.4423989923457,54.64586764848367,55.02373800988276,53.96763879469044
300870.SZ,20210402,56.19,57.65,56.0,57.1,56.19,0.91,1.6195,13132.24,74930.862,1.0,55.32409650227691,54.4423989923457,55.85699060168588,54.25830830345897
300870.SZ,20210406,57.57,58.5,57.3,57.93,57.1,0.83,1.4536,12086.48,69937.055,1.0,56.12828214320318,55.77947873268094,56.68055420986339,55.51787617478926
300870.SZ,20210407,57.65,58.77,57.22,58.58,57.93,0.65,1.122,15013.77,87204.651,1.0,56.758066078868325,55.85699060168588,56.942156767755066,55.44036430578432
300870.SZ,20210408,58.4,60.75,58.0,59.1,58.58,0.52,0.8877,22407.9,133254.989,1.0,57.26189322740045,56.583664373607206,58.86057552562736,56.1961050285825
300870.SZ,20210409,59.4,63.36,59.09,61.37,59.1,2.27,3.8409,31429.77,192415.518,1.0,59.46129251041565,57.55256273616897,61.38940025191357,57.25220424377483
300870.SZ,20210412,61.02,63.4,60.58,60.89,61.37,-0.48,-0.7821,25181.72,156030.126,1.0,58.99622129638601,59.12217808351904,61.42815618641604,58.69586280399186
300870.SZ,20210413,60.64,63.18,60.64,62.85,60.89,1.96,3.2189,21103.2,131139.835,1.0,60.89526208700708,58.75399670574557,61.21499854665245,58.75399670574557
300870.SZ,20210414,62.7,62.7,60.75,61.67,62.85,-1.18,-1.8775,19685.8,121241.65,1.0,59.75196201918419,60.74992733262281,60.74992733262281,58.86057552562736
300870.SZ,20210415,60.0,60.4,55.87,56.79,61.67,-4.88,-7.9131,33076.31,190674.166,1.0,55.02373800988276,58.133901753706034,58.52146109873074,54.13235151632593
300870.SZ,20210416,56.72,57.7,55.95,57.03,56.79,0.24,0.4226,18935.8,107403.047,1.0,55.25627361689759,54.95591512450344,55.90543551981397,54.20986338533088
300870.SZ,20210419,56.99,57.93,56.51,57.52,57.03,0.49,0.8592,15857.63,90958.101,1.0,55.73103381455286,55.21751768239512,56.12828214320318,54.75244646836546
300870.SZ,20210420,57.59,57.78,56.4,56.5,57.52,-1.02,-1.7733,19342.71,110233.197,1.0,54.74275748473985,55.79885669993218,55.982947388818914,54.64586764848367
300870.SZ,20210421,56.05,56.84,55.9,56.11,56.5,-0.39,-0.6903,13129.12,73926.391,1.0,54.36488712334076,54.30675322158705,55.07218292801085,54.16141846720279
300870.SZ,20210422,56.02,57.12,54.92,57.09,56.11,0.98,1.7466,25320.45,141354.892,1.0,55.314407518651294,54.277686270710205,55.34347446952814,53.21189807189226
300870.SZ,20210423,56.73,56.76,55.72,56.03,57.09,-1.06,-1.8567,14648.05,82184.851,1.0,54.28737525433582,54.96560410812906,54.99467105900591,53.98701676194167
300870.SZ,20210426,55.8,56.29,54.03,54.75,56.03,-1.28,-2.2845,14811.24,81758.324,1.0,53.047185350256754,54.06452863094661,54.53928882860188,52.34957852921229
300870.SZ,20210427,54.75,55.24,53.8,54.0,54.75,-0.75,-1.3699,11366.51,61620.742,1.0,52.32051157833544,53.047185350256754,53.521945547912026,52.12673190582308
300870.SZ,20210428,53.74,54.42,53.2,54.41,54.0,0.41,0.7593,10737.28,57934.143,1.0,52.71775990698576,52.06859800406937,52.72744889061138,51.54539288828602
300870.SZ,20210429,54.39,54.39,52.33,52.35,54.41,-2.06,-3.7861,17603.78,93522.762,1.0,50.72182928010852,52.69838193973453,52.69838193973453,50.70245131285728
300870.SZ,20210430,52.43,52.43,49.1,49.43,52.35,-2.92,-5.5778,17550.39,87887.726,1.0,47.89264606142815,50.79934114911346,50.79934114911346,47.572909601782776
300870.SZ,20210506,49.15,50.27,49.1,49.92,49.43,0.49,0.9913,7344.22,36606.16,1.0,48.367406259083424,47.62135451991086,48.706520685980045,47.572909601782776
300870.SZ,20210507,49.93,50.3,48.44,48.64,49.92,-1.28,-2.5641,8434.78,41453.949,1.0,47.12721635500436,48.37709524270904,48.73558763685689,46.933436682492
300870.SZ,20210510,48.64,48.64,46.5,46.83,48.64,-1.81,-3.7212,11424.34,54118.689,1.0,45.37351031876756,47.12721635500436,47.12721635500436,45.053773859122174
300870.SZ,20210511,46.79,47.83,46.64,47.68,46.83,0.85,1.8151,7223.53,34262.664,1.0,46.19707392694506,45.33475438426509,46.34240868132933,45.18941962988082
300870.SZ,20210512,47.54,49.58,46.8,49.33,47.68,1.65,3.4606,13564.36,65704.323,1.0,47.79575622517198,46.061428156186416,48.03798081581242,45.34444336789071
300870.SZ,20210513,48.9,49.38,48.39,48.53,49.33,-0.8,-1.6217,5831.18,28450.689,1.0,47.02063753512257,47.37912992927042,47.84420114330007,46.88499176436392
300870.SZ,20210514,48.87,49.52,48.62,49.08,48.53,0.55,1.1333,8783.62,43232.681,1.0,47.55353163453154,47.35006297839357,47.97984691405872,47.10783838775312
300870.SZ,20210517,49.0,49.77,48.8,49.59,49.08,0.51,1.0391,9578.66,47315.126,1.0,48.04766979943804,47.476019765526594,48.22207150469916,47.28224009301424
300870.SZ,20210518,49.13,49.56,48.31,48.9,49.26,-0.36,-0.7308,8563.65,41785.906,1.007,47.710783838775306,47.93519038852824,48.35473306850111,47.13513225462649
300870.SZ,20210519,48.63,49.19,47.76,48.86,48.9,-0.04,-0.0818,8873.0,42955.021,1.007,47.67175661273132,47.44735006297839,47.99373122759422,46.59850789652165
300870.SZ,20210520,48.79,49.39,48.43,49.1,48.86,0.24,0.4912,8050.83,39443.182,1.007,47.90591996899525,47.60345896715434,48.18886735781416,47.25221393275845
300870.SZ,20210521,49.99,52.92,49.98,51.7,49.1,2.6,5.2953,22531.81,116568.416,1.007,50.44268966185447,48.77427574847398,51.6330200561961,48.764518941962976
300870.SZ,20210524,50.61,51.16,49.8,50.31,51.7,-1.39,-2.6886,12395.8,62308.425,1.007,49.086493556825886,49.37919775215579,49.91582211026062,48.58889642476504
300870.SZ,20210525,50.05,50.67,49.92,50.45,50.31,0.14,0.2783,7279.94,36605.588,1.007,49.22308884797984,48.83281658753995,49.43773859122178,48.705978102897
300870.SZ,20210526,50.44,51.69,50.27,50.76,50.45,0.31,0.6145,7699.06,39324.789,1.007,49.52554984982074,49.21333204146884,50.432932855343466,49.0474663307819
300870.SZ,20210527,50.89,51.8,50.5,51.48,50.76,0.72,1.4184,7988.0,40947.786,1.007,50.22803991861253,49.65238833446371,50.540257726964434,49.27187288053483
300870.SZ,20210528,51.68,51.68,50.01,50.02,51.48,-1.46,-2.8361,8207.0,41523.907,1.007,48.803546168006974,50.42317604883248,50.42317604883248,48.793789361495975
300870.SZ,20210531,49.99,51.36,49.91,50.73,50.02,0.71,1.4194,6239.67,31618.848,1.007,49.49627943028776,48.77427574847398,50.11095824048057,48.696221296386
300870.SZ,20210601,50.77,51.55,50.56,51.46,50.73,0.73,1.439,7773.32,39839.635,1.007,50.20852630559053,49.53530665633175,50.29633756418951,49.33041371960081
300870.SZ,20210602,51.11,52.55,51.02,51.74,51.46,0.28,0.5441,11495.05,59814.123,1.007,50.48171688789846,49.86703807770565,51.27201821528921,49.77922681910668
300870.SZ,20210603,51.73,51.95,51.01,51.07,51.74,-0.67,-1.2949,6505.71,33500.118,1.007,49.82801085166165,50.47196008138745,50.68660982462939,49.76947001259567
300870.SZ,20210604,51.31,51.83,50.06,51.8,51.07,0.73,1.4294,9371.67,47657.993,1.007,50.540257726964434,50.06217420792558,50.56952814649743,48.84257339405096
300870.SZ,20210607,51.46,54.0,51.43,53.27,51.8,1.47,2.8378,16762.04,89395.137,1.007,51.97450828408099,50.20852630559053,52.68675515938377,50.17925588605755
300870.SZ,20210608,52.58,54.4,51.6,52.65,53.27,-0.62,-1.1639,11264.93,59183.442,1.007,51.369586280399176,51.3012886348222,53.07702741982365,50.3451215967445
300870.SZ,20210609,52.39,53.28,51.86,52.98,52.65,0.33,0.6268,7525.22,39804.949,1.007,51.69156089526208,51.11590931111326,51.98426509059199,50.59879856603041
300870.SZ,20210610,53.0,54.95,52.53,54.7,52.98,1.72,3.2465,15111.66,82025.345,1.007,53.36973161515356,51.71107450828408,53.61365177792849,51.252504602267216
300870.SZ,20210611,54.69,54.95,53.41,54.1,54.7,-0.6,-1.0969,11405.24,61607.705,1.007,52.78432322449375,53.35997480864256,53.61365177792849,52.11110357523495
300870.SZ,20210615,53.99,54.0,52.4,52.85,54.1,-1.25,-2.3105,7426.66,39317.657,1.007,51.564722410619126,52.67699835287278,52.68675515938377,51.125666117624256
300870.SZ,20210616,53.37,56.96,52.6,54.77,52.85,1.92,3.6329,19025.85,105091.092,1.007,53.43802926073055,52.07207634919096,55.57476988663889,51.3208022478442
300870.SZ,20210617,54.19,57.64,54.0,57.35,54.77,2.58,4.7106,25968.27,146281.056,1.007,55.95528534056777,52.87213448309272,56.23823272938668,52.68675515938377
300870.SZ,20210618,57.0,59.39,55.6,58.48,57.35,1.13,1.9704,25939.4,149216.158,1.007,57.05780447631042,55.61379711268288,57.94567386881116,54.247844201143295
300870.SZ,20210621,58.0,58.88,56.8,57.7,58.48,-0.78,-1.3338,18942.54,109425.306,1.007,56.29677356845266,56.58947776378257,57.44807673675031,55.41866098246293
300870.SZ,20210622,57.51,57.85,55.89,56.64,57.7,-1.06,-1.8371,12219.65,69231.133,1.007,55.26255207828699,56.11139424474372,56.443125666117616,54.530791589962206
300870.SZ,20210623,56.65,58.77,56.48,58.6,56.64,1.96,3.4605,16525.53,95838.77,1.007,57.1748861544424,55.27230888479797,57.34075186512935,55.10644317411103
300870.SZ,20210624,58.01,64.28,57.0,62.8,58.6,4.2,7.1672,39026.22,241575.227,1.007,61.27274488906112,56.59923457029357,62.716752252688686,55.61379711268288
300870.SZ,20210625,62.4,68.0,61.79,67.05,62.8,4.25,6.7675,37062.24,240611.412,1.007,65.41938765623485,60.88247262862125,66.34628427477958,60.28730743145043
300870.SZ,20210628,66.25,67.0,63.3,65.8,67.05,-1.25,-1.8643,26627.13,173350.936,1.007,64.19978684236023,64.63884313535509,65.37060362367987,61.76058521461098
300870.SZ,20210629,64.6,66.09,62.08,62.34,65.8,-3.46,-5.2584,22717.7,144413.115,1.007,60.82393178955527,63.02897006104058,64.48273423117914,60.57025482026934
300870.SZ,20210630,62.0,64.39,62.0,62.52,62.34,0.18,0.2887,16274.64,102543.851,1.007,60.99955430675322,60.492200368181365,62.82407712430965,60.492200368181365
300870.SZ,20210701,61.92,62.36,57.89,58.3,62.52,-4.22,-6.7498,24367.86,144517.287,1.007,56.88218195911248,60.4141459160934,60.84344540257726,56.48215289216161
300870.SZ,20210702,57.98,59.26,56.42,57.08,58.3,-1.22,-2.0926,11537.0,66623.186,1.007,55.69185156477085,56.569964150760576,57.81883538416819,55.047902335045045
300870.SZ,20210705,57.58,58.83,56.04,58.66,57.08,1.58,2.768,11852.01,68239.025,1.007,57.23342699350837,56.1796918903207,57.399292704195325,54.67714368762716
300870.SZ,20210706,58.6,58.88,56.88,57.43,58.66,-1.23,-2.0968,9872.1,56963.318,1.007,56.03333979265575,57.1748861544424,57.44807673675031,55.496715434550914
300870.SZ,20210707,57.83,58.98,56.3,58.23,57.43,0.8,1.393,11441.78,66101.509,1.007,56.813884313535496,56.42361205309562,57.54564480186028,54.93082065691308
300870.SZ,20210708,57.86,58.77,57.06,57.52,58.23,-0.71,-1.2193,9305.67,53848.051,1.007,56.12115105125472,56.452882472628616,57.34075186512935,55.67233795174886
300870.SZ,20210709,56.91,57.98,55.6,56.26,57.52,-1.26,-2.1905,11293.12,63908.286,1.007,54.89179343086909,55.52598585408389,56.569964150760576,54.247844201143295
300870.SZ,20210712,56.37,58.25,55.66,57.3,56.26,1.04,1.8486,9795.78,55817.489,1.007,55.90650130801278,54.99911830249006,56.833397926557495,54.30638504020927
300870.SZ,20210713,57.2,58.1,56.25,57.4,57.3,0.1,0.1745,8180.97,46949.402,1.007,56.00406937312275,55.80893324290281,56.68704582889254,54.8820366243581
300870.SZ,20210714,57.8,59.68,57.37,59.4,57.4,2.0,3.4843,13995.51,82412.066,1.007,57.95543067532216,56.39434163356263,58.22862125763007,55.97479895358976
300870.SZ,20210715,58.88,59.29,55.87,56.43,59.4,-2.97,-5.0,12109.98,68849.533,1.007,55.05765914155605,57.44807673675031,57.84810580370119,54.51127797694021
300870.SZ,20210716,55.92,56.39,54.3,54.3,56.43,-2.13,-3.7746,8351.0,45839.655,1.007,52.97945935471368,54.5600620094952,55.01863191551206,52.97945935471368
300870.SZ,20210719,53.89,55.28,53.61,54.6,54.3,0.3,0.5525,4249.77,23198.765,1.007,53.2721635500436,52.57943028776281,53.93562639279139,52.30623970545489
300870.SZ,20210720,54.02,54.4,51.6,52.96,54.6,-1.64,-3.0037,11988.99,63369.457,1.007,51.67204728224009,52.70626877240577,53.07702741982365,50.3451215967445
300870.SZ,20210721,53.1,53.52,52.68,52.8,52.96,-0.16,-0.3021,6352.21,33713.351,1.007,51.51593837806413,51.808642573394046,52.21842844685592,51.39885669993217
300870.SZ,20210722,52.77,54.15,52.15,54.15,52.8,1.35,2.5568,8701.0,46453.025,1.007,52.83310725704872,51.48666795853115,52.83310725704872,50.88174595484933
300870.SZ,20210723,55.3,59.96,55.0,56.82,54.15,2.67,4.9307,19649.78,113451.628,1.007,55.43817459548493,53.95514000581338,58.50181183993798,53.66243581048347
300870.SZ,20210726,56.6,57.98,55.91,57.76,56.82,0.94,1.6543,13483.7,76767.893,1.007,56.35531440751864,55.223524852243,56.569964150760576,54.5503052029842
300870.SZ,20210727,58.0,61.66,57.45,59.98,57.76,2.22,3.8435,23935.09,142417.232,1.007,58.52132545295997,56.58947776378257,60.16046894680747,56.05285340567774
300870.SZ,20210728,58.86,59.95,53.0,55.0,59.98,-4.98,-8.3028,14486.86,81022.47,1.007,53.66243581048347,57.42856312372831,58.49205503342699,51.71107450828408
300870.SZ,20210729,55.9,60.6,55.9,59.39,55.0,4.39,7.9818,22983.22,135760.307,1.007,57.94567386881116,54.5405483964732,59.12624745664179,54.5405483964732
300870.SZ,20210730,60.0,61.97,59.05,60.35,59.39,0.96,1.6164,20688.0,125278.9,1.007,58.88232729386687,58.54083906598197,60.46292994864838,57.61394244743725
300870.SZ,20210802,60.96,61.5,58.33,59.93,60.35,-0.42,-0.6959,16566.61,98954.612,1.007,58.472541420404994,59.47749249103769,60.004360042631525,56.91145237864547
300870.SZ,20210803,59.61,60.19,58.1,58.21,59.93,-1.72,-2.87,12034.27,71093.55,1.007,56.79437070051351,58.16032361205309,58.72621838969091,56.68704582889254
300870.SZ,20210804,59.35,60.89,58.11,60.4,58.21,2.19,3.7622,13271.05,78973.795,1.007,58.93111132642185,57.90664664276717,59.40919484546071,56.696802635403536
300870.SZ,20210805,59.8,61.52,58.79,61.21,60.4,0.81,1.3411,16475.85,99452.388,1.007,59.72141265381261,58.34570293576203,60.02387365565352,57.36026547815133
300870.SZ,20210806,60.69,61.73,58.0,58.74,61.21,-2.47,-4.0353,11168.61,66202.059,1.007,57.31148144559635,59.21405871524076,60.22876659238445,56.58947776378257
300870.SZ,20210809,58.69,61.37,58.1,59.88,58.74,1.14,1.9408,11725.39,70470.979,1.007,58.42375738785001,57.262697413041366,59.87752155798855,56.68704582889254
300870.SZ,20210810,59.6,61.28,58.9,60.8,59.88,0.92,1.5364,12058.36,72857.563,1.007,59.32138358686173,58.15056680554209,59.78971029938959,57.4675903497723
300870.SZ,20210811,60.67,64.87,59.51,63.56,60.8,2.76,4.5395,21053.86,131342.493,1.007,62.0142621838969,59.19454510221877,63.29240383683752,58.06275554694312
300870.SZ,20210812,63.0,65.55,61.55,64.4,63.56,0.84,1.3216,18305.88,116189.716,1.007,62.833833930820646,61.46788101928107,63.955866679585306,60.0531440751865
300870.SZ,20210813,64.16,66.54,63.0,63.94,64.4,-0.46,-0.7143,15019.69,97139.094,1.007,62.38502083131478,62.59967057455672,64.92179052417401,61.46788101928107
300870.SZ,20210816,64.49,64.51,61.6,61.85,63.94,-2.09,-3.2687,8760.7,54647.02,1.007,60.34584827051641,62.921645189419614,62.94115880244162,60.10192810774149
300870.SZ,20210817,61.92,61.99,59.18,60.58,61.85,-1.27,-2.0534,10901.25,65585.483,1.007,59.10673384361979,60.4141459160934,60.48244356167038,57.74078093208021
300870.SZ,20210818,60.02,61.58,57.38,57.95,60.58,-2.63,-4.3414,8498.46,49995.038,1.007,56.54069373122759,58.56035267900397,60.08241449471949,55.98455576010076
300870.SZ,20210819,57.95,59.88,57.95,58.4,57.95,0.45,0.7765,5718.0,33660.023,1.007,56.97975002422245,56.54069373122759,58.42375738785001,56.54069373122759
300870.SZ,20210820,58.11,58.11,55.55,55.62,58.4,-2.78,-4.7603,7592.48,42835.923,1.007,54.26735781416529,56.696802635403536,56.696802635403536,54.199060168588304
300870.SZ,20210823,56.36,58.39,56.0,57.8,55.62,2.18,3.9195,7219.38,41526.206,1.007,56.39434163356263,54.98936149597906,56.969993217711455,54.63811646158317
300870.SZ,20210824,57.89,60.52,57.89,59.0,57.8,1.2,2.0761,14086.51,83758.424,1.007,57.56515841488228,56.48215289216161,59.048193004553816,56.48215289216161
300870.SZ,20210825,59.0,60.5,58.0,58.55,59.0,-0.45,-0.7627,8487.0,50117.31,1.007,57.1261021218874,57.56515841488228,59.028679391531824,56.58947776378257
300870.SZ,20210826,58.6,60.08,58.15,58.78,58.55,0.23,0.3928,10253.0,60689.037,1.007,57.350508671640334,57.1748861544424,58.618893518069946,56.73582986144752
300870.SZ,20210827,56.02,59.59,54.0,58.9,58.78,0.12,0.2042,14844.0,85757.793,1.007,57.4675903497723,54.657630074605166,58.1408099990311,52.68675515938377
300870.SZ,20210830,61.0,61.18,58.4,58.83,58.9,-0.07,-0.1188,8824.11,52363.355,1.007,57.399292704195325,59.51651971708167,59.692142234279615,56.97975002422245
300870.SZ,20210831,58.45,60.84,58.25,58.5,58.83,-0.33,-0.5609,7676.34,45574.552,1.007,57.07731808933242,57.028534056777445,59.36041081290572,56.833397926557495
300870.SZ,20210901,58.96,60.65,56.66,60.25,58.5,1.75,2.9915,12282.81,72191.108,1.007,58.7847592287569,57.526131188838285,59.175031489196776,55.28206569130897
300870.SZ,20210902,59.7,63.58,59.7,63.06,60.25,2.81,4.6639,14908.51,92982.972,1.007,61.52642185834706,58.24813487065207,62.033775796918896,58.24813487065207
300870.SZ,20210903,62.43,64.65,62.43,64.01,63.06,0.95,1.5065,13620.57,86855.82,1.007,62.453318476891766,60.91174304815424,63.07775409359557,60.91174304815424
300870.SZ,20210906,64.01,65.29,62.8,63.34,64.01,-0.67,-1.0467,10940.69,70140.726,1.007,61.79961244065497,62.453318476891766,63.702189710299386,61.27274488906112
300870.SZ,20210907,63.34,63.97,62.25,63.13,63.34,-0.21,-0.3315,7591.78,47877.217,1.007,61.59471950392403,61.79961244065497,62.41429125084778,60.73612053095629
300870.SZ,20210908,62.81,63.45,61.24,62.45,63.13,-0.68,-1.0771,8585.66,53441.503,1.007,60.93125666117624,61.28250169557213,61.906937312275936,59.7506830733456
300870.SZ,20210909,62.45,64.98,61.7,61.7,62.45,-0.75,-1.201,10488.09,66742.577,1.007,60.19949617285146,60.93125666117624,63.39972870845848,60.19949617285146
300870.SZ,20210910,61.78,62.49,60.0,61.86,61.7,0.16,0.2593,8363.83,51562.321,1.007,60.35560507702741,60.27755062493944,60.97028388722023,58.54083906598197
300870.SZ,20210913,61.0,62.95,60.76,61.9,61.86,0.04,0.0647,4954.0,30675.782,1.007,60.39463230307141,59.51651971708167,61.41909698672608,59.28235636081774
300870.SZ,20210914,61.8,64.33,61.8,63.05,61.9,1.15,1.8578,7801.84,49147.756,1.007,61.51666505183605,60.29706423796143,62.76553628524366,60.29706423796143
300870.SZ,20210915,62.88,64.5,62.65,64.05,63.05,1.0,1.586,6640.75,42481.863,1.007,62.49234570293575,61.35079934114911,62.93140199593062,61.12639279139617
300870.SZ,20210916,63.8,65.5,63.05,63.22,64.05,-0.83,-1.2959,7721.17,49724.706,1.007,61.682530762523,62.24842554016082,63.90708264703032,61.51666505183605
300870.SZ,20210917,63.79,68.02,62.99,67.1,63.22,3.88,6.1373,13967.35,91960.985,1.007,65.46817168878982,62.238668733649824,66.36579788780155,61.45812421277007
300870.SZ,20210922,66.85,73.65,66.85,71.4,67.1,4.3,6.4083,19631.28,138516.021,1.007,69.66359848851856,65.2242515260149,71.85887995349287,65.2242515260149
300870.SZ,20210923,71.16,74.95,70.52,72.0,71.4,0.6,0.8403,17551.37,126855.945,1.007,70.24900687917837,69.42943513225461,73.12726479992249,68.80499951555082
300870.SZ,20210924,71.5,71.64,68.71,69.04,72.0,-2.96,-4.1111,8279.74,57509.389,1.007,67.36099215192326,69.76116655362851,69.89776184478247,67.03901753706036
300870.SZ,20210927,70.14,70.6,67.16,69.37,69.04,0.33,0.478,7823.66,53991.923,1.007,67.68296676678615,68.43424086813293,68.88305396763879,65.52671252785582
300870.SZ,20210928,68.75,77.0,68.52,72.5,69.37,3.13,4.512,12337.32,90367.32,1.007,70.73684720472822,67.07804476310434,75.12741013467686,66.8536382133514
300870.SZ,20210929,71.0,73.0,69.0,70.01,72.5,-2.49,-3.4345,9475.07,66492.029,1.007,68.30740238348996,69.27332622807866,71.22468753027808,67.32196492587927
300870.SZ,20210930,69.07,71.25,68.68,70.43,70.01,0.42,0.5999,5071.92,35442.382,1.007,68.71718825695184,67.39026257145623,69.51724639085359,67.00974711752737
300870.SZ,20211008,70.91,72.65,67.81,70.05,70.43,-0.38,-0.5395,5017.56,34995.775,1.007,68.34642960953394,69.1855149694797,70.88319930239317,66.16090495107062
300870.SZ,20211011,70.14,70.2,66.71,68.0,70.05,-2.05,-2.9265,5127.78,34704.016,1.007,66.34628427477958,68.43424086813293,68.49278170719892,65.08765623486094
300870.SZ,20211012,67.28,67.98,63.87,65.03,68.0,-2.97,-4.3676,8511.29,55611.337,1.007,63.44851274101346,65.64379420598779,66.32677066175758,62.31672318573781
300870.SZ,20211013,64.67,68.3,64.3,68.06,65.03,3.03,4.6594,5136.98,34114.596,1.007,66.40482511384555,63.097267706617565,66.63898847010948,62.73626586571068
300870.SZ,20211014,68.74,68.74,66.1,66.99,68.06,-1.07,-1.5721,3387.72,22691.724,1.007,65.36084681716886,67.06828795659334,67.06828795659334,64.49249103769014
300870.SZ,20211015,67.65,67.65,63.1,63.27,66.99,-3.72,-5.5531,4951.78,31966.484,1.007,61.73131479507799,66.00479604689467,66.00479604689467,61.56544908439104
300870.SZ,20211018,62.9,63.8,62.04,62.38,63.27,-0.89,-1.4067,3648.39,22904.444,1.007,60.86295901559926,61.3703129541711,62.24842554016082,60.53122759422536
300870.SZ,20211019,62.18,62.82,61.32,61.37,62.38,-1.01,-1.6191,3820.0,23711.892,1.007,59.87752155798855,60.66782288537932,61.29225850208312,59.82873752543357
300870.SZ,20211020,61.37,61.87,60.55,61.72,61.37,0.35,0.5703,3985.0,24387.345,1.007,60.21900978587345,59.87752155798855,60.365361883538405,59.0774634240868
300870.SZ,20211021,61.5,64.74,61.17,63.53,61.72,1.81,2.9326,7939.47,50497.953,1.007,61.98499176436391,60.004360042631525,63.16556535219454,59.68238542776862
300870.SZ,20211022,63.53,64.15,62.11,62.2,63.53,-1.33,-2.0935,3165.66,19913.947,1.007,60.68733649840132,61.98499176436391,62.58991376804573,60.59952523980234
300870.SZ,20211025,62.38,63.66,60.05,60.85,62.2,-1.35,-2.1704,4943.17,30029.077,1.007,59.37016761941672,60.86295901559926,62.111830249006864,58.58962309853696
300870.SZ,20211026,60.81,61.15,59.34,59.37,60.85,-1.48,-2.4322,4800.0,28865.199,1.007,57.92616025578916,59.331140393372735,59.66287181474662,57.89688983625617
300870.SZ,20211027,58.9,61.93,58.08,61.75,59.37,2.38,4.0088,5613.4,33848.906,1.007,60.248280205406445,57.4675903497723,60.42390272260439,56.667532215870544
300870.SZ,20211028,61.44,65.3,60.71,63.5,61.75,1.75,2.834,9248.31,58693.03,1.007,61.95572134483092,59.94581920356554,63.71194651681038,59.23357232826276
300870.SZ,20211029,63.43,63.91,62.9,63.7,63.5,0.2,0.315,3756.0,23863.349,1.007,62.15085747505086,61.88742369925394,62.35575041178179,61.3703129541711
300870.SZ,20211101,63.84,65.38,62.47,65.0,63.7,1.3,2.0408,4092.28,26299.485,1.007,63.41924232148048,62.28745276620482,63.79000096889835,60.95077027419823
300870.SZ,20211102,64.45,67.99,64.45,67.6,65.0,2.6,4.0,7583.81,50122.148,1.007,65.95601201433968,62.88261796337565,66.33652746826857,62.88261796337565
300870.SZ,20211103,68.2,75.2,68.2,75.0,67.6,7.4,10.9467,19597.06,143204.217,1.007,73.17604883247746,66.5414204049995,73.37118496269741,66.5414204049995
300870.SZ,20211104,74.8,79.98,73.27,78.76,75.0,3.76,5.0133,22322.66,171583.451,1.007,76.84460808061233,72.98091270225751,78.03493847495396,71.48812130607499
300870.SZ,20211105,77.8,80.5,77.6,78.75,78.76,-0.01,-0.0127,19102.72,151448.576,1.007,76.83485127410134,75.90795465555662,78.54229241352581,75.71281852533669
300870.SZ,20211108,78.97,81.85,77.0,81.5,78.75,2.75,3.4921,10850.71,86935.93,1.007,79.51797306462551,77.04950101734326,79.8594612925104,75.12741013467686
300870.SZ,20211109,82.0,86.79,81.84,86.18,81.5,4.68,5.7423,15966.67,136551.64,1.007,84.08415851177212,80.00581339017536,84.67932370894293,79.84970448599942
300870.SZ,20211110,87.2,87.2,83.34,86.02,86.18,-0.16,-0.1857,10348.62,88592.286,1.007,83.92804960759615,85.0793527758938,85.0793527758938,81.31322546264896
300870.SZ,20211111,84.93,86.7,83.01,83.72,86.02,-2.3,-2.6738,12180.21,102986.727,1.007,81.68398411006685,82.86455769789748,84.59151245034396,80.99125084778606
300870.SZ,20211112,83.72,87.0,83.72,85.8,83.72,2.08,2.4845,12831.42,110128.966,1.007,83.71339986435422,81.68398411006685,84.88421664567386,81.68398411006685
300870.SZ,20211115,86.14,87.8,83.4,85.21,85.8,-0.59,-0.6876,12216.0,103981.307,1.007,83.1377482802054,84.04513128572812,85.66476116655362,81.37176630171496
300870.SZ,20211116,86.5,86.5,81.28,81.91,85.21,-3.3,-3.8728,11288.36,94193.087,1.007,79.91800213157639,84.396376320124,84.396376320124,79.30332332138357
300870.SZ,20211117,83.39,85.5,81.0,82.34,81.91,0.43,0.525,8696.84,71667.652,1.007,80.33754481154925,81.36200949520394,83.42069566902431,79.03013273907567
300870.SZ,20211118,82.0,86.82,82.0,84.18,82.34,1.84,2.2346,10439.64,88457.447,1.007,82.13279720957271,80.00581339017536,84.70859412847591,80.00581339017536
300870.SZ,20211119,84.18,89.28,83.52,84.5,84.18,0.32,0.3801,9630.33,82306.166,1.007,82.44501501792462,82.13279720957271,87.10876853018117,81.48884797984691
300870.SZ,20211122,84.84,86.34,80.77,84.0,84.5,-0.5,-0.5917,15747.0,131592.483,1.007,81.95717469237476,82.7767464392985,84.24026741594805,78.80572618932273
300870.SZ,20211123,85.94,85.94,79.66,81.13,84.0,-2.87,-3.4167,15173.64,124128.142,1.007,79.15697122371863,83.84999515550817,83.84999515550817,77.72272066660206
300870.SZ,20211124,80.72,83.0,79.31,79.93,81.13,-1.2,-1.4791,8548.0,68777.529,1.007,77.98615444239898,78.75694215676775,80.98149404127506,77.38123243871716
300870.SZ,20211125,79.62,80.81,76.66,78.95,79.93,-0.98,-1.2261,15292.52,119607.362,1.007,77.02998740432128,77.68369344055809,78.84475341536672,74.79567871330296
300870.SZ,20211126,79.02,84.4,78.18,83.38,78.95,4.43,5.6111,15679.45,128857.888,1.007,81.35225268869294,77.09828504989825,82.34744695281464,76.27871330297452
300870.SZ,20211129,82.99,82.99,79.5,81.19,83.38,-2.19,-2.6265,13722.0,110342.629,1.007,79.2155120627846,80.97173723476406,80.97173723476406,77.5666117624261
300870.SZ,20211130,80.0,83.9,79.99,82.05,81.19,0.86,1.0592,12268.07,101143.377,1.007,80.05459742273035,78.05445208797596,81.8596066272648,78.04469528146497
300870.SZ,20211201,80.66,87.83,80.66,82.48,82.05,0.43,0.5241,16806.59,141672.135,1.007,80.47414010270322,78.69840131770177,85.69403158608661,78.69840131770177
300870.SZ,20211202,83.19,83.37,77.59,79.4,82.48,-3.08,-3.7342,10322.0,82064.74,1.007,77.46904369731615,81.166873364984,81.34249588218195,75.7030617188257
300870.SZ,20211203,78.53,81.34,77.79,77.91,79.4,-1.49,-1.8766,7338.63,58335.919,1.007,76.01527952717758,76.6202015308594,79.36186416044957,75.89819784904563
300870.SZ,20211206,79.28,79.28,73.78,74.0,77.91,-3.91,-5.0186,9699.78,72866.015,1.007,72.20036818137775,77.35196201918419,77.35196201918419,71.98571843813583
300870.SZ,20211207,75.19,75.27,71.7,73.09,74.0,-0.91,-1.2297,8345.78,60606.311,1.007,71.31249878887705,73.3614281561864,73.43948260827437,69.95630268384846
300870.SZ,20211208,71.22,75.98,71.22,75.4,73.09,2.31,3.1605,7502.0,56186.399,1.007,73.56632109291736,69.4879759713206,74.13221587055517,69.4879759713206
300870.SZ,20211209,76.78,76.78,74.0,74.15,75.4,-1.25,-1.6578,4364.0,32472.545,1.007,72.34672027904273,74.91276039143493,74.91276039143493,72.20036818137775
300870.SZ,20211210,73.01,77.38,73.01,76.3,74.15,2.15,2.8995,5212.94,39341.432,1.007,74.44443367890707,71.23444433678907,75.49816878209475,71.23444433678907
300870.SZ,20211213,76.35,77.42,73.94,74.89,76.3,-1.41,-1.848,5007.78,37451.213,1.007,73.06872396085649,74.49321771146205,75.53719600813875,72.14182734231179
300870.SZ,20211214,75.0,81.99,74.1,79.82,74.89,4.93,6.583,10228.26,81364.526,1.007,77.87882957077801,73.17604883247746,79.99605658366436,72.29793624648774
300870.SZ,20211215,79.3,79.69,76.53,77.64,79.82,-2.18,-2.7311,8199.41,64051.393,1.007,75.75184575138067,77.37147563220617,77.75199108613505,74.66884022866
300870.SZ,20211216,78.82,81.46,76.7,77.61,77.64,-0.03,-0.0386,8034.78,62984.159,1.007,75.72257533184768,76.90314891967832,79.47894583858152,74.83470593934695
300870.SZ,20211217,77.01,78.07,75.86,76.05,77.61,-1.56,-2.0101,4928.87,37801.092,1.007,74.20051351613215,75.13716694118787,76.17138843135353,74.0151341924232
300870.SZ,20211220,75.02,77.48,74.6,75.51,76.05,-0.54,-0.7101,4269.98,32475.932,1.007,73.67364596453831,73.19556244549946,75.59573684720472,72.78577657203759
300870.SZ,20211221,75.41,80.22,75.23,78.59,75.51,3.08,4.0789,6012.84,47234.95,1.007,76.67874236992539,73.57607789942834,78.2691018312179,73.4004553822304
300870.SZ,20211222,80.08,83.12,78.8,81.28,78.59,2.69,3.4228,8258.09,66740.894,1.007,79.30332332138357,78.13250654006394,81.09857571940702,76.88363530665632
300870.SZ,20211223,81.51,82.78,78.13,79.85,81.28,-1.43,-1.7594,7346.85,58376.426,1.007,77.908099990311,79.52772987113651,80.76684429803313,76.22992927041952
300870.SZ,20211224,80.37,80.37,75.17,76.01,79.85,-3.84,-4.809,7348.69,56417.804,1.007,74.16148629008816,78.41545392888285,78.41545392888285,73.3419145431644
300870.SZ,20211227,75.67,77.18,72.0,76.57,76.01,0.56,0.7367,7993.51,59813.281,1.007,74.70786745470399,73.82975486871426,75.30303265187482,70.24900687917837
300870.SZ,20211228,77.14,78.35,75.32,77.23,76.57,0.66,0.862,5090.65,39084.423,1.007,75.35181668442979,75.26400542583082,76.44457901366145,73.48826664082937
300870.SZ,20211229,76.61,82.67,76.61,79.82,77.23,2.59,3.3536,8347.33,66559.061,1.007,77.87882957077801,74.74689468074797,80.65951942641216,74.74689468074797
300870.SZ,20211230,81.0,87.58,79.65,84.13,79.82,4.31,5.3996,18583.15,157019.503,1.007,82.08401317701771,79.03013273907567,85.45011142331168,77.71296386009108
300870.SZ,20211231,84.99,85.39,81.51,83.76,84.13,-0.37,-0.4398,10086.43,83742.831,1.007,81.72301133611083,82.92309853696345,83.31337079740334,79.52772987113651
300870.SZ,20220104,83.23,85.0,80.6,82.0,83.76,-1.76,-2.1012,7833.09,64234.981,1.007,80.00581339017536,81.205900591028,82.93285534347446,78.63986047863577
300870.SZ,20220105,81.2,83.5,78.66,82.0,82.0,0.0,0.0,10450.0,84238.488,1.007,80.00581339017536,79.2252688692956,81.46933436682491,76.74704001550236
300870.SZ,20220106,81.8,87.18,80.66,86.09,82.0,4.09,4.9878,14314.61,121801.045,1.007,83.99634725317314,79.81067725995543,85.05983916287181,78.69840131770177
300870.SZ,20220107,86.08,87.59,84.94,85.18,86.09,-0.91,-1.057,10539.09,90872.652,1.007,83.10847786067241,83.98659044666213,85.45986822982267,82.87431450440847
300870.SZ,20220110,86.45,86.45,82.03,84.49,85.18,-0.69,-0.81,5717.03,47885.619,1.007,82.43525821141361,84.34759228756903,84.34759228756903,80.03508380970835
300870.SZ,20220111,84.5,86.3,83.23,84.95,84.49,0.46,0.5444,5478.62,46448.642,1.007,82.88407131091947,82.44501501792462,84.20124018990407,81.205900591028
300870.SZ,20220112,88.58,89.58,85.65,86.0,84.95,1.05,1.236,11553.21,100951.623,1.007,83.90853599457415,86.42579207441139,87.40147272551108,83.56704776668927
300870.SZ,20220113,85.73,86.8,82.35,85.79,86.0,-0.21,-0.2442,6749.2,57058.465,1.007,83.70364305784322,83.64510221877724,84.68908051545391,80.34730161806026
300870.SZ,20220114,85.36,90.87,83.03,88.76,85.79,2.97,3.4619,8931.59,79072.024,1.007,86.60141459160934,83.28410037787035,88.6601007654297,81.01076446080805
300870.SZ,20220117,88.77,90.69,87.6,88.74,88.76,-0.02,-0.0225,5980.83,53017.446,1.007,86.58190097858734,86.61117139812032,88.48447824823175,85.46962503633367
300870.SZ,20220118,89.01,89.94,86.43,86.43,88.74,-2.31,-2.6031,4657.7,40882.294,1.007,84.32807867454704,86.84533475438425,87.75271775990697,84.32807867454704
300870.SZ,20220119,86.0,87.06,84.12,85.49,86.43,-0.94,-1.0876,5152.95,43970.239,1.007,83.4109388625133,83.90853599457415,84.94275748473984,82.07425637050673
300870.SZ,20220120,85.49,87.1,83.1,83.52,85.49,-1.97,-2.3044,4575.84,38903.9,1.007,81.48884797984691,83.4109388625133,84.98178471078383,81.07906210638504
300870.SZ,20220121,83.44,84.02,77.61,82.36,83.52,-1.16,-1.3889,8888.16,71816.951,1.007,80.35705842457125,81.41079352775893,81.97668830539675,75.72257533184768
300870.SZ,20220124,81.14,84.5,81.14,84.21,82.36,1.85,2.2462,3485.0,29084.306,1.007,82.16206762910569,79.16672803022962,82.44501501792462,79.16672803022962
300870.SZ,20220125,83.0,84.44,80.8,81.23,84.21,-2.98,-3.5388,3821.37,31379.324,1.007,79.2545392888286,80.98149404127506,82.38647417885862,78.83499660885572
300870.SZ,20220126,81.23,84.33,79.88,83.9,81.23,2.67,3.287,3807.54,31437.974,1.007,81.8596066272648,79.2545392888286,82.27914930723766,77.937370409844
300870.SZ,20220127,84.99,85.3,80.58,81.35,83.9,-2.55,-3.0393,3619.16,29775.186,1.007,79.37162096696055,82.92309853696345,83.22555953880438,78.6203468656138
300870.SZ,20220128,81.39,82.66,77.95,78.0,81.35,-3.35,-4.118,3138.0,24970.986,1.007,76.10309078577656,79.41064819300455,80.64976261990115,76.05430675322158
300870.SZ,20220207,79.73,79.73,75.03,75.47,78.0,-2.53,-3.2436,4230.0,32403.0,1.007,73.63461873849432,77.79101831217903,77.79101831217903,73.20531925201045
300870.SZ,20220208,75.46,77.0,73.9,75.86,75.47,0.39,0.5168,3037.08,22858.174,1.007,74.0151341924232,73.62486193198332,75.12741013467686,72.1028001162678
300870.SZ,20220209,75.18,76.85,74.31,76.58,75.86,0.72,0.9491,3034.02,22985.278,1.007,74.717624261215,73.35167134967541,74.9810580370119,72.50282918321868
300870.SZ,20220210,76.51,76.85,73.12,74.29,76.58,-2.29,-2.9903,5361.07,39740.577,1.007,72.48331557019668,74.64932661563802,74.9810580370119,71.34176920841003
300870.SZ,20220211,73.07,73.89,68.25,71.38,74.29,-2.91,-3.9171,9438.66,66220.328,1.007,69.64408487549655,71.29298517585504,72.09304330975681,66.59020443755449
300870.SZ,20220214,71.24,71.25,68.63,69.05,71.38,-2.33,-3.2642,3471.9,24138.932,1.007,67.37074895843425,69.5074895843426,69.51724639085359,66.96096308497238
300870.SZ,20220215,69.37,70.28,67.67,68.99,69.05,-0.06,-0.0869,3007.84,20738.267,1.007,67.31220811936826,67.68296676678615,68.57083615928688,66.02430965991667
300870.SZ,20220216,69.95,70.85,68.0,70.45,68.99,1.46,2.1162,3593.28,25142.259,1.007,68.73670186997383,68.24886154442399,69.1269741304137,66.34628427477958
300870.SZ,20220217,70.45,70.45,68.08,68.52,70.45,-1.93,-2.7395,3193.7,22033.486,1.007,66.8536382133514,68.73670186997383,68.73670186997383,66.42433872686755
300870.SZ,20220218,69.3,69.3,66.19,67.55,68.52,-0.97,-1.4156,4207.0,28293.481,1.007,65.9072279817847,67.61466912120918,67.61466912120918,64.58030229628912
300870.SZ,20220221,68.0,73.0,67.19,71.22,67.55,3.67,5.433,10931.18,77223.316,1.007,69.4879759713206,66.34628427477958,71.22468753027808,65.55598294738881
300870.SZ,20220222,70.99,71.5,67.78,68.52,71.22,-2.7,-3.7911,5559.58,38464.217,1.007,66.8536382133514,69.26356942156767,69.76116655362851,66.13163453153764
300870.SZ,20220223,68.51,71.4,68.51,70.19,68.52,1.67,2.4372,4394.85,30753.695,1.007,68.48302490068791,66.84388140684042,69.66359848851856,66.84388140684042
300870.SZ,20220224,69.97,70.35,66.66,67.08,70.19,-3.11,-4.4308,6100.22,41602.67,1.007,65.44865807576784,68.26837515744599,68.63913380486386,65.03887220230597
300870.SZ,20220225,68.5,69.82,67.29,69.02,67.08,1.94,2.8921,3383.32,23315.466,1.007,67.34147853890126,66.83412460032942,68.12202305978101,65.6535510124988
300870.SZ,20220228,69.22,69.78,66.71,69.49,69.02,0.47,0.681,5130.18,35170.264,1.007,67.80004844491812,67.5366146691212,68.08299583373703,65.08765623486094
300870.SZ,20220301,69.49,69.81,68.0,68.68,69.49,-0.81,-1.1656,2514.08,17299.84,1.007,67.00974711752737,67.80004844491812,68.11226625327004,66.34628427477958
300870.SZ,20220302,68.49,68.49,65.81,66.85,68.68,-1.83,-2.6645,5554.67,37031.801,1.007,65.2242515260149,66.82436779381841,66.82436779381841,64.20954364887123
300870.SZ,20220303,66.77,67.28,65.7,66.02,66.85,-0.83,-1.2416,2681.58,17787.021,1.007,64.41443658560216,65.14619707392694,65.64379420598779,64.10221877725026
300870.SZ,20220304,65.6,66.74,62.24,63.2,66.02,-2.82,-4.2714,8328.08,53436.938,1.007,61.66301714950101,64.00465071214029,65.11692665439395,60.7263637244453
300870.SZ,20220307,63.0,63.29,58.59,59.62,63.2,-3.58,-5.6646,15880.94,95796.076,1.007,58.17008041856408,61.46788101928107,61.750828408099984,57.1651293479314
300870.SZ,20220308,59.4,60.66,55.92,56.28,59.62,-3.34,-5.6021,16226.42,93862.691,1.007,54.91130704389109,57.95543067532216,59.18478829570777,54.5600620094952
300870.SZ,20220309,56.58,56.78,52.29,54.56,56.28,-1.72,-3.0561,15169.96,82664.336,1.007,53.23313632399961,55.204011239221,55.39914736944094,51.01834124600329
300870.SZ,20220310,55.92,57.1,54.5,54.86,54.56,0.3,0.5499,15765.17,87832.036,1.007,53.52584051932951,54.5600620094952,55.71136517779284,53.174595484933626
300870.SZ,20220311,54.01,55.11,53.35,55.05,54.86,0.19,0.3463,7959.0,43187.613,1.007,53.71121984303846,52.69651196589477,53.76976068210444,52.052562736168966
300870.SZ,20220314,54.45,55.03,52.65,53.03,55.05,-2.02,-3.6694,5984.0,31911.091,1.007,51.74034492781707,53.12581145237864,53.691706230016464,51.369586280399176
300870.SZ,20220315,52.15,53.23,49.41,49.63,53.03,-3.4,-6.4115,9502.52,48799.758,1.007,48.42303071407809,50.88174595484933,51.935481058037006,48.20838097083615
300870.SZ,20220316,51.05,51.41,48.5,50.14,49.63,0.51,1.0276,13992.7,69914.596,1.007,48.920627846138935,49.80849723863966,50.15974227303555,47.32051157833543
300870.SZ,20220317,50.61,52.19,49.19,51.24,50.14,1.1,2.1939,15727.2,79620.754,1.007,49.9938765623486,49.37919775215579,50.92077318089331,47.99373122759422
300870.SZ,20220318,51.0,51.61,49.4,49.9,51.24,-1.34,-2.6151,8685.93,43402.797,1.007,48.686464489875,49.75971320608468,50.3548784032555,48.19862416432516
300870.SZ,20220321,49.92,50.9,49.0,49.67,49.9,-0.23,-0.4609,13373.81,66574.57,1.007,48.46205794012207,48.705978102897,49.66214514097471,47.80835190388528
300870.SZ,20220322,49.6,49.6,48.43,49.15,49.67,-0.52,-1.0469,8541.78,41812.217,1.007,47.95470400155023,48.393760294545096,48.393760294545096,47.25221393275845
300870.SZ,20220323,51.08,53.5,50.31,51.8,49.15,2.65,5.3917,33194.6,172305.021,1.007,50.540257726964434,49.837767658172645,52.198914833833925,49.086493556825886
300870.SZ,20220324,51.89,54.88,51.4,54.6,51.8,2.8,5.4054,45524.63,241289.569,1.007,53.2721635500436,50.62806898556341,53.54535413235151,50.14998546652456
300870.SZ,20220325,54.9,54.91,52.35,53.13,54.6,-1.47,-2.6923,28959.24,153738.783,1.007,51.83791299292704,53.56486774537351,53.5746245518845,51.07688208506927
300870.SZ,20220328,52.8,52.8,50.0,50.24,53.13,-2.89,-5.4395,18133.04,92015.298,1.007,49.0181959112489,51.51593837806413,51.51593837806413,48.784032554984975
300870.SZ,20220329,50.64,52.09,50.2,50.8,50.24,0.56,1.1146,11918.77,60623.211,1.007,49.56457707586473,49.40846817168878,50.82320511578335,48.979168685204925
300870.SZ,20220330,50.98,51.3,49.47,50.29,50.8,-0.51,-1.0039,15835.31,79537.713,1.007,49.06697994380389,49.74019959306269,50.05241740141459,48.266921809902136
300870.SZ,20220331,50.29,51.3,49.2,50.02,50.29,-0.27,-0.5369,14196.0,71234.445,1.007,48.803546168006974,49.06697994380389,50.05241740141459,48.00348803410522
300870.SZ,20220401,50.3,50.3,49.17,50.3,50.02,0.28,0.5598,8788.42,43715.366,1.007,49.07673675031488,49.07673675031488,49.07673675031488,47.97421761457223
300870.SZ,20220406,50.28,50.28,49.2,49.37,50.3,-0.93,-1.8489,8621.07,42611.3,1.007,48.16935374479216,49.057223137292894,49.057223137292894,48.00348803410522
300870.SZ,20220407,49.3,49.95,48.5,49.36,49.37,-0.01,-0.0203,6841.29,33798.494,1.007,48.15959693828117,48.10105609921519,48.73524852243,47.32051157833543
300870.SZ,20220408,49.48,49.56,46.21,46.4,49.36,-2.96,-5.9968,16375.14,77211.38,1.007,45.27158221102606,48.27667861641313,48.35473306850111,45.08620288731712
300870.SZ,20220411,46.4,46.4,43.38,43.75,46.4,-2.65,-5.7112,21090.32,93080.134,1.007,42.68602848561186,45.27158221102606,45.27158221102606,42.32502664470496
300870.SZ,20220412,43.75,45.1,43.02,44.98,43.75,1.23,2.8114,8801.3,39013.452,1.007,43.886115686464485,42.68602848561186,44.003197364596446,41.97378161030908
300870.SZ,20220413,44.92,44.93,43.1,43.1,44.98,-1.88,-4.1796,10000.29,43529.723,1.007,42.05183606239705,43.82757484739851,43.8373316539095,42.05183606239705
300870.SZ,20220414,43.21,43.93,42.82,43.31,43.1,0.21,0.4872,7649.05,33222.675,1.007,42.25672899912799,42.15916093401801,42.8616510028098,41.77864548008913
300870.SZ,20220415,43.4,43.4,41.64,42.06,43.31,-1.25,-2.8862,8822.86,37211.244,1.007,41.037128185253366,42.34454025772696,42.34454025772696,40.62734231179149
300870.SZ,20220418,42.5,43.68,41.23,43.44,42.06,1.38,3.281,8033.0,34516.556,1.007,42.38356748377094,41.46642767173723,42.61773084003487,40.22731324484061
300870.SZ,20220419,43.44,44.44,43.21,43.95,43.44,0.51,1.174,8657.64,38073.569,1.007,42.8811646158318,42.38356748377094,43.35924813487065,42.15916093401801
300870.SZ,20220420,42.0,43.06,41.0,42.84,43.95,-1.11,-2.5256,10424.9,44166.639,1.007,41.79815909311113,40.97858734618738,42.01280883635306,40.00290669508768
300870.SZ,20220421,42.6,43.39,39.87,39.88,42.84,-2.96,-6.9094,10492.45,43099.325,1.007,38.91014436585602,41.5639957368472,42.33478345121596,38.90038755934502
300870.SZ,20220422,39.88,39.88,37.95,37.95,39.88,-1.93,-4.8395,9302.0,35964.408,1.007,37.0270807092336,38.91014436585602,38.91014436585602,37.0270807092336
300870.SZ,20220425,37.03,37.5,34.53,34.74,37.95,-3.21,-8.4585,11495.0,41313.015,1.007,33.89514581920356,36.12945451022188,36.58802441623873,33.69025288247263
300870.SZ,20220426,33.8,34.2,31.12,31.59,34.74,-3.15,-9.0674,16360.0,53575.272,1.007,30.821751768239505,32.97800600716984,33.368278267609725,30.36318186222265
300870.SZ,20220427,31.11,34.44,30.99,34.11,31.59,2.52,7.9772,13737.74,44924.591,1.007,33.28046700901075,30.353425055711654,33.60244162387365,30.236343377579686
300870.SZ,20220428,33.49,34.61,33.09,34.13,34.11,0.02,0.0586,9645.0,32869.445,1.007,33.29998062203275,32.675545005328935,33.7683073345606,32.285272744889056
300870.SZ,20220429,35.15,38.37,34.31,37.45,34.13,3.32,9.7275,12922.0,46997.806,1.007,36.53924038368376,34.295174886154435,37.436866582695465,33.47560313923069
300870.SZ,20220505,37.45,40.0,36.54,38.66,37.45,1.21,3.231,8521.55,32926.473,1.007,37.71981397151438,36.53924038368376,39.02722604398798,35.651370991183015
300870.SZ,20220506,37.52,39.32,37.51,38.57,38.66,-0.09,-0.2328,5090.77,19632.911,1.007,37.63200271291541,36.60753802926073,38.36376320124019,36.59778122274973
300870.SZ,20220509,38.58,39.78,37.4,37.73,38.57,-0.84,-2.1779,4891.88,18654.711,1.007,36.81243096599166,37.6417595194264,38.812576300746045,36.49045635112876
300870.SZ,20220510,37.7,39.37,36.56,39.32,37.73,1.59,4.2142,6332.75,24549.921,1.007,38.36376320124019,36.78316054645868,38.412547233795166,35.670884604205014
300870.SZ,20220511,39.53,41.17,38.77,39.32,39.32,0.0,0.0,6154.98,24685.213,1.007,38.36376320124019,38.568656137971125,40.16877240577463,37.82713884313535
300870.SZ,20220512,38.81,39.96,38.68,39.5,39.32,0.18,0.4578,3960.27,15579.329,1.007,38.53938571843813,37.866166069179336,38.988198817944,37.739327584536376
300870.SZ,20220513,39.5,39.99,39.06,39.39,39.5,-0.11,-0.2785,3835.0,15110.322,1.007,38.432060846817166,38.53938571843813,39.01746923747698,38.11008623195426
300870.SZ,20220516,38.95,40.4,38.81,38.98,39.39,-0.41,-1.0409,3831.0,15073.806,1.007,38.03203177986628,38.0027613603333,39.41749830442786,37.866166069179336
300870.SZ,20220517,38.8,39.54,38.38,38.8,38.98,-0.18,-0.4618,5430.0,21053.197,1.007,37.85640926266834,37.85640926266834,38.57841294448212,37.44662338920647
300870.SZ,20220518,38.6,39.48,38.28,38.88,38.8,0.08,0.2062,3867.53,15128.893,1.007,37.93446371475632,37.6612731324484,38.51987210541613,37.3490553240965
300870.SZ,20220519,37.0,39.81,36.77,39.59,38.88,0.71,1.8261,5329.62,20863.708,1.007,38.6271969770371,36.10018409068888,38.84184672027904,35.87577754093595
300870.SZ,20220520,39.75,43.48,39.7,40.17,39.59,0.58,1.465,9800.62,40320.594,1.007,39.19309175467493,38.78330588121305,42.42259470981493,38.73452184865808
300870.SZ,20220523,40.58,43.86,40.58,43.18,40.17,3.01,7.4932,11575.95,48946.889,1.007,42.12989051448503,39.5931208216258,42.79335335723282,39.5931208216258
300870.SZ,20220524,44.08,45.65,42.7,42.86,43.18,-0.32,-0.7411,18267.17,80505.072,1.007,41.81767270613312,43.00800310047475,44.53982172270128,41.66156380195717
300870.SZ,20220525,42.86,44.29,41.1,41.71,42.86,-1.15,-2.6832,10526.62,44258.09,1.007,40.69563995736847,41.81767270613312,43.212896037205695,40.10047476019765
300870.SZ,20220526,41.3,42.55,40.68,42.13,41.71,0.42,1.007,8014.51,33488.629,1.007,41.10542583083034,40.29561089041759,41.51521170429221,39.69068888673578
300870.SZ,20220527,42.14,44.5,42.13,43.56,42.13,1.43,3.3943,11123.38,48509.814,1.007,42.50064916190291,41.11518263734134,43.41778897393663,41.10542583083034
300870.SZ,20220530,43.58,44.48,42.55,43.13,43.56,-0.43,-0.9871,6459.51,27901.592,1.007,42.08110648193004,42.520162774924906,43.39827536091463,41.51521170429221
300870.SZ,20220531,42.82,43.0,41.6,42.65,43.13,-0.48,-1.1129,6675.74,28260.916,1.007,41.61277976940219,41.77864548008913,41.95426799728708,40.5883150857475
300870.SZ,20220601,42.15,43.2,42.02,42.97,42.52,0.45,1.0583,5504.0,23500.727,1.0101,42.05406162193586,41.25154054839647,42.2791589962213,41.1243115977134
300870.SZ,20220602,42.97,43.86,42.11,43.62,42.97,0.65,1.5127,5194.0,22469.915,1.0101,42.69020637535122,42.05406162193586,42.9250905919969,41.21239317895553
300870.SZ,20220606,43.7,44.88,43.7,44.42,43.62,0.8,1.834,7512.98,33301.623,1.0101,43.47315376417014,42.76850111423312,43.923348512741015,42.76850111423312
300870.SZ,20220607,44.73,44.92,42.55,43.45,44.42,-0.97,-2.1837,6677.91,29005.898,1.0101,42.52383005522721,43.77654587733747,43.96249588218196,41.643014242805926
300870.SZ,20220608,43.02,44.08,41.8,42.22,43.45,-1.23,-2.8308,7358.84,31456.132,1.0101,41.32004844491813,42.10299583373705,43.140401123922096,40.9090010657882
300870.SZ,20220609,42.4,42.55,40.3,40.41,42.22,-1.81,-4.2871,6350.0,26138.981,1.0101,39.548629977715336,41.49621160740239,41.643014242805926,39.44097471175273
300870.SZ,20220610,40.61,41.85,40.44,41.76,40.41,1.35,3.3408,4526.17,18685.105,1.0101,40.86985369634725,39.744366824920064,40.957935277589385,39.57799050479605
300870.SZ,20220613,41.76,43.68,40.83,42.52,41.76,0.76,1.8199,6636.03,27894.453,1.0101,41.61365371572522,40.86985369634725,42.74892742951264,39.95967735684526
300870.SZ,20220614,42.52,42.52,39.5,40.79,42.52,-1.73,-4.0687,8225.98,33371.847,1.0101,39.92052998740432,41.61365371572522,41.61365371572522,38.65802732293383
300870.SZ,20220615,40.52,41.9,40.4,40.73,40.79,-0.06,-0.1471,6282.37,25799.515,1.0101,39.8618089332429,39.65628524367794,41.00686948939056,39.5388431353551
300870.SZ,20220616,40.74,42.42,40.4,41.69,40.73,0.96,2.357,6464.69,26920.121,1.0101,40.8013457998256,39.87159577560314,41.51578529212286,39.5388431353551
300870.SZ,20220617,41.38,42.4,41.0,41.76,41.69,0.07,0.1679,5184.55,21614.024,1.0101,40.86985369634725,40.49795368665827,41.49621160740239,40.126053676969285
300870.SZ,20220620,42.16,49.68,41.76,47.07,41.76,5.31,12.7155,26239.68,119778.777,1.0101,46.06666698963279,41.26132739075671,48.62103284565449,40.86985369634725
300870.SZ,20220621,48.8,48.8,45.05,46.4,47.07,-0.67,-1.4234,22849.35,104979.482,1.0101,45.41094855149694,47.759790717953685,47.759790717953685,44.08972483286503
300870.SZ,20220622,46.25,46.5,44.35,44.89,46.4,-1.51,-3.2543,12896.55,58012.705,1.0101,43.93313535510125,45.264145916093405,45.50881697509932,43.40464586764848
300870.SZ,20220623,44.9,45.19,43.6,45.17,44.89,0.28,0.6237,8854.61,39444.353,1.0101,44.20716694118787,43.942922197461485,44.226740625908334,42.670632690630754
300870.SZ,20220624,45.31,48.6,44.83,48.0,45.17,2.83,6.2652,18566.64,86362.569,1.0101,46.97684332913477,44.34418273423118,47.56405387074896,43.87441430093983
300870.SZ,20220627,47.55,49.8,45.68,45.73,48.0,-2.27,-4.7292,17111.17,80143.439,1.0101,44.7552301133611,46.53643542292413,48.73847495397733,44.706295901559926
300870.SZ,20220628,46.04,46.85,44.9,46.5,45.73,0.77,1.6838,13018.76,59901.977,1.0101,45.50881697509932,45.05862222652844,45.85135645770759,43.942922197461485
300870.SZ,20220629,46.5,47.31,45.0,45.0,46.5,-1.5,-3.2258,8392.38,38531.055,1.0101,44.040790621063856,45.50881697509932,46.30155120627847,44.040790621063856
300870.SZ,20220630,45.38,47.04,44.42,46.16,45.0,1.16,2.5778,10605.03,48722.586,1.0101,45.17606433485128,44.412690630752834,46.03730646255208,43.47315376417014
300870.SZ,20220701,45.99,46.15,43.72,44.03,46.16,-2.13,-4.6144,11492.77,51298.196,1.0101,43.091466912120914,45.00968801472725,45.16627749249104,42.78807479895359
300870.SZ,20220704,44.1,44.11,42.65,43.1,44.03,-0.93,-2.1122,6714.69,28945.947,1.0101,42.18129057261893,43.15997480864257,43.16976165100281,41.74088266640829
300870.SZ,20220705,43.0,44.39,41.98,42.77,43.1,-0.33,-0.7657,7642.37,32896.08,1.0101,41.85832477473114,42.08342214901657,43.44379323708942,41.08516422827245
300870.SZ,20220706,42.25,43.1,41.94,42.32,42.77,-0.45,-1.0521,4546.0,19240.713,1.0101,41.41791686852049,41.349408971998834,42.18129057261893,41.04601685883151
300870.SZ,20220707,42.32,42.93,41.61,42.51,42.32,0.19,0.449,5308.0,22480.669,1.0101,41.60386687336498,41.41791686852049,42.01491425249491,40.7230510609437
300870.SZ,20220708,42.56,44.48,42.23,42.98,42.51,0.47,1.1056,7190.94,31300.799,1.0101,42.06384846429609,41.65280108516617,43.53187481833155,41.32983528727837
300870.SZ,20220711,43.04,46.3,41.6,45.03,42.98,2.05,4.7697,19519.64,86673.605,1.0101,44.07015114814456,42.12256951845751,45.31308012789458,40.71326421858348
300870.SZ,20220712,45.58,45.88,41.66,42.27,45.03,-2.76,-6.1292,12620.88,54479.474,1.0101,41.36898265671931,44.60842747795756,44.90203274876466,40.771985272744885
300870.SZ,20220713,42.27,42.28,41.11,41.84,42.27,-0.43,-1.0173,5452.83,22712.829,1.0101,40.94814843522915,41.36898265671931,41.378769499079546,40.23370894293189
300870.SZ,20220714,41.88,48.0,41.21,46.9,41.84,5.06,12.0937,28540.21,130121.918,1.0101,45.90029066950876,40.98729580467009,46.97684332913477,40.33157736653425
300870.SZ,20220715,46.99,47.9,45.24,45.7,46.9,-1.2,-2.5586,19624.0,91547.642,1.0101,44.7258695862804,45.98837225075089,46.87897490553241,44.27567483770952
300870.SZ,20220718,46.0,47.7,45.05,46.48,45.7,0.78,1.7068,10259.82,47479.571,1.0101,45.48924329037884,45.01947485708749,46.68323805832768,44.08972483286503
300870.SZ,20220719,46.22,53.52,46.22,51.98,46.48,5.5,11.833,40457.09,205819.686,1.0101,50.87200658850886,45.23478538901269,52.37918031198527,45.23478538901269
300870.SZ,20220720,52.45,59.16,51.16,57.88,51.98,5.9,11.3505,41731.24,228535.45,1.0101,56.646243581048346,51.331988179439975,57.89895940315861,50.06948551496948
300870.SZ,20220721,57.78,58.7,55.33,57.1,57.88,-0.78,-1.3476,23064.15,131589.547,1.0101,55.882869876949904,56.54837515744599,57.44876465458773,54.15059877918806
300870.SZ,20220722,57.0,57.95,54.9,55.58,57.1,-1.52,-2.662,19884.03,112009.53,1.0101,54.39526983819397,55.78500145334754,56.714751477570005,53.7297645576979
300870.SZ,20220725,55.86,58.56,55.0,57.1,55.58,1.52,2.7348,17954.04,102120.632,1.0101,55.882869876949904,54.66930142428059,57.31174886154442,53.82763298130026
300870.SZ,20220726,56.88,58.0,52.51,56.79,57.1,-0.31,-0.5429,19656.09,108558.333,1.0101,55.57947776378258,55.66755934502471,56.76368568937119,51.3907092336014
300870.SZ,20220727,56.8,59.0,56.8,57.9,56.79,1.11,1.9546,15035.81,87356.332,1.0101,56.665817265768816,55.58926460614281,57.742369925394826,55.58926460614281
300870.SZ,20220728,58.56,60.84,57.2,59.44,57.9,1.54,2.6598,12530.05,74602.333,1.0101,58.17299098924522,57.31174886154442,59.54314891967832,55.98073830055228
300870.SZ,20220729,59.26,60.0,57.3,57.71,59.44,-1.73,-2.9105,10127.27,59363.647,1.0101,56.47986726092433,57.99682782676097,58.72105416141847,56.07860672415463
300870.SZ,20220801,57.77,60.5,56.0,58.43,57.71,0.72,1.2476,10635.0,62472.736,1.0101,57.18451991086135,56.53858831508576,59.210396279430284,54.80631721732391
300870.SZ,20220802,57.76,58.58,54.44,55.14,58.43,-3.29,-5.6307,13368.46,74515.462,1.0101,53.96464877434357,56.52880147272551,57.3313225462649,53.27956980912702
300870.SZ,20220803,54.88,55.98,52.0,52.48,55.14,-2.66,-4.8241,15609.25,83737.568,1.0101,51.36134870652068,53.71019087297743,54.78674353260343,50.89158027322934
300870.SZ,20220804,53.42,53.42,50.7,51.23,52.48,-1.25,-2.3819,12261.69,63398.184,1.0101,50.13799341149113,52.28131188838291,52.28131188838291,49.619290766398606
300870.SZ,20220805,51.84,52.39,50.1,51.04,51.23,-0.19,-0.3709,9825.0,50081.329,1.0101,49.95204340664664,50.73499079546556,51.27326712527856,49.03208022478442
300870.SZ,20220808,51.05,51.9,49.66,51.66,51.04,0.62,1.2147,10419.88,53127.894,1.0101,50.5588276329813,49.96183024900687,50.793711849626966,48.60145916093401
300870.SZ,20220809,51.78,53.51,51.0,52.59,51.66,0.93,1.8002,11776.5,61740.758,1.0101,51.46900397248329,50.67626974130414,52.36939346962503,49.91289603720569
300870.SZ,20220810,52.05,53.1,51.7,51.85,52.59,-0.74,-1.4071,8504.0,44415.04,1.0101,50.74477763782579,50.94051448503052,51.96813293285535,50.59797500242225
300870.SZ,20220811,51.95,55.8,51.3,55.17,51.85,3.32,6.4031,17631.19,94944.126,1.0101,53.994009301424285,50.84264606142816,54.61058037011917,50.20650130801278
300870.SZ,20220812,54.96,56.41,52.03,52.16,55.17,-3.01,-5.4559,15273.59,81034.012,1.0101,51.04816975099311,53.78848561185932,55.20757775409359,50.92094080031005
300870.SZ,20220815,52.15,54.37,52.0,53.61,52.16,1.45,2.7799,10123.01,53891.461,1.0101,52.4672618932274,51.03838290863288,53.211061912605366,50.89158027322934
300870.SZ,20220816,54.0,56.35,53.3,55.5,53.61,1.89,3.5255,13168.42,72944.84,1.0101,54.31697509931208,52.84894874527662,55.14885669993218,52.16386978006007
300870.SZ,20220817,55.82,61.9,54.4,60.9,55.5,5.4,9.7297,29215.33,171527.296,1.0101,59.60186997383975,54.63015405483965,60.58055420986338,53.24042243968607
300870.SZ,20220818,61.0,62.53,59.2,59.89,60.9,-1.01,-1.6585,12030.94,72565.382,1.0101,58.613398895455866,59.69973839744211,61.19712527855828,57.93810677259956
300870.SZ,20220819,60.0,60.2,56.72,56.88,59.89,-3.01,-5.0259,10659.48,61635.703,1.0101,55.66755934502471,58.72105416141847,58.9167910086232,55.51096986726092
300870.SZ,20220822,56.88,57.0,53.45,54.2,56.88,-2.68,-4.7117,15117.39,82418.392,1.0101,53.04468559248135,55.66755934502471,55.78500145334754,52.31067241546362
300870.SZ,20220823,53.43,57.22,53.42,57.0,54.2,2.8,5.1661,12737.22,71252.164,1.0101,55.78500145334754,52.29109873074314,56.000311985272745,52.28131188838291
300870.SZ,20220824,57.25,57.87,52.12,52.73,57.0,-4.27,-7.4912,12253.03,65894.174,1.0101,51.60601976552659,56.02967251235346,56.63645673868811,51.00902238155217
300870.SZ,20220825,52.47,53.97,49.71,50.55,52.73,-2.18,-4.1343,8331.83,42419.702,1.0101,49.47248813099505,51.351561864160445,52.81958821819591,48.6503933727352
300870.SZ,20220826,50.8,53.96,50.72,51.25,50.55,0.7,1.3848,8155.62,42766.55,1.0101,50.15756709621161,49.71715919000097,52.80980137583568,49.63886445111908
300870.SZ,20220829,50.18,53.76,50.08,53.07,51.25,1.82,3.5512,7814.93,41399.198,1.0101,51.93877240577463,49.11037496366631,52.61406452863095,49.012506540063946
300870.SZ,20220830,52.62,55.47,51.65,55.25,53.07,2.18,4.1078,11471.0,61769.741,1.0101,54.07230404030617,51.49836449956399,54.28761457223137,50.54904079062106
300870.SZ,20220831,54.75,55.19,51.68,52.2,55.25,-3.05,-5.5204,8999.47,47490.805,1.0101,51.08731712043407,53.582961922294345,54.01358298614476,50.578401317701775
300870.SZ,20220901,51.98,53.3,51.16,51.99,52.2,-0.21,-0.4023,5312.0,27564.297,1.0101,50.8817934308691,50.87200658850886,52.16386978006007,50.06948551496948
300870.SZ,20220902,52.1,55.2,51.9,54.22,51.99,2.23,4.2893,10562.6,56806.875,1.0101,53.06425927720181,50.9894486968317,54.02336982850499,50.793711849626966
300870.SZ,20220905,54.22,54.99,51.86,52.45,54.22,-1.77,-3.2645,6701.67,35480.837,1.0101,51.331988179439975,53.06425927720181,53.81784613894003,50.754564480186026
300870.SZ,20220906,52.46,54.29,51.52,53.85,52.45,1.4,2.6692,5297.72,28297.289,1.0101,52.70214610987308,51.34177502180021,53.13276717372348,50.421811839938
300870.SZ,20220907,52.8,56.05,52.8,54.7,53.85,0.85,1.5785,6924.0,37737.106,1.0101,53.53402771049317,51.67452766204825,54.85525142912508,51.67452766204825
300870.SZ,20220908,54.41,54.65,52.5,52.74,54.7,-1.96,-3.5832,5227.05,27760.013,1.0101,51.61580660788683,53.25020928204631,53.48509349869199,51.38092239124116
300870.SZ,20220909,53.0,53.14,51.22,51.82,52.74,-0.92,-1.7444,4050.46,20997.229,1.0101,50.71541711074508,51.870264509252976,52.00728030229629,50.128206569130896
300870.SZ,20220913,51.92,52.91,51.35,52.22,51.82,0.4,0.7719,3372.23,17563.4,1.0101,51.10689080515454,50.81328553434744,51.78218292801085,50.25543551981397
300870.SZ,20220914,51.52,52.86,50.55,51.95,52.22,-0.27,-0.517,4421.85,22822.25,1.0101,50.84264606142816,50.421811839938,51.73324871620967,49.47248813099505
300870.SZ,20220915,51.8,51.8,47.11,49.61,51.95,-2.34,-4.5043,10621.0,52194.661,1.0101,48.55252494913284,50.6958434260246,50.6958434260246,46.10581435907373
300870.SZ,20220916,48.78,49.78,48.11,48.3,49.61,-1.31,-2.6406,3742.46,18251.326,1.0101,47.270448599941865,47.740217033233215,48.71890126925685,47.08449859509737
300870.SZ,20220919,48.25,49.97,47.36,47.52,48.3,-0.78,-1.6149,3943.0,19044.323,1.0101,46.507074895843424,47.22151438814068,48.90485127410135,46.35048541807964
300870.SZ,20220920,48.5,49.79,47.6,49.35,47.52,1.83,3.851,4522.75,22233.781,1.0101,48.29806704776669,47.46618544714659,48.72868811161709,46.58536963472532
300870.SZ,20220921,49.79,49.88,48.5,48.73,49.35,-0.62,-1.2563,2640.56,12989.922,1.0101,47.691282821432026,48.72868811161709,48.81676969285922,47.46618544714659
300870.SZ,20220922,48.73,49.38,48.18,48.78,48.73,0.05,0.1026,2445.0,11920.316,1.0101,47.740217033233215,47.691282821432026,48.327427574847405,47.15300649161903
300870.SZ,20220923,48.78,49.4,46.71,46.93,48.78,-1.85,-3.7925,2577.0,12213.111,1.0101,45.92965119658948,47.740217033233215,48.34700125956787,45.71434066466427
300870.SZ,20220926,46.97,46.97,45.23,46.06,46.93,-0.87,-1.8538,4334.44,19906.187,1.0101,45.07819591124891,45.96879856603042,45.96879856603042,44.26588799534928
300870.SZ,20220927,45.78,47.18,44.75,45.62,46.06,-0.44,-0.9553,3108.98,14223.054,1.0101,44.64757484739851,44.80416432516229,46.174322255595385,43.79611956205794
300870.SZ,20220928,45.7,46.08,43.39,43.49,45.62,-2.13,-4.669,5790.56,25659.222,1.0101,42.56297742466815,44.7258695862804,45.097769595969375,42.46510900106579
300870.SZ,20220929,43.5,44.49,42.88,43.3,43.49,-0.19,-0.4369,5541.24,24047.243,1.0101,42.37702741982366,42.57276426702838,43.541661660691794,41.96598004069373
300870.SZ,20220930,42.88,43.82,42.11,42.15,43.3,-1.15,-2.6559,3466.4,14822.618,1.0101,41.25154054839647,41.96598004069373,42.88594322255595,41.21239317895553
300870.SZ,20221010,42.7,43.48,41.0,42.7,42.15,0.55,1.3049,6411.68,27314.825,1.0101,41.78981687820948,41.78981687820948,42.55319058230791,40.126053676969285
300870.SZ,20221011,42.7,43.22,41.79,42.0,42.7,-0.7,-1.6393,3825.77,16182.235,1.0101,41.10473791299293,41.78981687820948,42.29873268094176,40.899214223427954
300870.SZ,20221012,42.63,43.9,40.71,43.27,42.0,1.27,3.0238,6143.69,26041.68,1.0101,42.34766689274296,41.72130898168782,42.964237961437846,39.84223524852244
300870.SZ,20221013,43.55,45.5,42.81,44.05,43.27,0.78,1.8026,6677.75,29798.65,1.0101,43.11104059684138,42.62169847882957,44.53013273907567,41.89747214417208
300870.SZ,20221014,44.3,45.89,43.89,45.55,44.05,1.5,3.4052,7204.58,32284.467,1.0101,44.57906695087684,43.355711655847294,44.911819591124896,42.95445111907761
300870.SZ,20221017,45.29,47.08,45.0,46.97,45.55,1.42,3.1175,4783.35,22091.708,1.0101,45.96879856603042,44.32460904951071,46.07645383199302,44.040790621063856
300870.SZ,20221018,46.97,48.89,46.0,47.75,46.97,0.78,1.6606,6303.08,29799.595,1.0101,46.73217227012886,45.96879856603042,47.84787229919581,45.01947485708749
300870.SZ,20221019,47.75,47.98,46.46,46.48,47.75,-1.27,-2.6597,3126.08,14710.805,1.0101,45.48924329037884,46.73217227012886,46.957269644414296,45.46966960565837
300870.SZ,20221020,46.59,48.45,46.02,47.18,46.48,0.7,1.506,4037.32,19073.562,1.0101,46.174322255595385,45.59689855634144,47.41725123534541,45.039048541807965
300870.SZ,20221021,47.18,47.84,46.29,46.33,47.18,-0.85,-1.8016,5855.47,27407.216,1.0101,45.34244065497529,46.174322255595385,46.82025385137099,45.303293285534345
300870.SZ,20221024,46.03,48.28,46.01,46.36,46.33,0.03,0.0648,5158.82,24307.796,1.0101,45.371801182056,45.0488353841682,47.2508749152214,45.02926169944772
300870.SZ,20221025,46.02,46.71,44.8,46.13,46.36,-0.23,-0.4961,6351.86,28977.523,1.0101,45.14670380777056,45.039048541807965,45.71434066466427,43.84505377385912
300870.SZ,20221026,46.5,47.49,45.68,47.07,46.13,0.94,2.0377,5774.0,27055.126,1.0101,46.06666698963279,45.50881697509932,46.47771436876272,44.706295901559926
300870.SZ,20221027,47.08,47.98,45.0,45.78,47.07,-1.29,-2.7406,8453.66,39503.333,1.0101,44.80416432516229,46.07645383199302,46.957269644414296,44.040790621063856
300870.SZ,20221028,45.93,46.07,43.56,43.79,45.78,-1.99,-4.3469,8022.66,35691.666,1.0101,42.85658269547524,44.95096696056584,45.08798275360915,42.63148532118981
300870.SZ,20221031,43.99,45.8,43.59,45.04,43.79,1.25,2.8545,9828.57,44158.19,1.0101,44.0799379905048,43.052319542679975,44.82373800988276,42.66084584827052
300870.SZ,20221101,45.48,49.61,45.21,48.07,45.04,3.03,6.7274,10557.15,50201.402,1.0101,47.045351225656425,44.51055905435519,48.55252494913284,44.24631431062881
300870.SZ,20221102,47.74,48.88,46.8,48.41,48.07,0.34,0.7073,9159.4,43918.156,1.0101,47.37810386590446,46.72238542776863,47.83808545683558,45.8024222459064
300870.SZ,20221103,48.41,51.88,48.07,50.45,48.41,2.04,4.214,15335.83,76630.575,1.0101,49.3746197073927,47.37810386590446,50.7741381649065,47.045351225656425
300870.SZ,20221104,50.88,53.07,50.4,52.6,50.45,2.15,4.2616,23018.17,119615.533,1.0101,51.47879081484353,49.795453928882864,51.93877240577463,49.32568549559151
300870.SZ,20221107,52.07,53.0,51.07,51.98,52.6,-0.62,-1.1787,14217.66,73813.975,1.0101,50.87200658850886,50.96008816975099,51.870264509252976,49.98140393372736
300870.SZ,20221108,51.55,52.68,50.65,51.1,51.98,-0.88,-1.693,6426.68,32977.48,1.0101,50.01076446080806,50.45117236701869,51.557085553725415,49.57035655459742
300870.SZ,20221109,50.98,51.2,50.07,50.6,51.1,-0.5,-0.9785,5246.0,26478.905,1.0101,49.52142234279624,49.89332235248522,50.108632884410426,49.00271969770371
300870.SZ,20221110,50.02,50.47,48.38,48.78,50.6,-1.82,-3.5968,6577.31,32416.088,1.0101,47.740217033233215,48.95378548590253,49.39419339211316,47.34874333882376
300870.SZ,20221111,49.79,52.7,48.8,52.68,48.78,3.9,7.9951,15045.87,76009.325,1.0101,51.557085553725415,48.72868811161709,51.576659238445885,47.759790717953685
300870.SZ,20221114,51.9,51.9,49.76,50.35,52.68,-2.33,-4.4229,11982.91,60556.791,1.0101,49.27675128379033,50.793711849626966,50.793711849626966,48.69932758453638
300870.SZ,20221115,50.4,51.78,49.63,51.11,50.35,0.76,1.5094,7684.81,39176.059,1.0101,50.0205513031683,49.32568549559151,50.67626974130414,48.57209863385332
300870.SZ,20221116,51.1,52.67,50.2,50.73,51.11,-0.38,-0.7435,6204.21,31729.186,1.0101,49.6486512934793,50.01076446080806,51.54729871136518,49.12994864838679
300870.SZ,20221117,50.96,50.97,49.5,50.72,50.73,-0.01,-0.0197,6939.6,34737.869,1.0101,49.63886445111908,49.87374866776475,49.883535510124986,48.44486968317023
300870.SZ,20221118,51.39,51.39,49.28,49.4,50.72,-1.32,-2.6025,4340.0,21703.578,1.0101,48.34700125956787,50.29458288925492,50.29458288925492,48.22955915124504
300870.SZ,20221121,49.3,50.03,48.25,49.65,49.4,0.25,0.5061,5674.0,27858.035,1.0101,48.591672318573785,48.2491328359655,48.96357232826277,47.22151438814068
300870.SZ,20221122,49.96,51.49,49.6,50.18,49.65,0.53,1.0675,10969.23,55314.106,1.0101,49.11037496366631,48.89506443174111,50.39245131285728,48.5427381067726
300870.SZ,20221123,49.9,51.31,48.5,50.3,50.18,0.12,0.2391,5674.63,28298.796,1.0101,49.22781707198914,48.836343377579695,50.21628815037303,47.46618544714659
300870.SZ,20221124,50.3,55.88,50.11,55.23,50.3,4.93,9.8012,30113.65,162391.792,1.0101,54.052730355585695,49.22781707198914,54.68887510900107,49.04186706714465
300870.SZ,20221125,55.84,59.99,53.74,54.4,55.23,-0.83,-1.5028,33496.15,191516.001,1.0101,53.24042243968607,54.64972773956012,58.71126731905823,52.59449084391048
300870.SZ,20221128,54.06,54.63,51.15,51.71,54.4,-2.69,-4.9449,17267.23,90708.594,1.0101,50.60776184478248,52.90766979943804,53.46551981397152,50.05969867260925
300870.SZ,20221129,51.91,53.5,50.6,51.4,51.71,-0.31,-0.5995,11722.31,60765.18,1.0101,50.304369731615154,50.8034986919872,52.3596066272648,49.52142234279624
300870.SZ,20221130,51.4,52.11,50.61,51.55,51.4,0.15,0.2918,9155.0,46884.298,1.0101,50.45117236701869,50.304369731615154,50.999235539191936,49.53120918515648
300870.SZ,20221201,52.31,52.5,51.2,51.45,51.55,-0.1,-0.194,12392.65,63852.75,1.0101,50.353303943416336,51.19497238639667,51.38092239124116,50.108632884410426
300870.SZ,20221202,51.35,51.35,49.87,49.99,51.45,-1.46,-2.8377,13878.04,69964.487,1.0101,48.924424958821824,50.25543551981397,50.25543551981397,48.806982850498976
300870.SZ,20221205,50.65,50.65,47.66,48.12,49.99,-1.87,-3.7407,12554.0,60777.825,1.0101,47.09428543745761,49.57035655459742,49.57035655459742,46.644090688886735
300870.SZ,20221206,48.0,49.8,47.31,49.43,48.12,1.31,2.7224,11639.13,56655.12,1.0101,48.37636178664858,46.97684332913477,48.73847495397733,46.30155120627847
300870.SZ,20221207,49.39,49.5,46.16,46.64,49.43,-2.79,-5.6443,14274.0,67622.517,1.0101,45.64583276814262,48.33721441720763,48.44486968317023,45.17606433485128
300870.SZ,20221208,46.5,46.93,45.5,46.05,46.64,-0.59,-1.265,7984.23,36975.091,1.0101,45.06840906888867,45.50881697509932,45.92965119658948,44.53013273907567
300870.SZ,20221209,46.05,47.15,45.82,46.93,46.05,0.88,1.911,5273.06,24620.903,1.0101,45.92965119658948,45.06840906888867,46.14496172851468,44.84331169460323
300870.SZ,20221212,46.93,48.18,46.05,47.64,46.93,0.71,1.5129,5117.2,24238.011,1.0101,46.624517004166265,45.92965119658948,47.15300649161903,45.06840906888867
300870.SZ,20221213,47.65,47.65,46.29,46.8,47.64,-0.84,-1.7632,3822.32,17875.135,1.0101,45.8024222459064,46.6343038465265,46.6343038465265,45.303293285534345
300870.SZ,20221214,46.85,47.9,46.85,47.0,46.8,0.2,0.4274,3868.31,18303.862,1.0101,45.99815909311113,45.85135645770759,46.87897490553241,45.85135645770759
300870.SZ,20221215,47.0,47.73,46.53,47.61,47.0,0.61,1.2979,2977.8,14116.376,1.0101,46.59515647708555,45.99815909311113,46.71259858540839,45.53817750218002
300870.SZ,20221216,47.6,47.6,46.55,46.76,47.61,-0.85,-1.7853,2154.0,10086.561,1.0101,45.76327487646546,46.58536963472532,46.58536963472532,45.55775118690049
300870.SZ,20221219,46.96,46.96,46.0,46.01,46.76,-0.75,-1.6039,2797.2,12960.236,1.0101,45.02926169944772,45.95901172367019,45.95901172367019,45.01947485708749
300870.SZ,20221220,46.65,46.65,45.45,46.03,46.01,0.02,0.0435,2072.94,9536.142,1.0101,45.0488353841682,45.65561961050285,45.65561961050285,44.48119852727449
300870.SZ,20221221,46.35,46.96,45.43,46.85,46.03,0.82,1.7814,2818.79,13038.55,1.0101,45.85135645770759,45.36201433969576,45.95901172367019,44.461624842554016
300870.SZ,20221222,46.52,47.78,46.03,46.07,46.85,-0.78,-1.6649,3390.94,15802.1,1.0101,45.08798275360915,45.52839065981979,46.76153279720957,45.0488353841682
300870.SZ,20221223,46.07,46.49,44.5,46.15,46.07,0.08,0.1736,4352.6,19841.236,1.0101,45.16627749249104,45.08798275360915,45.49903013273908,43.55144850305203
300870.SZ,20221226,46.01,46.82,45.15,45.95,46.15,-0.2,-0.4334,2816.0,13017.171,1.0101,44.97054064528631,45.02926169944772,45.82199593062688,44.1875932564674
300870.SZ,20221227,46.36,47.31,45.98,46.67,45.95,0.72,1.5669,3349.0,15567.015,1.0101,45.67519329522333,45.371801182056,46.30155120627847,44.99990117236702
300870.SZ,20221228,46.68,46.69,45.13,45.17,46.67,-1.5,-3.2141,2808.55,12797.257,1.0101,44.20716694118787,45.684980137583565,45.6947669799438,44.168019571746925
300870.SZ,20221229,45.2,45.57,44.2,44.41,45.17,-0.76,-1.6825,2137.74,9573.307,1.0101,43.4633669218099,44.23652746826858,44.59864063559733,43.257843232244944
300870.SZ,20221230,44.58,44.58,43.65,44.36,44.41,-0.05,-0.1126,2209.46,9752.46,1.0101,43.41443271000872,43.62974324193392,43.62974324193392,42.719566902431936
300870.SZ,20230103,44.58,47.74,44.27,46.8,44.36,2.44,5.5005,4455.61,20604.911,1.0101,45.8024222459064,43.62974324193392,46.72238542776863,43.3263511287666
300870.SZ,20230104,47.54,50.45,46.42,49.5,46.8,2.7,5.7692,11389.5,55957.881,1.0101,48.44486968317023,46.52664858056389,49.3746197073927,45.43052223621742
300870.SZ,20230105,49.57,51.21,48.41,49.5,49.5,0.0,0.0,12458.23,62115.457,1.0101,48.44486968317023,48.51337757969189,50.11841972677066,47.37810386590446
300870.SZ,20230106,49.01,50.5,48.7,50.0,49.5,0.5,1.0101,8725.6,43646.794,1.0101,48.93421180118206,47.96531440751865,49.42355391919388,47.66192229435132
300870.SZ,20230109,49.75,52.0,49.48,50.0,50.0,0.0,0.0,14934.0,76000.044,1.0101,48.93421180118206,48.68954074217614,50.89158027322934,48.42529599844976
300870.SZ,20230110,49.49,50.55,49.2,49.6,50.0,-0.4,-0.8,6420.91,32006.384,1.0101,48.5427381067726,48.43508284081,49.47248813099505,48.15126441236315
300870.SZ,20230111,50.2,54.5,49.84,53.05,49.6,3.45,6.9556,21180.14,111100.98,1.0101,51.91919872105415,49.12994864838679,53.33829086328844,48.77762232341827
300870.SZ,20230112,53.4,54.45,50.05,51.06,53.05,-1.99,-3.7512,19725.79,101776.031,1.0101,49.97161709136712,52.26173820366244,53.28935665148726,48.983146012983234
300870.SZ,20230113,52.72,52.72,48.38,49.28,51.06,-1.78,-3.4861,15281.0,75755.267,1.0101,48.22955915124504,51.59623292316636,51.59623292316636,47.34874333882376
300870.SZ,20230116,49.24,50.38,48.4,49.1,49.28,-0.18,-0.3653,10100.59,49668.948,1.0101,48.05339598876078,48.19041178180409,49.30611181087104,47.36831702354423
300870.SZ,20230117,49.1,51.19,49.1,49.43,49.1,0.33,0.6721,5058.0,25249.987,1.0101,48.37636178664858,48.05339598876078,50.09884604205018,48.05339598876078
300870.SZ,20230118,49.27,50.16,48.81,49.4,49.43,-0.03,-0.0607,6840.24,33825.417,1.0101,48.34700125956787,48.2197723088848,49.09080127894583,47.76957756031393
300870.SZ,20230119,49.0,50.06,48.97,49.63,49.4,0.23,0.4656,5035.3,24942.953,1.0101,48.57209863385332,47.95552756515841,48.99293285534348,47.9261670380777
300870.SZ,20230120,49.91,49.91,49.06,49.5,49.63,-0.13,-0.2619,3682.59,18201.374,1.0101,48.44486968317023,48.84613021993993,48.84613021993993,48.01424861931984
300870.SZ,20230130,50.0,50.93,49.58,49.7,49.5,0.2,0.404,4731.46,23705.842,1.0101,48.64060653037497,48.93421180118206,49.84438814068404,48.52316442205212
300870.SZ,20230131,49.69,50.4,49.21,50.07,49.7,0.37,0.7445,4819.0,24004.94,1.0101,49.00271969770371,48.630819688014725,49.32568549559151,48.161051254723375
300870.SZ,20230201,49.8,51.99,49.75,51.94,50.07,1.87,3.7348,9337.51,47857.877,1.0101,50.83285921906792,48.73847495397733,50.8817934308691,48.68954074217614
300870.SZ,20230202,51.94,54.91,51.92,54.9,51.94,2.96,5.6989,15058.48,80983.065,1.0101,53.7297645576979,50.83285921906792,53.73955140005813,50.81328553434744
300870.SZ,20230203,55.11,57.5,54.15,56.86,54.9,1.96,3.5701,17241.24,96572.724,1.0101,55.64798566030424,53.93528824726286,56.27434357135937,52.99575138068016
300870.SZ,20230206,59.08,62.87,57.82,61.95,56.86,5.09,8.9518,51771.8,312402.167,1.0101,60.62948842166457,57.82066466427671,61.52987791880632,56.58752252688693
300870.SZ,20230207,62.56,63.3,59.0,60.39,61.95,-1.56,-2.5182,28511.31,174246.499,1.0101,59.102741013467686,61.22648580563899,61.95071214029648,57.742369925394826
300870.SZ,20230208,60.39,62.13,59.98,61.46,60.39,1.07,1.7718,15004.31,91791.81,1.0101,60.14993314601298,59.102741013467686,60.805651584148826,58.70148047669799
300870.SZ,20230209,61.13,61.99,60.1,60.58,61.46,-0.88,-1.4318,11566.93,70428.84,1.0101,59.28869101831217,59.82696734812518,60.66863579110551,58.81892258502084
300870.SZ,20230210,60.73,61.66,60.02,60.96,60.58,0.38,0.6273,11108.21,67696.995,1.0101,59.66059102800117,59.43549365371573,60.345669993217705,58.74062784613894
300870.SZ,20230213,62.54,64.43,60.0,64.02,60.96,3.06,5.0197,19965.26,123868.567,1.0101,62.6553647902335,61.20691212091851,63.05662532700321,58.72105416141847
300870.SZ,20230214,64.02,64.2,61.0,63.0,64.02,-1.02,-1.5933,14372.8,89343.16,1.0101,61.65710686948939,62.6553647902335,62.83152795271776,59.69973839744211
300870.SZ,20230215,64.27,68.5,64.26,65.75,63.0,2.75,4.3651,27158.0,180305.607,1.0101,64.3484885185544,62.9000358492394,67.03987016761941,62.89024900687919
300870.SZ,20230216,65.75,65.75,57.53,60.1,65.75,-5.65,-8.5932,36682.97,219850.469,1.0101,58.81892258502084,64.3484885185544,64.3484885185544,56.30370409844007
300870.SZ,20230217,59.15,59.96,57.99,58.35,60.1,-1.75,-2.9118,20031.0,117962.096,1.0101,57.10622517197946,57.889172560798364,58.68190679197752,56.753898847010944
300870.SZ,20230220,58.86,60.77,57.83,59.03,58.35,0.68,1.1654,11616.58,68337.162,1.0101,57.77173045247554,57.60535413235152,59.47464102315667,56.59730936924717
300870.SZ,20230221,59.04,60.18,58.22,59.84,59.03,0.81,1.3722,10478.79,62368.482,1.0101,58.56446468365469,57.781517294835766,58.89721732390272,56.978996221296384
300870.SZ,20230222,59.98,61.9,59.02,60.3,59.84,0.46,0.7687,10489.56,63214.634,1.0101,59.01465943222555,58.70148047669799,60.58055420986338,57.7619436101153
300870.SZ,20230223,60.36,60.89,59.33,59.66,60.3,-0.64,-1.0614,4684.62,28123.379,1.0101,58.388301521170426,59.07338048638698,59.59208313147951,58.06533572328262
300870.SZ,20230224,60.66,61.28,59.41,60.28,59.66,0.62,1.0392,6091.15,36635.767,1.0101,58.99508574750509,59.36698575719407,59.973769983528726,58.14363046216451
300870.SZ,20230227,60.75,60.84,59.53,59.97,60.28,-0.31,-0.5143,5650.0,33998.653,1.0101,58.69169363433775,59.455067338436194,59.54314891967832,58.26107257048736
300870.SZ,20230228,59.37,61.0,58.66,59.79,59.97,-0.18,-0.3002,13379.74,79657.555,1.0101,58.5155304718535,58.10448309272357,59.69973839744211,57.40961728514679
300870.SZ,20230301,60.37,60.57,59.4,59.84,59.79,0.05,0.0836,8054.85,48308.334,1.0101,58.56446468365469,59.083167328747216,59.278904175951936,58.133843619804274
300870.SZ,20230302,59.66,60.23,57.3,57.62,59.84,-2.22,-3.7099,12593.24,73252.999,1.0101,56.391785679682194,58.388301521170426,58.9461515357039,56.07860672415463
300870.SZ,20230303,57.62,58.47,56.27,57.0,57.62,-0.62,-1.076,9419.28,53926.905,1.0101,55.78500145334754,56.391785679682194,57.22366728030229,55.07056196105029
300870.SZ,20230306,57.01,58.19,55.62,56.91,57.0,-0.09,-0.1579,8913.0,50696.964,1.0101,55.69691987210541,55.794788295707775,56.94963569421567,54.43441720763492
300870.SZ,20230307,56.91,57.02,56.0,56.02,56.91,-0.89,-1.5639,16259.97,91631.844,1.0101,54.82589090204438,55.69691987210541,55.80457513806802,54.80631721732391
300870.SZ,20230308,56.65,58.18,55.55,56.02,56.02,0.0,0.0,9288.89,52793.449,1.0101,54.82589090204438,55.44246197073927,56.93984885185544,54.36590931111326
300870.SZ,20230309,56.22,56.99,55.81,56.21,56.02,0.19,0.3392,6137.86,34582.411,1.0101,55.011840906888864,55.0216277492491,55.775214610987305,54.620367212479415
300870.SZ,20230310,56.0,56.65,54.5,54.73,56.21,-1.48,-2.633,6499.0,35810.488,1.0101,53.56338823757388,54.80631721732391,55.44246197073927,53.33829086328844
300870.SZ,20230313,54.75,55.0,51.5,53.34,54.73,-1.39,-2.5397,25014.2,132608.501,1.0101,52.203017149501015,53.582961922294345,53.82763298130026,50.40223815521752
300870.SZ,20230314,53.35,53.5,51.56,52.49,53.34,-0.85,-1.5936,11988.48,62705.792,1.0101,51.37113554888092,52.21280399186125,52.3596066272648,50.460959209378935
300870.SZ,20230315,52.18,53.39,52.01,52.18,52.49,-0.31,-0.5906,6445.0,33929.403,1.0101,51.06774343571359,51.06774343571359,52.25195136130221,50.90136711558957
300870.SZ,20230316,51.92,52.16,50.7,51.05,52.18,-1.13,-2.1656,7628.0,39099.849,1.0101,49.96183024900687,50.81328553434744,51.04816975099311,49.619290766398606
300870.SZ,20230317,51.69,52.28,51.06,51.89,51.05,0.84,1.6454,5743.0,29756.45,1.0101,50.78392500726673,50.58818816006201,51.16561185931596,49.97161709136712
300870.SZ,20230320,51.56,52.48,50.27,51.81,51.89,-0.08,-0.1542,13467.0,69256.14,1.0101,50.70563026838485,50.460959209378935,51.36134870652068,49.198456544908446
300870.SZ,20230321,51.86,53.69,51.5,53.45,51.81,1.64,3.1654,13173.43,69283.042,1.0101,52.31067241546362,50.754564480186026,52.54555663210929,50.40223815521752
300870.SZ,20230322,53.36,59.79,53.36,58.2,53.45,4.75,8.8868,36381.86,208466.63,1.0101,56.95942253657592,52.222590834221485,58.5155304718535,52.222590834221485
300870.SZ,20230323,58.5,60.5,55.01,58.7,58.2,0.5,0.8591,49274.96,285068.908,1.0101,57.44876465458773,57.253027807383006,59.210396279430284,53.8374198236605
300870.SZ,20230324,63.88,70.44,62.83,66.0,58.7,7.3,12.4361,94576.09,634202.991,1.0101,64.59315957756031,62.5183489971902,68.93851758550528,61.49073054936537
300870.SZ,20230327,63.07,65.57,60.5,63.35,66.0,-2.65,-4.0152,89343.47,557710.782,1.0101,61.99964635209766,61.72561476601104,64.17232535607013,59.210396279430284
300870.SZ,20230328,61.5,62.87,60.0,60.27,63.35,-3.08,-4.8619,50685.01,310834.137,1.0101,58.98529890514485,60.18908051545393,61.52987791880632,58.72105416141847
300870.SZ,20230329,60.08,61.6,58.8,59.91,60.27,-0.36,-0.5973,27416.85,165382.175,1.0101,58.632972580176336,58.79934890030036,60.286948939056295,57.54663307819009
300870.SZ,20230330,60.0,61.26,59.0,60.55,59.91,0.64,1.0683,29055.86,174794.933,1.0101,59.25933049123147,58.72105416141847,59.954196298808256,57.742369925394826
300870.SZ,20230331,59.41,59.75,57.65,57.88,60.55,-2.67,-4.4096,30222.0,176313.412,1.0101,56.646243581048346,58.14363046216451,58.47638310241256,56.421146206762906
300870.SZ,20230403,57.4,61.5,57.1,61.2,57.88,3.32,5.736,39836.0,236427.557,1.0101,59.89547524464684,56.176475147757,60.18908051545393,55.882869876949904
300870.SZ,20230404,60.95,61.29,58.02,58.82,61.2,-2.38,-3.8889,32258.05,191575.612,1.0101,57.56620676291057,59.65080418564093,59.98355682588896,56.783259374091664
300870.SZ,20230406,58.89,70.55,58.86,67.27,58.82,8.45,14.3659,64424.79,423402.277,1.0101,65.83608855731033,57.63471465943223,69.04617285146787,57.60535413235152
300870.SZ,20230407,70.0,75.32,64.68,75.0,67.27,7.73,11.491,72540.74,503436.657,1.0101,73.40131770177308,68.50789652165487,73.71449665730064,63.30129638600911
300870.SZ,20230410,75.0,81.11,70.07,72.01,75.0,-2.99,-3.9867,75639.61,568499.057,1.0101,70.47505183606239,73.40131770177308,79.38107838387752,68.57640441817652
300870.SZ,20230411,71.65,71.97,66.44,70.54,72.01,-1.47,-2.0414,43242.39,299549.465,1.0101,69.03638600910764,70.12272551109389,70.43590446662144,65.02378064141071
300870.SZ,20230412,73.2,80.0,70.77,79.71,70.54,9.17,12.9997,62534.33,469177.954,1.0101,78.01092045344443,71.63968607693054,78.29473888189128,69.26148338339307
300870.SZ,20230413,76.66,80.5,75.42,78.6,79.71,-1.11,-1.3925,49229.98,382610.686,1.0101,76.92458095145818,75.02593353357233,78.78408099990311,73.812365080903
300870.SZ,20230414,77.0,78.6,73.72,75.58,78.6,-3.02,-3.8422,40442.3,307698.711,1.0101,73.9689545586668,75.35868617382036,76.92458095145818,72.14860187966282
300870.SZ,20230417,76.5,77.5,72.6,73.22,75.58,-2.36,-3.1225,30667.54,228671.339,1.0101,71.659259761651,74.86934405580854,75.84802829183218,71.05247553531633
300870.SZ,20230418,71.11,76.66,71.11,74.55,73.22,1.33,1.8164,29372.03,217132.449,1.0101,72.96090979556244,69.59423602364112,75.02593353357233,69.59423602364112
300870.SZ,20230419,73.5,84.79,73.22,79.1,74.55,4.55,6.1033,56508.42,451530.186,1.0101,77.41392306947002,71.93329134773762,82.98263637244455,71.659259761651
300870.SZ,20230420,81.96,83.57,78.8,82.9,79.1,3.8,4.804,66083.55,534991.722,1.0101,81.13292316635984,80.21295998449763,81.78864160449568,77.12031779866291
300870.SZ,20230421,82.48,83.46,78.5,81.21,82.9,-1.69,-2.0386,51369.05,416770.1,1.0101,79.47894680747989,80.72187578722993,81.68098633853307,76.82671252785583
300870.SZ,20230424,81.01,82.0,75.2,81.85,81.21,0.64,0.7881,45258.18,356607.9,1.0101,80.10530471853501,79.28320996027517,80.25210735393857,73.59705454897781
300870.SZ,20230425,81.0,81.0,72.53,74.58,81.85,-7.27,-8.8821,42040.0,321396.923,1.0101,72.99027032264316,79.27342311791493,79.27342311791493,70.98396763879468
300870.SZ,20230426,77.0,79.66,68.8,75.4,74.58,0.82,1.0995,59331.93,438754.068,1.0101,73.79279139618254,75.35868617382036,77.96198624164325,67.3334754384265
300870.SZ,20230427,74.0,74.0,63.0,63.01,75.4,-12.39,-16.4324,56813.58,377853.644,1.0101,61.666893711849625,72.42263346574944,72.42263346574944,61.65710686948939
300870.SZ,20230428,61.22,66.2,61.22,65.59,63.01,2.58,4.0946,38301.34,247506.529,1.0101,64.19189904079062,59.91504892936731,64.78889642476504,59.91504892936731
300870.SZ,20230504,65.89,66.55,61.0,61.9,65.59,-3.69,-5.6259,33243.71,209069.023,1.0101,60.58055420986338,64.48550431159771,65.13143590737332,59.69973839744211
300870.SZ,20230505,61.4,61.8,59.19,59.93,61.9,-1.97,-3.1826,23475.53,141481.887,1.0101,58.65254626489681,60.09121209185156,60.48268578626102,57.92831993023932
300870.SZ,20230508,60.2,65.0,60.2,62.68,59.93,2.75,4.5887,31156.42,196391.153,1.0101,61.34392791396183,58.9167910086232,63.61447534153667,58.9167910086232
300870.SZ,20230509,61.8,63.27,61.41,61.75,62.68,-0.93,-1.4837,14744.0,91428.846,1.0101,60.43375157445983,60.48268578626102,61.921351613215776,60.1009989342118
300870.SZ,20230510,61.41,66.99,60.8,64.72,61.75,2.97,4.8097,36626.73,237671.596,1.0101,63.34044375545005,60.1009989342118,65.56205697122371,59.504001550237376
300870.SZ,20230511,65.7,66.36,63.2,65.35,64.72,0.63,0.9734,24410.32,158960.568,1.0101,63.957014824144935,64.29955430675322,64.94548590252883,61.85284371669412
300870.SZ,20230512,64.64,67.05,63.5,65.73,65.35,0.38,0.5815,22732.34,148333.342,1.0101,64.32891483383393,63.26214901656815,65.62077802538514,62.146448987501216
300870.SZ,20230515,65.73,71.44,65.19,68.31,65.73,2.58,3.9251,30476.2,210658.584,1.0101,66.85392016277493,64.32891483383393,69.9172018215289,63.800425346381154
300870.SZ,20230516,68.98,69.5,63.09,65.36,68.31,-2.95,-4.3185,25882.11,170364.077,1.0101,63.96680166650518,67.50963860091076,68.01855440364305,61.74518845073152
300870.SZ,20230517,64.07,67.18,63.81,66.1,65.36,0.74,1.1322,15891.12,104129.608,1.0101,64.69102800116266,62.70429900203468,65.74800697606821,62.44984110066854
300870.SZ,20230518,65.87,69.16,65.0,69.0,66.1,2.9,4.3873,21841.23,148127.962,1.0101,67.52921228563123,64.46593062687725,67.68580176339502,63.61447534153667
300870.SZ,20230519,68.3,74.35,68.06,70.0,69.0,1.0,1.4493,28822.68,206242.347,1.0101,68.50789652165487,66.84413332041468,72.76517294835772,66.60924910376902
300870.SZ,20230522,68.71,70.8,66.72,68.81,70.0,-1.19,-1.7,16886.28,116032.622,1.0101,67.34326228078675,67.24539385718438,69.29084391047378,65.29781222749733
300870.SZ,20230523,68.99,69.0,67.11,67.12,68.81,-1.69,-2.456,9996.61,67728.036,1.0101,65.6892859219068,67.51942544327099,67.52921228563123,65.67949907954656
300870.SZ,20230524,67.11,68.18,65.72,67.03,67.12,-0.09,-0.1341,8100.13,54258.199,1.0101,65.60120434066467,65.67949907954656,66.72669121209186,64.31912799147369
300870.SZ,20230525,69.0,71.8,64.0,66.45,67.03,-0.58,-0.8653,21336.11,143905.567,1.0101,65.03356748377095,67.52921228563123,70.26952814649742,62.63579110551303
300870.SZ,20230526,65.21,68.5,65.2,67.69,66.36,1.33,2.0042,16295.27,109603.084,1.0115,66.3389545586668,63.90845363821335,67.13278752058909,63.89865323127605
300870.SZ,20230529,67.6,72.5,67.5,69.79,67.69,2.1,3.1024,22530.88,157866.114,1.0115,68.39704001550238,66.25075089623098,71.05295029551401,66.15274682685786
300870.SZ,20230530,68.73,70.93,67.82,70.05,69.79,0.26,0.3725,15761.43,109110.856,1.0115,68.65185059587249,67.35819688014728,69.51428640635598,66.46635984885185
300870.SZ,20230531,69.49,70.36,68.16,69.89,70.05,-0.16,-0.2284,15368.0,106478.902,1.0115,68.4950440848755,68.103027807383,68.95566321092917,66.79957368472047
300870.SZ,20230601,69.01,71.0,68.7,68.72,69.89,-1.17,-1.6741,13385.15,93404.981,1.011,67.31510512547233,67.59917643639182,69.5484933630462,67.29551400058133
300870.SZ,20230602,68.51,70.8,67.08,70.6,68.72,1.88,2.7357,19024.67,132312.911,1.011,69.15667086522622,67.10939831411685,69.35258211413621,65.7086328844104
300870.SZ,20230605,70.65,72.0,69.0,69.73,70.6,-0.87,-1.2323,15131.93,106240.697,1.011,68.30445693246777,69.20564867745374,70.52804960759615,67.58938087394631
300870.SZ,20230606,70.3,73.66,68.0,69.16,69.73,-0.57,-0.8174,21926.37,156124.263,1.011,67.7461098730743,68.86280399186124,72.15411297354908,66.60982462939637
300870.SZ,20230607,64.74,66.0,60.16,61.68,69.16,-7.48,-10.8155,46070.83,286951.114,1.011,60.41902916384071,63.416471272163534,64.65071214029648,58.93010367212479
300870.SZ,20230608,60.75,61.3,58.26,58.59,61.68,-3.09,-5.0097,34523.39,205309.827,1.011,57.39220036818138,59.50804185640926,60.046797790911725,57.06894680747989
300870.SZ,20230609,58.8,59.13,55.74,57.39,58.59,-1.2,-2.0481,37174.8,212947.133,1.011,56.21673287472144,57.59790717953685,57.92116074023834,54.600465071214025
300870.SZ,20230612,57.4,59.3,57.0,58.71,57.39,1.32,2.3001,21704.56,126953.581,1.011,57.50974711752737,56.22652843716693,58.08768530181183,55.83470593934696
300870.SZ,20230613,58.4,63.5,58.01,62.42,58.71,3.71,6.3192,28697.92,175563.593,1.011,61.14390078480766,57.20608468171688,62.20182152892161,56.824057746342405
300870.SZ,20230614,62.29,63.79,60.7,61.61,62.42,-0.81,-1.2977,26404.0,162985.01,1.011,60.350460226722205,61.01655847301617,62.48589283984109,59.459064044181765
300870.SZ,20230615,62.0,64.3,60.42,60.77,61.61,-0.84,-1.3634,22552.43,139522.184,1.011,59.52763298130026,60.73248716209669,62.98546652456156,59.184788295707776
300870.SZ,20230616,60.76,66.25,59.16,65.85,60.77,5.08,8.3594,53978.66,339979.432,1.011,64.50377870361397,59.517837418854754,64.89560120143396,57.95054742757483
300870.SZ,20230619,67.1,70.66,64.5,69.74,65.85,3.89,5.9074,62754.46,423973.021,1.011,68.31425249491328,65.7282240093014,69.21544423989923,63.18137777347155
300870.SZ,20230620,70.44,71.5,66.5,67.08,69.74,-2.66,-3.8142,44351.36,303105.024,1.011,65.7086328844104,68.99994186609824,70.03827148532118,65.14049026257145
300870.SZ,20230621,67.49,69.0,65.0,65.21,67.08,-1.87,-2.7877,30260.39,200475.587,1.011,63.87686270710201,66.11025094467588,67.58938087394631,63.67115589574652
300870.SZ,20230626,64.26,64.49,59.48,59.8,65.21,-5.41,-8.2963,30970.67,190088.482,1.011,58.5774634240868,62.94628427477957,63.171582211026056,58.26400542583082
300870.SZ,20230627,60.23,61.58,59.06,59.88,59.8,0.08,0.1338,22310.19,133826.927,1.011,58.6558279236508,58.998672609243286,60.32107353938571,57.85259180311985
300870.SZ,20230628,59.37,59.59,55.68,58.71,59.88,-1.17,-1.9539,24101.98,138549.047,1.011,57.50974711752737,58.15625423893032,58.37175661273132,54.54169169654102
300870.SZ,20230629,58.63,59.37,57.6,58.5,58.71,-0.21,-0.3577,16336.68,95835.057,1.011,57.30404030617188,57.43138261796337,58.15625423893032,56.42243968607693
300870.SZ,20230630,58.99,60.55,58.14,59.93,58.5,1.43,2.4444,17633.3,104803.933,1.011,58.704805735878296,57.78402286600135,59.31213060749926,56.9514000581339
300870.SZ,20230703,60.38,61.3,59.28,59.96,59.93,0.03,0.0501,15436.85,93074.996,1.011,58.7341924232148,59.14560604592578,60.046797790911725,58.06809417692083
300870.SZ,20230704,60.0,60.77,59.39,60.39,59.96,0.43,0.7171,11561.85,69563.474,1.011,59.15540160837128,58.7733746729968,59.52763298130026,58.17584536382133
300870.SZ,20230705,60.1,60.58,58.7,58.77,60.39,-1.62,-2.6826,10624.43,63312.793,1.011,57.56852049220036,58.87133029745179,59.34151729483577,57.49995155508186
300870.SZ,20230706,59.14,60.35,58.33,58.45,58.77,-0.32,-0.5445,17571.04,104066.302,1.011,57.25506249394438,57.93095630268384,59.11621935858928,57.13751574459838
300870.SZ,20230707,58.65,58.65,55.37,56.06,58.45,-2.39,-4.089,21775.93,123104.219,1.011,54.91392306947001,57.450973742854366,57.450973742854366,54.23802926073054
300870.SZ,20230710,56.18,56.43,53.53,54.49,56.06,-1.57,-2.8006,24433.34,132533.284,1.011,53.37601976552659,55.031469818816,55.27635887995349,52.43564577075864
300870.SZ,20230711,54.61,55.13,54.12,54.98,54.49,0.49,0.8992,12174.55,66715.755,1.011,53.85600232535606,53.49356651487258,54.00293576203856,53.01358395504311
300870.SZ,20230712,55.09,55.88,54.0,54.21,54.98,-0.77,-1.4005,12645.03,69616.743,1.011,53.10174401705261,53.96375351225656,54.737602945451016,52.89603720569711
300870.SZ,20230713,54.6,55.4,54.14,55.0,54.21,0.79,1.4573,9978.32,54806.054,1.011,53.87559345024707,53.483770952427086,54.26741594806704,53.03317507993411
300870.SZ,20230714,55.26,55.3,53.76,54.4,55.0,-0.6,-1.0909,12206.53,66307.691,1.011,53.28785970351709,54.13027807383005,54.16946032361204,52.66094370700512
300870.SZ,20230717,54.56,55.08,53.3,53.45,54.4,-0.95,-1.7463,9997.04,53825.627,1.011,52.35728127119464,53.44458870264509,53.953957949811056,52.21034783451215
300870.SZ,20230718,53.55,54.25,52.63,52.72,53.45,-0.73,-1.3658,12067.28,64355.439,1.011,51.64220521267318,52.455236895649634,53.140926266834605,51.55404515066369
300870.SZ,20230719,52.86,53.05,52.01,52.14,52.72,-0.58,-1.1002,8472.31,44433.272,1.011,51.07406259083422,51.779343086910174,51.96545877337466,50.94672027904272
300870.SZ,20230720,52.3,53.15,51.41,51.42,52.14,-0.72,-1.3809,11668.37,60850.872,1.011,50.36878209475826,51.2307915899622,52.06341439782966,50.35898653231276
300870.SZ,20230721,51.53,51.74,50.01,50.57,51.42,-0.85,-1.6531,13508.36,68420.508,1.011,49.5361592868908,50.47653328165875,50.68224009301424,48.98760778994283
300870.SZ,20230724,50.96,52.0,50.15,50.96,50.57,0.39,0.7712,8912.86,45556.586,1.011,49.91818622226528,49.91818622226528,50.936924716597225,49.12474566417982
300870.SZ,20230725,51.51,51.72,50.2,50.39,50.96,-0.57,-1.1185,12973.11,65642.365,1.011,49.35983916287181,50.45694215676775,50.66264896812324,49.17372347640732
300870.SZ,20230726,50.39,50.48,49.0,49.24,50.39,-1.15,-2.2822,14846.71,73579.074,1.011,48.23334948163937,49.35983916287181,49.4479992248813,47.99825598294738
300870.SZ,20230727,49.48,49.91,48.68,48.89,49.24,-0.35,-0.7108,14823.72,72788.425,1.011,47.89050479604689,48.46844298033135,48.88965216548783,47.6847979846914
300870.SZ,20230728,48.98,49.59,48.42,48.99,48.89,0.1,0.2045,8954.23,43918.317,1.011,47.98846042050189,47.97866485805638,48.576194167231854,47.43011336110842
300870.SZ,20230731,49.06,49.76,48.55,49.32,48.99,0.33,0.6736,9978.72,49087.011,1.011,48.31171398120337,48.05702935762039,48.74271872880534,47.55745567289991
300870.SZ,20230801,49.01,49.3,48.3,48.58,49.32,-0.74,-1.5004,10158.79,49483.151,1.011,47.5868423602364,48.00805154539288,48.29212285631237,47.31256661176242
300870.SZ,20230802,48.39,49.07,47.95,48.32,48.58,-0.26,-0.5352,8460.92,40940.159,1.011,47.33215773665342,47.40072667377192,48.06682492006588,46.96972192616994
300870.SZ,20230803,47.98,48.6,47.6,47.79,48.32,-0.53,-1.0969,10588.44,50762.244,1.011,46.81299292704195,46.99910861350643,47.60643348512741,46.62687724057746
300870.SZ,20230804,47.63,49.3,47.63,49.23,47.79,1.44,3.0132,14856.02,72414.279,1.011,48.22355391919387,46.65626392791396,48.29212285631237,46.65626392791396
300870.SZ,20230807,49.09,49.9,48.77,48.97,49.23,-0.26,-0.5281,11430.3,56059.419,1.011,47.96886929561089,48.08641604495688,48.879856603042334,47.7729580467009
300870.SZ,20230808,48.97,49.39,48.38,48.55,48.97,-0.42,-0.8577,10045.35,49084.883,1.011,47.55745567289991,47.96886929561089,48.38028291832186,47.39093111132642
300870.SZ,20230809,48.99,49.0,48.0,48.21,48.55,-0.34,-0.7003,8201.0,39720.799,1.011,47.22440654975292,47.98846042050189,47.99825598294738,47.01869973839743
300870.SZ,20230810,48.0,49.08,48.0,48.1,48.21,-0.11,-0.2282,7982.1,38560.501,1.011,47.11665536285243,47.01869973839743,48.07662048251138,47.01869973839743
300870.SZ,20230811,48.64,48.64,47.19,47.21,48.1,-0.89,-1.8503,7572.3,36221.697,1.011,46.24485030520298,47.645615734909406,47.645615734909406,46.22525918031198
300870.SZ,20230814,47.0,47.98,46.86,47.9,47.21,0.69,1.4616,8937.44,42318.078,1.011,46.92074411394244,46.03914349384749,46.99910861350643,45.9020056196105
300870.SZ,20230815,47.87,48.05,46.78,47.03,47.9,-0.87,-1.8163,8364.0,39484.403,1.011,46.06853018118399,46.891357426605936,47.06767755062493,45.8236411200465
300870.SZ,20230816,46.98,47.38,45.93,46.0,47.03,-1.03,-2.1901,7024.0,32714.413,1.011,45.05958724929754,46.01955236895649,46.41137486677647,44.99101831217905
300870.SZ,20230817,45.8,47.44,45.46,46.99,46.0,0.99,2.1522,10046.67,46957.993,1.011,46.02934793140199,44.86367600038756,46.470148241449465,44.53062687724058
300870.SZ,20230818,47.23,47.65,45.86,45.97,46.99,-1.02,-2.1707,6375.0,29723.363,1.011,45.030200561961045,46.26444143009397,46.67585505280495,44.92244937506055
300870.SZ,20230821,45.91,46.42,45.23,45.32,45.97,-0.65,-1.414,6220.8,28477.984,1.011,44.39348900300358,44.97142718728805,45.47100087200853,44.30532894099408
300870.SZ,20230822,45.75,46.6,44.51,46.13,45.32,0.81,1.7873,9925.74,45334.387,1.011,45.18692956108904,44.81469818816006,45.64732099602751,43.60004844491812
300870.SZ,20230823,46.0,46.24,45.02,45.04,46.13,-1.09,-2.3629,6467.0,29416.939,1.011,44.11921325452959,45.05958724929754,45.29468074798953,44.0996221296386
300870.SZ,20230824,44.25,50.7,44.25,47.0,45.04,1.96,4.3517,38064.63,180475.769,1.011,46.03914349384749,43.345363821335134,49.663501598682295,43.345363821335134
300870.SZ,20230825,45.5,47.7,44.61,45.21,47.0,-1.79,-3.8085,28075.55,128950.897,1.011,44.28573781610309,44.56980912702257,46.72483286503245,43.69800406937311
300870.SZ,20230828,49.0,49.01,44.4,44.46,45.21,-0.75,-1.6589,25374.78,116267.483,1.011,43.55107063269063,47.99825598294738,48.00805154539288,43.49229725801763
300870.SZ,20230829,44.6,47.99,44.42,47.61,44.46,3.15,7.085,26770.0,124918.156,1.011,46.63667280302296,43.688208506927616,47.00890417595193,43.51188838290863
300870.SZ,20230830,47.91,48.88,47.91,48.54,47.61,0.93,1.9534,18046.3,87361.958,1.011,47.54766011045441,46.93053967638794,47.880709233601394,46.93053967638794
300870.SZ,20230831,48.17,48.52,47.17,47.51,48.54,-1.03,-2.122,12622.63,60236.609,1.011,46.53871717856796,47.185224299970926,47.528068985563415,46.20566805542098
300870.SZ,20230901,47.52,48.22,46.41,46.7,47.51,-0.81,-1.7049,8667.0,40625.033,1.011,45.74527662048251,46.54851274101346,47.234202112198425,45.46120530956302
300870.SZ,20230904,46.66,47.66,46.31,47.65,46.7,0.95,2.0343,12063.0,56709.159,1.011,46.67585505280495,45.706094370700505,46.68565061525045,45.36324968510803
300870.SZ,20230905,47.02,48.6,47.02,47.41,47.65,-0.24,-0.5037,12031.34,57444.624,1.011,46.44076155411296,46.05873461873849,47.60643348512741,46.05873461873849
300870.SZ,20230906,47.56,50.0,47.41,49.95,47.41,2.54,5.3575,26810.82,131587.943,1.011,48.92883441526983,46.58769499079546,48.97781222749733,46.44076155411296
300870.SZ,20230907,49.73,49.73,47.59,47.73,49.95,-2.22,-4.4444,21034.02,101834.07,1.011,46.754219552368944,48.71333204146884,48.71333204146884,46.61708167813196
300870.SZ,20230908,47.42,48.2,46.52,48.16,47.73,0.43,0.9009,10990.0,52240.351,1.011,47.17542873752542,46.45055711655847,47.214610987307424,45.56895649646352
300870.SZ,20230911,47.99,49.31,47.2,48.49,48.16,0.33,0.6852,14209.87,68507.84,1.011,47.49868229822692,47.00890417595193,48.30191841875787,46.23505474275749
300870.SZ,20230912,48.6,50.4,47.93,49.65,48.49,1.16,2.3922,20586.76,101350.048,1.011,48.63496754190485,47.60643348512741,49.3696347253173,46.95013080127894
300870.SZ,20230913,49.05,49.39,46.65,47.57,49.65,-2.08,-4.1893,24341.43,115489.606,1.011,46.59749055324096,48.04723379517488,48.38028291832186,45.69629880825501
300870.SZ,20230914,47.61,47.83,46.11,46.38,47.57,-1.19,-2.5016,10939.0,51239.439,1.011,45.43181862222653,46.63667280302296,46.85217517682394,45.16733843619804
300870.SZ,20230915,46.42,46.93,45.5,46.28,46.38,-0.1,-0.2156,11142.0,51257.558,1.011,45.33386299777153,45.47100087200853,45.97057455672899,44.56980912702257
300870.SZ,20230918,46.25,47.35,45.47,46.06,46.28,-0.22,-0.4754,13514.0,62640.705,1.011,45.11836062397055,45.30447631043503,46.38198817943997,44.54042243968608
300870.SZ,20230919,46.37,46.37,44.9,44.95,46.06,-1.11,-2.4099,8607.4,38981.04,1.011,44.0310531925201,45.42202305978102,45.42202305978102,43.9820753802926
300870.SZ,20230920,45.22,45.31,43.64,43.76,44.95,-1.19,-2.6474,13273.45,58657.375,1.011,42.86538126150566,44.29553337854858,44.38369344055808,42.74783451215967
300870.SZ,20230921,43.8,44.15,43.08,43.79,43.76,0.03,0.0686,6976.47,30538.594,1.011,42.89476794884216,42.904563511287655,43.24740819688014,42.1992830152117
300870.SZ,20230922,43.6,46.89,43.2,46.71,43.79,2.92,6.6682,18259.11,83109.754,1.011,45.755072182928,42.70865226237768,45.931392306947,42.316829764557696
300870.SZ,20230925,46.7,47.4,46.15,47.1,46.71,0.39,0.8349,11678.02,54691.265,1.011,46.13709911830249,45.74527662048251,46.43096599166746,45.20652068598004
300870.SZ,20230926,46.95,47.17,46.09,46.17,47.1,-0.93,-1.9745,7693.0,35768.318,1.011,45.22611181087104,45.99016568161999,46.20566805542098,45.14774731130704
300870.SZ,20230927,46.43,46.99,45.62,45.8,46.17,-0.37,-0.8014,11123.0,51229.18,1.011,44.86367600038756,45.48079643445402,46.02934793140199,44.68735587636856
300870.SZ,20230928,45.84,47.35,45.77,47.02,45.8,1.22,2.6638,9640.0,45039.901,1.011,46.05873461873849,44.90285825016956,46.38198817943997,44.83428931305106
300870.SZ,20231009,46.91,48.79,46.91,47.87,47.02,0.85,1.8077,13731.3,66136.018,1.011,46.891357426605936,45.95098343183799,47.79254917159189,45.95098343183799
300870.SZ,20231010,47.92,48.9,47.31,47.48,47.87,-0.39,-0.8147,9317.59,44591.347,1.011,46.50933049123146,46.94033523883344,47.90030035849239,46.34280592965798
300870.SZ,20231011,47.63,48.38,47.1,47.88,47.48,0.4,0.8425,9207.37,44074.884,1.011,46.90115298905144,46.65626392791396,47.39093111132642,46.13709911830249
300870.SZ,20231012,47.89,48.35,47.41,47.83,47.88,-0.05,-0.1044,8640.0,41288.855,1.011,46.85217517682394,46.91094855149694,47.361544423989926,46.44076155411296
300870.SZ,20231013,47.83,48.54,47.4,48.18,47.83,0.35,0.7318,10621.85,51133.794,1.011,47.19501986241642,46.85217517682394,47.54766011045441,46.43096599166746
300870.SZ,20231016,48.42,48.6,47.01,47.24,48.18,-0.94,-1.951,9666.91,45827.875,1.011,46.27423699253948,47.43011336110842,47.60643348512741,46.04893905629299
300870.SZ,20231017,47.24,47.53,46.21,46.7,47.24,-0.54,-1.1431,7431.0,34676.076,1.011,45.74527662048251,46.27423699253948,46.55830830345896,45.26529406065304
300870.SZ,20231018,46.75,46.85,44.7,44.81,46.7,-1.89,-4.0471,11297.0,51111.436,1.011,43.89391531828311,45.794254432710005,45.892210057165,43.78616413138261
300870.SZ,20231019,44.85,47.95,44.85,46.08,44.81,1.27,2.8342,17641.14,82311.446,1.011,45.13795174886154,43.9330975680651,46.96972192616994,43.9330975680651
300870.SZ,20231020,45.58,46.31,43.82,44.06,46.08,-2.02,-4.3837,16875.58,75470.712,1.011,43.15924813487065,44.64817362658657,45.36324968510803,42.92415463617866
300870.SZ,20231023,43.97,44.0,41.44,41.9,44.06,-2.16,-4.9024,12449.59,52847.69,1.011,41.04340664664276,43.07108807286115,43.10047476019765,40.59281077414978
300870.SZ,20231024,42.02,44.1,41.95,43.45,41.9,1.55,3.6993,17189.0,74322.705,1.011,42.56171882569518,41.16095339598876,43.198430384652646,41.09238445887026
300870.SZ,20231025,43.55,45.26,43.12,43.87,43.45,0.42,0.9666,13061.0,57642.724,1.011,42.97313244840616,42.65967445015017,44.33471562833058,42.2384652649937
300870.SZ,20231026,43.9,44.47,42.73,44.38,43.87,0.51,1.1625,11467.0,50011.422,1.011,43.47270613312663,43.00251913574265,43.56086619513612,41.856438329619216
300870.SZ,20231027,44.05,45.87,43.59,45.57,44.38,1.19,2.6814,11487.37,51323.38,1.011,44.63837806414107,43.14945257242515,44.93224493750605,42.69885669993218
300870.SZ,20231030,45.57,49.35,44.96,48.68,45.57,3.11,6.8247,31662.39,151338.896,1.011,47.6847979846914,44.63837806414107,48.341100668539866,44.0408487549656
300870.SZ,20231031,48.69,49.3,47.32,47.82,48.68,-0.86,-1.7666,13775.59,66070.207,1.011,46.84237961437845,47.6945935471369,48.29212285631237,46.352601492103474
300870.SZ,20231101,47.74,48.26,47.08,47.13,47.82,-0.69,-1.4429,8637.0,41032.544,1.011,46.166485805638985,46.76401511481445,47.273384361980426,46.117507993411486
300870.SZ,20231102,47.17,47.58,46.11,46.21,47.13,-0.92,-1.952,7888.0,36704.131,1.011,45.26529406065304,46.20566805542098,46.607286115686456,45.16733843619804
300870.SZ,20231103,46.21,47.55,46.21,47.34,46.21,1.13,2.4454,8629.0,40613.576,1.011,46.37219261699448,45.26529406065304,46.57789942834996,45.26529406065304
300870.SZ,20231106,47.6,50.21,47.59,49.4,47.34,2.06,4.3515,15281.7,74879.132,1.011,48.390078480767365,46.62687724057746,49.183519038852815,46.61708167813196
300870.SZ,20231107,49.72,51.78,49.03,51.31,49.4,1.91,3.8664,18607.1,94363.035,1.011,50.261030907857766,48.70353647902334,50.72142234279624,48.02764267028388
300870.SZ,20231108,51.31,53.41,50.39,50.59,51.31,-0.72,-1.4032,21209.18,109302.175,1.011,49.5557504117818,50.261030907857766,52.31809902141264,49.35983916287181
300870.SZ,20231109,50.63,50.89,49.4,49.8,50.59,-0.79,-1.5616,13250.38,66208.798,1.011,48.78190097858734,49.5949326615638,49.84961728514678,48.390078480767365
300870.SZ,20231110,49.5,50.74,49.21,50.39,49.8,0.59,1.1847,12007.36,60171.256,1.011,49.35983916287181,48.488034105222354,49.70268384846429,48.20396279430288
300870.SZ,20231113,50.4,51.75,49.99,50.56,50.39,0.17,0.3374,11278.24,57334.871,1.011,49.5263637244453,49.3696347253173,50.69203565545974,48.96801666505184
300870.SZ,20231114,50.52,51.36,49.56,51.25,50.56,0.69,1.3647,7685.0,39224.717,1.011,50.20225753318476,49.4871814746633,50.31000872008526,48.54680747989536
300870.SZ,20231115,51.26,51.99,50.9,51.18,51.25,-0.07,-0.1366,6434.0,32987.695,1.011,50.13368859606626,50.21205309563027,50.92712915415173,49.859412847592274
300870.SZ,20231116,51.1,51.6,50.24,50.39,51.18,-0.79,-1.5436,6874.61,34990.112,1.011,49.35983916287181,50.05532409650227,50.545102218777245,49.21290572618932
300870.SZ,20231117,50.39,51.39,49.23,50.94,50.39,0.55,1.0915,6407.0,32578.104,1.011,49.89859509737428,49.35983916287181,50.33939540742176,48.22355391919387
300870.SZ,20231120,50.93,51.52,50.1,50.87,50.94,-0.07,-0.1374,8304.76,42056.914,1.011,49.83002616025578,49.88879953492878,50.466737719213256,49.07576785195233
300870.SZ,20231121,50.9,51.31,49.72,49.89,50.87,-0.98,-1.9265,11526.62,58285.053,1.011,48.87006104059684,49.859412847592274,50.261030907857766,48.70353647902334
300870.SZ,20231122,50.04,50.4,48.4,48.49,49.89,-1.4,-2.8062,8146.61,40067.525,1.011,47.49868229822692,49.016994477279326,49.3696347253173,47.41052223621742
300870.SZ,20231123,48.29,49.67,48.29,49.44,48.49,0.95,1.9592,6135.61,30210.633,1.011,48.42926073054936,47.30277104931693,48.65455866679585,47.30277104931693
300870.SZ,20231124,49.14,49.78,47.6,47.97,49.44,-1.47,-2.9733,7360.95,35345.742,1.011,46.98931305106093,48.135393857184376,48.76230985369634,46.62687724057746
300870.SZ,20231127,47.85,48.76,47.45,48.26,47.97,0.29,0.6045,6398.48,30845.95,1.011,47.273384361980426,46.87176630171494,47.7631624842554,46.47994380389497
300870.SZ,20231128,48.26,49.6,47.96,48.45,48.26,0.19,0.3937,6754.61,32885.405,1.011,47.45950004844492,47.273384361980426,48.58598972967735,46.97951748861544
300870.SZ,20231129,48.45,50.33,48.26,48.93,48.45,0.48,0.9907,9784.6,48351.013,1.011,47.929687045828885,47.45950004844492,49.30106578819881,47.273384361980426
300870.SZ,20231130,49.0,49.04,47.1,47.72,48.93,-1.21,-2.4729,7663.77,36623.652,1.011,46.74442398992345,47.99825598294738,48.03743823272938,46.13709911830249
300870.SZ,20231201,47.84,48.2,47.32,47.93,47.72,0.21,0.4401,9803.78,46846.574,1.011,46.95013080127894,46.861970739269445,47.214610987307424,46.352601492103474
300870.SZ,20231204,47.98,48.58,47.27,47.27,47.93,-0.66,-1.377,6934.69,33302.074,1.011,46.303623679875976,46.99910861350643,47.5868423602364,46.303623679875976
300870.SZ,20231205,47.28,47.62,46.01,46.01,47.27,-1.26,-2.6655,7089.51,33232.455,1.011,45.06938281174304,46.31341924232147,46.64646836546845,45.06938281174304
300870.SZ,20231206,45.9,46.83,45.63,46.39,46.01,0.38,0.8259,7683.93,35580.135,1.011,45.44161418467203,44.96163162484255,45.872618932274,44.69715143881407
300870.SZ,20231207,46.47,46.74,45.83,46.1,46.39,-0.29,-0.6251,9034.97,41818.611,1.011,45.15754287375254,45.519978684236015,45.78445887026451,44.89306268772405
300870.SZ,20231208,46.0,47.77,46.0,46.77,46.1,0.67,1.4534,9319.07,43772.464,1.011,45.813845557601006,45.05958724929754,46.79340180215095,45.05958724929754
300870.SZ,20231211,46.68,47.33,45.88,47.25,46.77,0.48,1.0263,10055.96,46879.76,1.011,46.284032554984975,45.72568549559151,46.36239705454897,44.94204049995155
300870.SZ,20231212,47.2,47.5,46.42,46.77,47.25,-0.48,-1.0159,6160.89,28848.206,1.011,45.813845557601006,46.23505474275749,46.52892161612246,45.47100087200853
300870.SZ,20231213,46.17,46.53,45.44,45.49,46.77,-1.28,-2.7368,7806.0,35842.478,1.011,44.56001356457708,45.22611181087104,45.57875205890902,44.51103575234957
300870.SZ,20231214,45.6,46.25,44.89,44.99,45.49,-0.5,-1.0991,6082.5,27642.66,1.011,44.0702354423021,44.66776475147757,45.30447631043503,43.9722798178471
300870.SZ,20231215,45.44,45.54,44.63,44.74,44.99,-0.25,-0.5557,5538.49,24908.08,1.011,43.82534638116461,44.51103575234957,44.60899137680457,43.71759519426412
300870.SZ,20231218,45.6,45.6,43.69,43.72,44.74,-1.02,-2.2798,9720.62,42987.024,1.011,42.82619901172367,44.66776475147757,44.66776475147757,42.79681232438716
300870.SZ,20231219,43.98,44.48,43.36,44.15,43.72,0.43,0.9835,10577.53,46437.444,1.011,43.24740819688014,43.08088363530665,43.57066175758162,42.47355876368569
300870.SZ,20231220,43.67,44.42,43.6,43.6,44.15,-0.55,-1.2458,10775.7,47400.872,1.011,42.70865226237768,42.77722119949617,43.51188838290863,42.70865226237768
300870.SZ,20231221,43.6,44.29,42.78,43.89,43.6,0.29,0.6651,10892.6,47443.528,1.011,42.99272357329716,42.70865226237768,43.384546071117136,41.90541614184672
300870.SZ,20231222,43.81,43.83,42.8,43.0,43.89,-0.89,-2.0278,10406.39,44952.622,1.011,42.12091851564771,42.91435907373316,42.93395019862416,41.92500726673772
300870.SZ,20231225,42.99,43.48,42.41,42.8,43.0,-0.2,-0.4651,8784.13,37611.154,1.011,41.92500726673772,42.111122953202205,42.59110551303168,41.54298033136323
300870.SZ,20231226,42.87,42.88,41.41,41.7,42.8,-1.1,-2.5701,7239.66,30281.371,1.011,40.84749539773277,41.99357620385621,42.00337176630172,40.563424086813285
300870.SZ,20231227,41.96,42.1,40.92,41.03,41.7,-0.67,-1.6067,14516.93,59900.241,1.011,40.19119271388431,41.10218002131576,41.23931789555275,40.08344152698382
300870.SZ,20231228,41.03,43.6,40.33,43.22,41.03,2.19,5.3376,13559.98,57289.495,1.011,42.33642088944869,40.19119271388431,42.70865226237768,39.50550334269935
300870.SZ,20231229,43.21,44.9,42.7,44.27,43.22,1.05,2.4294,12199.45,54010.501,1.011,43.364954946226135,42.32662532700319,43.9820753802926,41.827051642282726
300870.SZ,20240102,44.71,45.35,43.83,44.91,44.27,0.64,1.4457,15342.08,68569.491,1.011,43.991870942738096,43.79595969382811,44.42287569034008,42.93395019862416
300870.SZ,20240103,44.91,45.23,43.59,44.01,44.91,-0.9,-2.004,8031.0,35411.861,1.011,43.110270322643146,43.991870942738096,44.30532894099408,42.69885669993218
300870.SZ,20240104,43.82,44.3,43.6,43.86,44.01,-0.15,-0.3408,8262.54,36353.882,1.011,42.96333688596066,42.92415463617866,43.39434163356263,42.70865226237768
300870.SZ,20240105,43.8,44.45,42.52,42.72,43.86,-1.14,-2.5992,7134.6,30842.777,1.011,41.84664276717372,42.904563511287655,43.54127507024513,41.65073151826373
300870.SZ,20240108,42.5,44.0,40.99,40.99,42.72,-1.73,-4.0496,10038.0,41750.98,1.011,40.15201046410231,41.63114039337273,43.10047476019765,40.15201046410231
300870.SZ,20240109,41.2,42.57,40.79,41.01,40.99,0.02,0.0488,11666.77,48608.637,1.011,40.171601588993305,40.3577172754578,41.69970933049123,39.95609921519232
300870.SZ,20240110,41.01,41.5,39.9,40.56,41.01,-0.45,-1.0973,8620.0,35119.035,1.011,39.73080127894584,40.171601588993305,40.65158414882279,39.08429415754287
300870.SZ,20240111,40.44,41.6,40.01,41.43,40.56,0.87,2.145,9178.18,37635.422,1.011,40.583015211704286,39.61325452959984,40.74953977327778,39.192045344443365
300870.SZ,20240112,41.4,42.04,40.78,40.91,41.43,-0.52,-1.2551,6767.0,27970.55,1.011,40.07364596453832,40.55362852436779,41.18054452087975,39.94630365274682
300870.SZ,20240115,40.88,41.43,40.09,40.9,40.91,-0.01,-0.0244,9553.43,39017.094,1.011,40.06385040209281,40.04425927720182,40.583015211704286,39.27040984400737
300870.SZ,20240116,40.78,40.96,39.73,40.38,40.9,-0.52,-1.2714,8225.04,33089.868,1.011,39.55448115492685,39.94630365274682,40.12262377676581,38.917769595969375
300870.SZ,20240117,40.48,40.64,39.0,39.0,40.38,-1.38,-3.4175,7208.53,28747.139,1.011,38.20269353744792,39.65243677938184,39.80916577850983,38.20269353744792
300870.SZ,20240118,39.21,39.35,37.6,38.95,39.0,-0.05,-0.1282,13469.86,51704.392,1.011,38.15371572522042,38.40840034880341,38.5455382230404,36.83131479507799
300870.SZ,20240119,39.26,39.26,37.77,37.86,38.95,-1.09,-2.7985,10650.9,40744.854,1.011,37.085999418660975,38.457378161030896,38.457378161030896,36.99783935665149
300870.SZ,20240122,38.48,38.48,34.78,35.04,37.86,-2.82,-7.4485,16145.87,58785.063,1.011,34.32365080903013,37.69332429028194,37.69332429028194,34.068966185447145
300870.SZ,20240123,35.07,36.0,34.64,35.43,35.04,0.39,1.113,16120.0,56758.692,1.011,34.7056777444046,34.353037496366625,35.26402480379807,33.931828311210154
300870.SZ,20240124,35.22,35.85,33.7,35.15,35.43,-0.28,-0.7903,14060.17,48605.078,1.011,34.43140199593062,34.49997093304912,35.117091367115584,33.0110454413332
300870.SZ,20240125,35.4,36.71,34.62,36.42,35.15,1.27,3.6131,14712.02,52809.629,1.011,35.675438426509054,34.676291057068106,35.95950973742854,33.91223718631915
300870.SZ,20240126,36.84,37.0,35.39,35.57,36.42,-0.85,-2.3339,10735.15,38888.91,1.011,34.8428156186416,36.08685204922004,36.24358104834803,34.66649549462261
300870.SZ,20240129,35.46,35.81,33.71,33.82,35.57,-1.75,-4.9199,11953.06,41135.965,1.011,33.1285921906792,34.73506443174111,35.07790911733359,33.020841003778706
300870.SZ,20240130,37.02,40.58,36.1,40.58,33.82,6.76,19.9882,62282.43,248024.652,1.011,39.750392403836834,36.26317217323903,39.750392403836834,35.36198042825307
300870.SZ,20240131,40.72,40.72,34.86,35.9,40.58,-4.68,-11.5328,99992.76,367518.757,1.011,35.16606917934308,39.88753027807383,39.88753027807383,34.14733068501114
300870.SZ,20240201,35.02,35.39,32.2,34.0,35.9,-1.9,-5.2925,59220.86,200391.902,1.011,33.304912314698186,34.30405968413913,34.66649549462261,31.541711074508285
300870.SZ,20240202,33.6,34.33,30.75,31.64,34.0,-2.36,-6.9412,55601.02,180168.991,1.011,30.99315957756032,32.913089816878205,33.62816587539967,30.12135451991086
300870.SZ,20240205,31.08,31.08,26.5,27.49,31.64,-4.15,-13.1163,43031.25,122417.309,1.011,26.92800116267803,30.444608080612337,30.444608080612337,25.958240480573583
300870.SZ,20240206,27.2,29.25,26.35,28.71,27.49,1.22,4.438,37302.2,103769.85,1.011,28.123059781028967,26.643929851758543,28.65202015308594,25.81130704389109
300870.SZ,20240207,28.22,29.7,27.23,27.48,28.71,-1.23,-4.2842,40308.56,114216.005,1.011,26.918205600232533,27.64307722119949,29.09282046313341,26.673316539095048
300870.SZ,20240208,27.88,30.9,26.69,30.63,27.48,3.15,11.4629,39493.4,113505.876,1.011,30.003807770564865,27.31002809805251,30.268287956593348,26.14435616703808
300870.SZ,20240219,31.12,33.35,31.12,33.11,30.63,2.48,8.0966,35348.75,113537.187,1.011,32.43310725704873,30.48379033039434,32.66820075574072,30.48379033039434
300870.SZ,20240220,34.1,35.88,32.44,34.68,33.11,1.57,4.7418,39623.38,135183.667,1.011,33.97101056099215,33.40286793915318,35.14647805445208,31.776804573200263
300870.SZ,20240221,33.66,35.72,33.0,34.24,34.68,-0.44,-1.2687,31388.46,108741.259,1.011,33.540005813390174,32.9718631915512,34.98974905532409,32.32535607014824
300870.SZ,20240222,35.29,36.56,34.7,35.44,34.24,1.2,3.5047,28481.21,100605.185,1.011,34.71547330685011,34.56853987016761,35.812576300746045,33.99060168588315
300870.SZ,20240223,35.98,36.88,35.33,36.88,35.44,1.44,4.0632,33096.16,119821.539,1.011,36.12603429900204,35.24443367890707,36.12603429900204,34.607722119949614
300870.SZ,20240226,36.64,37.99,36.16,36.87,36.88,-0.01,-0.0271,27176.98,100679.581,1.011,36.11623873655653,35.89094080031005,37.21334173045247,35.420753802926065
300870.SZ,20240227,36.52,44.24,36.48,44.24,36.87,7.37,19.9892,46770.06,187957.789,1.011,43.33556825888964,35.77339405096405,43.33556825888964,35.73421180118205
300870.SZ,20240228,45.77,45.77,38.9,39.52,44.24,-4.72,-10.6691,100517.99,412743.846,1.011,38.71206278461389,44.83428931305106,44.83428931305106,38.10473791299292
300870.SZ,20240229,37.78,40.63,37.12,40.22,39.52,0.7,1.7713,70532.97,278106.338,1.011,39.397752155798855,37.007634919096986,39.79937021606433,36.36112779769402
300870.SZ,20240301,39.98,48.26,39.41,48.26,40.22,8.04,19.9901,125038.24,558493.355,1.011,47.273384361980426,39.16265865710687,47.273384361980426,38.60431159771339
300870.SZ,20240304,51.0,56.88,51.0,51.45,48.26,3.19,6.61,159955.24,844013.145,1.011,50.39816878209476,49.95736847204727,55.71715919000096,49.95736847204727
300870.SZ,20240305,48.51,50.79,47.1,47.17,51.45,-4.28,-8.3188,111691.28,541616.378,1.011,46.20566805542098,47.51827342311791,49.75166166069178,46.13709911830249
300870.SZ,20240306,46.16,48.58,45.9,47.42,47.17,0.25,0.53,71800.8,339787.059,1.011,46.45055711655847,45.216316248425535,47.5868423602364,44.96163162484255
300870.SZ,20240307,46.97,47.94,44.25,44.67,47.42,-2.75,-5.7992,73157.16,334418.063,1.011,43.75677744404612,46.00975680651099,46.95992636372444,43.345363821335134
300870.SZ,20240308,44.67,46.96,44.67,46.95,44.67,2.28,5.1041,63436.62,291783.714,1.011,45.99016568161999,43.75677744404612,45.999961244065496,43.75677744404612
300870.SZ,20240311,47.08,49.5,46.68,48.78,46.95,1.83,3.8978,81488.82,394921.962,1.011,47.7827536091464,46.117507993411486,48.488034105222354,45.72568549559151
300870.SZ,20240312,48.0,48.46,46.21,47.29,48.78,-1.49,-3.0545,59697.01,282365.678,1.011,46.32321480476697,47.01869973839743,47.46929561089041,45.26529406065304
300870.SZ,20240313,47.7,48.2,46.65,47.12,47.29,-0.17,-0.3595,47784.57,227405.005,1.011,46.15669024319348,46.72483286503245,47.214610987307424,45.69629880825501
300870.SZ,20240314,46.24,46.9,45.2,45.86,47.12,-1.26,-2.674,42346.9,195029.019,1.011,44.92244937506055,45.29468074798953,45.94118786939249,44.27594225365758
300870.SZ,20240315,45.93,47.9,45.49,47.7,45.86,1.84,4.0122,39365.94,182862.618,1.011,46.72483286503245,44.99101831217905,46.92074411394244,44.56001356457708
300870.SZ,20240318,48.0,49.9,47.5,48.91,47.7,1.21,2.5367,62901.8,305388.681,1.011,47.91009592093789,47.01869973839743,48.879856603042334,46.52892161612246
300870.SZ,20240319,49.08,49.29,47.84,47.88,48.91,-1.03,-2.1059,41981.23,203029.048,1.011,46.90115298905144,48.07662048251138,48.28232729386687,46.861970739269445
300870.SZ,20240320,47.74,48.68,47.53,48.19,47.88,0.31,0.6475,33562.09,161409.294,1.011,47.20481542486192,46.76401511481445,47.6847979846914,46.55830830345896
300870.SZ,20240321,48.19,51.1,47.88,50.2,48.19,2.01,4.171,72954.9,361756.924,1.011,49.17372347640732,47.20481542486192,50.05532409650227,46.90115298905144
300870.SZ,20240322,49.93,51.58,48.47,49.1,50.2,-1.1,-2.1912,67775.11,338210.394,1.011,48.09621160740238,48.90924329037883,50.52551109388624,47.47909117333592
300870.SZ,20240325,48.0,48.0,44.74,45.0,49.1,-4.1,-8.3503,50327.24,234314.512,1.011,44.0800310047476,47.01869973839743,47.01869973839743,43.82534638116461
300870.SZ,20240326,45.23,46.17,44.75,45.28,45.0,0.28,0.6222,32828.11,149395.03,1.011,44.35430675322158,44.30532894099408,45.22611181087104,43.83514194361011
300870.SZ,20240327,45.3,45.4,42.7,42.7,45.28,-2.58,-5.6979,28565.71,124577.798,1.011,41.827051642282726,44.37389787811258,44.471853502567576,41.827051642282726
300870.SZ,20240328,42.69,44.98,42.22,44.02,42.7,1.32,3.0913,25712.4,113055.901,1.011,43.12006588508865,41.81725607983722,44.0604398798566,41.35686464489874
300870.SZ,20240329,43.8,44.8,43.2,44.58,44.02,0.56,1.2721,18871.87,83225.381,1.011,43.668617382036615,42.904563511287655,43.8841197558376,42.316829764557696
300870.SZ,20240401,44.61,46.0,44.59,45.89,44.58,1.31,2.9385,22621.0,102936.797,1.011,44.95183606239705,43.69800406937311,45.05958724929754,43.67841294448212
300870.SZ,20240402,45.82,46.28,45.06,45.32,45.89,-0.57,-1.2421,21568.0,98449.023,1.011,44.39348900300358,44.88326712527856,45.33386299777153,44.13880437942059
300870.SZ,20240403,45.05,45.65,43.34,43.8,45.32,-1.52,-3.3539,16472.88,72406.665,1.011,42.904563511287655,44.12900881697509,44.71674256370506,42.45396763879469
300870.SZ,20240408,43.53,43.8,42.33,42.67,43.8,-1.13,-2.5799,15349.26,65954.309,1.011,41.79766495494623,42.64008332525918,42.904563511287655,41.46461583179924
300870.SZ,20240409,42.69,43.1,41.89,42.65,42.67,-0.02,-0.0469,14974.01,63568.844,1.011,41.77807383005523,41.81725607983722,42.2188741401027,41.03361108419726
300870.SZ,20240410,42.55,42.55,41.53,41.64,42.65,-1.01,-2.3681,15000.51,62750.791,1.011,40.788722023059776,41.68011820560023,41.68011820560023,40.68097083615928
300870.SZ,20240411,41.39,42.55,41.1,41.66,41.64,0.02,0.048,12227.35,51323.989,1.011,40.80831314795077,40.54383296192229,41.68011820560023,40.259761651002805
300870.SZ,20240412,42.01,42.57,41.62,41.74,41.66,0.08,0.192,13663.07,57484.688,1.011,40.88667764751477,41.15115783354325,41.69970933049123,40.769130898168775
300870.SZ,20240415,41.64,42.23,39.12,40.23,41.74,-1.51,-3.6176,23061.29,92878.17,1.011,39.40754771824435,40.788722023059776,41.36666020734424,38.320240286793904
300870.SZ,20240416,39.46,40.21,37.16,37.85,40.23,-2.38,-5.916,26968.74,103720.935,1.011,37.07620385621548,38.65328940994089,39.38795659335336,36.40031004747601
300870.SZ,20240417,39.4,41.8,39.27,41.17,37.85,3.32,8.7715,25954.59,105556.133,1.011,40.3283305881213,38.59451603526789,40.94545102218776,38.4671737234764
300870.SZ,20240418,41.12,43.83,39.81,42.72,41.17,1.55,3.7649,27443.1,115594.804,1.011,41.84664276717372,40.2793527758938,42.93395019862416,38.99613409553338
300870.SZ,20240419,42.6,43.14,41.6,42.32,42.72,-0.4,-0.9363,18018.31,76276.342,1.011,41.45482026935374,41.72909601782773,42.2580563898847,40.74953977327778
300870.SZ,20240422,41.62,42.26,40.2,41.95,42.32,-0.37,-0.8743,17029.74,70424.315,1.011,41.09238445887026,40.769130898168775,41.39604689468074,39.378161030907854
300870.SZ,20240423,42.01,43.1,42.01,42.66,41.95,0.71,1.6925,13490.78,57687.487,1.011,41.78786939250072,41.15115783354325,42.2188741401027,41.15115783354325
300870.SZ,20240424,42.34,44.09,42.04,43.98,42.66,1.32,3.0942,21341.15,92271.611,1.011,43.08088363530665,41.47441139424474,43.18863482220715,41.18054452087975
300870.SZ,20240425,43.51,44.18,43.02,44.04,43.98,0.06,0.1364,18808.92,82253.295,1.011,43.13965700997964,42.620492200368176,43.27679488421664,42.14050964053871
300870.SZ,20240426,47.8,47.98,46.0,46.19,44.04,2.15,4.8819,52250.64,244803.224,1.011,45.24570293576203,46.82278848948744,46.99910861350643,45.05958724929754
300870.SZ,20240429,45.92,46.87,45.78,45.96,46.19,-0.23,-0.4979,37620.43,174130.326,1.011,45.02040499951555,44.981222749733554,45.911801182056,44.84408487549656
300870.SZ,20240430,46.77,48.48,45.92,47.07,45.96,1.11,2.4151,40700.72,191995.612,1.011,46.10771243096599,45.813845557601006,47.48888673578141,44.981222749733554
300870.SZ,20240506,47.28,47.7,46.65,47.38,47.07,0.31,0.6586,32900.32,155114.791,1.011,46.41137486677647,46.31341924232147,46.72483286503245,45.69629880825501
300870.SZ,20240507,47.42,47.75,46.1,46.42,47.38,-0.96,-2.0262,30183.73,140991.768,1.011,45.47100087200853,46.45055711655847,46.773810677259945,45.15754287375254
300870.SZ,20240508,46.41,46.41,45.08,45.25,46.42,-1.17,-2.5205,18657.34,84903.873,1.011,44.32492006588508,45.46120530956302,45.46120530956302,44.15839550431159
300870.SZ,20240509,45.08,46.08,45.08,45.93,45.25,0.68,1.5028,15735.0,71890.282,1.011,44.99101831217905,44.15839550431159,45.13795174886154,44.15839550431159
300870.SZ,20240510,45.52,45.92,44.6,44.71,45.93,-1.22,-2.6562,16863.77,75873.658,1.011,43.79595969382811,44.58940025191357,44.981222749733554,43.688208506927616
300870.SZ,20240513,44.2,45.48,43.82,44.46,44.71,-0.25,-0.5592,14466.71,64705.153,1.011,43.55107063269063,43.29638600910764,44.55021800213157,42.92415463617866
300870.SZ,20240514,44.62,45.0,43.66,44.26,44.46,-0.2,-0.4498,17799.66,78592.06,1.011,43.35515938378063,43.70779963181861,44.0800310047476,42.76742563705066
300870.SZ,20240515,44.0,45.27,43.91,44.44,44.26,0.18,0.4067,17884.22,79998.479,1.011,43.53147950779962,43.10047476019765,44.34451119077608,43.01231469818815
300870.SZ,20240516,45.5,46.49,44.78,45.52,44.44,1.08,2.4302,37493.77,171519.456,1.011,44.58940025191357,44.56980912702257,45.53956980912702,43.86452863094661
300870.SZ,20240517,45.22,47.62,44.75,46.58,45.52,1.06,2.3286,39893.65,185216.7,1.011,45.62772987113651,44.29553337854858,46.64646836546845,43.83514194361011
300870.SZ,20240520,46.06,47.18,45.36,46.95,46.58,0.37,0.7943,28937.17,133942.009,1.011,45.99016568161999,45.11836062397055,46.21546361786648,44.43267125278558
300870.SZ,20240521,46.66,46.85,45.7,45.9,46.95,-1.05,-2.2364,18177.93,83918.131,1.011,44.96163162484255,45.706094370700505,45.892210057165,44.76572037593257
300870.SZ,20240522,45.48,47.75,44.91,47.3,45.9,1.4,3.0501,35530.87,165545.664,1.011,46.33301036721247,44.55021800213157,46.773810677259945,43.991870942738096
300870.SZ,20240523,47.8,48.4,46.15,46.88,47.3,-0.42,-0.8879,33737.16,159371.475,1.011,45.9215967445015,46.82278848948744,47.41052223621742,45.20652068598004
300870.SZ,20240524,46.5,51.38,46.01,48.48,46.55,1.93,4.1461,74631.92,363894.558,1.0182,47.82708652262377,45.8737525433582,50.688030229628914,45.390351710105605
300870.SZ,20240527,48.89,53.49,48.89,49.63,48.48,1.15,2.3721,91056.08,461358.141,1.0182,48.96159868229823,48.231564770855535,52.76961340955334,48.231564770855535
300870.SZ,20240528,48.66,52.44,48.08,49.85,49.63,0.22,0.4433,63191.29,314219.78,1.0182,49.17863579110551,48.004662338920646,51.733754481154925,47.43247359751962
300870.SZ,20240529,48.52,49.83,47.0,47.22,49.85,-2.63,-5.2758,54983.76,264558.626,1.0182,46.58405580854568,47.86654781513419,49.1589051448503,46.3670186997384
300870.SZ,20240530,46.66,47.44,45.53,46.01,47.22,-1.21,-2.5625,31829.69,147280.788,1.0182,45.390351710105605,46.03159771339986,46.80109291735297,44.91681619998062
300870.SZ,20240531,45.88,47.92,45.55,46.26,46.01,0.25,0.5434,29277.0,137383.267,1.0182,45.636984788295706,45.26210250944676,47.27462842747796,44.93654684623582
300870.SZ,20240603,45.76,48.34,45.76,47.38,46.26,1.12,2.4211,34767.01,163947.421,1.0182,46.74190097858735,45.14371863191551,47.68897199883733,45.14371863191551
300870.SZ,20240604,48.09,48.18,46.0,47.48,47.38,0.1,0.2111,27779.0,130503.414,1.0182,46.84055420986338,47.44233892064723,47.531126828795664,45.380486386978006
300870.SZ,20240605,46.88,47.25,43.98,43.98,47.48,-3.5,-7.3715,36788.0,166740.15,1.0182,43.38769111520201,46.24863482220716,46.613651777928496,43.38769111520201
300870.SZ,20240606,44.58,45.21,42.78,42.96,43.98,-1.02,-2.3192,28596.95,125565.656,1.0182,42.381428156186416,43.97961050285824,44.6011258598973,42.20385233988954
300870.SZ,20240607,44.05,44.37,42.6,43.25,42.96,0.29,0.675,22521.06,97686.783,1.0182,42.66752252688693,43.45674837709524,43.77243871717856,42.02627652359268
300870.SZ,20240611,43.2,44.04,42.3,43.8,43.25,0.55,1.2717,19112.32,83048.071,1.0182,43.21011529890514,42.61819591124891,43.44688305396763,41.73031682976456
300870.SZ,20240612,43.8,45.6,43.62,45.17,43.8,1.37,3.1279,25401.7,114206.757,1.0182,44.561664567386885,43.21011529890514,44.98587346187385,43.03253948260827
300870.SZ,20240613,45.26,47.63,44.74,46.3,45.17,1.13,2.5017,34153.31,157856.474,1.0182,45.67644608080612,44.65045247553531,46.988534056777446,44.13745567289991
300870.SZ,20240614,45.91,46.99,45.48,46.55,46.3,0.25,0.54,26147.53,121176.829,1.0182,45.92307915899622,45.29169847882957,46.3571533766108,44.8674895843426
300870.SZ,20240617,46.31,47.75,46.3,47.05,46.55,0.5,1.0741,21120.0,99503.496,1.0182,46.41634531537641,45.68631140393373,47.10691793430869,45.67644608080612
300870.SZ,20240618,46.76,47.6,46.76,47.35,47.05,0.3,0.6376,16349.0,77167.534,1.0182,46.712305009204535,46.1302509446759,46.95893808739464,46.1302509446759
300870.SZ,20240619,47.5,48.05,46.82,47.38,47.35,0.03,0.0634,23990.66,113853.003,1.0182,46.74190097858735,46.86028485611859,47.40287762813681,46.18944288344152
300870.SZ,20240620,47.0,47.42,45.6,45.63,47.38,-1.75,-3.6935,21536.38,100040.055,1.0182,45.01546943125666,46.3670186997384,46.78136227109776,44.98587346187385
300870.SZ,20240621,45.18,45.65,44.0,45.25,45.63,-0.38,-0.8328,16925.79,76211.26,1.0182,44.64058715240771,44.57152989051448,45.03520007751187,43.40742176145722
300870.SZ,20240624,45.0,45.0,42.46,42.63,45.25,-2.62,-5.7901,20291.13,88373.891,1.0182,42.05587249297549,44.39395407421762,44.39395407421762,41.888161999806215
300870.SZ,20240625,43.2,43.2,41.01,41.6,42.63,-1.03,-2.4161,18383.83,77032.299,1.0183,41.04377482802054,42.62238155217518,42.62238155217518,40.46166359848852
300870.SZ,20240626,41.6,43.68,40.94,43.62,41.6,2.02,4.8558,18860.98,80332.098,1.018,43.02408681329328,41.03168297645578,43.08326712527856,40.38069954461776
300870.SZ,20240627,43.25,43.95,42.15,42.3,43.62,-1.32,-3.0261,15931.85,68426.91,1.018,41.72211994961728,42.65914155605077,43.34957852921229,41.5741691696541
300870.SZ,20240628,42.15,44.3,41.94,43.38,42.3,1.08,2.5532,16914.89,73722.43,1.018,42.7873655653522,41.5741691696541,43.69479701579304,41.36703807770565
300870.SZ,20240701,43.42,43.8,41.71,42.59,43.38,-0.79,-1.8211,17157.46,72840.296,1.018,42.00815812421278,42.82681910667571,43.20162774924911,41.14018021509544
300870.SZ,20240702,42.14,42.46,41.2,41.48,42.59,-1.11,-2.6062,14674.58,61221.174,1.018,40.91332235248522,41.56430578432322,41.87993411491134,40.637147563220616
300870.SZ,20240703,42.48,42.48,40.45,40.57,41.48,-0.91,-2.1938,26303.82,107939.915,1.018,40.01575428737525,41.8996608855731,41.8996608855731,39.89739366340471
300870.SZ,20240704,40.56,40.83,39.54,39.56,40.57,-1.01,-2.4895,20943.23,83631.008,1.018,39.0195523689565,40.00589090204438,40.272202305978105,38.999825598294734
300870.SZ,20240705,38.4,40.0,38.13,39.51,39.56,-0.05,-0.1264,25740.79,100600.55,1.018,38.9702354423021,37.87539967057456,39.45354132351516,37.60908826664083
300870.SZ,20240708,39.0,39.69,38.6,38.75,39.51,-0.76,-1.9236,12127.32,47340.894,1.018,38.22061815715532,38.46720279042728,39.14777637825792,38.07266737719213
300870.SZ,20240709,38.72,40.9,38.39,40.84,38.75,2.09,5.3935,22004.33,87941.659,1.018,40.282065691308986,38.19102800116267,40.34124600329426,37.86553628524368
300870.SZ,20240710,40.7,41.5,40.5,40.98,40.84,0.14,0.3428,15280.0,62840.019,1.018,40.42015308594128,40.14397829667668,40.93304912314698,39.9467105900591
300870.SZ,20240711,41.8,42.18,41.2,42.13,40.98,1.15,2.8062,19516.17,81543.178,1.018,41.55444239899235,41.22895068307334,41.603759325646735,40.637147563220616
300870.SZ,20240712,41.97,42.23,41.58,42.14,42.13,0.01,0.0237,14003.46,58667.097,1.018,41.56430578432322,41.39662823369828,41.653076252301126,41.011956205794014
300870.SZ,20240715,41.77,42.25,41.51,41.81,42.14,-0.33,-0.7831,11695.11,48931.047,1.018,41.238814068404224,41.19936052708072,41.67280302296289,40.94291250847786
300870.SZ,20240716,41.56,42.12,40.78,41.83,41.81,0.02,0.0478,16434.43,68260.311,1.018,41.25854083906598,40.99222943513226,41.54457901366147,40.222885379323706
300870.SZ,20240717,41.83,41.83,39.89,39.96,41.83,-1.87,-4.4705,14704.97,59790.219,1.018,39.41408778219164,41.25854083906598,41.25854083906598,39.3450440848755
300870.SZ,20240718,39.5,39.5,37.94,39.04,39.96,-0.92,-2.3023,16403.52,63349.207,1.018,38.5066563317508,38.96037205697122,38.96037205697122,37.42168394535413
300870.SZ,20240719,38.85,40.27,38.31,39.79,39.04,0.75,1.9211,14085.5,55882.833,1.018,39.24641023156671,38.319252010464105,39.719852727448895,37.78662920259665
300870.SZ,20240722,39.79,39.98,39.36,39.83,39.79,0.04,0.1005,12501.04,49610.751,1.018,39.285863772890224,39.24641023156671,39.4338145528534,38.82228466233892
300870.SZ,20240723,40.14,40.47,38.15,38.21,39.83,-1.62,-4.0673,12269.85,48043.925,1.018,37.68799534928786,39.59162871814747,39.91712043406646,37.62881503730259
300870.SZ,20240724,38.01,39.38,37.82,37.93,38.21,-0.28,-0.7328,15695.37,60318.149,1.018,37.41182056002326,37.49072764267028,38.842011433000685,37.30332332138359
300870.SZ,20240725,37.5,38.6,37.05,37.48,37.93,-0.45,-1.1864,15178.29,57160.984,1.018,36.967968220133706,36.98769499079546,38.07266737719213,36.54384265090592
300870.SZ,20240726,37.32,38.4,37.31,38.21,37.48,0.73,1.9477,12821.6,48737.687,1.018,37.68799534928786,36.81015405483964,37.87539967057456,36.80029066950877
300870.SZ,20240729,38.21,38.43,37.3,37.47,38.21,-0.74,-1.9367,15159.64,56981.365,1.018,36.95810483480283,37.68799534928786,37.9049898265672,36.79042728417789
300870.SZ,20240730,37.18,37.49,36.41,37.2,37.47,-0.27,-0.7206,13530.54,50097.317,1.018,36.691793430869104,36.67206666020734,36.977831605464594,35.91258598972968
300870.SZ,20240731,37.21,38.49,37.08,38.44,37.2,1.24,3.3333,15377.65,58400.854,1.018,37.91485321189807,36.70165681619999,37.96417013855246,36.57343280689855
300870.SZ,20240801,38.62,39.11,38.44,38.73,38.44,0.29,0.7544,16135.08,62582.942,1.018,38.20089138649355,38.09239414785389,38.57570002906695,37.91485321189807
300870.SZ,20240802,38.3,38.42,36.73,36.94,38.73,-1.79,-4.6217,18187.34,68199.856,1.018,36.43534541226625,37.77676581726576,37.89512644123632,36.2282143203178
300870.SZ,20240805,36.5,37.25,35.39,35.44,36.94,-1.5,-4.0606,16317.4,59330.681,1.018,34.95583761263443,36.00135645770759,36.741110357523496,34.90652068598004
300870.SZ,20240806,36.24,36.45,35.55,36.33,35.44,0.89,2.5113,11866.73,42775.278,1.018,35.83367890708264,35.74490843910474,35.952039531053195,35.0643348512741
300870.SZ,20240807,36.32,36.89,36.23,36.48,36.33,0.15,0.4129,8575.86,31383.526,1.018,35.98162968704583,35.82381552175177,36.38602848561186,35.73504505377386
300870.SZ,20240808,36.1,36.56,35.43,36.14,36.48,-0.34,-0.932,9437.57,33951.626,1.018,35.64627458579595,35.60682104447243,36.06053676969286,34.94597422730356
300870.SZ,20240809,36.33,36.77,35.91,35.91,36.14,-0.23,-0.6364,7445.26,27046.789,1.018,35.41941672318573,35.83367890708264,36.267667861641314,35.41941672318573
300870.SZ,20240812,35.8,36.11,35.35,35.73,35.91,-0.18,-0.5013,8571.05,30604.853,1.018,35.241875787229915,35.31091948454606,35.616684429803314,34.867067144656524
300870.SZ,20240813,35.66,36.26,35.61,36.26,35.73,0.53,1.4833,7914.0,28444.422,1.018,35.764635209766496,35.17283208991376,35.764635209766496,35.12351516325937
300870.SZ,20240814,36.26,36.7,36.02,36.11,36.26,-0.15,-0.4137,6462.58,23394.869,1.018,35.616684429803314,35.764635209766496,36.19862416432517,35.52791396182541
300870.SZ,20240815,35.99,36.8,35.7,36.64,36.11,0.53,1.4677,11533.53,42066.242,1.018,36.13944385233989,35.498323805832776,36.29725801763394,35.212285631237286
300870.SZ,20240816,36.89,38.16,36.7,37.65,36.64,1.01,2.7566,18571.68,69640.662,1.018,37.13564577075865,36.38602848561186,37.63867842263346,36.19862416432517
300870.SZ,20240819,37.7,37.7,36.13,36.16,37.65,-1.49,-3.9575,14689.0,54019.198,1.018,35.666001356457706,37.18496269741305,37.18496269741305,35.63641120046508
300870.SZ,20240820,36.25,36.55,35.26,35.38,36.16,-0.78,-2.1571,11711.44,41758.697,1.018,34.89665730064916,35.75477182443562,36.05067338436198,34.778296676678615
300870.SZ,20240821,35.33,36.13,35.0,35.73,35.38,0.35,0.9893,8178.0,29248.008,1.018,35.241875787229915,34.84734037399476,35.63641120046508,34.52184865807577
300870.SZ,20240822,35.81,35.97,34.91,34.93,35.73,-0.8,-2.239,8207.0,28936.636,1.018,34.452804960759615,35.32078286987695,35.47859703517101,34.43307819009785
300870.SZ,20240823,34.9,35.65,34.46,35.32,34.93,0.39,1.1165,9396.04,33043.452,1.018,34.83747698866389,34.42321480476698,35.16296870458289,33.989225850208314
300870.SZ,20240826,35.42,37.18,35.12,36.65,35.32,1.33,3.7656,13859.35,50364.399,1.018,36.14930723767077,34.93611084197268,36.67206666020734,34.64020928204631
300870.SZ,20240827,36.82,36.82,35.64,35.82,36.65,-0.83,-2.2647,10166.04,36637.057,1.018,35.330646255207824,36.316984788295706,36.316984788295706,35.15310531925201
300870.SZ,20240828,35.7,37.5,35.7,37.45,35.82,1.63,4.5505,17854.4,65872.67,1.018,36.93837806414108,35.212285631237286,36.98769499079546,35.212285631237286
300870.SZ,20240829,39.0,40.22,38.2,39.9,37.45,2.45,6.5421,47976.28,188064.006,1.018,39.35490747020638,38.46720279042728,39.6705358007945,37.678131963956986
300870.SZ,20240830,39.72,40.77,39.4,39.55,39.9,-0.35,-0.8772,44524.05,178854.279,1.018,39.009688983625615,39.17736653425055,40.21302199399283,38.86173820366243
300870.SZ,20240902,39.33,41.0,39.06,39.82,39.55,0.27,0.6827,30526.96,122304.315,1.018,39.27600038755934,38.79269450634628,40.43987985660304,38.52638310241256
300870.SZ,20240903,39.7,40.51,39.52,40.09,39.82,0.27,0.6781,19143.32,76624.074,1.018,39.54231179149308,39.1576397635888,39.95657397538998,38.980098827632986
300870.SZ,20240904,39.75,40.54,39.21,40.3,40.09,0.21,0.5238,19664.19,78461.95,1.018,39.749442883441525,39.20695669024319,39.986164131382615,38.67433388237573
300870.SZ,20240905,40.07,40.7,39.9,39.95,40.3,-0.35,-0.8685,12541.0,50483.487,1.018,39.40422439686077,39.52258502083132,40.14397829667668,39.35490747020638
300870.SZ,20240906,40.1,40.15,38.74,38.9,39.95,-1.05,-2.6283,13006.04,50949.922,1.018,38.368568937118496,39.55217517682395,39.60149210347834,38.21075477182443
300870.SZ,20240909,38.5,38.91,38.25,38.44,38.9,-0.46,-1.1825,11006.03,42425.09,1.018,37.91485321189807,37.97403352388334,38.37843232244937,37.72744889061137
300870.SZ,20240910,38.44,39.85,37.9,39.45,38.44,1.01,2.6275,16933.83,66036.13,1.018,38.91105513031684,37.91485321189807,39.30559054355199,37.382230404030615
300870.SZ,20240911,39.19,39.85,39.01,39.28,39.45,-0.17,-0.4309,10018.0,39437.551,1.018,38.74337757969189,38.65460711171398,39.30559054355199,38.47706617575816
300870.SZ,20240912,39.6,40.28,39.14,39.41,39.28,0.13,0.331,13183.0,52372.115,1.018,38.87160158899332,39.059005910280014,39.72971611277977,38.60529018505959
300870.SZ,20240913,39.48,39.85,38.49,38.55,39.41,-0.86,-2.1822,8456.04,32825.583,1.018,38.02335045053773,38.94064528630946,39.30559054355199,37.96417013855246
300870.SZ,20240918,38.56,39.4,38.21,39.09,38.55,0.54,1.4008,11252.99,43687.087,1.018,38.5559732584052,38.033213835868615,38.86173820366243,37.68799534928786
300870.SZ,20240919,39.01,39.6,38.61,39.17,39.09,0.08,0.2047,14993.91,58715.29,1.018,38.63488034105223,38.47706617575816,39.059005910280014,38.08253076252301
300870.SZ,20240920,39.32,40.05,38.96,39.25,39.17,0.08,0.2042,15763.42,62201.667,1.018,38.71378742369925,38.782831121015406,39.50285825016955,38.427749249103776
300870.SZ,20240923,39.01,39.85,38.81,38.89,39.25,-0.36,-0.9172,12955.99,50702.254,1.018,38.35870555178762,38.47706617575816,39.30559054355199,38.27979846914059
300870.SZ,20240924,38.96,39.87,38.12,39.81,38.89,0.92,2.3656,18678.35,73163.805,1.018,39.26613700222847,38.427749249103776,39.32531731421374,37.59922488130995
300870.SZ,20240925,40.26,40.8,39.5,39.54,39.81,-0.27,-0.6782,26238.72,105295.847,1.018,38.999825598294734,39.70998934211801,40.24261214998546,38.96037205697122
300870.SZ,20240926,39.4,40.2,38.81,40.2,39.54,0.66,1.6692,22377.74,88380.656,1.018,39.65080903013274,38.86173820366243,39.65080903013274,38.27979846914059
300870.SZ,20240927,40.73,43.65,40.65,42.64,40.2,2.44,6.0697,33180.75,139213.183,1.018,42.05747505086716,40.17356845266931,43.05367696928592,40.09466137002229
300870.SZ,20240930,44.14,49.66,44.14,49.48,42.64,6.84,16.0413,54621.09,256613.146,1.018,48.80403061718825,43.53698285049898,48.98157155314407,43.53698285049898
300870.SZ,20241008,58.08,58.57,51.12,57.48,49.18,8.3,16.8768,69658.62,385857.489,1.0242,57.0400310047476,57.635438426509054,58.12168782094759,50.72871233407616
300870.SZ,20241009,54.45,55.45,49.76,51.2,57.48,-6.28,-10.9255,52138.15,276549.327,1.0242,50.80809999031102,54.03322352485225,55.025569227788,49.37912217808351
300870.SZ,20241010,52.69,53.8,50.5,50.71,51.2,-0.49,-0.957,31133.61,161826.934,1.0242,50.32185059587249,52.286695087685295,53.388198817944,50.11345799825598
300870.SZ,20241011,50.11,50.66,47.0,47.89,50.71,-2.82,-5.561,29093.31,141120.102,1.0242,47.52343571359364,49.72644317411103,50.2722333107257,46.64024803798081
300870.SZ,20241014,47.89,49.85,46.52,49.32,47.89,1.43,2.986,23949.0,115801.088,1.0242,48.94249006879178,47.52343571359364,49.468433291347736,46.16392210057165
300870.SZ,20241015,49.32,52.88,48.52,49.89,49.32,0.57,1.1557,37100.14,188494.597,1.0242,49.508127119465165,48.94249006879178,52.4752407712431,48.148613506443176
300870.SZ,20241016,49.0,50.9,48.1,49.45,49.89,-0.44,-0.8819,22734.04,112362.766,1.0242,49.07149501017343,48.62493944385234,50.51039627943029,47.73182831121016
300870.SZ,20241017,49.54,53.4,49.54,51.24,49.45,1.79,3.6198,41907.75,216376.243,1.0242,50.84779381842845,49.160806123437645,52.99126053676969,49.160806123437645
300870.SZ,20241018,54.55,57.5,53.08,55.53,51.24,4.29,8.3724,82888.2,456835.927,1.0242,55.10495688402287,54.132458095145815,57.05987791880632,52.67370991183025
300870.SZ,20241021,57.77,58.4,54.32,55.0,55.53,-0.53,-0.9544,71986.83,405300.469,1.0242,54.57901366146692,57.32781125859898,57.9529890514485,53.9042185834706
300870.SZ,20241022,54.0,57.06,53.55,54.4,55.0,-0.6,-1.0909,47548.89,263305.894,1.0242,53.98360623970545,53.58666795853115,56.62324580951458,53.14011239221005
300870.SZ,20241023,53.86,54.5,52.3,52.75,54.4,-1.65,-3.0331,34567.0,184821.572,1.0242,52.34623582986145,53.44773956012014,54.08284080999903,51.89968026354035
300870.SZ,20241024,52.07,53.4,51.78,53.04,52.75,0.29,0.5498,22438.0,118229.829,1.0242,52.63401608371282,51.671440751865134,52.99126053676969,51.38366049801376
300870.SZ,20241025,53.3,56.23,53.19,54.54,53.04,1.5,2.8281,31627.0,172051.015,1.0242,54.12253463811646,52.89202596647611,55.79959887607789,52.78286793915318
300870.SZ,20241028,54.54,55.86,53.0,55.65,54.54,1.11,2.0352,28370.97,155019.689,1.0242,55.22403836837516,54.12253463811646,55.43243096599167,52.59432225559539
300870.SZ,20241029,55.65,55.66,54.08,54.35,55.65,-1.3,-2.336,21157.0,116050.912,1.0242,53.93398895455866,55.22403836837516,55.23396182540451,53.66605561476601
300870.SZ,20241030,57.98,60.87,55.32,57.53,54.35,3.18,5.851,77536.28,448598.569,1.0242,57.08964828989439,57.53620385621548,60.40408293769983,54.89656428640635
300870.SZ,20241031,56.65,60.0,56.5,56.77,57.53,-0.76,-1.321,61093.62,354895.694,1.0242,56.33546555566321,56.21638407131092,59.54074217614572,56.06753221587056
300870.SZ,20241101,56.63,56.88,53.11,53.18,56.77,-3.59,-6.3238,46198.37,252846.912,1.0242,52.77294448212382,56.19653715725221,56.44462358298615,52.70348028291832
300870.SZ,20241104,53.29,58.0,53.16,57.99,53.18,4.81,9.0448,45499.97,256637.676,1.0242,57.54612731324484,52.88210250944675,57.5560507702742,52.75309756806511
300870.SZ,20241105,58.0,60.01,57.05,59.29,57.99,1.3,2.2418,42942.26,252948.666,1.0242,58.83617672706133,57.5560507702742,59.55066563317507,56.61332235248522
300870.SZ,20241106,59.0,60.37,57.11,58.84,59.29,-0.45,-0.759,37781.39,222458.616,1.0242,58.38962116074024,58.54839647320996,59.90791008623195,56.672863094661366
300870.SZ,20241107,58.61,59.79,58.0,58.85,58.84,0.01,0.017,24813.54,145377.932,1.0242,58.39954461776959,58.16138164906501,59.3323495785292,57.5560507702742
300870.SZ,20241108,59.5,63.99,59.5,61.86,58.85,3.01,5.1147,48094.33,298373.942,1.0242,61.38650518360624,59.044569324677845,63.50020153085942,59.044569324677845
300870.SZ,20241111,62.0,65.0,61.27,63.46,61.86,1.6,2.5865,39772.0,253406.389,1.0242,62.97425830830346,61.52543358201724,64.50247069082452,60.80102121887414
300870.SZ,20241112,63.24,63.8,60.5,61.69,63.46,-1.77,-2.7892,30149.0,188082.805,1.0242,61.21780641410715,62.7559422536576,63.311655847301616,60.0369150276136
300870.SZ,20241113,61.08,62.5,60.2,61.88,61.69,0.19,0.308,23483.92,143969.282,1.0242,61.40635209766496,60.61247553531634,62.02160643348513,59.73921131673288
300870.SZ,20241114,61.89,62.08,58.85,59.24,61.88,-2.64,-4.2663,16553.0,100123.632,1.0242,58.78655944191454,61.41627555469431,61.60482123825211,58.39954461776959
300870.SZ,20241115,59.25,71.09,59.25,71.09,59.24,11.85,20.0034,105154.79,700320.978,1.0242,70.54585602170332,58.7964828989439,70.54585602170332,58.7964828989439
300870.SZ,20241118,75.01,76.87,70.32,74.35,71.09,3.26,4.5857,128146.19,939024.169,1.0242,73.7809030132739,74.43585117721152,76.28161418467202,69.78174983044278
300870.SZ,20241119,71.01,76.5,68.51,75.61,74.35,1.26,1.6947,96522.27,697815.928,1.0242,75.03125859897297,70.46646836546846,75.91444627458579,67.98560410812907
300870.SZ,20241120,73.0,81.53,72.7,75.29,75.61,-0.32,-0.4232,86886.4,675696.38,1.0242,74.71370797403353,72.44123631431063,80.90594516035269,72.14353260342989
300870.SZ,20241121,73.66,75.45,71.01,75.45,75.29,0.16,0.2125,73135.24,534186.956,1.0242,74.87248328650325,73.09618447824823,74.87248328650325,70.46646836546846
300870.SZ,20241122,74.5,78.01,69.68,70.0,75.45,-5.45,-7.2233,72970.7,535227.811,1.0242,69.46419920550335,73.92975486871427,77.41288828601881,69.1466485805639
300870.SZ,20241125,69.36,72.74,67.0,69.6,70.0,-0.4,-0.5714,44522.0,310104.322,1.0242,69.06726092432903,68.82909795562445,72.18322643154733,66.48716209669605
300870.SZ,20241126,69.0,75.5,68.24,72.48,69.6,2.88,4.1379,58038.36,414927.38,1.0242,71.92521654878404,68.47185350256757,74.92210057165003,67.7176707683364
300870.SZ,20241127,72.02,86.98,72.02,84.0,72.48,11.52,15.894,88875.22,716565.373,1.0242,83.357039046604,71.46873752543358,86.31422924135259,71.46873752543358
300870.SZ,20241128,82.95,92.0,81.24,86.63,84.0,2.63,3.131,77185.51,664685.451,1.0242,85.96690824532506,82.31507605852147,91.2958046700901,80.6181649065013
300870.SZ,20241129,85.3,88.6,83.51,84.82,86.63,-1.81,-2.0893,46021.71,393650.589,1.0242,84.17076252301133,84.6470884604205,87.92182928010851,82.8707896521655
300870.SZ,20241202,83.0,89.8,82.9,89.3,84.82,4.48,5.2818,55599.84,483971.944,1.0242,88.61647127216355,82.36469334366825,89.11264412363143,82.26545877337468
300870.SZ,20241203,88.43,91.98,84.9,86.42,89.3,-2.88,-3.2251,43687.5,384933.856,1.0242,85.75851564770855,87.75313051060944,91.2759577560314,84.2501501792462
300870.SZ,20241204,86.3,87.9,82.68,83.9,86.42,-2.52,-2.916,39339.0,334043.378,1.0242,83.25780447631044,85.63943416335626,87.22718728805349,82.04714271872881
300870.SZ,20241205,83.87,84.98,82.0,83.99,83.9,0.09,0.1073,29375.8,245662.171,1.0242,83.34711558957464,83.22803410522236,84.32953783548106,81.37234764073249
300870.SZ,20241206,85.0,85.12,82.1,82.27,83.99,-1.72,-2.0479,25418.8,211069.396,1.0242,81.64028098052513,84.34938474953978,84.46846623389207,81.47158221102605
300870.SZ,20241209,83.8,85.12,80.6,82.12,82.27,-0.15,-0.1823,31769.27,261465.32,1.0242,81.49142912508478,83.15856990601685,84.46846623389207,79.9830636566224
300870.SZ,20241210,84.8,84.86,80.18,83.56,82.12,1.44,1.7535,34485.0,285232.477,1.0242,82.92040693731228,84.15091560895262,84.21045635112877,79.5662784613894
300870.SZ,20241211,82.3,91.3,81.8,88.3,83.56,4.74,5.6726,50031.15,434079.888,1.0242,87.62412556922779,81.67005135161321,90.60116267803508,81.17387850014534
300870.SZ,20241212,89.0,92.71,85.88,87.74,88.3,-0.56,-0.6342,32486.71,288350.802,1.0242,87.06841197558374,88.31876756128283,92.00037011917448,85.22264896812324
300870.SZ,20241213,86.98,89.45,84.08,84.2,87.74,-3.54,-4.0346,29804.04,256517.889,1.0242,83.55550818719117,86.31422924135259,88.7653231276039,83.43642670283886
300870.SZ,20241216,85.0,92.0,83.76,90.16,84.2,5.96,7.0784,42949.02,379617.467,1.0242,89.4698885766883,84.34938474953978,91.2958046700901,83.11887607789944
300870.SZ,20241217,90.55,91.63,87.0,87.5,90.16,-2.66,-2.9503,26906.04,239549.832,1.0242,86.83024900687919,89.85690340083325,90.92863676000388,86.3340761554113
300870.SZ,20241218,89.0,99.85,84.08,94.48,87.5,6.98,7.9771,46009.0,425814.33,1.0242,93.7568220133708,88.31876756128283,99.08571843813584,83.43642670283886
300870.SZ,20241219,93.48,113.38,91.88,113.38,94.48,18.9,20.0042,84791.61,875067.423,1.0242,112.5121557988567,92.76447631043504,112.5121557988567,91.1767231857378
300870.SZ,20241220,109.0,118.3,107.1,113.37,113.38,-0.01,-0.0088,73411.28,823443.486,1.0242,112.50223234182737,108.16568161999804,117.39449665730064,106.2802247844201
300870.SZ,20241223,116.61,122.38,107.35,113.99,113.37,0.62,0.5469,69033.13,785452.314,1.0242,113.1174866776475,115.7174324193392,121.44326712527857,106.52831121015404
300870.SZ,20241224,110.7,112.0,102.06,107.0,113.99,-6.99,-6.1321,79448.11,848574.858,1.0242,106.18099021412654,109.85266931498886,111.14271872880532,101.27880244162388
300870.SZ,20241225,104.6,110.0,104.0,108.28,107.0,1.28,1.1963,42002.91,448758.688,1.0242,107.45119271388432,103.7993605270807,109.15802732293383,103.20395310531926
300870.SZ,20241226,108.2,126.8,107.0,124.0,108.28,15.72,14.5179,68392.01,807193.16,1.0242,123.05086716403449,107.37180505764944,125.82943513225464,106.18099021412654
300870.SZ,20241227,119.95,120.66,110.88,111.99,124.0,-12.01,-9.6855,57099.36,659377.909,1.0242,111.13279527177598,119.03186706714466,119.73643251622904,110.03129154151728
300870.SZ,20241230,110.92,116.79,106.68,112.79,111.99,0.8,0.7143,62572.99,701413.032,1.0242,111.9266718341246,110.07098536963473,115.89605464586764,105.8634395891871
300870.SZ,20241231,111.96,114.65,106.75,106.78,112.79,-6.01,-5.3285,48046.08,526659.018,1.0242,105.96267415948068,111.10302490068791,113.77243484158512,105.9329037883926
300870.SZ,20250102,105.29,110.9,102.93,107.9,106.78,1.12,1.0489,43078.03,463548.575,1.0242,107.07410134676871,104.4840790621064,110.051138455576,102.14214320317798
300870.SZ,20250103,107.2,107.64,97.56,97.99,107.9,-9.91,-9.1844,51115.61,519098.636,1.0242,97.23995543067532,106.37945935471367,106.81609146400542,96.81324677841296
300870.SZ,20250106,97.78,101.24,96.38,98.6,97.99,0.61,0.6225,37305.0,369018.066,1.0242,97.84528630946612,97.0315628330588,100.46507896521652,95.64227884894876
300870.SZ,20250107,97.7,111.0,97.2,110.96,98.6,12.36,12.5355,62319.29,662187.224,1.0242,110.11067919775216,96.95217517682396,110.15037302586958,96.45600232535608
300870.SZ,20250108,109.8,120.05,107.57,116.72,110.96,5.76,5.1911,67746.55,767225.934,1.0242,115.82659044666214,108.95955818234668,119.13110163743822,106.74662726479993
300870.SZ,20250109,116.0,122.43,115.58,117.22,116.72,0.5,0.4284,65257.79,777598.377,1.0242,116.32276329813004,115.1121015405484,121.49288441042536,114.69531634531538
300870.SZ,20250110,116.0,117.2,109.5,109.77,117.22,-7.45,-6.3556,49096.42,552828.381,1.0242,108.9297878112586,115.1121015405484,116.30291638407132,108.66185447146594
300870.SZ,20250113,106.99,109.31,104.04,106.0,109.77,-3.77,-3.4345,33093.51,351152.651,1.0242,105.18864451119076,106.17106675709717,108.47330878790817,103.2436469334367
300870.SZ,20250114,108.0,111.23,104.4,110.93,106.0,4.93,4.6509,50040.45,542890.203,1.0242,110.08090882666409,107.1733359170623,110.3786125375448,103.60089138649356
300870.SZ,20250115,109.03,111.0,105.02,107.1,110.93,-3.83,-3.4526,38300.78,409737.224,1.0242,106.2802247844201,108.19545199108612,110.15037302586958,104.21614572231373
300870.SZ,20250116,106.12,108.95,102.88,107.03,107.1,-0.07,-0.0654,46937.92,495778.624,1.0242,106.21076058521462,105.30772599554308,108.11606433485127,102.0925259180312
300870.SZ,20250117,106.86,108.0,102.0,107.6,107.03,0.57,0.5326,37733.81,396225.588,1.0242,106.776397635888,106.04206181571551,107.1733359170623,101.21926169944771
300870.SZ,20250120,108.2,113.99,106.32,112.63,107.6,5.03,4.6747,47002.9,521181.184,1.0242,111.76789652165488,107.37180505764944,113.1174866776475,105.50619513613022
300870.SZ,20250121,111.5,122.2,110.0,122.11,112.63,9.48,8.4169,60781.0,710724.534,1.0242,121.1753337854859,110.64654587733747,121.26464489875012,109.15802732293383
300870.SZ,20250122,123.75,142.88,123.75,135.98,122.11,13.87,11.3586,79614.2,1049811.951,1.0242,134.93916868520492,122.80278073830054,141.78635403546167,122.80278073830054
300870.SZ,20250123,133.51,136.97,127.7,130.0,135.98,-5.98,-4.3977,50187.63,660968.672,1.0242,129.00494138164905,132.4880747989536,135.92159093111133,126.72254626489682
300870.SZ,20250124,129.0,132.8,126.83,130.5,130.0,0.5,0.3846,42528.92,553063.062,1.0242,129.50111423311694,128.0125956787133,131.7835093498692,125.8592055033427
300870.SZ,20250127,125.37,127.53,119.8,121.33,130.5,-9.17,-7.0268,45161.1,556474.097,1.0242,120.401304137196,124.41038077705647,126.55384749539776,118.88301521170428
300870.SZ,20250205,119.0,120.72,105.0,110.21,121.33,-11.12,-9.1651,62095.99,687527.446,1.0242,109.36641992055031,118.08913864935568,119.7959732584052,104.196298808255
300870.SZ,20250206,111.8,114.76,111.01,113.59,110.21,3.38,3.0669,41619.3,470691.869,1.0242,112.72054839647322,110.9442495882182,113.88159286890806,110.16029648289894
300870.SZ,20250207,114.72,125.82,112.58,120.55,113.59,6.96,6.1273,59200.6,708045.318,1.0242,119.62727448890612,113.84189904079062,124.85693634337758,111.71827923650808
300870.SZ,20250210,124.2,126.3,118.62,126.2,120.55,5.65,4.6869,48481.54,594641.676,1.0242,125.23402771049317,123.24933630462164,125.33326228078674,117.71204728224008
300870.SZ,20250211,126.19,127.6,120.1,121.15,126.2,-5.05,-4.0016,39781.16,492147.971,1.0242,120.22268191066756,125.2241042534638,126.62331169460325,119.18071892258502
300870.SZ,20250212,130.0,135.2,125.33,128.12,121.15,6.97,5.7532,49731.44,645428.55,1.0242,127.13933146012984,129.00494138164905,134.165139036915,124.37068694893908
300870.SZ,20250213,125.46,128.56,120.72,121.7,128.12,-6.42,-5.0109,33811.59,415780.188,1.0242,120.76847204728224,124.49969189032068,127.57596356942156,119.7959732584052
300870.SZ,20250214,120.81,124.4,115.33,117.51,121.7,-4.19,-3.4429,38011.52,450808.736,1.0242,116.6105435519814,119.8852843716694,123.4478054452088,114.44722991958145
300870.SZ,20250217,116.66,131.97,116.61,127.7,117.51,10.19,8.6716,65528.8,830656.017,1.0242,126.72254626489682,115.767049704486,130.95986241643251,115.7174324193392
300870.SZ,20250218,127.0,129.42,120.0,123.11,127.7,-4.59,-3.5944,37742.47,468933.79,1.0242,122.16767948842168,126.02790427284177,128.42938087394631,119.08148435229144
300870.SZ,20250219,123.0,132.49,121.0,132.3,123.11,9.19,7.4649,49429.46,628483.375,1.0242,131.28733649840132,122.05852146109874,131.47588218195912,120.0738300552272
300870.SZ,20250220,131.15,132.0,127.08,130.52,132.3,-1.78,-1.3454,27243.76,352329.447,1.0242,129.52096114717563,130.1461389400252,130.98963278752058,126.10729192907664
300870.SZ,20250221,137.35,156.62,132.68,156.62,130.52,26.1,19.9969,64972.11,937993.57,1.0242,155.42118399379905,136.2986822982269,155.42118399379905,131.66442786551693
300870.SZ,20250224,149.7,182.88,148.88,166.88,156.62,10.26,6.5509,72336.07,1167224.214,1.0242,165.60265090591997,148.55415172948355,181.48018215289216,147.74042825307623
300870.SZ,20250225,160.0,166.32,153.62,163.16,166.88,-3.72,-2.2291,68176.01,1083095.304,1.0242,161.9111248909989,158.77531246972194,165.04693731227593,152.44414688499177
300870.SZ,20250226,162.34,163.12,153.0,156.1,163.16,-7.06,-4.327,57207.05,893082.096,1.0242,154.90516422827247,161.09740141459162,161.87143106288153,151.82889254917157
300870.SZ,20250227,156.98,158.0,145.61,149.86,156.1,-6.24,-3.9974,52580.04,789709.577,1.0242,148.7129270419533,155.7784284468559,156.7906210638504,144.49545780447633
300870.SZ,20250228,147.52,154.0,144.0,148.89,149.86,-0.97,-0.6473,42248.67,631698.432,1.0242,147.7503517101056,146.39083809708362,152.82123825210735,142.89778122274973
300870.SZ,20250303,144.01,145.0,128.6,130.5,148.89,-18.39,-12.3514,79926.35,1058079.765,1.0242,129.50111423311694,142.90770467977907,143.89012692568548,127.615657397539
300870.SZ,20250304,126.01,130.59,126.0,129.99,130.5,-0.51,-0.3908,51198.53,657917.128,1.0242,128.9950179246197,125.0454820269354,129.59042534638118,125.03555856990604
300870.SZ,20250305,132.01,144.55,128.0,144.55,129.99,14.56,11.2009,71757.98,966613.692,1.0242,143.4435713593644,130.99955624454992,143.4435713593644,127.02024997577756
300870.SZ,20250306,145.38,152.82,142.38,149.1,144.55,4.55,3.1477,76685.18,1124932.546,1.0242,147.9587443077221,144.26721829280106,151.65027032264314,141.29018118399378
300870.SZ,20250307,145.5,145.6,137.4,139.59,149.1,-9.51,-6.3783,60439.27,851129.664,1.0242,138.52153667280302,144.38629977715337,144.48553434744693,136.34829958337372
300870.SZ,20250310,139.57,149.95,139.21,147.49,139.59,7.9,5.6594,57233.3,831967.54,1.0242,146.36106772599555,138.50168975874428,148.8022381552175,138.14444530568744
300870.SZ,20250311,143.0,153.0,142.0,151.77,147.49,4.28,2.9019,55953.02,835676.633,1.0242,150.6083073345606,141.90543551981398,151.82889254917157,140.9130898168782
300870.SZ,20250312,152.82,177.6,151.0,156.3,151.77,4.53,2.9848,94270.71,1524523.271,1.0242,155.1036333688596,151.65027032264314,176.24059684139132,149.84420114330007
300870.SZ,20250313,156.29,162.26,152.88,158.5,156.3,2.2,1.4075,55090.27,865755.559,1.0242,157.28679391531827,155.09370991183025,161.01801375835674,151.7098110648193
300870.SZ,20250314,157.0,160.09,145.45,157.69,158.5,-0.81,-0.511,51919.04,800989.823,1.0242,156.48299389594033,155.79827536091463,158.86462358298616,144.3366824920066
300870.SZ,20250317,155.98,164.94,151.0,164.06,157.69,6.37,4.0396,43641.43,691444.998,1.0242,162.8042360236411,154.78608274392016,163.67750024222457,149.84420114330007
300870.SZ,20250318,162.99,166.8,155.77,157.0,164.06,-7.06,-4.3033,37569.95,599230.347,1.0242,155.79827536091463,161.74242612149985,165.52326324968513,154.57769014630367
300870.SZ,20250319,157.0,158.8,151.58,154.0,157.0,-3.0,-1.9108,26220.87,405822.254,1.0242,152.82123825210735,155.79827536091463,157.58449762619904,150.41976165100283
300870.SZ,20250320,151.75,153.0,146.2,147.17,154.0,-6.83,-4.4351,44460.7,659335.944,1.0242,146.04351710105607,150.5884604205019,151.82889254917157,145.08094176920838
300870.SZ,20250321,146.0,151.5,146.0,148.3,147.17,1.13,0.7678,31074.69,461576.206,1.0242,147.16486774537353,144.88247262862126,150.34037399476796,144.88247262862126
300870.SZ,20250324,145.5,151.0,139.58,144.66,148.3,-3.64,-2.4545,38874.77,559266.296,1.0242,143.55272938668733,144.38629977715337,149.84420114330007,138.51161321577368
300870.SZ,20250325,143.26,146.6,133.67,134.01,144.66,-10.65,-7.3621,46810.98,644696.497,1.0242,132.98424765042145,142.16344540257725,145.4778800503827,132.6468501114233
300870.SZ,20250326,133.0,137.35,133.0,136.47,134.01,2.46,1.8357,20762.02,281736.895,1.0242,135.42541807964344,131.98197849045636,136.2986822982269,131.98197849045636
300870.SZ,20250327,134.9,138.88,131.0,131.22,136.47,-5.25,-3.847,26461.38,356825.773,1.0242,130.2156031392307,133.8674353260343,137.8169712237186,129.99728708458483
300870.SZ,20250328,131.0,132.78,126.6,126.75,131.22,-4.47,-3.4065,34091.02,439844.686,1.0242,125.77981784710784,129.99728708458483,131.7636624358105,125.63096599166744
300870.SZ,20250331,125.51,129.0,114.5,127.03,126.75,0.28,0.2209,93048.6,1119122.645,1.0242,126.05767464392986,124.5493091754675,128.0125956787133,113.62358298614475
300870.SZ,20250401,126.46,127.6,119.91,120.58,127.03,-6.45,-5.0775,39217.24,482824.653,1.0242,119.6570448599942,125.49203759325646,126.62331169460325,118.9921732390272
300870.SZ,20250402,120.93,125.55,120.5,121.95,120.58,1.37,1.1362,29817.34,366681.145,1.0242,121.01655847301618,120.0043658560217,124.58900300358492,119.57765720375932
300870.SZ,20250403,120.0,122.0,116.0,116.99,121.95,-4.96,-4.0672,29685.15,351042.551,1.0242,116.0945237864548,119.08148435229144,121.06617575816296,115.1121015405484
300870.SZ,20250407,105.0,108.19,93.59,93.59,116.99,-23.4,-20.0017,40106.65,396530.565,1.0242,92.87363433775796,104.196298808255,107.3618816006201,92.87363433775796
300870.SZ,20250408,93.0,97.0,87.0,90.75,93.59,-2.84,-3.0345,61946.79,566536.501,1.0242,90.05537254142041,92.28815037302589,96.2575331847689,86.3340761554113
300870.SZ,20250409,88.4,95.36,80.0,93.51,90.75,2.76,3.0413,57946.3,525676.347,1.0242,92.7942466815231,87.72336013952136,94.63008623195428,79.38765623486097
300870.SZ,20250410,102.36,107.92,101.2,103.15,93.51,9.64,10.3091,64842.9,678758.261,1.0242,102.36045925782383,101.5765061525046,107.09394826082745,100.42538513709913
300870.SZ,20250411,103.15,107.68,101.5,105.28,103.15,2.13,2.065,40439.3,424482.326,1.0242,104.47415560507704,102.36045925782383,106.85578529212286,100.72308884797984
300870.SZ,20250414,106.66,109.5,103.0,107.99,105.28,2.71,2.5741,54498.01,582134.206,1.0242,107.16341246003294,105.84359267512836,108.66185447146594,102.21160740238348
300870.SZ,20250415,107.99,111.6,105.41,107.49,107.99,-0.5,-0.463,38777.15,417119.504,1.0242,106.66723960856504,107.16341246003294,110.74578044763103,104.60316054645868
300870.SZ,20250416,106.08,106.5,98.2,99.86,107.49,-7.63,-7.0983,58622.75,590867.631,1.0242,99.0956418951652,105.26803216742564,105.68481736265863,97.44834802829185
300870.SZ,20250417,100.0,102.0,98.0,98.27,99.86,-1.59,-1.5922,35674.31,356584.32,1.0242,97.51781222749732,99.2345702935762,101.21926169944771,97.24987888770468
300870.SZ,20250418,98.1,101.48,98.1,98.6,98.27,0.33,0.3358,23837.79,237708.415,1.0242,97.84528630946612,97.34911345799826,100.70324193392112,97.34911345799826
300870.SZ,20250421,98.0,106.88,98.0,106.36,98.6,7.76,7.8702,44271.67,455378.573,1.0242,105.54588896424764,97.24987888770468,106.06190872977425,97.24987888770468
300870.SZ,20250422,105.54,105.54,101.44,102.0,106.36,-4.36,-4.0993,36821.41,377828.404,1.0242,101.21926169944771,104.73216548784032,104.73216548784032,100.6635481058037
300870.SZ,20250423,104.27,109.99,102.6,109.61,102.0,7.61,7.4608,52509.36,558164.787,1.0242,108.77101249878888,103.4718864451119,109.14810386590446,101.81466912120918
300870.SZ,20250424,108.75,110.26,104.82,106.38,109.61,-3.23,-2.9468,47791.1,512467.599,1.0242,105.56573587830636,107.91759519426412,109.41603720569712,104.01767658172656
300870.SZ,20250425,105.0,107.0,99.3,103.38,106.38,-3.0,-2.8201,57509.53,590177.531,1.0242,102.58869876949908,104.196298808255,106.18099021412654,98.53992830152116
300870.SZ,20250428,105.0,109.9,104.47,105.72,103.38,2.34,2.2635,50266.73,536840.303,1.0242,104.91078771436877,104.196298808255,109.05879275264026,103.67035558569906
300870.SZ,20250429,104.5,108.27,103.78,105.25,105.72,-0.47,-0.4446,31723.23,335738.697,1.0242,104.44438523398895,103.70012595678712,107.44126925685494,102.9856370506734
300870.SZ,20250430,104.83,109.99,103.33,108.98,105.25,3.73,3.5439,47623.84,509705.644,1.0242,108.14583470593936,104.02760003875592,109.14810386590446,102.53908148435228
300870.SZ,20250506,116.67,127.38,114.08,126.89,108.98,17.91,16.4342,79309.72,958297.221,1.0242,125.91874624551885,115.77697316151536,126.40499563995736,113.20679779091172
300870.SZ,20250507,128.56,128.83,121.11,123.47,126.89,-3.42,-2.6952,59495.21,739669.052,1.0242,122.52492394147852,127.57596356942156,127.84389690921422,120.18298808255014
300870.SZ,20250508,124.22,130.42,123.48,126.33,123.47,2.86,2.3164,57982.86,733331.301,1.0242,125.3630326518748,123.26918321868035,129.4217265768821,122.53484739850788
300870.SZ,20250509,125.0,125.15,120.5,123.02,126.33,-3.31,-2.6201,38660.38,475392.187,1.0242,122.07836837515744,124.04321286697026,124.19206472241062,119.57765720375932
300870.SZ,20250512,125.0,126.92,119.62,126.28,123.02,3.26,2.65,45042.64,554729.034,1.0242,125.31341536672802,124.04321286697026,125.94851661660692,118.70439298517586
300870.SZ,20250513,127.0,128.37,121.18,123.0,126.28,-3.28,-2.5974,39866.37,496406.625,1.0242,122.05852146109874,126.02790427284177,127.38741788586375,120.25245228175564
300870.SZ,20250514,122.73,125.88,121.0,122.28,123.0,-0.72,-0.5854,31290.56,383857.067,1.0242,121.34403255498498,121.79058812130609,124.91647708555374,120.0738300552272
300870.SZ,20250515,121.39,121.39,112.0,112.15,122.28,-10.13,-8.2843,54740.27,627762.388,1.0242,111.2915705842457,120.46084487937216,120.46084487937216,111.14271872880532
300870.SZ,20250516,110.1,112.99,110.1,111.69,112.15,-0.46,-0.4102,30890.82,345480.361,1.0242,110.83509156089526,109.25726189322738,112.12514097471174,109.25726189322738
300870.SZ,20250519,111.36,111.44,107.01,108.15,111.69,-3.54,-3.1695,36583.69,396106.145,1.0242,107.32218777250267,110.50761747892646,110.58700513516132,106.1909136711559
300870.SZ,20250520,108.5,111.6,106.11,110.57,108.15,2.42,2.2376,32091.17,350480.029,1.0242,109.7236643736072,107.66950876853018,110.74578044763103,105.29780253851372
300870.SZ,20250521,110.57,110.77,106.66,107.1,110.57,-3.47,-3.1383,25656.71,276444.74,1.0242,106.2802247844201,109.7236643736072,109.92213351419436,105.84359267512836
300870.SZ,20250522,110.57,114.41,108.01,108.9,107.1,1.8,1.6807,56037.39,625585.318,1.0242,108.0664470497045,109.7236643736072,113.53427187288052,107.18325937409166
300870.SZ,20250523,106.08,107.4,103.5,104.0,108.9,-4.9,-4.4995,40210.72,422304.551,1.0242,103.20395310531926,105.26803216742564,106.57792849530084,102.70778025385135
300870.SZ,20250526,102.02,110.0,102.01,107.72,104.0,3.72,3.5769,38891.81,416473.021,1.0242,106.89547912024028,101.23910861350645,109.15802732293383,101.22918515647709
300870.SZ,20250527,107.46,108.8,103.79,104.5,107.72,-3.22,-2.9892,21441.19,225713.76,1.0242,103.70012595678712,106.63746923747698,107.9672124794109,102.99556050770276
300870.SZ,20250528,104.58,105.43,102.82,103.9,103.92,-0.02,-0.0192,17664.22,183477.049,1.0299,103.67852921228564,104.35707974033524,105.20526790039726,102.60083131479507
300870.SZ,20250529,104.29,105.98,103.82,104.55,103.9,0.65,0.6256,21623.51,226547.45,1.0299,104.32714368762716,104.06769789749056,105.75409553337856,103.59869973839744
300870.SZ,20250530,103.4,104.2,99.9,100.94,104.55,-3.61,-3.4529,27359.31,276853.96,1.0299,100.72483867842264,103.17959500048444,103.97788973936636,99.68705551787616
300870.SZ,20250603,101.2,102.6,99.7,99.97,100.94,-0.97,-0.961,20920.91,211629.924,1.0299,99.75690630752834,100.98428446855924,102.38130026160256,99.48748183315573
300870.SZ,20250604,100.0,104.25,98.45,102.99,99.97,3.02,3.0209,47599.99,484473.546,1.0299,102.77046894680748,99.78684236023642,104.02778316054646,98.24014630365276
300870.SZ,20250605,102.5,112.34,100.3,111.03,102.99,8.04,7.8066,68829.12,738453.779,1.0299,110.7933310725705,102.28151341924232,112.1005387074896,100.08620288731711
300870.SZ,20250606,109.09,113.75,109.09,112.04,111.03,1.01,0.9097,45333.74,507311.224,1.0299,111.80117818040888,108.8574663307819,113.50753318476892,108.8574663307819
300870.SZ,20250609,112.3,114.51,110.5,112.16,112.04,0.12,0.1071,33485.37,377151.936,1.0299,111.92092239124116,112.06062397054548,114.26591318670673,110.26446080806124
300870.SZ,20250610,113.26,113.63,108.54,111.17,112.16,-0.99,-0.8827,26733.49,295135.255,1.0299,110.9330326518748,113.01857765720376,113.38778897393662,108.3086386978006
300870.SZ,20250611,111.18,111.19,108.1,108.57,111.17,-2.6,-2.3388,23086.35,252539.206,1.0299,108.33857475050868,110.94301133611086,110.95299002034687,107.86957659141557
300870.SZ,20250612,108.0,115.85,106.83,113.02,108.57,4.45,4.0987,47355.98,536511.349,1.0299,112.7790892355392,107.76978974905532,115.60305687433387,106.60228369344055
300870.SZ,20250613,111.47,114.5,111.11,111.8,113.02,-1.22,-1.0795,34833.82,390997.249,1.0299,111.56168975874432,111.23239317895552,114.2559345024707,110.87316054645868
300870.SZ,20250616,110.1,116.81,109.91,113.48,111.8,1.68,1.5027,30334.61,345730.611,1.0299,113.23810871039628,109.86531343862028,116.56101056099216,109.67571843813585
300870.SZ,20250617,112.69,113.86,109.09,109.78,113.48,-3.7,-3.2605,25045.98,276934.456,1.0299,109.54599554306756,112.4497926557504,113.61729871136518,108.8574663307819
300870.SZ,20250618,109.38,115.2,107.4,114.38,109.78,4.6,4.1902,40735.28,455711.083,1.0299,114.1361902916384,109.1468481736266,114.95444239899234,107.17106869489392
300870.SZ,20250619,120.01,124.0,115.5,116.42,114.38,2.04,1.7835,71230.99,856815.455,1.0299,116.17184187578724,119.75418951651972,123.73568452669316,115.25380292607304
300870.SZ,20250620,114.63,116.52,110.02,111.35,116.42,-5.07,-4.3549,44281.98,497935.016,1.0299,111.11264896812324,114.385657397539,116.27162871814744,109.7854839647321
300870.SZ,20250623,110.0,115.69,109.9,112.71,111.35,1.36,1.2214,31489.61,353649.836,1.0299,112.46975002422244,109.76552659626005,115.4433979265575,109.66573975389984
300870.SZ,20250624,114.49,117.73,113.0,115.23,112.71,2.52,2.2358,49538.16,569773.632,1.0299,114.98437845170042,114.24595581823466,117.47904951070632,112.75913186706715
300870.SZ,20250625,118.99,124.98,118.0,121.4,115.23,6.17,5.3545,83684.02,1017229.29,1.0299,121.141226625327,118.7363637244453,124.71359558182348,117.74847398507896
300870.SZ,20250626,121.4,123.0,116.98,117.18,121.4,-4.22,-3.4761,49611.64,594343.567,1.0299,116.93022187772505,121.141226625327,122.73781610309078,116.73064819300455
300870.SZ,20250627,116.69,125.52,115.0,124.04,117.18,6.86,5.8542,65902.22,805547.459,1.0299,123.77559926363726,116.44126635015988,125.25244453056872,114.75486871427188
300870.SZ,20250630,124.04,129.0,123.67,126.5,124.04,2.46,1.9832,55503.83,701185.336,1.0299,126.23035558569909,123.77559926363726,128.72502664470497,123.40638794690436
300870.SZ,20250701,126.0,128.6,124.59,126.9,126.5,0.4,0.3162,40166.97,509334.523,1.0299,126.62950295514,125.73142137389787,128.32587927526404,124.32442689661856
300870.SZ,20250702,125.3,126.2,121.89,125.18,126.9,-1.72,-1.3554,30497.15,378686.723,1.0299,124.91316926654396,125.03291347737624,125.93099505861836,121.63018215289216
300870.SZ,20250703,125.0,125.88,120.13,121.31,125.18,-3.87,-3.0915,35982.75,438365.368,1.0299,121.0514184672028,124.73355295029552,125.6116771630656,119.873933727352
300870.SZ,20250704,122.37,124.2,118.7,119.41,121.31,-1.9,-1.5662,41862.9,508620.409,1.0299,119.1554684623583,122.10915899622132,123.93525821141364,118.44698188160062
300870.SZ,20250707,117.56,121.75,116.34,119.69,119.41,0.28,0.2345,23482.06,278841.499,1.0299,119.43487162096696,117.30941187869392,121.49048057358785,116.09201240189904
300870.SZ,20250708,118.49,122.88,118.11,122.64,119.69,2.95,2.4647,28472.42,345553.306,1.0299,122.37858347059394,118.23742951264413,122.6180718922585,117.85823951167524
300870.SZ,20250709,122.63,123.6,119.28,120.07,122.64,-2.57,-2.0956,29377.45,355348.103,1.0299,119.81406162193586,122.3686047863579,123.3365371572522,119.02574556729
300870.SZ,20250710,119.91,124.15,119.91,120.89,120.07,0.82,0.6829,25429.6,310335.617,1.0299,120.6323137292898,119.65440267415948,123.88536479023352,119.65440267415948
300870.SZ,20250711,120.0,121.39,118.3,119.98,120.89,-0.91,-0.7528,23778.1,285008.123,1.0299,119.72425346381166,119.7442108322837,121.131247941091,118.04783451215968
300870.SZ,20250714,125.25,131.8,124.0,128.4,119.98,8.42,7.0178,65618.05,840724.307,1.0299,128.12630559054355,124.98302005619612,131.5190582307916,123.73568452669316
300870.SZ,20250715,130.0,142.83,129.88,140.29,128.4,11.89,9.2601,88812.73,1234836.02,1.0299,139.99096114717565,129.72289506830734,142.5255469431257,129.60315085747504
300870.SZ,20250716,140.25,147.88,138.66,140.35,140.29,0.06,0.0428,67803.48,969330.951,1.0299,140.0508332525918,139.95104641023158,147.5647824823176,138.36443561670382
300870.SZ,20250717,140.4,142.1,137.0,140.49,140.35,0.14,0.0998,46304.57,648645.011,1.0299,140.19053483189614,140.10072667377193,141.79710299389595,136.7079740335239
300870.SZ,20250718,140.85,147.77,139.12,139.57,140.49,-0.92,-0.6549,45241.9,646241.011,1.0299,139.27249588218197,140.549767464393,147.45501695572136,138.8234550915609
300870.SZ,20250721,136.5,137.89,130.52,132.0,139.57,-7.57,-5.4238,58290.59,776040.756,1.0299,131.71863191551205,136.2090398217227,137.59607693053,130.24178664858056
300870.SZ,20250722,133.0,134.69,129.06,129.7,132.0,-2.3,-1.7424,38876.96,510970.675,1.0299,129.42353454122662,132.71650033911442,134.40289797500242,128.7848987501211
300870.SZ,20250723,128.82,132.15,127.86,129.67,129.7,-0.03,-0.0231,33624.35,436881.808,1.0299,129.39359848851856,128.54541032845654,131.86831217905242,127.58745664179828
300870.SZ,20250724,130.44,131.2,128.72,130.04,129.67,0.37,0.2853,27461.81,356193.181,1.0299,129.7628098052514,130.1619571746924,130.92033717663014,128.4456234860963
300870.SZ,20250725,130.58,131.26,127.1,131.15,130.04,1.11,0.8536,30039.34,388345.668,1.0299,130.87044375545008,130.30165875399672,130.9802092820463,126.82907663986047
300870.SZ,20250728,133.0,134.16,131.0,131.9,131.15,0.75,0.5719,33274.04,439139.81,1.0299,131.61884507315185,132.71650033911442,133.87402771049315,130.7207634919097
300870.SZ,20250729,131.0,136.99,127.95,134.68,131.9,2.78,2.1077,54277.17,715262.948,1.0299,134.39291929076643,130.7207634919097,136.69799534928788,127.6772647999225
300870.SZ,20250730,133.0,136.0,129.3,129.97,134.68,-4.71,-3.4972,39186.14,516870.359,1.0299,129.69295901559926,132.71650033911442,135.71010560992153,129.0243871717857
300870.SZ,20250731,129.97,137.35,129.8,132.28,129.97,2.31,1.7773,67474.94,905320.237,1.0299,131.99803507412074,129.69295901559926,137.0572279817847,129.52332138358688
300870.SZ,20250801,132.68,136.8,128.56,128.66,132.28,-3.62,-2.7366,47545.52,625955.573,1.0299,128.38575138068018,132.39718244356166,136.5084003488034,128.28596453831992
300870.SZ,20250804,128.0,139.48,127.0,137.44,128.66,8.78,6.8242,73570.71,994672.567,1.0299,137.14703613990892,127.7271582211026,139.18268772405776,126.72928979750024
300870.SZ,20250805,137.5,141.5,134.67,140.11,137.44,2.67,1.9427,50238.28,694707.895,1.0299,139.81134483092725,137.20690824532508,141.19838193973453,134.38294060653035
300870.SZ,20250806,139.6,144.93,139.0,140.85,140.11,0.74,0.5282,38387.33,541875.32,1.0299,140.549767464393,139.30243193489005,144.62107063269062,138.7037108807286
300870.SZ,20250807,139.85,141.31,135.4,136.5,140.85,-4.35,-3.0884,31984.73,440272.295,1.0299,136.2090398217227,139.55189904079063,141.00878693925006,135.1113845557601
300870.SZ,20250808,136.46,139.5,134.48,136.15,136.5,-0.35,-0.2564,29678.53,405098.036,1.0299,135.85978587346187,136.1691250847786,139.2026450925298,134.1933456060459
300870.SZ,20250811,145.01,163.38,145.01,163.38,136.15,27.23,20.0,75275.27,1186732.903,1.0299,163.03174304815423,144.7009001065788,163.03174304815423,144.7009001065788
300870.SZ,20250812,163.38,167.0,158.55,163.37,163.38,-0.01,-0.0061,82979.55,1348557.427,1.0299,163.0217643639182,163.03174304815423,166.6440267415948,158.21203856215485
300870.SZ,20250813,166.01,187.88,160.68,183.5,163.37,20.13,12.3217,120170.57,2106476.213,1.0299,183.1088557310338,165.65613700222846,187.47951942641217,160.3374983044279
300870.SZ,20250814,180.0,220.2,179.83,208.23,183.5,24.73,13.4768,125670.82,2503086.704,1.0299,207.78614184672023,179.61631624842553,219.73062687724047,179.44667861641318
300870.SZ,20250815,208.0,249.88,208.0,248.5,208.23,40.27,19.3392,120228.1,2801411.235,1.0299,247.97030326518748,207.5566321092917,249.3473616897587,207.5566321092917
300870.SZ,20250818,240.62,270.0,230.1,249.0,248.5,0.5,0.2012,111742.66,2742021.587,1.0299,248.4692374769887,240.10710008720088,269.4244743726383,229.609524270904
300870.SZ,20250819,248.97,259.99,241.0,257.76,249.0,8.76,3.5181,83133.28,2084124.565,1.0299,257.21056486774535,248.4393014242806,259.4358114523787,240.48629008816977
300870.SZ,20250820,244.0,249.85,227.2,248.04,257.76,-9.72,-3.7709,71230.95,1715453.011,1.0299,247.5112837903304,243.47989535897685,249.31742563705063,226.7157058424571
300870.SZ,20250821,248.0,257.75,239.98,253.0,248.04,4.96,1.9997,71044.37,1768645.227,1.0299,252.4607111713981,247.4713690533863,257.20058618350936,239.46846429609533
300870.SZ,20250822,254.5,275.82,248.01,268.75,253.0,15.75,6.2253,80324.34,2094208.623,1.0299,268.1771388431353,253.95751380680167,275.2320685980041,247.48134773762231
300870.SZ,20250825,260.71,270.85,250.1,264.0,268.75,-4.75,-1.7674,82225.81,2138937.272,1.0299,263.4372638310241,260.15427671737234,270.27266253270034,249.56689274295127
300870.SZ,20250826,262.01,269.6,249.7,249.88,264.0,-14.12,-5.3485,62394.12,1604526.014,1.0299,249.3473616897587,261.45150566805546,269.0253270031974,249.1677453735103
300870.SZ,20250827,241.0,283.0,240.99,262.0,249.88,12.12,4.8503,99117.47,2624185.543,1.0299,261.4415269838194,240.48629008816977,282.39676387946906,240.4763114039337
300870.SZ,20250828,258.0,281.9,255.2,280.04,262.0,18.04,6.8855,75719.64,2052473.417,1.0299,279.4430733456061,257.45005328940994,281.2991086135064,254.6560217033233
300870.SZ,20250829,265.0,276.0,263.0,267.08,280.04,-12.96,-4.6279,75883.92,2043225.064,1.0299,266.5106985757194,264.43513225462647,275.41168491425253,262.4393954074217
300870.SZ,20250901,276.01,279.78,251.25,255.58,267.08,-11.5,-4.3058,69904.03,1810182.362,1.0299,255.0352117042923,275.4216635984885,279.1836275554694,250.714441430094
300870.SZ,20250902,255.58,259.78,224.03,227.11,255.58,-28.47,-11.1394,104214.29,2470045.37,1.0299,226.62589768433293,255.0352117042923,259.2262590834221,223.5524629396376
300870.SZ,20250903,229.0,231.29,216.41,218.47,227.11,-8.64,-3.8043,71981.4,1598310.982,1.0299,218.00431450440848,228.5118690049414,230.7969876949908,215.9487055517876
300870.SZ,20250904,225.42,232.0,206.0,209.83,218.47,-8.64,-3.9548,73045.02,1596261.234,1.0299,209.38273132448407,224.9395000484449,231.50547427574847,205.560895262087
300870.SZ,20250905,213.31,218.0,206.0,216.58,209.83,6.75,3.2169,58895.86,1249265.534,1.0299,216.1183431838,212.8553134386203,217.53531634531527,205.560895262087
300870.SZ,20250908,214.81,215.0,204.51,207.95,216.58,-8.63,-3.9847,44592.31,931968.478,1.0299,207.5067386881116,214.35211607402383,214.5417110745083,204.0740713109195
300870.SZ,20250909,206.27,209.0,202.1,203.5,207.95,-4.45,-2.1399,28882.04,592443.093,1.0299,203.0662242030811,205.83031973645964,208.55450053289408,201.66920841003773
300870.SZ,20250910,210.01,215.65,203.52,210.08,203.5,6.58,3.2334,71107.2,1496563.805,1.0299,209.63219843038468,209.5623476407325,215.19032554984983,203.0861815715532
300870.SZ,20250911,214.0,229.9,207.0,226.45,210.08,16.37,7.7923,104532.06,2303748.213,1.0299,225.9673045247553,213.543842650906,229.4099505861835,206.55876368568937
300870.SZ,20250912,232.0,233.0,224.36,224.5,226.45,-1.95,-0.8611,68358.34,1555222.912,1.0299,224.02146109873075,231.50547427574847,232.50334269935084,223.8817595194264
300870.SZ,20250915,220.01,237.97,212.0,228.22,224.5,3.72,1.657,71805.38,1623837.667,1.0299,227.7335316345316,219.5410318767561,237.4627487646546,211.5481058037012
300870.SZ,20250916,227.48,228.0,213.0,221.45,228.22,-6.77,-2.9664,64500.98,1420529.961,1.0299,220.9779624067435,226.9951090010658,227.51400058133905,212.5459742273036
300870.SZ,20250917,221.08,226.6,216.77,219.22,221.45,-2.23,-1.007,44740.33,990060.231,1.0299,218.75271582211025,220.60875109001068,226.1169847882957,216.3079381842845
300870.SZ,20250918,219.01,229.9,216.0,222.08,219.22,2.86,1.3046,51285.43,1142994.984,1.0299,221.60661951361303,218.54316345315377,229.4099505861835,215.53957949811067
300870.SZ,20250919,221.9,222.0,210.29,210.49,222.08,-11.59,-5.2188,48681.29,1040719.156,1.0299,210.04132448406165,221.42700319736463,221.52679003972483,209.8417507993412
300870.SZ,20250922,211.2,218.0,210.65,217.01,210.49,6.52,3.0975,42443.65,915253.007,1.0299,216.54742660594903,210.7498110648193,217.53531634531527,210.200983431838
300870.SZ,20250923,222.01,226.66,209.0,216.49,217.01,-0.52,-0.2396,59253.22,1299644.054,1.0299,216.0285350256758,221.53676872396085,226.17685689371183,208.55450053289408
300870.SZ,20250924,210.0,227.0,203.96,220.58,216.49,4.09,1.8892,54648.59,1190515.754,1.0299,220.1098168782095,209.55236895649645,226.51613215773668,203.5252436779382
300870.SZ,20250925,220.58,225.68,211.18,219.07,220.58,-1.51,-0.6846,52311.51,1142265.23,1.0299,218.6030355585699,220.1098168782095,225.19894583858155,210.72985369634728
300870.SZ,20250926,218.0,221.0,202.28,203.28,219.07,-15.79,-7.2077,57110.51,1182169.303,1.0299,202.84669314988847,217.53531634531527,220.5289216161225,201.8488247262862
300870.SZ,20250929,203.33,213.13,202.28,211.73,203.28,8.45,4.1568,38610.09,805540.157,1.0299,211.2786813293285,202.8965865710687,212.67569712237187,201.8488247262862
300870.SZ,20250930,211.83,233.6,210.2,215.5,211.73,3.77,1.7806,67000.8,1471842.314,1.0299,215.04064528630948,211.3784681716888,233.10206375351223,209.7519426412169
300870.SZ,20251009,230.64,244.88,223.1,223.99,215.5,8.49,3.9397,93607.37,2205296.472,1.0299,223.51254820269355,230.14837321964924,244.3580195717469,222.62444530568743
300870.SZ,20251010,221.0,221.98,206.68,208.2,223.99,-15.79,-7.0494,68153.86,1443984.141,1.0299,207.7562057940121,220.5289216161225,221.5068326712528,206.2394457901366
300870.SZ,20251013,196.86,203.43,191.2,200.15,208.2,-8.05,-3.8665,50037.06,996329.242,1.0299,199.7233649840132,196.44037787036143,202.99637341342896,190.792442592772
300870.SZ,20251014,200.0,211.49,188.11,189.3,200.15,-10.85,-5.4209,60660.71,1204299.181,1.0299,188.89649258792755,199.57368472047284,211.039192907664,187.7090291638408
300870.SZ,20251015,188.09,198.36,183.8,198.01,189.3,8.71,4.6012,48591.86,930956.384,1.0299,197.5879265575041,187.68907179536868,197.93718050576496,183.4082162581145
300870.SZ,20251016,198.0,203.88,195.2,198.48,198.01,0.47,0.2374,36081.9,720507.417,1.0299,198.0569247165972,197.57794787326807,203.44541420405,194.78391628718143
300870.SZ,20251017,198.07,198.5,181.02,181.26,198.05,-16.79,-8.4777,49364.6,918348.057,1.0321,181.26,198.07,198.5,181.02
300870.SZ,20251020,184.2,189.99,183.9,186.1,181.26,4.84,2.6702,37313.46,695981.373,1.0321,186.1,184.2,189.99,183.9
300870.SZ,20251021,186.5,193.45,184.5,191.8,186.1,5.7,3.0629,29625.33,562553.516,1.0321,191.8,186.5,193.45,184.5
300870.SZ,20251022,190.8,193.55,188.0,192.01,191.8,0.21,0.1095,25098.43,480760.539,1.0321,192.01,190.8,193.55,188.0
300870.SZ,20251023,190.6,191.94,184.58,188.07,192.01,-3.94,-2.052,21298.14,397872.546,1.0321,188.07,190.6,191.94,184.58
300870.SZ,20251024,190.76,199.8,187.2,199.8,188.07,11.73,6.237,39563.4,769944.635,1.0321,199.8,190.76,199.8,187.2
300870.SZ,20251027,215.23,222.29,208.14,210.54,199.8,10.74,5.3754,78763.2,1683168.924,1.0321,210.54,215.23,222.29,208.14
300870.SZ,20251028,208.0,221.99,199.0,209.58,210.54,-0.96,-0.456,85608.21,1787922.814,1.0321,209.58,208.0,221.99,199.0
300870.SZ,20251029,209.0,222.15,205.01,220.49,209.58,10.91,5.2056,76938.35,1645512.99,1.0321,220.49,209.0,222.15,205.01
300870.SZ,20251030,228.02,229.6,205.17,206.4,220.49,-14.09,-6.3903,76758.81,1638580.875,1.0321,206.4,228.02,229.6,205.17
300870.SZ,20251031,206.42,207.38,193.56,195.0,206.4,-11.4,-5.5233,53551.49,1061855.823,1.0321,195.0,206.42,207.38,193.56
300870.SZ,20251103,195.01,206.95,192.57,206.41,195.0,11.41,5.8513,61473.63,1234615.014,1.0321,206.41,195.01,206.95,192.57
300870.SZ,20251104,203.74,207.73,201.2,202.61,206.41,-3.8,-1.841,29851.65,607294.986,1.0321,202.61,203.74,207.73,201.2
300870.SZ,20251105,196.0,202.83,193.01,198.63,202.61,-3.98,-1.9644,35168.44,695950.875,1.0321,198.63,196.0,202.83,193.01
300870.SZ,20251106,198.11,220.4,197.5,218.2,198.63,19.57,9.8525,84926.69,1799501.735,1.0321,218.2,198.11,220.4,197.5
300870.SZ,20251107,212.62,215.72,206.21,208.62,218.2,-9.58,-4.3905,53279.42,1118736.106,1.0321,208.62,212.62,215.72,206.21
300870.SZ,20251110,209.12,214.0,196.8,203.76,208.62,-4.86,-2.3296,45336.44,921547.724,1.0321,203.76,209.12,214.0,196.8
300870.SZ,20251111,206.01,207.0,190.14,191.38,203.76,-12.38,-6.0758,47328.44,928534.246,1.0321,191.38,206.01,207.0,190.14
300870.SZ,20251112,189.36,190.99,183.84,187.0,191.38,-4.38,-2.2886,28513.41,533329.255,1.0321,187.0,189.36,190.99,183.84
300870.SZ,20251113,186.0,192.68,184.7,191.09,187.0,4.09,2.1872,29638.55,561269.953,1.0321,191.09,186.0,192.68,184.7
300870.SZ,20251114,186.0,186.07,177.8,178.13,191.09,-12.96,-6.7821,39613.9,716577.418,1.0321,178.13,186.0,186.07,177.8
300870.SZ,20251117,178.14,187.97,178.14,183.9,178.13,5.77,3.2392,39423.1,725463.484,1.0321,183.9,178.14,187.97,178.14
300870.SZ,20251118,183.0,185.75,179.89,182.03,183.9,-1.87,-1.0169,18925.35,345677.029,1.0321,182.03,183.0,185.75,179.89
300870.SZ,20251119,181.99,188.5,178.71,180.8,182.03,-1.23,-0.6757,25378.38,465782.119,1.0321,180.8,181.99,188.5,178.71
300870.SZ,20251120,186.0,187.8,178.57,182.38,180.8,1.58,0.8739,26489.27,483348.659,1.0321,182.38,186.0,187.8,178.57
300870.SZ,20251121,176.12,178.5,171.17,171.5,182.38,-10.88,-5.9656,33191.91,576860.907,1.0321,171.5,176.12,178.5,171.17
300870.SZ,20251124,173.92,189.75,173.92,186.18,171.5,14.68,8.5598,73339.4,1345255.391,1.0321,186.18,173.92,189.75,173.92
300870.SZ,20251125,206.0,223.42,200.0,214.96,186.18,28.78,15.4582,134754.5,2893708.727,1.0321,214.96,206.0,223.42,200.0
300870.SZ,20251126,210.67,228.81,210.3,220.99,214.96,6.03,2.8052,118070.87,2601451.624,1.0321,220.99,210.67,228.81,210.3
300870.SZ,20251127,218.28,223.99,211.85,212.5,220.99,-8.49,-3.8418,72127.0,1564195.187,1.0321,212.5,218.28,223.99,211.85
300870.SZ,20251128,212.53,213.99,206.88,209.24,212.5,-3.26,-1.5341,46341.43,972326.113,1.0321,209.24,212.53,213.99,206.88
300870.SZ,20251201,208.0,209.02,199.73,201.24,209.24,-8.0,-3.8234,61476.37,1241207.733,1.0321,201.24,208.0,209.02,199.73
300870.SZ,20251202,199.23,200.0,193.88,194.86,201.24,-6.38,-3.1703,37044.24,725664.496,1.0321,194.86,199.23,200.0,193.88
300870.SZ,20251203,194.85,198.23,192.58,192.75,194.86,-2.11,-1.0828,40354.53,786406.722,1.0321,192.75,194.85,198.23,192.58
300870.SZ,20251204,193.01,195.35,189.02,193.55,192.75,0.8,0.415,36142.31,697072.217,1.0321,193.55,193.01,195.35,189.02
300870.SZ,20251205,194.0,196.37,189.02,193.0,193.55,-0.55,-0.2842,41315.04,799053.669,1.0321,193.0,194.0,196.37,189.02
300870.SZ,20251208,193.2,205.4,192.94,203.62,193.0,10.62,5.5026,60676.6,1223342.123,1.0321,203.62,193.2,205.4,192.94
300870.SZ,20251209,221.31,230.28,213.0,216.83,203.62,13.21,6.4876,111230.63,2443394.288,1.0321,216.83,221.31,230.28,213.0
300870.SZ,20251210,216.24,217.03,206.4,210.98,216.83,-5.85,-2.698,61049.45,1281574.324,1.0321,210.98,216.24,217.03,206.4
300870.SZ,20251211,211.0,213.85,201.0,201.0,210.98,-9.98,-4.7303,42697.56,876874.405,1.0321,201.0,211.0,213.85,201.0
300870.SZ,20251212,202.01,216.99,198.38,215.15,201.0,14.15,7.0398,71338.93,1493203.551,1.0321,215.15,202.01,216.99,198.38
300870.SZ,20251215,210.0,211.8,205.31,206.89,215.15,-8.26,-3.8392,48584.61,1010342.946,1.0321,206.89,210.0,211.8,205.31
300870.SZ,20251216,209.96,212.12,196.37,200.11,206.89,-6.78,-3.2771,49436.97,999185.3,1.0321,200.11,209.96,212.12,196.37
300870.SZ,20251217,205.01,220.98,205.01,219.16,200.11,19.05,9.5198,90669.12,1944635.089,1.0321,219.16,205.01,220.98,205.01
300870.SZ,20251218,215.0,220.98,211.5,213.0,219.16,-6.16,-2.8107,47904.0,1031251.215,1.0321,213.0,215.0,220.98,211.5
300870.SZ,20251219,217.25,219.0,205.63,206.12,213.0,-6.88,-3.23,54027.04,1133898.084,1.0321,206.12,217.25,219.0,205.63
300870.SZ,20251222,209.97,217.9,206.3,215.65,206.12,9.53,4.6235,62740.47,1331752.191,1.0321,215.65,209.97,217.9,206.3
300870.SZ,20251223,215.0,230.0,212.6,225.7,215.65,10.05,4.6603,82365.72,1847982.282,1.0321,225.7,215.0,230.0,212.6
300870.SZ,20251224,229.99,257.6,228.0,246.6,225.7,20.9,9.2601,103235.24,2544021.771,1.0321,246.6,229.99,257.6,228.0
300870.SZ,20251225,242.44,242.44,231.64,234.3,246.6,-12.3,-4.9878,76152.13,1795068.886,1.0321,234.3,242.44,242.44,231.64
300870.SZ,20251226,231.5,233.0,222.0,226.82,234.3,-7.48,-3.1925,57183.85,1298916.143,1.0321,226.82,231.5,233.0,222.0
300870.SZ,20251229,226.8,236.71,226.28,232.9,226.82,6.08,2.6805,66357.02,1540352.859,1.0321,232.9,226.8,236.71,226.28
300870.SZ,20251230,222.8,228.9,217.43,218.96,232.9,-13.94,-5.9854,73515.39,1631197.1,1.0321,218.96,222.8,228.9,217.43
300870.SZ,20251231,218.97,229.88,217.78,221.0,218.96,2.04,0.9317,54840.7,1223115.049,1.0321,221.0,218.97,229.88,217.78
300870.SZ,20260105,219.6,231.2,219.01,230.1,221.0,9.1,4.1176,56172.89,1273939.88,1.0321,230.1,219.6,231.2,219.01
300870.SZ,20260106,228.26,233.0,221.0,227.97,230.1,-2.13,-0.9257,55718.25,1255706.898,1.0321,227.97,228.26,233.0,221.0
300870.SZ,20260107,224.79,239.01,222.6,239.01,227.97,11.04,4.8427,75764.41,1770813.087,1.0321,239.01,224.79,239.01,222.6
300870.SZ,20260108,237.0,254.5,234.11,245.12,239.01,6.11,2.5564,76488.82,1879498.662,1.0321,245.12,237.0,254.5,234.11
300870.SZ,20260109,243.89,259.0,236.0,251.53,245.12,6.41,2.615,69604.93,1743995.817,1.0321,251.53,243.89,259.0,236.0
300870.SZ,20260112,252.95,253.0,237.18,240.0,251.53,-11.53,-4.5839,81437.08,1980313.902,1.0321,240.0,252.95,253.00000000000003,237.18
300870.SZ,20260113,239.0,244.3,228.19,231.11,240.0,-8.89,-3.7042,58927.53,1380761.982,1.0321,231.11,239.0,244.3,228.19
300870.SZ,20260114,233.0,243.8,226.45,236.0,231.11,4.89,2.1159,68553.27,1608572.306,1.0321,236.0,233.0,243.8,226.45
300870.SZ,20260115,230.49,236.99,229.1,236.16,236.0,0.16,0.0678,36723.43,855289.521,1.0321,236.16,230.49,236.99,229.1
300870.SZ,20260116,239.14,240.44,229.1,231.0,236.16,-5.16,-2.185,46706.07,1086504.749,1.0321,231.0,239.14,240.44,229.1
300870.SZ,20260119,228.01,237.0,222.8,235.98,231.0,4.98,2.1558,56102.06,1293353.93,1.0321,235.98,228.01,237.0,222.8
300870.SZ,20260120,233.0,233.47,215.51,217.51,235.98,-18.47,-7.8269,54914.13,1227428.834,1.0321,217.51,233.0,233.47,215.51
300870.SZ,20260121,214.97,227.98,213.13,226.89,217.51,9.38,4.3124,46001.63,1031484.279,1.0321,226.89,214.97,227.98,213.13
300870.SZ,20260122,230.0,233.18,221.31,225.8,226.89,-1.09,-0.4804,40939.57,919319.679,1.0321,225.8,230.0,233.18,221.31
300870.SZ,20260123,224.0,224.0,216.07,218.0,225.8,-7.8,-3.4544,46489.11,1017642.401,1.0321,218.0,224.0,224.0,216.07
300870.SZ,20260126,220.0,224.8,218.0,220.85,218.0,2.85,1.3073,44828.6,994083.805,1.0321,220.85,220.0,224.8,218.0
300870.SZ,20260127,220.9,227.94,213.5,227.93,220.85,7.08,3.2058,51135.57,1135449.649,1.0321,227.93,220.9,227.94,213.5
300870.SZ,20260128,237.0,272.0,236.0,266.71,227.93,38.78,17.014,139861.38,3600930.399,1.0321,266.71,237.0,272.0,236.0
300870.SZ,20260129,262.49,269.58,245.42,248.33,266.71,-18.38,-6.8914,81244.26,2093534.562,1.0321,248.33,262.49,269.58,245.42
300870.SZ,20260130,244.65,259.0,235.01,249.57,248.33,1.24,0.4993,66077.2,1631955.564,1.0321,249.57,244.65,259.0,235.01
300870.SZ,20260202,253.09,258.64,242.24,242.5,249.57,-7.07,-2.8329,63242.49,1589495.207,1.0321,242.5,253.09000000000003,258.64,242.24
300870.SZ,20260203,245.31,254.96,237.0,251.5,242.5,9.0,3.7113,57316.96,1420407.411,1.0321,251.5,245.31,254.96000000000004,237.0
300870.SZ,20260204,246.98,251.88,234.0,240.92,251.5,-10.58,-4.2068,48696.53,1163792.985,1.0321,240.92,246.98,251.88,234.0
300870.SZ,20260205,242.0,242.0,220.0,222.2,240.92,-18.72,-7.7702,57876.78,1306006.429,1.0321,222.2,242.0,242.0,220.0
300870.SZ,20260206,219.0,227.79,216.05,219.9,222.2,-2.3,-1.0351,39731.31,883878.214,1.0321,219.9,219.0,227.79,216.05
300870.SZ,20260209,226.0,236.73,221.5,232.31,219.9,12.41,5.6435,56698.97,1311683.974,1.0321,232.31,226.0,236.73,221.5
300870.SZ,20260210,231.18,241.86,229.2,238.42,232.31,6.11,2.6301,53339.38,1262989.507,1.0321,238.42,231.18,241.86,229.2
300870.SZ,20260211,236.65,239.98,228.0,229.53,238.42,-8.89,-3.7287,31136.19,723478.988,1.0321,229.53,236.65,239.98,228.0
300870.SZ,20260212,232.15,253.79,232.15,247.32,229.53,17.79,7.7506,64762.99,1574837.91,1.0321,247.32,232.15,253.79,232.15
300870.SZ,20260213,241.0,247.0,238.3,238.82,247.32,-8.5,-3.4368,39139.01,946915.582,1.0321,238.82,241.0,247.0,238.3
300870.SZ,20260224,243.97,247.5,234.6,239.96,238.82,1.14,0.4773,43352.45,1047329.573,1.0321,239.96,243.97,247.5,234.6
300870.SZ,20260225,241.17,242.36,230.0,238.5,239.96,-1.46,-0.6084,41236.52,969772.442,1.0321,238.5,241.17,242.36,230.0
300870.SZ,20260226,238.6,265.6,233.66,260.54,238.5,22.04,9.2411,100568.1,2550589.199,1.0321,260.54,238.6,265.6,233.66
300870.SZ,20260227,254.99,260.88,248.34,258.22,260.54,-2.32,-0.8905,49018.9,1253992.775,1.0321,258.22,254.99,260.88,248.34
300870.SZ,20260302,253.98,284.99,253.58,279.36,258.22,21.14,8.1868,91915.13,2513933.166,1.0321,279.36,253.98,284.99,253.58
300870.SZ,20260303,283.98,286.88,266.28,268.53,279.36,-10.83,-3.8767,71635.6,1970261.583,1.0321,268.53,283.98,286.88,266.28
300870.SZ,20260304,263.97,272.09,259.5,267.0,268.53,-1.53,-0.5698,54113.88,1433617.005,1.0321,267.0,263.97,272.09,259.5
300870.SZ,20260305,282.0,303.22,276.62,293.21,267.0,26.21,9.8165,95354.6,2753455.249,1.0321,293.21,282.0,303.22,276.62
300870.SZ,20260306,296.01,313.78,286.0,301.0,293.21,7.79,2.6568,76240.58,2274708.608,1.0321,301.0,296.01,313.78,286.0
300870.SZ,20260309,285.27,288.9,259.09,278.64,301.0,-22.36,-7.4286,87367.87,2360755.917,1.0321,278.64,285.27,288.9,259.09
300870.SZ,20260310,295.01,303.33,289.0,301.0,278.64,22.36,8.0247,62979.21,1868167.608,1.0321,301.0,295.01,303.33,289.0
300870.SZ,20260311,300.99,306.88,284.02,285.82,301.0,-15.18,-5.0432,60045.33,1764963.168,1.0321,285.82,300.99,306.88,284.02
300870.SZ,20260312,285.81,286.88,264.5,268.5,285.82,-17.32,-6.0598,62673.66,1706392.165,1.0321,268.5,285.81,286.88,264.5
300870.SZ,20260313,264.69,270.87,261.03,263.64,268.5,-4.86,-1.8101,37551.7,997775.257,1.0321,263.64,264.69,270.87,261.03
300870.SZ,20260316,260.02,265.9,251.78,262.3,263.64,-1.34,-0.5083,45219.67,1164365.292,1.0321,262.3,260.02,265.9,251.78
300870.SZ,20260317,266.97,268.5,246.97,247.51,262.3,-14.79,-5.6386,48452.53,1240727.627,1.0321,247.51,266.97,268.5,246.97
300870.SZ,20260318,252.6,263.66,248.9,262.79,247.51,15.28,6.1735,50046.94,1285706.83,1.0321,262.79,252.6,263.66,248.90000000000003
300870.SZ,20260319,257.0,263.99,251.8,254.2,262.79,-8.59,-3.2688,46634.49,1198242.079,1.0321,254.2,257.0,263.99,251.8
300870.SZ,20260320,257.0,264.0,253.45,253.61,254.2,-0.59,-0.2321,55750.62,1440048.783,1.0321,253.61,257.0,264.0,253.45
300870.SZ,20260323,242.0,248.6,235.01,236.5,253.61,-17.11,-6.7466,40867.62,990689.041,1.0321,236.5,242.0,248.6,235.01
300870.SZ,20260324,241.98,242.0,227.88,235.2,236.5,-1.3,-0.5497,41517.07,966267.746,1.0321,235.2,241.98,242.0,227.88
300870.SZ,20260325,239.75,260.0,239.5,258.8,235.2,23.6,10.034,76453.34,1923525.735,1.0321,258.8,239.75,260.0,239.5
300870.SZ,20260326,255.0,255.89,243.5,244.95,258.8,-13.85,-5.3516,44352.83,1106096.39,1.0321,244.95,255.0,255.89,243.5
300870.SZ,20260327,240.0,255.83,237.19,247.69,244.95,2.74,1.1186,42271.04,1045398.219,1.0321,247.69,240.0,255.83,237.19
300870.SZ,20260330,242.0,257.0,239.68,251.28,247.69,3.59,1.4494,37793.96,936494.938,1.0321,251.28,242.0,257.0,239.68
300870.SZ,20260331,250.4,254.79,240.6,243.18,251.28,-8.1,-3.2235,32113.03,790191.23,1.0321,243.18,250.4,254.79,240.6
300870.SZ,20260401,250.24,259.98,250.0,257.22,243.18,14.04,5.7735,48764.42,1251643.158,1.0321,257.22,250.24000000000004,259.98,250.0
300870.SZ,20260402,254.82,273.0,250.0,266.2,257.22,8.98,3.4912,70038.62,1872087.642,1.0321,266.2,254.82,273.0,250.0
300870.SZ,20260403,270.15,272.8,260.44,261.04,266.2,-5.16,-1.9384,39162.52,1042585.903,1.0321,261.04,270.15,272.8,260.44
300870.SZ,20260407,265.0,288.0,263.66,268.91,261.04,7.87,3.0149,58158.48,1612472.463,1.0321,268.91,265.0,288.0,263.66
