ts_code,trade_date,open,high,low,close,pre_close,change,pct_chg,vol,amount,adj_factor,adj_close,adj_open,adj_high,adj_low
301015.SZ,20210630,35.1,56.16,35.1,56.16,7.64,48.52,635.0785,316676.95,1235466.849,1.0,49.52817708792663,30.955110679954142,49.52817708792663,30.955110679954142
301015.SZ,20210701,47.0,52.8,44.0,44.6,56.16,-11.56,-20.584,258427.39,1235387.472,1.0,39.33327453920099,41.4498633036423,46.56495281770879,38.80412734809067
301015.SZ,20210702,46.8,49.5,43.78,43.97,44.6,-0.63,-1.4126,186819.23,865174.147,1.0,38.777669988535145,41.27348090660552,43.654643266602,38.61010671135021
301015.SZ,20210705,40.0,40.85,35.82,36.01,43.97,-7.96,-18.1033,183647.2,692301.523,1.0,31.75765058647147,35.27647940735515,36.02610459476145,31.59008730928653
301015.SZ,20210706,34.6,37.71,33.81,36.5,36.01,0.49,1.3607,156619.25,559077.816,1.0,32.18978745921157,30.514154687362204,33.25690096128407,29.817444219066942
301015.SZ,20210707,35.5,36.59,34.68,34.9,36.5,-1.6,-4.3836,116894.79,414459.487,1.0,30.778728282917367,31.307875474027696,32.269159537878124,30.58470764617692
301015.SZ,20210708,34.26,36.15,33.5,35.22,34.9,0.32,0.9169,113032.08,395097.826,1.0,31.06094011817621,30.214304612399683,31.881118264397216,29.544051503659936
301015.SZ,20210709,34.98,36.6,33.92,34.06,35.22,-1.16,-3.2936,95189.54,334574.528,1.0,30.03792221536291,30.84928124173208,32.27797865772996,29.91445453743717
301015.SZ,20210712,33.2,34.83,33.1,33.91,34.06,-0.15,-0.4404,70084.41,238241.486,1.0,29.905635417585323,29.279477908104777,30.71699444395449,29.191286709586382
301015.SZ,20210713,33.9,34.57,31.93,32.57,33.91,-1.34,-3.9516,95786.89,315704.601,1.0,28.72387335743893,29.896816297733487,30.48769732780669,28.15944968692125
301015.SZ,20210714,32.64,33.45,32.0,33.28,32.57,0.71,2.1799,73565.92,241645.635,1.0,29.35003086691949,28.7856071964018,29.499955904400743,28.22118352588412
301015.SZ,20210715,32.64,32.86,31.55,32.65,33.28,-0.63,-1.893,71699.02,230966.189,1.0,28.79442631625364,28.7856071964018,28.979627833142253,27.82432313255137
301015.SZ,20210716,33.0,34.02,32.88,32.99,32.65,0.34,1.0413,77837.28,259629.011,1.0,29.09427639121616,29.103095511068,30.00264573595556,28.99726607284593
301015.SZ,20210719,32.19,35.8,31.72,34.4,32.99,1.41,4.274,94779.44,321995.789,1.0,30.337772290325425,28.38874680306905,31.572449069582856,27.97424817003263
301015.SZ,20210720,32.9,33.88,32.53,32.6,34.4,-1.8,-5.2326,77120.43,254840.399,1.0,28.750330716994448,29.014904312549607,29.87917805802981,28.68859687803157
301015.SZ,20210721,32.89,33.65,32.12,32.35,32.6,-0.25,-0.7669,53501.02,174745.884,1.0,28.52985272069848,29.00608519269777,29.67633830143752,28.32701296410618
301015.SZ,20210722,32.11,32.4,30.33,30.43,32.35,-1.92,-5.9351,76170.25,235936.202,1.0,26.836581709145428,28.318193844254345,28.57394831995767,26.74839051062704
301015.SZ,20210723,30.13,30.84,28.88,29.0,30.43,-1.43,-4.6993,57368.47,170289.693,1.0,25.57544757033248,26.572008113590265,27.19816562307082,25.469618132110416
301015.SZ,20210726,28.88,28.88,26.33,26.8,29.0,-2.2,-7.5862,59909.74,164480.138,1.0,23.63524120292795,25.469618132110416,25.469618132110416,23.220742569891524
301015.SZ,20210727,27.01,27.43,26.15,26.17,26.8,-0.63,-2.3507,44283.19,118360.864,1.0,23.079636652262103,23.820442719816565,24.19084575359379,23.061998412558427
301015.SZ,20210728,26.6,27.5,26.01,26.82,26.17,0.65,2.4838,51683.23,139004.139,1.0,23.652879442631622,23.45885880589117,24.252579592556664,22.938530734632685
301015.SZ,20210729,26.48,27.58,26.46,26.92,26.82,0.1,0.3729,46462.67,125423.082,1.0,23.741070641150017,23.35302936766911,24.323132551371373,23.33539112796544
301015.SZ,20210730,26.78,28.98,25.55,27.99,26.92,1.07,3.9747,81502.81,219185.759,1.0,24.684716465296763,23.61760296322427,25.557809330628807,22.5328512214481
301015.SZ,20210802,27.34,27.8,26.67,27.4,27.99,-0.59,-2.1079,59586.18,162098.789,1.0,24.16438839403828,24.111473674927243,24.51715318811183,23.520592644854048
301015.SZ,20210803,27.2,28.5,27.13,27.32,27.4,-0.08,-0.292,61459.66,170914.997,1.0,24.093835435223568,23.9880059970015,25.134491577740544,23.92627215803863
301015.SZ,20210804,26.97,27.05,26.39,26.9,27.32,-0.42,-1.5373,45905.34,122464.384,1.0,23.72343240144633,23.785166240409207,23.85571919922392,23.27365728900256
301015.SZ,20210805,26.8,27.5,25.86,26.03,26.9,-0.87,-3.2342,51499.23,136845.5,1.0,22.956168974336364,23.63524120292795,24.252579592556664,22.806243936855104
301015.SZ,20210806,26.05,26.3,25.13,25.3,26.03,-0.73,-2.8045,40618.64,103722.117,1.0,22.312373225152133,22.97380721404004,23.19428521033601,22.162448187670872
301015.SZ,20210809,25.5,26.3,25.3,26.09,25.3,0.79,3.1225,35303.85,91334.062,1.0,23.0090836934474,22.488755622188908,23.19428521033601,22.312373225152133
301015.SZ,20210810,26.08,26.61,25.78,26.6,26.09,0.51,1.9548,41474.37,108811.995,1.0,23.45885880589117,23.000264573595555,23.46767792574301,22.735690978040395
301015.SZ,20210811,27.03,27.97,26.81,27.0,26.6,0.4,1.5038,65971.66,180347.219,1.0,23.81162359996473,23.838080959520244,24.667078225593087,23.644060322779787
301015.SZ,20210812,26.85,27.27,26.17,26.3,27.0,-0.7,-2.5926,46022.69,122031.846,1.0,23.19428521033601,23.679336802187144,24.04973983596437,23.079636652262103
301015.SZ,20210813,26.2,26.46,25.7,25.92,26.3,-0.38,-1.4449,29042.79,75554.579,1.0,22.859158655966137,23.10609401181762,23.33539112796544,22.665138019225683
301015.SZ,20210816,26.2,27.37,25.86,27.08,25.92,1.16,4.4753,53916.83,144243.329,1.0,23.882176558779435,23.10609401181762,24.13793103448276,22.806243936855104
301015.SZ,20210817,27.02,27.96,26.57,27.19,27.08,0.11,0.4062,65637.76,179544.761,1.0,23.979186877149665,23.8292618396684,24.65825910574125,23.432401446335657
301015.SZ,20210818,27.28,28.99,26.78,28.68,27.19,1.49,5.48,78679.34,221716.181,1.0,25.29323573507364,24.058558955816213,25.566628450480643,23.61760296322427
301015.SZ,20210819,28.05,28.69,27.31,27.46,28.68,-1.22,-4.2538,55288.2,154033.393,1.0,24.21730311314931,24.7376311844078,25.302054854925483,24.08501631537173
301015.SZ,20210820,27.03,27.38,25.85,26.01,27.46,-1.45,-5.2804,43750.44,114972.066,1.0,22.938530734632685,23.838080959520244,24.1467501543346,22.797424817003265
301015.SZ,20210823,25.9,26.5,25.85,26.23,26.01,0.22,0.8458,29224.69,76643.176,1.0,23.13255137137314,22.84152041626246,23.370667607372788,22.797424817003265
301015.SZ,20210824,26.2,26.59,26.02,26.17,26.23,-0.06,-0.2287,30111.36,78977.595,1.0,23.079636652262103,23.10609401181762,23.450039686039336,22.947349854484525
301015.SZ,20210825,26.75,26.78,26.19,26.24,26.17,0.07,0.2675,26354.28,69526.249,1.0,23.141370491224976,23.59114560366876,23.61760296322427,23.097274891965785
301015.SZ,20210826,26.11,26.25,25.38,25.52,26.24,-0.72,-2.7439,35397.79,90508.764,1.0,22.506393861892583,23.02672193315108,23.15018961107681,22.38292618396684
301015.SZ,20210827,25.51,25.92,25.23,25.44,25.52,-0.08,-0.3135,24346.86,62198.443,1.0,22.435840903077874,22.497574742040747,22.859158655966137,22.25063938618926
301015.SZ,20210830,25.8,26.06,25.05,25.05,25.44,-0.39,-1.533,30255.9,77193.363,1.0,22.091895228856163,22.75332921774407,22.98262633389188,22.091895228856163
301015.SZ,20210831,25.03,25.08,24.0,24.29,25.05,-0.76,-3.0339,33922.43,82557.285,1.0,21.421642120116413,22.074256989152484,22.11835258841168,21.16588764441309
301015.SZ,20210901,24.07,25.09,24.06,24.73,24.29,0.44,1.8114,31141.31,76539.499,1.0,21.80968339359732,21.22762148337596,22.12717170826352,21.21880236352412
301015.SZ,20210902,24.65,25.3,24.13,25.09,24.73,0.36,1.4557,39822.98,98085.379,1.0,22.12717170826352,21.73913043478261,22.312373225152133,21.280536202486992
301015.SZ,20210903,24.84,25.35,24.52,25.14,25.09,0.05,0.1993,32346.25,80765.746,1.0,22.17126730752271,21.90669371196755,22.356468824411326,21.624481876708707
301015.SZ,20210906,24.95,26.09,24.95,25.8,25.14,0.66,2.6253,42265.4,108565.331,1.0,22.75332921774407,22.00370403033777,23.0090836934474,22.00370403033777
301015.SZ,20210907,25.61,25.79,25.39,25.45,25.8,-0.35,-1.3566,26784.09,68315.821,1.0,22.44466002292972,22.58576594055913,22.74451009789223,22.39174530381868
301015.SZ,20210908,25.59,25.65,25.05,25.17,25.45,-0.28,-1.1002,22320.94,56434.825,1.0,22.19772466707823,22.568127700855456,22.62104241996649,22.091895228856163
301015.SZ,20210909,25.0,25.29,24.8,24.95,25.17,-0.22,-0.8741,18270.25,45603.818,1.0,22.00370403033777,22.04779962959697,22.303554105300293,21.871417232560194
301015.SZ,20210910,25.02,25.15,24.82,25.06,24.95,0.11,0.4409,15034.55,37621.681,1.0,22.100714348708,22.065437869300645,22.180086427374547,21.88905547226387
301015.SZ,20210913,25.0,25.3,24.49,24.53,25.06,-0.53,-2.1149,22135.37,55135.291,1.0,21.633300996560543,22.04779962959697,22.312373225152133,21.59802451715319
301015.SZ,20210914,24.35,24.79,24.34,24.68,24.53,0.15,0.6115,17248.54,42386.306,1.0,21.765587794338128,21.474556839227446,21.86259811270835,21.465737719375607
301015.SZ,20210915,24.69,24.74,24.23,24.43,24.68,-0.25,-1.013,17934.42,43737.877,1.0,21.54510979804216,21.774406914189967,21.81850251344916,21.368727401005383
301015.SZ,20210916,24.55,27.86,24.28,26.51,24.43,2.08,8.5141,108824.09,293349.341,1.0,23.379486727224627,21.65093923626422,24.57006790722286,21.412823000264577
301015.SZ,20210917,25.91,28.56,25.25,27.74,26.51,1.23,4.6398,109131.39,292318.607,1.0,24.4642384690008,22.85033953611429,25.187406296851574,22.26827762589294
301015.SZ,20210922,27.74,27.98,26.77,27.15,27.74,-0.59,-2.1269,54373.26,148396.974,1.0,23.943910397742307,24.4642384690008,24.675897345444927,23.608783843372432
301015.SZ,20210923,26.9,28.5,26.9,27.57,27.15,0.42,1.547,66280.38,184671.702,1.0,24.314313431519537,23.72343240144633,25.134491577740544,23.72343240144633
301015.SZ,20210924,27.26,27.56,26.27,26.48,27.57,-1.09,-3.9536,48050.4,128726.235,1.0,23.35302936766911,24.04092071611253,24.305494311667697,23.16782785078049
301015.SZ,20210927,26.5,27.54,26.12,27.26,26.48,0.78,2.9456,48428.35,130874.065,1.0,24.04092071611253,23.370667607372788,24.28785607196402,23.03554105300292
301015.SZ,20210928,27.01,27.12,26.2,26.51,27.26,-0.75,-2.7513,32625.83,86786.802,1.0,23.379486727224627,23.820442719816565,23.917453038186792,23.10609401181762
301015.SZ,20210929,26.39,26.66,24.5,24.53,26.51,-1.98,-7.4689,42143.73,106376.036,1.0,21.633300996560543,23.27365728900256,23.511773525002205,21.606843637005028
301015.SZ,20210930,24.78,25.05,24.57,24.72,24.53,0.19,0.7746,17559.63,43510.997,1.0,21.80086427374548,21.853778992856515,22.091895228856163,21.6685774759679
301015.SZ,20211008,24.81,25.62,24.8,25.42,24.72,0.7,2.8317,20708.92,52473.806,1.0,22.4182026633742,21.88023635241203,22.59458506041097,21.871417232560194
301015.SZ,20211011,26.0,29.96,25.64,28.75,25.42,3.33,13.0999,97714.78,276329.9,1.0,25.35496957403652,22.92971161478085,26.422083076109008,22.61222330011465
301015.SZ,20211012,29.19,30.67,28.02,28.85,28.75,0.1,0.3478,116162.56,340343.4,1.0,25.4431607725549,25.74301084751742,27.04824058558956,24.71117382485228
301015.SZ,20211013,28.85,31.98,28.1,30.56,28.85,1.71,5.9272,124611.38,379408.996,1.0,26.951230267219334,25.4431607725549,28.203545286180443,24.781726783667
301015.SZ,20211014,30.01,30.8,29.15,29.68,30.56,-0.88,-2.8796,80047.4,238703.111,1.0,26.17514772025752,26.4661786753682,27.162889143663467,25.707734368110064
301015.SZ,20211015,29.08,29.78,28.41,29.0,29.68,-0.68,-2.2911,54693.1,158297.348,1.0,25.57544757033248,25.64600052914719,26.263338918775908,25.055119499074
301015.SZ,20211018,28.78,29.63,28.06,28.92,29.0,-0.08,-0.2759,46051.45,132354.524,1.0,25.504894611517773,25.38142693359203,26.131052120998326,24.74645030425964
301015.SZ,20211019,28.6,29.35,28.11,29.29,28.92,0.37,1.2794,45026.36,129453.057,1.0,25.83120204603581,25.22268277625893,25.88411676514684,24.79054590351883
301015.SZ,20211020,29.02,29.15,27.31,28.0,29.29,-1.29,-4.4042,59804.34,168050.176,1.0,24.69353558514861,25.59308581003616,25.707734368110064,24.08501631537173
301015.SZ,20211021,27.89,29.86,27.51,29.74,28.0,1.74,6.2143,73373.22,211424.557,1.0,26.22806243936856,24.59652526677838,26.333891877590617,24.261398712408504
301015.SZ,20211022,29.34,30.98,28.41,28.5,29.74,-1.24,-4.1695,72893.67,216702.191,1.0,25.134491577740544,25.875297645295003,27.321633300996563,25.055119499074
301015.SZ,20211025,28.0,29.27,27.5,28.63,28.5,0.13,0.4561,40287.32,114580.377,1.0,25.249140135814446,24.69353558514861,25.81356380633213,24.252579592556664
301015.SZ,20211026,28.26,28.35,26.68,26.7,28.63,-1.93,-6.7412,58907.27,161165.724,1.0,23.547050004409563,24.92283270129641,25.002204779962963,23.529411764705884
301015.SZ,20211027,26.7,27.0,25.76,26.16,26.7,-0.54,-2.0225,32127.83,83932.719,1.0,23.070817532410267,23.547050004409563,23.81162359996473,22.71805273833672
301015.SZ,20211028,25.9,26.55,25.83,26.28,26.16,0.12,0.4587,26051.36,68202.852,1.0,23.176646970632333,22.84152041626246,23.41476320663198,22.779786577299586
301015.SZ,20211029,26.86,27.3,26.31,26.84,26.28,0.56,2.1309,31579.04,84540.636,1.0,23.670517682335305,23.68815592203898,24.07619719551989,23.20310433018785
301015.SZ,20211101,26.6,27.46,26.54,26.92,26.84,0.08,0.2981,26368.39,71381.653,1.0,23.741070641150017,23.45885880589117,24.21730311314931,23.405944086780146
301015.SZ,20211102,26.69,27.64,26.65,27.16,26.92,0.24,0.8915,32522.61,88362.68,1.0,23.952729517594147,23.538230884557723,24.37604727048241,23.50295440515037
301015.SZ,20211103,26.88,27.59,26.48,27.24,27.16,0.08,0.2946,34024.65,92237.44,1.0,24.023282476408856,23.70579416174266,24.33195167122321,23.35302936766911
301015.SZ,20211104,27.05,27.2,26.56,26.65,27.24,-0.59,-2.1659,32571.0,87118.979,1.0,23.50295440515037,23.85571919922392,23.9880059970015,23.423582326483817
301015.SZ,20211105,26.68,26.71,25.2,25.62,26.65,-1.03,-3.8649,30946.66,81102.653,1.0,22.59458506041097,23.529411764705884,23.5558691242614,22.224182026633745
301015.SZ,20211108,25.53,26.07,25.45,26.07,25.62,0.45,1.7564,19817.94,51192.5,1.0,22.99144545374372,22.515212981744423,22.99144545374372,22.44466002292972
301015.SZ,20211109,26.07,27.2,26.05,26.84,26.07,0.77,2.9536,29318.78,78370.274,1.0,23.670517682335305,22.99144545374372,23.9880059970015,22.97380721404004
301015.SZ,20211110,26.84,27.59,26.7,27.49,26.84,0.65,2.4218,44644.83,121565.55,1.0,24.243760472704825,23.670517682335305,24.33195167122321,23.547050004409563
301015.SZ,20211111,27.55,28.14,27.17,27.66,27.49,0.17,0.6184,47269.83,130748.593,1.0,24.393685510186085,24.29667519181585,24.817003263074348,23.961548637445983
301015.SZ,20211112,27.52,28.26,27.36,28.09,27.66,0.43,1.5546,36533.22,101836.888,1.0,24.77290766381516,24.270217832260343,24.92283270129641,24.12911191463092
301015.SZ,20211115,28.64,29.2,28.0,29.0,28.09,0.91,3.2396,61891.36,177147.693,1.0,25.57544757033248,25.25795925566629,25.751829967369257,24.69353558514861
301015.SZ,20211116,29.01,29.58,27.69,27.75,29.0,-1.25,-4.3103,61838.96,175960.99,1.0,24.47305758885264,25.58426669018432,26.086956521739133,24.420142869741603
301015.SZ,20211117,27.76,29.84,27.75,28.91,27.75,1.16,4.1802,70751.61,204542.005,1.0,25.49607549166593,24.48187670870448,26.31625363788694,24.47305758885264
301015.SZ,20211118,28.77,29.45,27.81,27.92,28.91,-0.99,-3.4244,40487.0,115316.444,1.0,24.622982626333897,25.372607813740192,25.972307963665227,24.525972307963663
301015.SZ,20211119,28.01,28.06,27.16,27.5,27.92,-0.42,-1.5043,32312.68,88855.159,1.0,24.252579592556664,24.702354705000445,24.74645030425964,23.952729517594147
301015.SZ,20211122,27.52,27.76,26.9,27.4,27.5,-0.1,-0.3636,25060.38,68417.687,1.0,24.16438839403828,24.270217832260343,24.48187670870448,23.72343240144633
301015.SZ,20211123,27.49,28.33,27.15,28.33,27.4,0.93,3.3942,39695.23,110126.733,1.0,24.984566540259284,24.243760472704825,24.984566540259284,23.943910397742307
301015.SZ,20211124,28.16,29.25,27.64,28.99,28.33,0.66,2.3297,65828.57,188490.965,1.0,25.566628450480643,24.834641502778023,25.79592556662845,24.37604727048241
301015.SZ,20211125,28.7,29.73,28.6,29.27,28.99,0.28,0.9659,66359.64,194005.339,1.0,25.81356380633213,25.31087397477732,26.21924331951672,25.22268277625893
301015.SZ,20211126,29.06,30.56,28.85,28.86,29.27,-0.41,-1.4008,65317.08,192876.71,1.0,25.45197989240674,25.628362289443515,26.951230267219334,25.4431607725549
301015.SZ,20211129,29.5,30.49,29.25,30.21,28.86,1.35,4.6778,84413.95,252566.519,1.0,26.642561072404977,26.016403562924424,26.88949642825646,25.79592556662845
301015.SZ,20211130,30.0,30.0,28.83,29.65,30.21,-0.56,-1.8537,65910.83,193099.368,1.0,26.148690360702,26.45735955551636,26.45735955551636,25.42552253285122
301015.SZ,20211201,29.24,29.69,28.71,29.09,29.65,-0.56,-1.8887,38297.62,111696.82,1.0,25.65481964899903,25.78710644677661,26.18396684010936,25.31969309462916
301015.SZ,20211202,28.98,29.42,28.25,28.61,29.09,-0.48,-1.6501,34654.33,99938.649,1.0,25.23150189611077,25.557809330628807,25.945850604109715,24.91401358144457
301015.SZ,20211203,28.35,29.9,28.35,29.3,28.61,0.69,2.4117,39695.22,116131.303,1.0,25.84002116588765,25.002204779962963,26.36916835699797,25.002204779962963
301015.SZ,20211206,29.3,29.32,27.31,27.44,29.3,-1.86,-6.3481,45121.88,126170.78,1.0,24.199664873445634,25.84002116588765,25.857659405591324,24.08501631537173
301015.SZ,20211207,27.3,27.99,27.02,27.38,27.44,-0.06,-0.2187,22666.02,62238.14,1.0,24.1467501543346,24.07619719551989,24.684716465296763,23.8292618396684
301015.SZ,20211208,27.59,27.64,27.28,27.57,27.38,0.19,0.6939,17202.83,47248.465,1.0,24.314313431519537,24.33195167122321,24.37604727048241,24.058558955816213
301015.SZ,20211209,27.8,28.39,27.35,27.9,27.57,0.33,1.197,28643.85,79959.763,1.0,24.60534438663021,24.51715318811183,25.03748125937032,24.120292794779083
301015.SZ,20211210,27.75,28.08,27.5,27.55,27.9,-0.35,-1.2545,19452.51,53978.771,1.0,24.29667519181585,24.47305758885264,24.764088543963314,24.252579592556664
301015.SZ,20211213,27.76,27.76,26.88,27.27,27.55,-0.28,-1.0163,20416.47,55457.464,1.0,24.04973983596437,24.48187670870448,24.48187670870448,23.70579416174266
301015.SZ,20211214,27.24,28.15,27.11,28.06,27.27,0.79,2.897,25824.8,71740.315,1.0,24.74645030425964,24.023282476408856,24.825822382926184,23.90863391833496
301015.SZ,20211215,27.99,30.46,27.9,29.24,28.06,1.18,4.2053,78701.32,231466.411,1.0,25.78710644677661,24.684716465296763,26.863039068700942,24.60534438663021
301015.SZ,20211216,29.51,29.73,28.27,28.75,29.24,-0.49,-1.6758,47753.72,136767.215,1.0,25.35496957403652,26.025222682776263,26.21924331951672,24.93165182114825
301015.SZ,20211217,29.09,29.09,27.43,27.55,28.75,-1.2,-4.1739,45769.88,127874.188,1.0,24.29667519181585,25.65481964899903,25.65481964899903,24.19084575359379
301015.SZ,20211220,27.33,29.4,27.33,29.0,27.55,1.45,5.2632,69990.47,200812.56,1.0,25.57544757033248,24.102654555075404,25.92821236440604,24.102654555075404
301015.SZ,20211221,28.7,29.19,28.27,28.75,29.0,-0.25,-0.8621,34481.21,98780.771,1.0,25.35496957403652,25.31087397477732,25.74301084751742,24.93165182114825
301015.SZ,20211222,28.67,29.5,28.53,29.04,28.75,0.29,1.0087,32057.05,93221.419,1.0,25.61072404973984,25.284416615221804,26.016403562924424,25.160948937296062
301015.SZ,20211223,28.96,29.1,27.71,27.85,29.04,-1.19,-4.0978,37073.0,104373.788,1.0,24.561248787371024,25.540171090925128,25.66363876885088,24.43778110944528
301015.SZ,20211224,27.86,28.33,27.45,27.6,27.85,-0.25,-0.8977,28088.12,78487.961,1.0,24.34077079107505,24.57006790722286,24.984566540259284,24.20848399329747
301015.SZ,20211227,27.3,30.17,26.45,29.6,27.6,2.0,7.2464,94892.29,274188.483,1.0,26.10459476144281,24.07619719551989,26.607284592997622,23.32657200811359
301015.SZ,20211228,29.6,29.85,28.89,29.42,29.6,-0.18,-0.6081,49743.35,145669.155,1.0,25.945850604109715,26.10459476144281,26.32507275773878,25.47843725196225
301015.SZ,20211229,29.42,30.0,28.8,28.88,29.42,-0.54,-1.8355,41594.35,122421.61,1.0,25.469618132110416,25.945850604109715,26.45735955551636,25.399065173295707
301015.SZ,20211230,28.65,30.03,28.48,29.89,28.88,1.01,3.4972,73532.2,215552.946,1.0,26.36034923714613,25.266778375518125,26.48381691507188,25.116853338036865
301015.SZ,20211231,29.63,31.29,29.45,30.3,29.89,0.41,1.3717,93751.2,284163.889,1.0,26.721933151071525,26.131052120998326,27.595026016403565,25.972307963665227
301015.SZ,20220104,30.31,31.18,29.81,29.88,30.3,-0.42,-1.3861,79796.95,243426.215,1.0,26.351530117294296,26.730752270923364,27.49801569803334,26.289796278331423
301015.SZ,20220105,30.0,35.68,30.0,32.38,29.88,2.5,8.3668,154928.46,510880.093,1.0,28.556310080254,26.45735955551636,31.4666196313608,26.45735955551636
301015.SZ,20220106,30.17,32.07,30.09,31.67,32.38,-0.71,-2.1927,94286.52,293537.452,1.0,27.93015257077344,26.607284592997622,28.28291736484699,26.53673163418291
301015.SZ,20220107,31.12,31.27,29.6,30.17,31.67,-1.5,-4.7363,80353.6,244295.208,1.0,26.607284592997622,27.445100978922305,27.577387776699887,26.10459476144281
301015.SZ,20220110,30.1,30.93,29.9,30.52,30.17,0.35,1.1601,52697.95,160688.878,1.0,26.91595378781198,26.54555075403475,27.27753770173737,26.36916835699797
301015.SZ,20220111,31.0,33.5,30.9,31.92,30.52,1.4,4.5872,90593.98,291367.795,1.0,28.15063056706941,27.33927154070024,29.544051503659936,27.25108034218185
301015.SZ,20220112,31.88,32.98,31.08,31.77,31.92,-0.15,-0.4699,77388.88,247896.031,1.0,28.01834376929183,28.11535408766205,29.08545727136432,27.40982449951495
301015.SZ,20220113,31.8,32.01,30.09,30.4,31.77,-1.37,-4.3122,65165.06,200453.214,1.0,26.81012434958992,28.044801128847343,28.23000264573596,26.53673163418291
301015.SZ,20220114,30.21,31.12,30.13,30.77,30.4,0.37,1.2171,47461.72,145620.428,1.0,27.13643178410795,26.642561072404977,27.445100978922305,26.572008113590265
301015.SZ,20220117,30.63,30.77,29.12,29.81,30.77,-0.96,-3.1199,48421.95,144333.071,1.0,26.289796278331423,27.012964106182203,27.13643178410795,25.68127700855455
301015.SZ,20220118,29.7,29.7,28.01,28.25,29.81,-1.56,-5.2331,59489.92,170358.975,1.0,24.91401358144457,26.1927859599612,26.1927859599612,24.702354705000445
301015.SZ,20220119,27.9,28.56,27.87,28.5,28.25,0.25,0.885,23607.64,66860.403,1.0,25.134491577740544,24.60534438663021,25.187406296851574,24.5788870270747
301015.SZ,20220120,28.47,28.7,27.01,27.1,28.5,-1.4,-4.9123,39991.63,110997.727,1.0,23.89981479848312,25.108034218185026,25.31087397477732,23.820442719816565
301015.SZ,20220121,27.1,27.11,26.22,26.31,27.1,-0.79,-2.9151,28083.21,74560.799,1.0,23.20310433018785,23.89981479848312,23.90863391833496,23.1237322515213
301015.SZ,20220124,26.05,26.54,25.85,26.19,26.31,-0.12,-0.4561,15616.57,40962.899,1.0,23.097274891965785,22.97380721404004,23.405944086780146,22.797424817003265
301015.SZ,20220125,26.29,26.48,24.67,24.69,26.19,-1.5,-5.7274,31167.09,78702.944,1.0,21.774406914189967,23.18546609048417,23.35302936766911,21.75676867448629
301015.SZ,20220126,24.7,25.08,24.36,24.72,24.69,0.03,0.1215,14773.39,36620.363,1.0,21.80086427374548,21.783226034041803,22.11835258841168,21.48337595907929
301015.SZ,20220127,24.59,24.96,23.71,23.74,24.72,-0.98,-3.9644,20734.38,50171.56,1.0,20.93659052826528,21.686215715671576,22.01252315018961,20.910133168709766
301015.SZ,20220128,23.88,24.86,23.88,24.42,23.74,0.68,2.8644,21801.58,53385.857,1.0,21.53629067819032,21.060058206191023,21.924331951671224,21.060058206191023
301015.SZ,20220207,25.1,25.3,24.71,24.8,24.42,0.38,1.5561,17095.5,42685.777,1.0,21.871417232560194,22.13599082811536,22.312373225152133,21.792045153893643
301015.SZ,20220208,24.78,25.34,24.5,25.07,24.8,0.27,1.0887,12858.5,32182.925,1.0,22.10953346855984,21.853778992856515,22.347649704559487,21.606843637005028
301015.SZ,20220209,25.17,25.5,24.91,25.2,25.07,0.13,0.5185,19374.75,48905.339,1.0,22.224182026633745,22.19772466707823,22.488755622188908,21.96842755093041
301015.SZ,20220210,25.2,25.42,24.64,24.77,25.2,-0.43,-1.7063,22761.33,56851.256,1.0,21.84495987300468,22.224182026633745,22.4182026633742,21.730311314930773
301015.SZ,20220211,24.72,24.72,24.1,24.12,24.77,-0.65,-2.6241,16181.97,39368.039,1.0,21.27171708263516,21.80086427374548,21.80086427374548,21.25407884293148
301015.SZ,20220214,24.24,25.22,24.24,24.78,24.12,0.66,2.7363,19234.19,47655.226,1.0,21.853778992856515,21.37754652085722,22.24182026633742,21.37754652085722
301015.SZ,20220215,24.85,25.0,24.5,24.85,24.78,0.07,0.2825,13381.16,33109.238,1.0,21.915512831819388,21.915512831819388,22.04779962959697,21.606843637005028
301015.SZ,20220216,24.89,25.13,24.72,25.05,24.85,0.2,0.8048,16698.4,41633.047,1.0,22.091895228856163,21.950789311226742,22.162448187670872,21.80086427374548
301015.SZ,20220217,25.06,25.22,24.8,24.86,25.05,-0.19,-0.7585,17398.21,43509.695,1.0,21.924331951671224,22.100714348708,22.24182026633742,21.871417232560194
301015.SZ,20220218,24.5,24.75,24.26,24.7,24.86,-0.16,-0.6436,15841.73,38844.626,1.0,21.783226034041803,21.606843637005028,21.827321633301,21.3951847605609
301015.SZ,20220221,24.73,25.38,24.7,25.38,24.7,0.68,2.753,21929.18,55067.714,1.0,22.38292618396684,21.80968339359732,22.38292618396684,21.783226034041803
301015.SZ,20220222,25.15,25.15,24.45,24.59,25.38,-0.79,-3.1127,19438.26,48071.711,1.0,21.686215715671576,22.180086427374547,22.180086427374547,21.56274803774584
301015.SZ,20220223,24.59,25.06,24.53,24.86,24.59,0.27,1.098,14126.38,35154.127,1.0,21.924331951671224,21.686215715671576,22.100714348708,21.633300996560543
301015.SZ,20220224,24.63,25.13,23.31,24.01,24.86,-0.85,-3.4191,32639.22,79242.817,1.0,21.17470676426493,21.72149219507893,22.162448187670872,20.55736837463621
301015.SZ,20220225,24.06,24.97,24.06,24.45,24.01,0.44,1.8326,19473.52,47942.175,1.0,21.56274803774584,21.21880236352412,22.02134227004145,21.21880236352412
301015.SZ,20220228,24.51,25.15,23.93,25.15,24.45,0.7,2.863,29141.61,72187.41,1.0,22.180086427374547,21.615662756856867,22.180086427374547,21.104153805450217
301015.SZ,20220301,25.05,25.31,24.91,25.1,25.15,-0.05,-0.1988,15785.01,39592.909,1.0,22.13599082811536,22.091895228856163,22.32119234500397,21.96842755093041
301015.SZ,20220302,25.1,25.57,24.78,25.31,25.1,0.21,0.8367,22966.14,57962.739,1.0,22.32119234500397,22.13599082811536,22.55048946115178,21.853778992856515
301015.SZ,20220303,25.32,25.75,25.21,25.6,25.31,0.29,1.1458,29119.12,74166.571,1.0,22.57694682070729,22.330011464855808,22.70923361848488,22.233001146485584
301015.SZ,20220304,26.7,29.67,26.26,27.35,25.6,1.75,6.8359,129972.3,358319.348,1.0,24.120292794779083,23.547050004409563,26.166328600405684,23.15900873092865
301015.SZ,20220307,27.12,30.0,27.02,28.98,27.35,1.63,5.9598,153060.8,439186.637,1.0,25.557809330628807,23.917453038186792,26.45735955551636,23.8292618396684
301015.SZ,20220308,27.69,27.91,25.68,25.76,28.98,-3.22,-11.1111,101677.55,268216.925,1.0,22.71805273833672,24.420142869741603,24.61416350648205,22.647499779522004
301015.SZ,20220309,25.33,26.9,25.33,26.63,25.76,0.87,3.3773,74273.44,195510.477,1.0,23.48531616544669,22.338830584707647,23.72343240144633,22.338830584707647
301015.SZ,20220310,27.59,31.96,27.55,31.96,26.63,5.33,20.015,125025.16,387874.492,1.0,28.185907046476764,24.33195167122321,28.185907046476764,24.29667519181585
301015.SZ,20220311,32.52,35.07,29.74,30.46,31.96,-1.5,-4.6934,267756.25,864493.007,1.0,26.863039068700942,28.67977775817974,30.928653320398627,26.22806243936856
301015.SZ,20220314,29.89,31.65,28.82,29.37,30.46,-1.09,-3.5785,182833.88,545051.665,1.0,25.90175500485052,26.36034923714613,27.91251433106976,25.416703412999382
301015.SZ,20220315,27.91,29.66,27.52,27.88,29.37,-1.49,-5.0732,120549.16,341679.709,1.0,24.58770614692654,24.61416350648205,26.15750948055384,24.270217832260343
301015.SZ,20220316,28.37,28.79,25.64,27.09,27.88,-0.79,-2.8336,111894.77,300269.443,1.0,23.89099567863128,25.01984301966664,25.390246053443867,22.61222330011465
301015.SZ,20220317,26.88,28.8,26.65,28.19,27.09,1.1,4.0605,114103.59,319561.934,1.0,24.86109886233354,23.70579416174266,25.399065173295707,23.50295440515037
301015.SZ,20220318,27.69,28.45,27.48,27.95,28.19,-0.24,-0.8514,69874.96,195089.579,1.0,24.64943998588941,24.420142869741603,25.09039597848135,24.23494135285299
301015.SZ,20220321,28.25,29.65,28.25,29.3,27.95,1.35,4.8301,106682.79,309542.741,1.0,25.84002116588765,24.91401358144457,26.148690360702,24.91401358144457
301015.SZ,20220322,29.27,29.27,27.69,27.88,29.3,-1.42,-4.8464,82811.17,234187.599,1.0,24.58770614692654,25.81356380633213,25.81356380633213,24.420142869741603
301015.SZ,20220323,27.7,28.1,27.46,27.5,27.88,-0.38,-1.363,48539.81,134556.689,1.0,24.252579592556664,24.42896198959344,24.781726783667,24.21730311314931
301015.SZ,20220324,27.0,28.14,26.6,27.77,27.5,0.27,0.9818,66845.44,184014.203,1.0,24.490695828556312,23.81162359996473,24.817003263074348,23.45885880589117
301015.SZ,20220325,27.72,27.87,26.33,26.34,27.77,-1.43,-5.1494,66145.62,178596.872,1.0,23.229561689743367,24.44660022929712,24.5788870270747,23.220742569891524
301015.SZ,20220328,26.29,26.65,25.7,25.94,26.34,-0.4,-1.5186,37221.82,96880.679,1.0,22.876796895669816,23.18546609048417,23.50295440515037,22.665138019225683
301015.SZ,20220329,26.08,26.44,25.26,25.46,25.94,-0.48,-1.8504,36709.91,94674.081,1.0,22.45347914278156,23.000264573595555,23.317752888261754,22.27709674574477
301015.SZ,20220330,25.31,26.08,25.13,25.92,25.46,0.46,1.8068,34197.33,87905.008,1.0,22.859158655966137,22.32119234500397,23.000264573595555,22.162448187670872
301015.SZ,20220331,25.87,26.76,25.55,25.95,25.92,0.03,0.1157,40201.02,105704.054,1.0,22.88561601552165,22.815063056706943,23.5999647235206,22.5328512214481
301015.SZ,20220401,25.7,25.94,25.05,25.46,25.95,-0.49,-1.8882,36201.23,91729.597,1.0,22.45347914278156,22.665138019225683,22.876796895669816,22.091895228856163
301015.SZ,20220406,25.44,26.17,25.38,25.8,25.46,0.34,1.3354,26301.55,68169.262,1.0,22.75332921774407,22.435840903077874,23.079636652262103,22.38292618396684
301015.SZ,20220407,25.8,26.38,24.69,24.7,25.8,-1.1,-4.2636,31472.35,79599.041,1.0,21.783226034041803,22.75332921774407,23.26483816915072,21.774406914189967
301015.SZ,20220408,24.79,24.98,24.05,24.2,24.7,-0.5,-2.0243,24088.94,58593.984,1.0,21.342270041449865,21.86259811270835,22.03016138989329,21.209983243672283
301015.SZ,20220411,24.2,24.39,23.36,23.6,24.2,-0.6,-2.4793,22049.28,52601.761,1.0,20.81312285033954,21.342270041449865,21.5098333186348,20.60146397389541
301015.SZ,20220412,23.7,23.95,22.75,23.42,23.6,-0.18,-0.7627,23075.02,53734.131,1.0,20.654378693006443,20.901314048857927,21.121792045153896,20.06349766293324
301015.SZ,20220413,23.33,23.48,22.02,22.12,23.42,-1.3,-5.5508,26409.24,59184.585,1.0,19.5078931122674,20.575006614339888,20.70729341211748,19.41970191374901
301015.SZ,20220414,22.16,22.76,22.1,22.46,22.12,0.34,1.5371,18176.34,40934.933,1.0,19.80774318722992,19.543169591674754,20.07231678278508,19.49025487256372
301015.SZ,20220415,22.35,22.61,21.67,21.76,22.46,-0.7,-3.1167,19753.58,43294.225,1.0,19.190404797601204,19.71073286885969,19.9400299850075,19.11103271893465
301015.SZ,20220418,21.89,21.93,21.1,21.93,21.76,0.17,0.7813,12999.5,28045.049,1.0,19.34032983508246,19.305053355675103,19.34032983508246,18.60834288737984
301015.SZ,20220419,21.76,22.15,21.54,21.96,21.93,0.03,0.1368,11963.45,26189.071,1.0,19.36678719463798,19.190404797601204,19.53435047182291,18.996384160860742
301015.SZ,20220420,21.94,22.25,21.55,21.77,21.96,-0.19,-0.8652,16338.43,35813.312,1.0,19.19922391745304,19.3491489549343,19.622541670341302,19.005203280712585
301015.SZ,20220421,21.78,21.88,20.5,20.75,21.77,-1.02,-4.6853,19655.66,41521.702,1.0,18.299673692565484,19.20804303730488,19.296234235823267,18.079195696269515
301015.SZ,20220422,20.5,20.91,20.24,20.56,20.75,-0.19,-0.9157,14916.85,30632.986,1.0,18.132110415380545,18.079195696269515,18.440779610194905,17.849898580121703
301015.SZ,20220425,20.3,20.52,18.81,18.89,20.56,-1.67,-8.1226,23492.78,46072.262,1.0,16.65931740012347,17.90281329923274,18.09683393597319,16.588764441308758
301015.SZ,20220426,19.06,20.37,18.9,19.29,18.89,0.4,2.1175,28567.77,55668.28,1.0,17.01208219419702,16.809242437604727,17.96454713819561,16.668136519975306
301015.SZ,20220427,18.75,19.49,18.38,19.47,19.29,0.18,0.9331,25179.79,47729.806,1.0,17.170826351530117,16.535849722197725,17.188464591233796,16.20954228767969
301015.SZ,20220428,19.39,19.46,18.51,18.75,19.47,-0.72,-3.698,15879.32,30081.558,1.0,16.535849722197725,17.10027339271541,17.16200723167828,16.324190845753595
301015.SZ,20220429,19.08,19.72,18.76,19.57,18.75,0.82,4.3733,19703.78,38232.228,1.0,17.259017550048508,16.826880677308406,17.391304347826086,16.544668842049568
301015.SZ,20220505,19.73,23.48,19.45,22.6,19.57,3.03,15.4829,78879.1,174841.726,1.0,19.93121086515566,17.40012346767793,20.70729341211748,17.15318811182644
301015.SZ,20220506,21.4,22.19,21.1,21.69,22.6,-0.91,-4.0265,62329.6,134733.373,1.0,19.12867095863833,18.872916482935004,19.56962695123027,18.60834288737984
301015.SZ,20220509,21.29,21.79,21.12,21.54,21.69,-0.15,-0.6916,32297.07,69161.124,1.0,18.996384160860742,18.775906164564777,19.216862157156715,18.62598112708352
301015.SZ,20220510,21.17,21.64,20.9,21.58,21.54,0.04,0.1857,25364.16,54178.879,1.0,19.0316606402681,18.67007672634272,19.084575359379137,18.431960490343062
301015.SZ,20220511,21.37,22.1,21.33,21.6,21.58,0.02,0.0927,37066.0,80741.082,1.0,19.049298879971783,18.84645912337949,19.49025487256372,18.81118264397213
301015.SZ,20220512,21.48,22.16,21.33,22.05,21.6,0.45,2.0833,28514.64,62282.575,1.0,19.446159273304527,18.94346944174972,19.543169591674754,18.81118264397213
301015.SZ,20220513,22.13,23.22,21.86,22.83,22.05,0.78,3.5374,43943.5,99113.624,1.0,20.13405062174795,19.51671223211924,20.477996295969664,19.278595996119588
301015.SZ,20220516,22.64,22.84,21.75,21.9,22.83,-0.93,-4.0736,33141.03,73422.656,1.0,19.313872475526946,19.966487344563014,20.14286974159979,19.18158567774936
301015.SZ,20220517,21.7,21.95,21.26,21.84,21.9,-0.06,-0.274,16982.77,36581.501,1.0,19.260957756415912,19.137490078490167,19.357968074786136,18.749448805009266
301015.SZ,20220518,22.1,22.1,21.3,21.35,21.84,-0.49,-2.2436,15918.49,34356.646,1.0,18.82882088367581,19.49025487256372,19.49025487256372,18.784725284416616
301015.SZ,20220519,21.0,21.96,21.0,21.88,21.35,0.53,2.4824,20952.47,45304.074,1.0,19.296234235823267,18.520151688861453,19.36678719463798,18.520151688861453
301015.SZ,20220520,21.93,22.22,21.6,21.9,21.88,0.02,0.0914,17664.28,38595.925,1.0,19.313872475526946,19.34032983508246,19.596084310785784,19.049298879971783
301015.SZ,20220523,21.9,22.41,21.88,22.2,21.9,0.3,1.3699,16861.56,37394.114,1.0,19.57844607108211,19.313872475526946,19.763647587970723,19.296234235823267
301015.SZ,20220524,22.43,22.43,21.25,21.48,22.2,-0.72,-3.2432,17699.92,38445.895,1.0,18.94346944174972,19.7812858276744,19.7812858276744,18.740629685157423
301015.SZ,20220525,20.94,21.13,20.45,21.12,20.81,0.31,1.4897,14321.74,29818.482,1.0322,19.22573771937561,19.061882000176382,19.23484081488668,18.61583032013405
301015.SZ,20220526,21.13,21.33,20.56,20.89,21.12,-0.23,-1.089,12449.33,25888.268,1.0322,19.016366522621045,19.23484081488668,19.416902725108034,18.7159643707558
301015.SZ,20220527,20.89,21.08,20.51,20.58,20.89,-0.31,-1.484,12394.47,25742.829,1.0322,18.734170561777937,19.016366522621045,19.189325337331333,18.67044889320046
301015.SZ,20220530,20.58,20.95,20.37,20.53,20.58,-0.05,-0.243,10147.03,20830.1,1.032,18.68503395361144,18.73054061204692,19.06728988446953,18.53941264661787
301015.SZ,20220531,20.45,20.66,20.07,20.51,20.53,-0.02,-0.0974,11455.31,23370.929,1.032,18.66683129023724,18.61222330011465,18.8033512655437,18.266372696004943
301015.SZ,20220601,20.66,21.1,20.5,20.67,20.51,0.16,0.7801,15843.18,32952.89,1.032,18.8124525972308,18.8033512655437,19.203809859776,18.65772995855014
301015.SZ,20220602,20.56,20.88,20.26,20.86,20.67,0.19,0.9192,13772.92,28364.446,1.032,18.98537789928565,18.71233794867272,19.00358056265985,18.4392979980598
301015.SZ,20220606,20.84,21.53,20.65,21.28,20.86,0.42,2.0134,18970.31,40395.478,1.032,19.36763383014376,18.96717523591145,19.5951671223212,18.7942499338566
301015.SZ,20220607,21.28,21.68,21.0,21.62,21.28,0.34,1.5977,22311.37,47839.073,1.032,19.677079107505072,19.36763383014376,19.73168709762766,19.11279654290502
301015.SZ,20220608,21.51,21.68,20.9,21.11,21.62,-0.51,-2.3589,15959.19,33881.955,1.032,19.212911191463096,19.576964458947,19.73168709762766,19.02178322603404
301015.SZ,20220609,21.01,21.1,20.35,20.37,21.11,-0.74,-3.5054,12781.45,26384.693,1.032,18.53941264661787,19.12189787459212,19.203809859776,18.52120998324368
301015.SZ,20220610,20.26,20.66,20.2,20.52,20.37,0.15,0.7364,7578.86,15545.118,1.032,18.67593262192433,18.4392979980598,18.8033512655437,18.38469000793721
301015.SZ,20220613,20.49,20.96,20.2,20.9,20.52,0.38,1.8519,10843.29,22395.005,1.032,19.02178322603404,18.64862862686304,19.07639121615663,18.38469000793721
301015.SZ,20220614,20.72,20.72,19.7,20.29,20.9,-0.61,-2.9187,15927.16,32114.231,1.032,18.46660199312109,18.857959255666287,18.857959255666287,17.929623423582328
301015.SZ,20220615,20.11,20.5,20.03,20.05,20.29,-0.24,-1.1828,12761.41,25900.573,1.032,18.248170032630743,18.302778022753333,18.65772995855014,18.22996736925655
301015.SZ,20220616,20.09,20.56,20.08,20.25,20.05,0.2,0.9975,11234.82,22820.707,1.032,18.43019666637269,18.284575359379136,18.71233794867272,18.275474027692034
301015.SZ,20220617,20.33,20.35,19.72,20.09,20.25,-0.16,-0.7901,11217.0,22458.631,1.032,18.284575359379136,18.50300731986948,18.52120998324368,17.947826086956525
301015.SZ,20220620,20.39,20.6,20.22,20.35,20.09,0.26,1.2942,12140.09,24746.711,1.032,18.52120998324368,18.557615309992062,18.74874327542112,18.4028926713114
301015.SZ,20220621,20.48,22.54,20.26,21.57,20.35,1.22,5.9951,54999.2,118678.349,1.032,19.631572449069584,18.639527295175945,20.51440162271805,18.4392979980598
301015.SZ,20220622,21.4,23.5,21.2,23.07,21.57,1.5,6.9541,77488.49,174927.195,1.032,20.99677220213423,19.476849810388924,21.38812946467943,19.29482317664697
301015.SZ,20220623,22.67,22.67,21.88,22.41,23.07,-0.66,-2.8609,49516.92,110226.385,1.032,20.396084310785785,20.632718934650324,20.632718934650324,19.91371373136961
301015.SZ,20220624,22.41,22.94,22.11,22.56,22.41,0.15,0.6693,33333.84,75103.448,1.032,20.532604286092248,20.396084310785785,20.87845489020196,20.12304436017286
301015.SZ,20220627,22.53,22.84,21.96,21.99,22.56,-0.57,-2.5266,27297.97,60784.602,1.032,20.013828379927684,20.50530029103096,20.787441573330984,19.986524384866392
301015.SZ,20220628,22.08,22.3,21.66,22.19,21.99,0.2,0.9095,16080.96,35488.806,1.032,20.19585501366964,20.095740365111563,20.295969662227712,19.713484434253463
301015.SZ,20220629,22.19,22.48,21.7,21.71,22.19,-0.48,-2.1631,19633.37,43246.236,1.032,19.75899109268895,20.19585501366964,20.45979363259547,19.749889761001853
301015.SZ,20220630,21.76,22.31,21.25,21.58,21.71,-0.13,-0.5988,22909.17,49927.142,1.032,19.64067378075668,19.80449775112444,20.30507099391481,19.34032983508246
301015.SZ,20220701,21.69,21.88,21.3,21.34,21.58,-0.24,-1.1121,14630.77,31416.333,1.032,19.42224182026634,19.74078842931476,19.91371373136961,19.38583649351795
301015.SZ,20220704,21.55,22.96,21.35,22.65,21.34,1.31,6.1387,41052.5,92068.745,1.032,20.614516271276127,19.61336978569539,20.896657553576155,19.43134315195344
301015.SZ,20220705,22.5,22.8,21.8,22.1,22.65,-0.55,-2.4283,22770.29,50395.425,1.032,20.11394302848576,20.477996295969664,20.7510362465826,19.84090307787283
301015.SZ,20220706,21.9,22.34,21.52,21.68,22.1,-0.42,-1.9005,20000.83,43545.747,1.032,19.73168709762766,19.931916394743805,20.332374988976103,19.58606579063409
301015.SZ,20220707,21.68,21.98,21.27,21.41,21.68,-0.27,-1.2454,19321.86,41536.263,1.032,19.485951142076026,19.73168709762766,20.00472704824059,19.35853249845665
301015.SZ,20220708,21.45,21.75,21.38,21.55,21.41,0.14,0.6539,13477.55,29015.942,1.032,19.61336978569539,19.52235646882441,19.795396419437346,19.45864714701473
301015.SZ,20220711,21.55,22.33,21.3,21.91,21.55,0.36,1.6705,21796.56,47877.117,1.032,19.941017726430903,19.61336978569539,20.323273657289004,19.38583649351795
301015.SZ,20220712,21.89,21.95,20.64,20.65,21.91,-1.26,-5.7508,22621.87,47480.941,1.032,18.7942499338566,19.922815063056703,19.97742305317929,18.785148602169507
301015.SZ,20220713,20.65,20.87,20.1,20.47,20.65,-0.18,-0.8717,12462.89,25489.764,1.032,18.630425963488843,18.7942499338566,18.99447923097276,18.293676691066235
301015.SZ,20220714,20.49,20.9,20.44,20.71,20.47,0.24,1.1724,11975.42,24788.658,1.032,18.84885792397919,18.64862862686304,19.02178322603404,18.603121968427555
301015.SZ,20220715,20.7,21.09,20.17,20.37,20.71,-0.34,-1.6417,17277.6,35671.089,1.032,18.53941264661787,18.83975659229209,19.1947085280889,18.35738601287592
301015.SZ,20220718,20.39,20.7,20.2,20.7,20.37,0.33,1.62,9005.94,18503.229,1.032,18.83975659229209,18.557615309992062,18.83975659229209,18.38469000793721
301015.SZ,20220719,20.79,20.95,20.49,20.81,20.7,0.11,0.5314,10484.78,21746.892,1.032,18.939871240850163,18.92166857747597,19.06728988446953,18.64862862686304
301015.SZ,20220720,20.87,21.1,20.85,20.98,20.81,0.17,0.8169,11565.03,24255.63,1.032,19.094593879530823,18.99447923097276,19.203809859776,18.97627656759856
301015.SZ,20220721,20.98,21.13,20.81,20.93,20.98,-0.05,-0.2383,9252.61,19354.863,1.032,19.049087221095338,19.094593879530823,19.23111385483729,18.939871240850163
301015.SZ,20220722,21.0,21.15,20.36,20.53,20.93,-0.4,-1.9111,11860.2,24459.592,1.032,18.68503395361144,19.11279654290502,19.249316518211483,18.53031131493077
301015.SZ,20220725,20.6,20.75,20.42,20.55,20.53,0.02,0.0974,8207.99,16915.756,1.032,18.703236616985627,18.74874327542112,18.88526325072758,18.58491930505336
301015.SZ,20220726,20.57,20.67,20.2,20.67,20.55,0.12,0.5839,6824.7,13951.733,1.032,18.8124525972308,18.72143928035982,18.8124525972308,18.38469000793721
301015.SZ,20220727,20.53,20.88,20.51,20.7,20.67,0.03,0.1451,9025.96,18719.341,1.032,18.83975659229209,18.68503395361144,19.00358056265985,18.66683129023724
301015.SZ,20220728,21.46,23.19,21.0,22.38,20.7,1.68,8.1159,71192.59,158051.299,1.032,20.368780315724493,19.53145780051151,21.1059881823794,19.11279654290502
301015.SZ,20220729,22.37,23.95,22.08,23.11,22.38,0.73,3.2618,77234.66,179517.07,1.032,21.03317752888262,20.359678984037394,21.79768939059882,20.095740365111563
301015.SZ,20220801,23.0,23.46,22.0,23.2,23.11,0.09,0.3894,57465.12,130486.56,1.032,21.115089514066497,20.933062880324545,21.35172413793104,20.022929711614783
301015.SZ,20220802,23.03,23.3,22.16,22.77,23.2,-0.43,-1.8534,47131.84,107715.692,1.032,20.7237322515213,20.96036687538584,21.206102830937475,20.168551018608348
301015.SZ,20220803,22.61,23.08,21.83,21.91,22.77,-0.86,-3.7769,36083.49,80495.819,1.032,19.941017726430903,20.578110944527737,21.00587353382133,19.868207072934123
301015.SZ,20220804,22.19,22.74,21.86,22.53,21.91,0.62,2.8298,31553.02,70643.242,1.032,20.50530029103096,20.19585501366964,20.69642825646001,19.89551106799541
301015.SZ,20220805,22.65,23.36,22.32,22.96,22.53,0.43,1.9086,35318.77,81034.214,1.032,20.896657553576155,20.614516271276127,21.260710821060066,20.314172325601906
301015.SZ,20220808,22.91,23.31,22.65,22.97,22.96,0.01,0.0436,18208.85,41907.49,1.032,20.905758885263253,20.851150895140663,21.215204162624573,20.614516271276127
301015.SZ,20220809,22.97,23.9,22.53,23.7,22.97,0.73,3.1781,42788.81,99874.345,1.032,21.57015609842138,20.905758885263253,21.75218273216333,20.50530029103096
301015.SZ,20220810,23.7,28.2,23.6,27.6,23.7,3.9,16.4557,134543.65,353896.227,1.032,25.11967545638946,21.57015609842138,25.66575535761531,21.479142781550404
301015.SZ,20220811,27.7,28.03,26.4,26.66,27.6,-0.94,-3.4058,62402.72,168986.887,1.032,24.26415027780228,25.21068877326044,25.51103271893465,24.027515653937737
301015.SZ,20220812,26.6,26.95,25.9,25.96,26.66,-0.7,-2.6257,34640.87,91089.619,1.032,23.627057059705443,24.209542287679696,24.528088896728107,23.572449069582856
301015.SZ,20220815,25.89,26.7,25.45,26.26,25.96,0.3,1.1556,44725.58,116562.692,1.032,23.900097010318376,23.56334773789576,24.30055560455067,23.162889143663463
301015.SZ,20220816,25.88,26.65,25.66,26.4,26.26,0.14,0.5331,29452.1,77482.115,1.032,24.027515653937737,23.554246406208662,24.25504894611518,23.35401710909252
301015.SZ,20220817,26.5,27.12,25.78,25.87,26.4,-0.53,-2.0076,38392.24,101082.551,1.032,23.545145074521567,24.118528970808715,24.68281153540877,23.463233089337688
301015.SZ,20220818,25.87,26.04,25.3,25.52,25.87,-0.35,-1.3529,34297.04,88065.739,1.032,23.226598465473145,23.545145074521567,23.699867713202224,23.026369168357
301015.SZ,20220819,25.48,26.28,25.11,25.18,25.52,-0.34,-1.3323,28732.41,73794.826,1.032,22.91715318811183,23.19019313872476,23.91829967369257,22.853443866302147
301015.SZ,20220822,25.12,25.55,24.75,25.28,25.18,0.1,0.3971,21589.16,54194.978,1.032,23.008166504982803,22.862545197989245,23.253902460534444,22.52579592556663
301015.SZ,20220823,25.15,25.88,24.93,25.43,25.28,0.15,0.5934,33925.08,86315.289,1.032,23.14468648028927,22.889849193050534,23.554246406208662,22.68961989593439
301015.SZ,20220824,25.43,25.45,23.3,23.4,25.43,-2.03,-7.9827,61145.1,146264.741,1.032,21.29711614780845,23.14468648028927,23.162889143663463,21.206102830937475
301015.SZ,20220825,23.53,23.88,22.85,23.29,23.4,-0.11,-0.4701,29765.57,69355.163,1.032,21.197001499250376,21.41543345974072,21.733980068789137,20.79654290501808
301015.SZ,20220826,23.42,23.72,22.96,23.06,23.29,-0.23,-0.9875,18691.45,43473.215,1.032,20.98767087044713,21.31531881118265,21.58835876179557,20.896657553576155
301015.SZ,20220829,22.69,23.48,22.41,23.22,23.06,0.16,0.6938,18277.62,42263.3,1.032,21.13329217744069,20.65092159802452,21.36992680130524,20.396084310785785
301015.SZ,20220830,23.46,23.86,23.01,23.12,23.22,-0.1,-0.4307,16717.34,38960.981,1.032,21.04227886056972,21.35172413793104,21.71577740541494,20.942164212011644
301015.SZ,20220831,23.1,23.83,22.89,23.19,23.12,0.07,0.3028,25464.6,59308.392,1.032,21.1059881823794,21.024076197195523,21.688473410353648,20.83294823176648
301015.SZ,20220901,23.17,23.82,23.03,23.41,23.19,0.22,0.9487,20977.0,49330.775,1.032,21.30621747949555,21.08778551900521,21.67937207866656,20.96036687538584
301015.SZ,20220902,23.6,24.4,23.35,23.71,23.41,0.3,1.2815,28972.46,68777.46,1.032,21.57925743010848,21.479142781550404,22.20724931651821,21.251609489372964
301015.SZ,20220905,23.72,23.98,23.2,23.64,23.71,-0.07,-0.2952,19578.65,46154.197,1.032,21.515548108298795,21.58835876179557,21.824993385660115,21.115089514066497
301015.SZ,20220906,23.65,23.65,23.0,23.27,23.64,-0.37,-1.5651,15394.35,35907.254,1.032,21.178798835876183,21.524649439985893,21.524649439985893,20.933062880324545
301015.SZ,20220907,23.14,23.39,23.0,23.22,23.27,-0.05,-0.2149,11417.29,26541.676,1.032,21.13329217744069,21.06048152394392,21.28801481612136,20.933062880324545
301015.SZ,20220908,23.22,23.35,22.74,22.76,23.22,-0.46,-1.9811,16902.0,38704.165,1.032,20.714630919834203,21.13329217744069,21.251609489372964,20.69642825646001
301015.SZ,20220909,22.73,23.13,22.46,23.06,22.76,0.3,1.3181,14100.73,32244.21,1.032,20.98767087044713,20.68732692477291,21.05138019225681,20.44159096922128
301015.SZ,20220913,23.2,23.4,22.84,22.94,23.06,-0.12,-0.5204,11722.0,26988.913,1.032,20.87845489020196,21.115089514066497,21.29711614780845,20.787441573330984
301015.SZ,20220914,22.76,22.82,22.09,22.58,22.94,-0.36,-1.5693,11842.62,26485.804,1.032,20.550806949466445,20.714630919834203,20.76923890995679,20.104841696798665
301015.SZ,20220915,22.59,22.77,21.8,22.15,22.58,-0.43,-1.9043,16613.48,36943.725,1.032,20.15944968692125,20.559908281153543,20.7237322515213,19.84090307787283
301015.SZ,20220916,22.28,22.38,21.5,21.64,22.15,-0.51,-2.3025,10972.94,24045.551,1.032,19.69528177087927,20.277766998853515,20.368780315724493,19.567863127259905
301015.SZ,20220919,21.65,21.91,21.3,21.43,21.64,-0.21,-0.9704,14625.82,31619.048,1.032,19.50415380545022,19.704383102566364,19.941017726430903,19.38583649351795
301015.SZ,20220920,21.44,21.74,21.34,21.62,21.43,0.19,0.8866,7387.57,15874.973,1.032,19.677079107505072,19.51325513713732,19.786295087750243,19.42224182026634
301015.SZ,20220921,21.49,21.65,21.1,21.47,21.62,-0.15,-0.6938,7309.79,15638.634,1.032,19.54055913219861,19.558761795572803,19.704383102566364,19.203809859776
301015.SZ,20220922,21.4,21.75,21.03,21.03,21.47,-0.44,-2.0494,9426.24,20083.404,1.032,19.140100537966312,19.476849810388924,19.795396419437346,19.140100537966312
301015.SZ,20220923,21.2,21.26,20.88,20.88,21.03,-0.15,-0.7133,11714.22,24615.331,1.032,19.00358056265985,19.29482317664697,19.349431166769563,19.00358056265985
301015.SZ,20220926,20.88,21.54,20.62,20.86,20.88,-0.02,-0.0958,13666.0,28623.772,1.032,18.98537789928565,19.00358056265985,19.60426845400829,18.76694593879531
301015.SZ,20220927,21.0,21.45,20.7,21.35,20.86,0.49,2.349,11412.15,24128.235,1.032,19.43134315195344,19.11279654290502,19.52235646882441,18.83975659229209
301015.SZ,20220928,21.19,21.75,21.18,21.2,21.35,-0.15,-0.7026,13194.35,28264.506,1.032,19.29482317664697,19.28572184495988,19.795396419437346,19.27662051327277
301015.SZ,20220929,21.35,22.0,21.25,21.65,21.2,0.45,2.1226,18555.92,40180.335,1.032,19.704383102566364,19.43134315195344,20.022929711614783,19.34032983508246
301015.SZ,20220930,21.46,22.62,21.35,22.45,21.65,0.8,3.6952,30637.97,67970.023,1.032,20.43248963753417,19.53145780051151,20.587212276214835,19.43134315195344
301015.SZ,20221010,22.17,23.02,22.05,22.61,22.45,0.16,0.7127,25760.15,58398.357,1.032,20.578110944527737,20.177652350295443,20.951265543698742,20.06843637005027
301015.SZ,20221011,22.61,22.65,21.68,22.51,22.61,-0.1,-0.4423,19469.54,43083.702,1.032,20.48709762765676,20.578110944527737,20.614516271276127,19.73168709762766
301015.SZ,20221012,22.3,23.86,22.09,23.79,22.51,1.28,5.6864,33528.78,77052.508,1.032,21.652068083605258,20.295969662227712,21.71577740541494,20.104841696798665
301015.SZ,20221013,23.75,25.1,23.32,24.79,23.79,1.0,4.2034,39142.68,95761.293,1.032,22.56220125231502,21.615662756856867,22.84434253461505,21.22430549431167
301015.SZ,20221014,24.47,26.83,24.47,26.47,24.79,1.68,6.7769,54928.36,143575.222,1.032,24.091224975747423,22.27095863832789,24.418872916482936,22.27095863832789
301015.SZ,20221017,26.18,28.25,26.09,27.52,26.47,1.05,3.9668,63247.83,174426.086,1.032,25.046864802892674,23.827286356821592,25.7112620160508,23.74537437163772
301015.SZ,20221018,27.52,28.99,26.72,28.28,27.52,0.76,2.7616,55791.93,156860.353,1.032,25.73856601111209,25.046864802892674,26.384760560896027,24.318758267924864
301015.SZ,20221019,28.28,28.38,27.3,27.9,28.28,-0.38,-1.3437,36743.57,102454.516,1.032,25.392715407002385,25.73856601111209,25.82957932798307,24.84663550577653
301015.SZ,20221020,27.99,29.03,27.35,27.82,27.9,-0.08,-0.2867,27763.65,78514.929,1.032,25.319904753505604,25.474627392186264,26.421165887644417,24.89214216421201
301015.SZ,20221021,27.93,28.75,27.7,28.67,27.82,0.85,3.0554,33547.76,95067.484,1.032,26.0935179469089,25.42001940206368,26.166328600405684,25.21068877326044
301015.SZ,20221024,28.25,29.04,27.89,28.0,28.67,-0.67,-2.3369,23066.12,65564.109,1.032,25.48372872387336,25.7112620160508,26.430267219331515,25.38361407531529
301015.SZ,20221025,27.98,28.12,27.0,27.5,28.0,-0.5,-1.7857,29310.98,80839.136,1.032,25.02866213951848,25.465526060499165,25.592944704118533,24.5735955551636
301015.SZ,20221026,27.82,28.45,27.52,27.73,27.5,0.23,0.8364,25956.63,72506.286,1.032,25.237992768321725,25.319904753505604,25.89328864979275,25.046864802892674
301015.SZ,20221027,28.0,28.68,27.38,28.25,27.73,0.52,1.8752,30812.54,86186.557,1.032,25.7112620160508,25.48372872387336,26.102619278596,24.919446159273303
301015.SZ,20221028,27.93,28.49,26.8,27.01,28.25,-1.24,-4.3894,18206.04,49935.716,1.032,24.58269688685069,25.42001940206368,25.92969397654114,24.391568921421648
301015.SZ,20221031,27.0,27.58,26.66,27.13,27.01,0.12,0.4443,17069.0,46172.869,1.032,24.691912867095866,24.5735955551636,25.10147279301525,24.26415027780228
301015.SZ,20221101,27.19,28.01,26.1,26.98,27.13,-0.15,-0.5529,22762.0,60877.762,1.032,24.555392891789403,24.746520857218453,25.492830055560457,23.75447570332481
301015.SZ,20221102,27.45,27.45,26.5,27.01,26.98,0.03,0.1112,20297.62,54725.676,1.032,24.58269688685069,24.98315548108299,24.98315548108299,24.118528970808715
301015.SZ,20221103,26.7,27.5,26.52,26.68,27.01,-0.33,-1.2218,21172.13,56834.215,1.032,24.28235294117648,24.30055560455067,25.02866213951848,24.136731634182908
301015.SZ,20221104,26.68,27.76,26.53,27.7,26.68,1.02,3.8231,32679.26,88775.506,1.032,25.21068877326044,24.28235294117648,25.265296763383017,24.14583296587001
301015.SZ,20221107,27.69,28.21,26.49,26.66,27.7,-1.04,-3.7545,42211.2,114441.159,1.032,24.26415027780228,25.20158744157333,25.674856689302413,24.109427639121616
301015.SZ,20221108,26.44,28.34,26.22,28.15,26.66,1.49,5.5889,47878.55,131978.104,1.032,25.62024869917982,24.06392098068613,25.79317400123468,23.863691683569986
301015.SZ,20221109,27.98,30.89,27.38,29.39,28.15,1.24,4.405,66524.57,192402.482,1.032,26.74881382837993,25.465526060499165,28.11401358144457,24.919446159273303
301015.SZ,20221110,28.14,29.45,28.14,29.02,29.39,-0.37,-1.2589,34254.02,99332.192,1.032,26.41206455595732,25.611147367492727,26.80342181850252,25.611147367492727
301015.SZ,20221111,29.08,31.53,28.6,29.12,29.02,0.1,0.3446,58401.34,175866.49,1.032,26.503077872828296,26.466672546079906,28.696498809418824,26.02980862509922
301015.SZ,20221114,29.29,29.99,28.55,29.13,29.12,0.01,0.0343,39258.87,114950.497,1.032,26.51217920451539,26.657800511508952,27.29489372960579,25.98430196666373
301015.SZ,20221115,29.0,29.14,27.7,27.89,29.13,-1.24,-4.2568,42263.88,119114.707,1.032,25.38361407531529,26.39386189258312,26.52128053620249,25.21068877326044
301015.SZ,20221116,28.12,28.76,27.5,27.62,27.89,-0.27,-0.9681,26483.76,74298.021,1.032,25.13787811976365,25.592944704118533,26.17542993209278,25.02866213951848
301015.SZ,20221117,27.59,28.9,27.4,28.09,27.62,0.47,1.7017,23707.78,66915.011,1.032,25.56564070905724,25.11057412470236,26.302848575712147,24.9376488226475
301015.SZ,20221118,27.85,28.7,27.79,27.98,28.09,-0.11,-0.3916,22866.72,64246.606,1.032,25.465526060499165,25.347208748566896,26.120821941970195,25.29260075844431
301015.SZ,20221121,27.93,28.28,27.14,28.04,27.98,0.06,0.2144,21901.38,61163.246,1.032,25.52013405062176,25.42001940206368,25.73856601111209,24.701014198782964
301015.SZ,20221122,28.04,28.58,27.3,27.44,28.04,-0.6,-2.1398,17384.58,48281.315,1.032,24.974054149395894,25.52013405062176,26.01160596172502,24.84663550577653
301015.SZ,20221123,27.42,27.6,25.39,26.22,27.44,-1.22,-4.4461,46511.75,121351.228,1.032,23.863691683569986,24.9558514860217,25.11967545638946,23.10828115354088
301015.SZ,20221124,26.5,26.77,25.78,26.56,26.22,0.34,1.2967,30535.5,80149.144,1.032,24.173136960931306,24.118528970808715,24.364264926360352,23.463233089337688
301015.SZ,20221125,26.73,26.73,25.76,26.17,26.56,-0.39,-1.4684,16478.11,43161.513,1.032,23.818185025134497,24.32785959961196,24.32785959961196,23.44503042596349
301015.SZ,20221128,26.21,26.67,25.44,25.8,26.17,-0.37,-1.4138,17142.03,44403.495,1.032,23.48143575271188,23.854590351882887,24.27325160948937,23.15378781197637
301015.SZ,20221129,25.9,26.55,25.9,26.39,25.8,0.59,2.2868,15528.4,40770.754,1.032,24.01841432225064,23.572449069582856,24.164035629244207,23.572449069582856
301015.SZ,20221130,26.04,26.61,25.74,25.88,26.39,-0.51,-1.9326,11936.16,31095.815,1.032,23.554246406208662,23.699867713202224,24.21864361936679,23.42682776258929
301015.SZ,20221201,26.3,26.5,25.53,26.1,25.88,0.22,0.8501,21999.66,57129.593,1.032,23.75447570332481,23.936502337066763,24.118528970808715,23.235699797160247
301015.SZ,20221202,26.1,26.63,25.81,26.5,26.1,0.4,1.5326,19402.97,51159.302,1.032,24.118528970808715,23.75447570332481,24.236846282740984,23.490537084398976
301015.SZ,20221205,26.8,28.25,26.21,26.55,26.5,0.05,0.1887,44752.59,121930.739,1.032,24.164035629244207,24.391568921421648,25.7112620160508,23.854590351882887
301015.SZ,20221206,26.03,26.43,25.2,25.27,26.55,-1.28,-4.8211,31536.47,81238.934,1.032,22.99906517329571,23.69076638151513,24.054819648999032,22.935355851486023
301015.SZ,20221207,25.7,27.8,25.32,27.4,25.27,2.13,8.429,61814.43,166010.144,1.032,24.9376488226475,23.390422435840907,25.30170209013141,23.0445718317312
301015.SZ,20221208,27.16,27.2,25.86,26.16,27.4,-1.24,-4.5255,44021.6,115871.917,1.032,23.8090836934474,24.71921686215716,24.755622188905548,23.536043742834465
301015.SZ,20221209,25.91,26.6,25.61,26.29,26.16,0.13,0.4969,31441.35,82476.889,1.032,23.927401005379664,23.58155040126996,24.209542287679696,23.308510450657028
301015.SZ,20221212,26.32,26.83,26.02,26.73,26.29,0.44,1.6736,34352.38,91051.503,1.032,24.32785959961196,23.95470500044096,24.418872916482936,23.68166504982803
301015.SZ,20221213,26.76,27.0,25.81,26.58,26.73,-0.15,-0.5612,25368.0,66654.896,1.032,24.19133962430549,24.35516359467325,24.5735955551636,23.490537084398976
301015.SZ,20221214,26.35,26.58,25.41,25.54,26.58,-1.04,-3.9127,26412.0,68014.252,1.032,23.244801128847342,23.98200899550225,24.19133962430549,23.12648381691508
301015.SZ,20221215,25.53,26.25,25.36,25.56,25.54,0.02,0.0783,16817.97,43334.529,1.032,23.26300379222154,23.235699797160247,23.89099567863128,23.080977158479588
301015.SZ,20221216,25.48,26.07,25.26,25.74,25.56,0.18,0.7042,17851.5,45895.209,1.032,23.42682776258929,23.19019313872476,23.72717170826352,22.989963841608613
301015.SZ,20221219,25.73,26.05,24.54,25.06,25.74,-0.68,-2.6418,19156.2,47821.155,1.032,22.80793720786665,23.4177264309022,23.70896904488932,22.33466796013758
301015.SZ,20221220,25.05,25.05,24.16,24.25,25.06,-0.81,-3.2322,14338.0,34899.144,1.032,22.07072934121175,22.79883587617956,22.79883587617956,21.98881735602788
301015.SZ,20221221,24.17,24.47,24.0,24.11,24.25,-0.14,-0.5773,9020.67,21817.336,1.032,21.943310697592384,21.99791868771497,22.27095863832789,21.843196049034308
301015.SZ,20221222,24.09,24.43,23.45,23.45,24.11,-0.66,-2.7375,12155.11,29004.412,1.032,21.34262280624393,21.925108034218187,22.234553311579507,21.34262280624393
301015.SZ,20221223,23.45,23.77,23.18,23.22,23.45,-0.23,-0.9808,14529.5,33952.879,1.032,21.13329217744069,21.34262280624393,21.633865420231064,21.0968868506923
301015.SZ,20221226,24.15,24.15,23.22,23.84,23.22,0.62,2.6701,12648.79,29977.953,1.032,21.697574742040747,21.97971602434077,21.97971602434077,21.13329217744069
301015.SZ,20221227,24.08,24.08,23.3,23.63,23.84,-0.21,-0.8809,10719.75,25281.996,1.032,21.506446776611696,21.91600670253109,21.91600670253109,21.206102830937475
301015.SZ,20221228,23.69,23.85,23.37,23.56,23.63,-0.07,-0.2962,8431.1,19856.208,1.032,21.44273745480201,21.561054766734284,21.706676073727845,21.26981215274716
301015.SZ,20221229,23.3,24.6,23.3,24.0,23.56,0.44,1.8676,18487.46,44657.84,1.032,21.843196049034308,21.206102830937475,22.38927595026017,21.206102830937475
301015.SZ,20221230,24.1,24.14,23.5,23.84,24.0,-0.16,-0.6667,13533.72,32143.938,1.032,21.697574742040747,21.93420936590529,21.97061469265368,21.38812946467943
301015.SZ,20230103,24.24,24.39,23.8,24.19,23.84,0.35,1.4681,14364.24,34616.668,1.032,22.016121351089165,22.06162800952465,22.19814798483112,21.66116941529236
301015.SZ,20230104,24.25,24.52,24.0,24.27,24.19,0.08,0.3307,13956.33,33832.468,1.032,22.088932004585946,22.07072934121175,22.316465296763383,21.843196049034308
301015.SZ,20230105,24.43,24.77,24.02,24.56,24.27,0.29,1.1949,13754.8,33643.758,1.032,22.352870623511777,22.234553311579507,22.543998588940827,21.861398712408505
301015.SZ,20230106,24.67,26.08,24.3,25.45,24.56,0.89,3.6238,36551.39,92902.529,1.032,23.162889143663463,22.45298527206985,23.73627303995061,22.11623599964724
301015.SZ,20230109,25.44,25.88,24.86,25.48,25.45,0.03,0.1179,28781.25,72786.09,1.032,23.19019313872476,23.15378781197637,23.554246406208662,22.625910574124703
301015.SZ,20230110,25.93,26.98,25.6,26.6,25.48,1.12,4.3956,51839.85,137255.271,1.032,24.209542287679696,23.59975306464415,24.555392891789403,23.299409118969933
301015.SZ,20230111,26.61,27.16,26.11,26.25,26.6,-0.35,-1.3158,26668.34,71111.355,1.032,23.89099567863128,24.21864361936679,24.71921686215716,23.76357703501191
301015.SZ,20230112,26.28,26.73,25.6,25.79,26.25,-0.46,-1.7524,23015.45,60173.238,1.032,23.472334421024783,23.91829967369257,24.32785959961196,23.299409118969933
301015.SZ,20230113,25.8,26.39,25.55,26.12,25.79,0.33,1.2796,14699.18,38237.959,1.032,23.772678366699008,23.48143575271188,24.01841432225064,23.253902460534444
301015.SZ,20230116,26.48,27.35,26.14,26.62,26.12,0.5,1.9142,26657.64,71409.433,1.032,24.22774495105389,24.10032630743452,24.89214216421201,23.7908810300732
301015.SZ,20230117,26.89,26.89,26.13,26.2,26.62,-0.42,-1.5778,11419.68,30079.623,1.032,23.845489020195785,24.473480906605523,24.473480906605523,23.781779698386103
301015.SZ,20230118,26.49,26.49,25.9,26.08,26.2,-0.12,-0.458,13625.0,35656.092,1.032,23.73627303995061,24.109427639121616,24.109427639121616,23.572449069582856
301015.SZ,20230119,26.2,26.49,25.8,26.25,26.08,0.17,0.6518,9590.35,25151.333,1.032,23.89099567863128,23.845489020195785,24.109427639121616,23.48143575271188
301015.SZ,20230120,26.23,26.7,26.15,26.39,26.25,0.14,0.5333,9147.06,24153.888,1.032,24.01841432225064,23.87279301525708,24.30055560455067,23.799982361760296
301015.SZ,20230130,26.78,27.03,26.06,26.18,26.39,-0.21,-0.7958,14914.65,39404.513,1.032,23.827286356821592,24.37336625804745,24.60089955022489,23.718070376576417
301015.SZ,20230131,26.26,26.38,25.66,25.74,26.18,-0.44,-1.6807,11087.0,28721.473,1.032,23.42682776258929,23.900097010318376,24.009312990563544,23.35401710909252
301015.SZ,20230201,25.88,25.88,25.48,25.7,25.74,-0.04,-0.1554,22202.55,56899.419,1.032,23.390422435840907,23.554246406208662,23.554246406208662,23.19019313872476
301015.SZ,20230202,25.69,26.14,25.52,25.94,25.7,0.24,0.9339,22113.04,57124.344,1.032,23.60885439633125,23.38132110415381,23.7908810300732,23.226598465473145
301015.SZ,20230203,25.88,25.98,25.23,25.5,25.94,-0.44,-1.6962,18478.24,47133.968,1.032,23.20839580209896,23.554246406208662,23.64525972307964,22.962659846547314
301015.SZ,20230206,25.51,26.4,25.2,26.09,25.5,0.59,2.3137,23324.78,60181.295,1.032,23.74537437163772,23.21749713378605,24.027515653937737,22.935355851486023
301015.SZ,20230207,26.22,27.14,25.18,25.32,26.09,-0.77,-2.9513,49965.8,129818.185,1.032,23.0445718317312,23.863691683569986,24.701014198782964,22.91715318811183
301015.SZ,20230208,25.25,25.6,24.97,25.16,25.32,-0.16,-0.6319,17494.06,44229.014,1.032,22.89895052473764,22.98086250992151,23.299409118969933,22.72602522268278
301015.SZ,20230209,25.14,25.63,25.01,25.61,25.16,0.45,1.7886,11868.99,30131.892,1.032,23.308510450657028,22.88074786136344,23.32671311403122,22.76243054943117
301015.SZ,20230210,25.5,26.43,25.43,25.79,25.61,0.18,0.7029,19130.99,49516.522,1.032,23.472334421024783,23.20839580209896,24.054819648999032,23.14468648028927
301015.SZ,20230213,25.88,28.1,25.68,28.07,25.79,2.28,8.8406,62837.09,170644.676,1.032,25.547438045683045,23.554246406208662,25.574742040744336,23.37221977246671
301015.SZ,20230214,27.73,27.9,27.0,27.81,28.07,-0.26,-0.9263,45200.01,124070.069,1.032,25.310803421818505,25.237992768321725,25.392715407002385,24.5735955551636
301015.SZ,20230215,27.68,28.33,27.3,27.93,27.81,0.12,0.4315,35937.98,99927.628,1.032,25.42001940206368,25.19248610988624,25.78407266954758,24.84663550577653
301015.SZ,20230216,27.69,29.42,27.21,27.6,27.93,-0.33,-1.1815,58305.27,164893.974,1.032,25.11967545638946,25.20158744157333,26.776117823441226,24.76472352059265
301015.SZ,20230217,27.39,28.29,27.25,27.49,27.6,-0.11,-0.3986,29139.39,80616.301,1.032,25.01956080783138,24.928547490960405,25.74766734279919,24.80112884734104
301015.SZ,20230220,27.5,27.6,26.8,27.1,27.49,-0.39,-1.4187,32665.12,88550.51,1.032,24.664608872034574,25.02866213951848,25.11967545638946,24.391568921421648
301015.SZ,20230221,27.38,27.38,26.81,27.2,27.1,0.1,0.369,13586.23,36814.882,1.032,24.755622188905548,24.919446159273303,24.919446159273303,24.40067025310874
301015.SZ,20230222,27.0,27.44,26.86,27.11,27.2,-0.09,-0.3309,18246.9,49427.377,1.032,24.673710203721672,24.5735955551636,24.974054149395894,24.446176911544228
301015.SZ,20230223,27.15,27.35,26.79,27.17,27.11,0.06,0.2213,15824.47,42855.629,1.032,24.72831819384426,24.71011553047006,24.89214216421201,24.382467589734546
301015.SZ,20230224,27.32,27.5,26.9,27.1,27.17,-0.07,-0.2576,19150.24,51950.458,1.032,24.664608872034574,24.864838169150723,25.02866213951848,24.48258223829262
301015.SZ,20230227,27.11,27.66,26.05,26.9,27.1,-0.2,-0.738,29405.37,78639.842,1.032,24.48258223829262,24.673710203721672,25.17428344651204,23.70896904488932
301015.SZ,20230228,26.95,28.63,26.87,28.48,26.9,1.58,5.8736,51411.78,143529.649,1.032,25.920592644854047,24.528088896728107,26.05711262016051,24.45527824323133
301015.SZ,20230301,28.48,28.65,27.72,28.26,28.48,-0.22,-0.7725,30738.74,86594.936,1.032,25.7203633477379,25.920592644854047,26.075315283534707,25.228891436634623
301015.SZ,20230302,28.2,28.23,27.45,27.53,28.26,-0.73,-2.5832,17465.52,48511.801,1.032,25.055966134579773,25.66575535761531,25.69305935267661,24.98315548108299
301015.SZ,20230303,27.5,27.72,27.35,27.5,27.53,-0.03,-0.109,11890.07,32706.488,1.032,25.02866213951848,25.02866213951848,25.228891436634623,24.89214216421201
301015.SZ,20230306,27.6,27.6,27.16,27.33,27.5,-0.17,-0.6182,11290.0,30872.663,1.032,24.873939500837817,25.11967545638946,25.11967545638946,24.71921686215716
301015.SZ,20230307,27.6,27.9,26.88,26.99,27.33,-0.34,-1.2441,20643.7,56582.755,1.032,24.5644942234765,25.11967545638946,25.392715407002385,24.464379574918425
301015.SZ,20230308,26.87,27.3,26.56,26.81,26.99,-0.18,-0.6669,10815.69,29014.716,1.032,24.40067025310874,24.45527824323133,24.84663550577653,24.173136960931306
301015.SZ,20230309,26.72,27.3,26.56,26.68,26.81,-0.13,-0.4849,10121.31,27142.438,1.032,24.28235294117648,24.318758267924864,24.84663550577653,24.173136960931306
301015.SZ,20230310,26.6,26.77,26.26,26.64,26.68,-0.04,-0.1499,10697.25,28452.786,1.032,24.245947614428083,24.209542287679696,24.364264926360352,23.900097010318376
301015.SZ,20230313,26.46,27.04,26.15,26.52,26.64,-0.12,-0.4505,12054.65,31767.148,1.032,24.136731634182908,24.082123644060328,24.61000088191199,23.799982361760296
301015.SZ,20230314,26.78,27.65,26.5,26.91,26.52,0.39,1.4706,20694.21,55958.813,1.032,24.49168356997972,24.37336625804745,25.165182114824944,24.118528970808715
301015.SZ,20230315,26.94,27.68,26.84,27.05,26.91,0.14,0.5203,13631.89,37087.815,1.032,24.619102213599085,24.518987565041016,25.19248610988624,24.427974248170035
301015.SZ,20230316,27.06,27.55,26.61,27.11,27.05,0.06,0.2218,14502.27,39289.637,1.032,24.673710203721672,24.62820354528618,25.07416879795397,24.21864361936679
301015.SZ,20230317,27.31,27.31,26.65,26.66,27.11,-0.45,-1.6599,13120.34,35399.485,1.032,24.26415027780228,24.855736837463624,24.855736837463624,24.25504894611518
301015.SZ,20230320,26.71,26.71,25.99,26.42,26.66,-0.24,-0.9002,15405.29,40467.015,1.032,24.04571831731193,24.309656936237765,24.309656936237765,23.65436105476674
301015.SZ,20230321,26.64,27.17,26.25,27.11,26.42,0.69,2.6117,11725.58,31521.87,1.032,24.673710203721672,24.245947614428083,24.72831819384426,23.89099567863128
301015.SZ,20230322,27.17,27.49,27.02,27.24,27.11,0.13,0.4795,8623.7,23459.278,1.032,24.79202751565394,24.72831819384426,25.01956080783138,24.5917982185378
301015.SZ,20230323,27.34,27.44,26.82,27.2,27.24,-0.04,-0.1468,14777.57,40047.886,1.032,24.755622188905548,24.88304083252492,24.974054149395894,24.40977158479584
301015.SZ,20230324,27.1,27.45,25.93,25.95,27.2,-1.25,-4.5956,32700.32,86404.219,1.032,23.617955728018345,24.664608872034574,24.98315548108299,23.59975306464415
301015.SZ,20230327,25.9,26.14,25.41,26.07,25.95,0.12,0.4624,14455.11,37451.357,1.032,23.72717170826352,23.572449069582856,23.7908810300732,23.12648381691508
301015.SZ,20230328,26.07,26.71,25.71,26.56,26.07,0.49,1.8796,17140.22,45165.668,1.032,24.173136960931306,23.72717170826352,24.309656936237765,23.399523767528
301015.SZ,20230329,26.94,26.94,26.3,26.7,26.56,0.14,0.5271,9243.0,24567.712,1.032,24.30055560455067,24.518987565041016,24.518987565041016,23.936502337066763
301015.SZ,20230330,26.45,26.8,25.98,26.08,26.7,-0.62,-2.3221,12428.05,32698.11,1.032,23.73627303995061,24.073022312373222,24.391568921421648,23.64525972307964
301015.SZ,20230331,26.0,26.8,25.99,26.75,26.08,0.67,2.569,11810.45,31395.748,1.032,24.34606226298616,23.66346238645384,24.391568921421648,23.65436105476674
301015.SZ,20230403,26.83,27.19,26.41,26.51,26.75,-0.24,-0.8972,11961.16,31941.472,1.032,24.127630302495817,24.418872916482936,24.746520857218453,24.03661698562484
301015.SZ,20230404,26.31,26.6,26.05,26.45,26.51,-0.06,-0.2263,10039.0,26379.243,1.032,24.073022312373222,23.94560366875386,24.209542287679696,23.70896904488932
301015.SZ,20230406,26.6,26.95,26.18,26.22,26.45,-0.23,-0.8696,10366.0,27542.041,1.032,23.863691683569986,24.209542287679696,24.528088896728107,23.827286356821592
301015.SZ,20230407,26.3,26.86,26.17,26.79,26.22,0.57,2.1739,10498.89,27971.834,1.032,24.382467589734546,23.936502337066763,24.446176911544228,23.818185025134497
301015.SZ,20230410,26.97,27.37,26.47,27.27,26.79,0.48,1.7917,28357.88,76543.378,1.032,24.81933151071524,24.546291560102304,24.91034482758621,24.091224975747423
301015.SZ,20230411,27.29,28.66,27.06,27.24,27.27,-0.03,-0.11,34187.86,94483.567,1.032,24.79202751565394,24.837534174089427,26.084416615221805,24.62820354528618
301015.SZ,20230412,27.8,28.85,27.69,28.45,27.24,1.21,4.442,74090.38,210326.746,1.032,25.89328864979275,25.30170209013141,26.257341917276666,25.20158744157333
301015.SZ,20230413,28.55,29.1,27.9,28.96,28.45,0.51,1.7926,50294.4,144391.599,1.032,26.35745656583473,25.98430196666373,26.4848752094541,25.392715407002385
301015.SZ,20230414,28.1,28.8,28.01,28.44,28.96,-0.52,-1.7956,41577.74,118189.06,1.032,25.884187318105656,25.574742040744336,26.211835258841173,25.492830055560457
301015.SZ,20230417,28.4,28.58,28.01,28.46,28.44,0.02,0.0703,21727.91,61557.077,1.032,25.902389981479853,25.847781991357262,26.01160596172502,25.492830055560457
301015.SZ,20230418,28.67,29.64,28.4,29.6,28.46,1.14,4.0056,29842.92,86540.148,1.032,26.939941793808984,26.0935179469089,26.97634712055737,25.847781991357262
301015.SZ,20230419,29.75,30.99,28.82,29.13,29.6,-0.47,-1.5878,53386.38,158149.992,1.032,26.51217920451539,27.076461769115447,28.205026898315552,26.230037922215367
301015.SZ,20230420,29.26,29.6,28.28,28.74,29.13,-0.39,-1.3388,33270.0,95524.037,1.032,26.157227268718582,26.630496516447664,26.939941793808984,25.73856601111209
301015.SZ,20230421,28.65,29.39,28.34,28.5,28.74,-0.24,-0.8351,23569.27,67890.69,1.032,25.93879530822824,26.075315283534707,26.74881382837993,25.79317400123468
301015.SZ,20230424,28.46,29.68,28.35,28.86,28.5,0.36,1.2632,45660.62,131485.291,1.032,26.26644324896376,25.902389981479853,27.01275244730576,25.802275332921777
301015.SZ,20230425,29.06,29.25,27.8,28.89,28.86,0.03,0.104,37059.6,105986.407,1.032,26.29374724402505,26.448469882705705,26.62139518476056,25.30170209013141
301015.SZ,20230426,29.22,29.58,28.64,28.99,28.89,0.1,0.3461,25061.39,72917.3,1.032,26.384760560896027,26.59409118969927,26.921739130434784,26.066213951847608
301015.SZ,20230427,29.3,29.98,29.0,29.6,28.99,0.61,2.1042,33651.38,99542.212,1.032,26.939941793808984,26.66690184319605,27.28579239791869,26.39386189258312
301015.SZ,20230428,29.61,29.79,28.7,29.24,29.6,-0.36,-1.2162,31047.15,90227.272,1.032,26.612293853073464,26.94904312549608,27.11286709586384,26.120821941970195
301015.SZ,20230504,28.99,29.49,28.55,28.9,29.24,-0.34,-1.1628,21783.62,63048.211,1.032,26.302848575712147,26.384760560896027,26.839827145250904,25.98430196666373
301015.SZ,20230505,28.88,29.39,27.68,27.91,28.9,-0.99,-3.4256,27045.69,75917.768,1.032,25.40181673868948,26.28464591233795,26.74881382837993,25.19248610988624
301015.SZ,20230508,28.1,28.1,26.0,26.11,27.91,-1.8,-6.4493,59946.15,159768.411,1.032,23.76357703501191,25.574742040744336,25.574742040744336,23.66346238645384
301015.SZ,20230509,26.22,26.34,24.98,24.98,26.11,-1.13,-4.3278,31543.06,80107.266,1.032,22.73512655436988,23.863691683569986,23.97290766381516,22.73512655436988
301015.SZ,20230510,24.94,25.27,24.7,24.85,24.98,-0.13,-0.5204,23346.7,58185.789,1.032,22.616809242437608,22.698721227621487,22.99906517329571,22.480289267131145
301015.SZ,20230511,25.02,25.53,24.35,24.97,24.85,0.12,0.4829,33443.39,83183.374,1.032,22.72602522268278,22.771531881118268,23.235699797160247,22.161742658082726
301015.SZ,20230512,24.98,25.75,24.94,25.31,24.97,0.34,1.3616,29833.51,75890.677,1.032,23.0354705000441,22.73512655436988,23.4359290942764,22.698721227621487
301015.SZ,20230515,25.3,26.0,24.86,25.36,25.31,0.05,0.1976,37411.17,94930.819,1.032,23.080977158479588,23.026369168357,23.66346238645384,22.625910574124703
301015.SZ,20230516,25.4,26.1,25.18,25.92,25.36,0.56,2.2082,30705.31,78878.743,1.032,23.590651732957056,23.11738248522797,23.75447570332481,22.91715318811183
301015.SZ,20230517,25.63,26.08,25.5,25.85,25.92,-0.07,-0.2701,16356.32,42142.908,1.032,23.52694241114737,23.32671311403122,23.73627303995061,23.20839580209896
301015.SZ,20230518,25.94,26.26,25.72,25.83,25.85,-0.02,-0.0774,13762.66,35682.203,1.032,23.508739747773173,23.60885439633125,23.900097010318376,23.4086250992151
301015.SZ,20230519,25.74,26.58,25.65,26.37,25.83,0.54,2.0906,17673.06,46373.649,1.032,24.00021165887645,23.42682776258929,24.19133962430549,23.34491577740542
301015.SZ,20230522,26.26,28.62,26.26,28.25,26.37,1.88,7.1293,65706.08,184018.79,1.032,25.7112620160508,23.900097010318376,26.04801128847341,23.900097010318376
301015.SZ,20230523,28.19,29.19,28.19,28.69,28.25,0.44,1.5575,38558.19,110657.743,1.032,26.111720610283097,25.656654025928216,26.56678719463798,25.656654025928216
301015.SZ,20230524,28.47,29.02,27.92,28.54,28.69,-0.15,-0.5228,29170.54,83274.377,1.032,25.97520063497663,25.911491313166948,26.41206455595732,25.41091807037658
301015.SZ,20230525,28.03,28.39,27.02,27.42,27.78,-0.36,-1.2959,26161.08,72023.095,1.0602,25.637784637093223,26.20813651997531,26.54473763118441,25.26378340241644
301015.SZ,20230526,27.7,28.08,27.26,27.71,27.42,0.29,1.0576,20128.79,55832.591,1.0602,25.908935532233887,25.899585501366968,26.254886674309905,25.48818414322251
301015.SZ,20230529,27.8,28.46,27.44,28.25,27.71,0.54,1.9488,31355.09,87570.223,1.0602,26.41383719904754,25.993085810036163,26.61018784725285,25.65648469882706
301015.SZ,20230530,28.52,28.65,27.82,28.28,28.25,0.03,0.1062,22471.44,63312.374,1.0602,26.4418872916483,26.66628803245436,26.78783843372432,26.01178587177
301015.SZ,20230531,28.14,30.15,28.14,29.44,28.28,1.16,4.1018,50530.03,148792.259,1.0602,27.52649087221096,26.310986859511424,28.19034306376224,26.310986859511424
301015.SZ,20230601,29.31,29.91,28.7,29.17,29.44,-0.27,-0.9171,32403.4,94878.596,1.06,27.26889496428257,27.399770702883853,27.960666725460804,26.82952641326396
301015.SZ,20230602,29.29,29.45,28.26,28.45,29.17,-0.72,-2.4683,18039.77,51531.308,1.06,26.59581973719023,27.381074168797955,27.530646441485143,26.418202663374203
301015.SZ,20230605,28.25,28.8,27.92,28.64,28.45,0.19,0.6678,19121.95,54306.518,1.06,26.773436811006267,26.408854396331247,26.92300908369345,26.10036158391393
301015.SZ,20230606,28.49,29.1,27.78,27.96,28.64,-0.68,-2.3743,12988.55,36804.953,1.06,26.137754652085725,26.633212805362028,27.203457094981925,25.969485845312644
301015.SZ,20230607,28.0,28.35,27.82,28.04,27.96,0.08,0.2861,11273.21,31663.864,1.06,26.21254078842932,26.17514772025752,26.50233706676074,26.006878913484435
301015.SZ,20230608,27.98,28.18,27.5,27.93,28.04,-0.11,-0.3923,17497.0,48731.341,1.06,26.10970985095688,26.156451186171623,26.343416527030605,25.707734368110067
301015.SZ,20230609,28.11,29.0,27.55,28.6,27.93,0.67,2.3989,19353.62,55330.29,1.06,26.736043742834468,26.27797865772996,27.10997442455244,25.75447570332481
301015.SZ,20230612,28.6,29.04,28.21,28.35,28.6,-0.25,-0.8741,17784.74,50681.76,1.06,26.50233706676074,26.736043742834468,27.14736749272423,26.37146132815945
301015.SZ,20230613,28.41,28.93,27.9,27.98,28.35,-0.37,-1.3051,16609.67,47115.288,1.06,26.156451186171623,26.55842666901844,27.04453655525179,26.081665049828032
301015.SZ,20230614,28.37,28.43,27.75,28.02,27.98,0.04,0.143,8109.93,22765.878,1.06,26.19384425434341,26.52103360084664,26.57712320310433,25.9414410441838
301015.SZ,20230615,27.82,28.12,27.72,27.82,28.02,-0.2,-0.7138,9761.87,27208.27,1.06,26.006878913484435,26.006878913484435,26.28732692477292,25.913396243054944
301015.SZ,20230616,27.93,28.0,27.14,27.18,27.82,-0.64,-2.3005,15056.0,41269.172,1.06,25.40858982273569,26.10970985095688,26.17514772025752,25.3711967545639
301015.SZ,20230619,27.25,27.56,26.43,26.65,27.18,-0.53,-1.95,23441.71,62753.093,1.06,24.91313166945939,25.474027692036337,25.76382397036776,24.70746979451452
301015.SZ,20230620,26.71,26.71,26.18,26.29,26.65,-0.36,-1.3508,18480.72,48782.007,1.06,24.576594055913223,24.96922127171709,24.96922127171709,24.473763118440782
301015.SZ,20230621,26.6,26.98,26.03,26.65,26.29,0.36,1.3693,24636.0,65665.997,1.06,24.91313166945939,24.866390334244645,25.22162448187672,24.333539112796547
301015.SZ,20230626,26.54,26.73,26.0,26.21,26.65,-0.44,-1.651,13803.55,36178.718,1.06,24.501807919569632,24.81030073198695,24.987917805802983,24.3054943116677
301015.SZ,20230627,26.35,26.88,25.94,26.01,26.21,-0.2,-0.7631,22366.55,58609.048,1.06,24.31484257871065,24.63268365817092,25.12814181144721,24.249404709410005
301015.SZ,20230628,26.28,26.28,25.8,26.11,26.01,0.1,0.3845,17458.61,45570.732,1.06,24.408325249140137,24.56724578887028,24.56724578887028,24.11852897080872
301015.SZ,20230629,26.3,26.77,26.2,26.66,26.11,0.55,2.1065,17081.02,45355.274,1.06,24.92247993650234,24.58594232295617,25.02531087397478,24.49245965252668
301015.SZ,20230630,26.76,28.59,26.73,27.76,26.66,1.1,4.126,34662.54,96624.097,1.06,25.950789311226742,25.01596260693184,26.72669547579152,24.987917805802983
301015.SZ,20230703,27.32,28.48,27.29,28.4,27.76,0.64,2.3055,30004.6,84263.029,1.06,26.54907840197549,25.539465561336986,26.62386453831908,25.511420760208136
301015.SZ,20230704,28.24,28.42,27.85,27.99,28.4,-0.41,-1.4437,15192.08,42556.4,1.06,26.16579945321457,26.39950612928829,26.567774936061387,26.03492371461329
301015.SZ,20230705,27.9,28.0,27.22,27.53,27.99,-0.46,-1.6434,20201.94,55603.327,1.06,25.73577916923892,26.081665049828032,26.17514772025752,25.44598289090749
301015.SZ,20230706,27.41,27.66,26.71,26.98,27.53,-0.55,-1.9978,13187.43,35697.692,1.06,25.22162448187672,25.623599964723525,25.85730664079725,24.96922127171709
301015.SZ,20230707,27.08,27.09,26.38,26.76,26.98,-0.22,-0.8154,10791.0,28814.753,1.06,25.01596260693184,25.3151071523062,25.32445541934916,24.660728459299765
301015.SZ,20230710,27.02,27.59,26.6,27.0,26.76,0.24,0.8969,17013.0,45828.814,1.06,25.24032101596261,25.259017550048508,25.79186877149661,24.866390334244645
301015.SZ,20230711,27.46,27.46,26.63,27.16,27.0,0.16,0.5926,10435.0,28242.053,1.06,25.389893288649795,25.67034129993827,25.67034129993827,24.89443513537349
301015.SZ,20230712,27.2,27.54,26.6,26.68,27.16,-0.48,-1.7673,11715.0,31683.136,1.06,24.94117647058824,25.4272863568216,25.74512743628186,24.866390334244645
301015.SZ,20230713,26.68,26.87,26.28,26.39,26.68,-0.29,-1.087,16873.96,44770.112,1.06,24.67007672634272,24.94117647058824,25.11879354440428,24.56724578887028
301015.SZ,20230714,26.49,26.65,26.25,26.29,26.39,-0.1,-0.3789,11515.0,30403.958,1.06,24.576594055913223,24.763559396772205,24.91313166945939,24.539200987741427
301015.SZ,20230717,26.5,26.5,25.78,25.93,26.29,-0.36,-1.3693,12312.0,31896.955,1.06,24.240056442367056,24.77290766381516,24.77290766381516,24.09983243672282
301015.SZ,20230718,26.14,26.32,25.93,26.26,25.93,0.33,1.2727,13148.84,34439.478,1.06,24.548549254784376,24.436370050268987,24.60463885704207,24.240056442367056
301015.SZ,20230719,26.19,26.57,25.62,25.8,26.26,-0.46,-1.7517,12473.06,32455.168,1.06,24.11852897080872,24.48311138548373,24.8383455331158,23.95026016403564
301015.SZ,20230720,25.8,26.01,25.5,25.6,25.8,-0.2,-0.7752,12899.0,33219.374,1.06,23.931563629949736,24.11852897080872,24.31484257871065,23.838080959520244
301015.SZ,20230721,25.58,26.48,25.2,26.14,25.6,0.54,2.1094,14021.3,36525.852,1.06,24.436370050268987,23.912867095863835,24.754211129729256,23.557632948231767
301015.SZ,20230724,26.21,26.88,26.14,26.46,26.14,0.32,1.2242,19922.99,52697.304,1.06,24.73551459564336,24.501807919569632,25.12814181144721,24.436370050268987
301015.SZ,20230725,26.51,26.77,25.95,26.2,26.46,-0.26,-0.9826,14277.0,37460.548,1.06,24.49245965252668,24.782255930858103,25.02531087397478,24.25875297645296
301015.SZ,20230726,26.5,26.6,25.81,26.03,26.2,-0.17,-0.6489,21053.27,54945.559,1.06,24.333539112796547,24.77290766381516,24.866390334244645,24.127877237851663
301015.SZ,20230727,25.96,26.08,25.74,25.88,26.03,-0.15,-0.5763,12533.05,32478.63,1.06,24.19331510715231,24.268101243495902,24.38028044801129,24.06243936855102
301015.SZ,20230728,25.88,26.18,25.68,25.98,25.88,0.1,0.3864,10340.0,26820.354,1.06,24.2867977775818,24.19331510715231,24.473763118440782,24.00634976629333
301015.SZ,20230731,26.09,26.45,25.16,25.18,25.98,-0.8,-3.0793,28662.85,73719.677,1.06,23.53893641414587,24.38962871505424,24.726166328600407,23.52023988005997
301015.SZ,20230801,25.18,25.3,21.71,22.16,25.18,-3.02,-11.9936,108564.65,250187.393,1.06,20.71575976717524,23.53893641414587,23.65111561866126,20.29508775024253
301015.SZ,20230802,21.99,22.8,21.72,21.9,22.16,-0.26,-1.1733,54820.6,120935.847,1.06,20.47270482405856,20.556839227445103,21.314048857923986,20.304436017285475
301015.SZ,20230803,21.94,22.38,21.8,22.01,21.9,0.11,0.5023,42647.29,94279.92,1.06,20.575535761531004,20.51009789223036,20.92142164212012,20.37922215362907
301015.SZ,20230804,22.0,23.0,21.94,22.46,22.01,0.45,2.0445,45777.36,103038.385,1.06,20.99620777846372,20.56618749448805,21.501014198782965,20.51009789223036
301015.SZ,20230807,22.46,22.55,21.9,22.06,22.46,-0.4,-1.7809,32488.41,71782.107,1.06,20.622277096745748,20.99620777846372,21.080342181850256,20.47270482405856
301015.SZ,20230808,21.92,22.63,21.91,22.38,22.06,0.32,1.4506,32332.63,72197.579,1.06,20.92142164212012,20.49140135814446,21.15512831819385,20.48205309110152
301015.SZ,20230809,22.39,22.72,22.16,22.57,22.38,0.19,0.849,20018.0,45034.287,1.06,21.09903871593616,20.93076990916307,21.23926272158039,20.71575976717524
301015.SZ,20230810,22.57,22.64,22.3,22.44,22.57,-0.13,-0.576,13628.84,30621.447,1.06,20.977511244377816,21.09903871593616,21.164476585236795,20.84663550577653
301015.SZ,20230811,22.39,22.85,22.36,22.5,22.44,0.06,0.2674,16831.16,38137.305,1.06,21.033600846635508,20.93076990916307,21.36079019313873,20.90272510803422
301015.SZ,20230814,22.33,23.05,22.17,22.68,22.5,0.18,0.8,29730.51,66992.002,1.06,21.2018696534086,20.87468030690537,21.547755533997712,20.725108034218188
301015.SZ,20230815,22.64,23.96,22.22,23.2,22.68,0.52,2.2928,62604.0,145625.118,1.06,21.687979539641944,21.164476585236795,22.39844783490608,20.77184936943293
301015.SZ,20230816,22.9,23.85,22.66,22.83,23.2,-0.37,-1.5948,66134.66,152858.292,1.06,21.34209365905283,21.40753152835348,22.29561689743364,21.18317311932269
301015.SZ,20230817,22.56,22.96,22.37,22.7,22.83,-0.13,-0.5694,46837.68,105897.929,1.06,21.22056618749449,21.0896904488932,21.46362113061117,20.91207337507717
301015.SZ,20230818,22.9,22.96,21.9,21.92,22.7,-0.78,-3.4361,38324.36,85137.188,1.06,20.49140135814446,21.40753152835348,21.46362113061117,20.47270482405856
301015.SZ,20230821,21.84,22.29,21.66,21.82,21.92,-0.1,-0.4562,26324.2,57830.03,1.06,20.39791868771497,20.416615221800868,20.837287238733577,20.248346415027783
301015.SZ,20230822,21.85,22.19,21.4,21.85,21.82,0.03,0.1375,27852.04,60406.733,1.06,20.425963488843816,20.425963488843816,20.74380456830409,20.005291471911107
301015.SZ,20230823,21.85,22.22,21.56,21.87,21.85,0.02,0.0915,27729.13,60896.187,1.06,20.44466002292972,20.425963488843816,20.77184936943293,20.15486374459829
301015.SZ,20230824,21.85,23.13,21.66,22.5,21.87,0.63,2.8807,40392.17,90389.047,1.06,21.033600846635508,20.425963488843816,21.622541670341302,20.248346415027783
301015.SZ,20230825,22.5,22.82,22.06,22.2,22.5,-0.3,-1.3333,19835.75,44449.682,1.06,20.753152835347034,21.033600846635508,21.332745392009883,20.622277096745748
301015.SZ,20230828,23.2,23.4,21.66,21.68,22.2,-0.52,-2.3423,36751.0,82243.785,1.06,20.267042949113684,21.687979539641944,21.874944880500927,20.248346415027783
301015.SZ,20230829,22.05,23.12,21.69,22.92,21.68,1.24,5.7196,46953.49,106658.673,1.06,21.42622806243937,20.6129288297028,21.61319340329836,20.276391216156632
301015.SZ,20230830,22.85,23.53,22.84,23.06,22.92,0.14,0.6108,28064.88,64999.178,1.06,21.557103801040657,21.36079019313873,21.99647235205927,21.351441926095777
301015.SZ,20230831,23.06,23.5,22.77,23.3,23.06,0.24,1.0408,28915.0,66880.177,1.06,21.781462210071435,21.557103801040657,21.96842755093041,21.286004056795136
301015.SZ,20230901,23.23,23.29,22.71,22.9,23.3,-0.4,-1.7167,21793.56,49850.268,1.06,21.40753152835348,21.7160243407708,21.772113943028486,21.22991445453744
301015.SZ,20230904,23.0,23.05,22.68,22.88,22.9,-0.02,-0.0873,23932.72,54814.121,1.06,21.388834994267576,21.501014198782965,21.547755533997712,21.2018696534086
301015.SZ,20230905,22.8,23.09,22.72,22.83,22.88,-0.05,-0.2185,16979.0,38848.445,1.06,21.34209365905283,21.314048857923986,21.585148602169507,21.23926272158039
301015.SZ,20230906,22.71,22.82,22.4,22.63,22.83,-0.2,-0.876,13119.1,29690.898,1.06,21.15512831819385,21.22991445453744,21.332745392009883,20.940118176206017
301015.SZ,20230907,22.51,22.88,22.41,22.5,22.63,-0.13,-0.5745,17700.0,39975.926,1.06,21.033600846635508,21.042949113678457,21.388834994267576,20.94946644324897
301015.SZ,20230908,22.5,22.75,22.26,22.49,22.5,-0.01,-0.0444,13371.77,30165.904,1.06,21.02425257959256,21.033600846635508,21.26730752270924,20.80924243760473
301015.SZ,20230911,22.66,23.89,22.65,23.49,22.49,1.0,4.4464,51178.75,120250.278,1.06,21.95907928388747,21.18317311932269,22.33300996560544,21.173824852279743
301015.SZ,20230912,23.46,23.63,23.03,23.55,23.49,0.06,0.2554,28084.47,65668.54,1.06,22.015168886145165,21.931034482758623,22.08995502248876,21.52905899991181
301015.SZ,20230913,23.72,23.89,22.9,23.36,23.55,-0.19,-0.8068,23234.0,54175.507,1.06,21.83755181232913,22.17408942587529,22.33300996560544,21.40753152835348
301015.SZ,20230914,23.35,23.67,23.03,23.22,23.36,-0.14,-0.5993,15134.0,35163.3,1.06,21.70667607372784,21.828203545286183,22.12734809066056,21.52905899991181
301015.SZ,20230915,23.23,24.24,23.03,24.01,23.22,0.79,3.4022,33563.55,79849.055,1.06,22.445189170120823,21.7160243407708,22.66019931210865,21.52905899991181
301015.SZ,20230918,23.96,24.55,23.63,24.19,24.01,0.18,0.7497,33514.0,80597.698,1.06,22.613457976893912,22.39844783490608,22.94999559044008,22.08995502248876
301015.SZ,20230919,24.26,24.34,23.61,23.7,24.19,-0.49,-2.0256,16207.37,38650.284,1.06,22.1553928917894,22.67889584619456,22.753681982538144,22.07125848840286
301015.SZ,20230920,24.18,24.18,23.51,23.75,23.7,0.05,0.211,16474.97,39072.136,1.06,22.202134227004148,22.60410970985096,22.60410970985096,21.97777581797337
301015.SZ,20230921,24.04,24.58,23.04,23.36,23.75,-0.39,-1.6421,46816.37,109959.221,1.06,21.83755181232913,22.47323397124968,22.978040391568925,21.53840726695476
301015.SZ,20230922,23.33,23.5,22.97,23.35,23.36,-0.01,-0.0428,23735.31,55021.486,1.06,21.828203545286183,21.809507011200285,21.96842755093041,21.472969397654115
301015.SZ,20230925,23.44,23.95,23.3,23.88,23.35,0.53,2.2698,25925.88,61439.402,1.06,22.32366169856249,21.912337948672725,22.38909956786313,21.781462210071435
301015.SZ,20230926,23.98,24.31,23.77,24.14,23.88,0.26,1.0888,23450.44,56413.777,1.06,22.566716641679164,22.417144368991977,22.725637181409297,22.22083076109005
301015.SZ,20230927,24.09,24.19,23.8,23.99,24.14,-0.15,-0.6214,19962.0,47915.177,1.06,22.42649263603493,22.51997530646442,22.613457976893912,22.24887556221889
301015.SZ,20230928,24.12,24.32,23.8,23.95,23.99,-0.04,-0.1667,17991.86,43265.962,1.06,22.38909956786313,22.548020107593267,22.73498544845225,22.24887556221889
301015.SZ,20231009,23.94,24.33,23.45,24.2,23.95,0.25,1.0438,20009.0,47943.912,1.06,22.622806243936857,22.379751300820185,22.744333715495195,21.92168621571568
301015.SZ,20231010,24.11,24.15,23.42,23.49,24.2,-0.71,-2.9339,20316.0,48109.954,1.06,21.95907928388747,22.538671840550315,22.57606490872212,21.893641414586828
301015.SZ,20231011,23.57,24.43,23.45,24.1,23.49,0.61,2.5968,35355.01,85144.284,1.06,22.52932357350737,22.033865420231063,22.83781638592469,21.92168621571568
301015.SZ,20231012,24.5,24.5,23.77,23.95,24.1,-0.15,-0.6224,17094.63,40988.812,1.06,22.38909956786313,22.90325425522533,22.90325425522533,22.22083076109005
301015.SZ,20231013,24.45,26.73,24.42,25.18,23.95,1.23,5.1357,76078.49,192918.635,1.06,23.53893641414587,22.856512920010587,24.987917805802983,22.82846811888174
301015.SZ,20231016,24.5,24.9,23.69,24.56,25.18,-0.62,-2.4623,74474.74,181161.588,1.06,22.959343857483024,22.90325425522533,23.277184936943293,22.14604462474645
301015.SZ,20231017,25.7,27.72,25.55,26.66,24.56,2.1,8.5505,129000.09,340903.887,1.06,24.92247993650234,24.025046300379223,25.913396243054944,23.884822294734988
301015.SZ,20231018,26.8,27.99,26.71,27.48,26.66,0.82,3.0758,102341.91,280367.393,1.06,25.68903783402417,25.053355675103628,26.16579945321457,24.96922127171709
301015.SZ,20231019,27.41,27.9,26.81,27.55,27.48,0.07,0.2547,63732.7,174887.824,1.06,25.75447570332481,25.623599964723525,26.081665049828032,25.062703942146577
301015.SZ,20231020,27.0,29.49,27.0,28.65,27.55,1.1,3.9927,85838.45,244440.309,1.06,26.78278507804921,25.24032101596261,27.568039509656938,25.24032101596261
301015.SZ,20231023,29.0,29.95,27.77,28.9,28.65,0.25,0.8726,60903.17,173446.864,1.06,27.016491754122946,27.10997442455244,27.9980597936326,25.96013757826969
301015.SZ,20231024,28.14,29.39,27.27,28.98,28.9,0.08,0.2768,51890.58,148301.254,1.06,27.091277890466536,26.30602345885881,27.47455683922745,25.49272422612224
301015.SZ,20231025,28.92,29.8,28.1,29.51,28.98,0.53,1.8288,46364.33,134957.293,1.06,27.58673604374284,27.035188288208843,27.85783578798836,26.26863039068701
301015.SZ,20231026,29.02,29.8,28.9,29.55,29.51,0.04,0.1355,26842.11,78760.135,1.06,27.62412911191464,27.12867095863833,27.85783578798836,27.016491754122946
301015.SZ,20231027,30.61,31.82,29.14,31.0,29.55,1.45,4.9069,72349.03,218829.621,1.06,28.979627833142253,28.615045418467243,29.74618573066408,27.24085016315372
301015.SZ,20231030,31.38,32.2,30.67,31.4,31.0,0.4,1.2903,57486.01,180872.959,1.06,29.35355851486021,29.33486198077432,30.101419878296152,28.67113502072494
301015.SZ,20231031,31.69,32.56,30.8,32.09,31.4,0.69,2.1975,49229.75,155087.359,1.06,29.99858894082372,29.624658259105743,30.43795749184232,28.79266249228328
301015.SZ,20231101,33.05,38.51,32.42,37.2,32.09,5.11,15.924,111659.9,393216.97,1.06,34.77555339977071,30.896022576946823,36.00017638239704,30.30708175324103
301015.SZ,20231102,37.34,37.88,33.7,33.89,37.2,-3.31,-8.8978,114039.35,399233.07,1.06,31.68127700855455,34.906429138372,35.41123555869125,31.50365993473852
301015.SZ,20231103,33.72,35.35,33.13,33.5,33.89,-0.39,-1.1508,85104.81,288551.986,1.06,31.31669459387954,31.522356468824416,33.04612399682512,30.970808713290417
301015.SZ,20231106,33.2,35.21,33.15,35.02,33.5,1.52,4.5373,66492.81,228816.513,1.06,32.7376311844078,31.036246582591065,32.91524825822383,30.98950524737632
301015.SZ,20231107,35.02,37.28,34.5,37.0,35.02,1.98,5.6539,63410.5,228828.719,1.06,34.588588058911725,32.7376311844078,34.850339536114305,32.251521298174445
301015.SZ,20231108,36.35,36.73,34.56,35.95,37.0,-1.05,-2.8378,59963.2,213444.888,1.06,33.60702001940207,33.98095070112004,34.3361848487521,32.30761090043214
301015.SZ,20231109,36.24,37.0,35.33,36.38,35.95,0.43,1.1961,51293.78,186362.07,1.06,34.00899550224888,33.87811976364759,34.588588058911725,33.027427462739226
301015.SZ,20231110,35.36,37.41,35.32,35.98,36.38,-0.4,-1.0995,42330.0,154238.866,1.06,33.63506482053091,33.05547226386807,34.971867007672635,33.018079195696274
301015.SZ,20231113,35.7,36.35,34.33,36.06,35.98,0.08,0.2223,73774.84,259341.858,1.06,33.70985095687451,33.37331334332834,33.98095070112004,32.09260075844431
301015.SZ,20231114,36.32,36.4,35.14,35.27,36.06,-0.79,-2.1908,40357.5,143450.1,1.06,32.971337860481526,33.95290589999119,34.02769203633478,32.84981038892319
301015.SZ,20231115,34.97,35.6,34.55,35.11,35.27,-0.16,-0.4536,34138.54,119456.494,1.06,32.82176558779434,32.69088984919305,33.27983067289885,32.298262633389186
301015.SZ,20231116,34.29,35.3,33.94,34.71,35.11,-0.4,-1.1393,47949.14,166238.833,1.06,32.44783490607637,32.05520769027251,32.999382661610376,31.728018343769293
301015.SZ,20231117,34.78,36.83,34.68,36.54,34.71,1.83,5.2723,68938.42,248370.976,1.06,34.15856777493606,32.513272775377025,34.429667519181585,32.41979010494753
301015.SZ,20231120,38.3,39.57,36.84,38.18,36.54,1.64,4.4882,69346.4,263543.064,1.06,35.69168356997972,35.80386277449511,36.99109268894965,34.43901578622454
301015.SZ,20231121,39.2,39.35,37.6,38.68,38.18,0.5,1.3096,42366.02,162833.782,1.06,36.159096922127176,36.64520680836053,36.78543081400477,35.14948408148867
301015.SZ,20231122,38.09,43.5,38.09,39.35,38.68,0.67,1.7322,75014.58,300548.159,1.06,36.78543081400477,35.60754916659318,40.66496163682865,35.60754916659318
301015.SZ,20231123,39.06,40.14,38.38,38.52,39.35,-0.83,-2.1093,47965.21,186298.096,1.06,36.00952464943999,36.51433106975925,37.52394391039775,35.878648910838706
301015.SZ,20231124,37.97,38.62,37.6,38.04,38.52,-0.48,-1.2461,32496.93,123730.991,1.06,35.56080783137843,35.49536996207779,36.10300731986948,35.14948408148867
301015.SZ,20231127,37.9,38.38,37.28,37.57,38.04,-0.47,-1.2355,28793.35,108584.18,1.06,35.12143928035983,35.42993209277714,35.878648910838706,34.850339536114305
301015.SZ,20231128,37.65,38.15,37.18,37.86,37.57,0.29,0.7719,19957.53,75313.031,1.06,35.39253902460535,35.19622541670341,35.66363876885087,34.75685686568481
301015.SZ,20231129,37.88,39.17,37.51,38.37,37.86,0.51,1.3471,41878.78,161426.116,1.06,35.86930064379575,35.41123555869125,36.61716200723168,35.06534967810212
301015.SZ,20231130,38.89,40.71,38.01,39.88,38.37,1.51,3.9354,40737.07,161343.213,1.06,37.28088896728107,36.35541053002911,38.056795131845846,35.53276303024958
301015.SZ,20231201,39.84,40.35,39.13,40.23,39.88,0.35,0.8776,29587.75,117739.358,1.06,37.60807831378428,37.24349589910928,37.72025751829968,36.57976893905989
301015.SZ,20231204,40.0,40.38,38.4,38.57,40.23,-1.66,-4.1263,27395.56,107087.675,1.06,36.056265984654736,37.39306817179647,37.748302319428525,35.8973454449246
301015.SZ,20231205,38.56,39.05,37.84,38.57,38.57,0.0,0.0,24462.22,93993.514,1.06,36.056265984654736,36.04691771761179,36.50498280271629,35.37384249051945
301015.SZ,20231206,38.33,38.77,37.35,37.62,38.57,-0.95,-2.4631,33011.4,125142.091,1.06,35.16818061557457,35.83190757562396,36.24323132551372,34.91577740541494
301015.SZ,20231207,37.64,38.0,36.5,36.55,37.62,-1.07,-2.8442,39113.16,145049.73,1.06,34.16791604197901,35.18687714966047,35.52341476320664,34.12117470676427
301015.SZ,20231208,36.57,36.83,35.7,36.03,36.55,-0.52,-1.4227,47472.16,171803.639,1.06,33.68180615574566,34.18661257606492,34.429667519181585,33.37331334332834
301015.SZ,20231211,35.76,37.31,35.76,36.95,36.03,0.92,2.5534,36378.18,134104.779,1.06,34.54184672369698,33.429402945586034,34.878384337243155,33.429402945586034
301015.SZ,20231212,37.79,37.88,36.52,36.73,36.95,-0.22,-0.5954,19597.44,72297.861,1.06,34.3361848487521,35.3271011553047,35.41123555869125,34.13987124085017
301015.SZ,20231213,36.64,37.1,36.28,36.75,36.73,0.02,0.0545,20553.64,75499.775,1.06,34.354881382838,34.252050445365555,34.68207072934121,33.91551283181939
301015.SZ,20231214,36.84,37.6,36.38,36.49,36.75,-0.26,-0.7075,13283.2,48934.99,1.06,34.11182643972132,34.43901578622454,35.14948408148867,34.00899550224888
301015.SZ,20231215,36.61,36.92,35.89,36.18,36.49,-0.31,-0.8495,13225.33,47924.397,1.06,33.8220301613899,34.22400564423671,34.513801922568135,33.55093041714438
301015.SZ,20231218,36.09,37.77,35.8,37.15,36.18,0.97,2.681,30102.6,111645.232,1.06,34.72881206455596,33.73789575800336,35.30840462121881,33.46679601375783
301015.SZ,20231219,36.64,39.61,36.4,36.73,37.15,-0.42,-1.1306,21087.0,77540.77,1.06,34.3361848487521,34.252050445365555,37.028485757121445,34.02769203633478
301015.SZ,20231220,36.65,37.28,36.1,36.3,36.73,-0.43,-1.1707,12468.23,45721.111,1.06,33.93420936590529,34.26139871240851,34.850339536114305,33.74724402504631
301015.SZ,20231221,36.3,36.41,35.57,35.97,36.3,-0.33,-0.9091,15174.37,54503.552,1.06,33.62571655348796,33.93420936590529,34.03704030337772,33.251785871770004
301015.SZ,20231222,36.1,36.6,35.4,35.51,35.97,-0.46,-1.2788,17218.12,61929.275,1.06,33.195696269512304,33.74724402504631,34.21465737719377,33.092865332039864
301015.SZ,20231225,35.51,36.26,35.15,36.05,35.51,0.54,1.5207,13906.68,49709.439,1.06,33.70050268983156,33.195696269512304,33.89681629773349,32.85915865596614
301015.SZ,20231226,36.05,36.08,35.21,35.47,36.05,-0.58,-1.6089,10905.01,38776.877,1.06,33.15830320134051,33.70050268983156,33.7285474909604,32.91524825822383
301015.SZ,20231227,35.47,36.26,35.1,36.11,35.47,0.64,1.8043,10986.53,39449.102,1.06,33.75659229208925,33.15830320134051,33.89681629773349,32.81241732075139
301015.SZ,20231228,36.15,36.4,34.29,35.3,36.11,-0.81,-2.2431,45950.58,159871.975,1.06,32.999382661610376,33.793985360261054,34.02769203633478,32.05520769027251
301015.SZ,20231229,34.55,36.15,32.81,35.86,35.3,0.56,1.5864,50424.04,177192.285,1.06,33.52288561601553,32.298262633389186,33.793985360261054,30.67166416791605
301015.SZ,20240102,35.34,36.03,35.19,35.22,35.86,-0.64,-1.7847,25220.5,89624.117,1.06,32.92459652526678,33.03677572978218,33.68180615574566,32.896551724137936
301015.SZ,20240103,35.02,35.61,34.63,34.95,35.22,-0.27,-0.7666,19514.04,68420.617,1.06,32.67219331510716,32.7376311844078,33.2891789399418,32.37304876973279
301015.SZ,20240104,34.9,35.32,34.09,35.13,34.95,0.18,0.515,18565.8,64751.993,1.06,32.84046212188024,32.62545197989241,33.018079195696274,31.86824234941353
301015.SZ,20240105,34.99,35.5,34.27,34.4,35.13,-0.73,-2.078,19866.53,69030.838,1.06,32.15803862774495,32.70958638327895,33.18634800246936,32.03651115618662
301015.SZ,20240108,34.0,34.39,32.74,32.79,34.4,-1.61,-4.6802,54662.33,181971.593,1.06,30.65296763383015,31.78410794602699,32.148690360702005,30.606226298615407
301015.SZ,20240109,32.91,33.88,32.36,33.85,32.79,1.06,3.2327,27151.72,90838.692,1.06,31.64388394038276,30.765146838345533,31.671928741511604,30.250992150983336
301015.SZ,20240110,33.42,33.77,33.08,33.51,33.85,-0.34,-1.0044,19429.0,64940.362,1.06,31.326042860922485,31.241908457535946,31.569097804039163,30.92406737807567
301015.SZ,20240111,33.4,34.2,33.31,33.48,33.51,-0.03,-0.0895,17945.0,60396.021,1.06,31.297998059793635,31.223211923450044,31.97107328688597,31.139077520063505
301015.SZ,20240112,33.34,33.84,33.03,33.11,33.48,-0.37,-1.1051,14035.0,46769.284,1.06,30.95211217920452,31.16712232119235,31.634535673339805,30.87732604286093
301015.SZ,20240115,33.77,34.58,32.55,33.81,33.11,0.7,2.1142,20712.92,70130.657,1.06,31.60649087221096,31.569097804039163,32.32630743451804,30.428609224799366
301015.SZ,20240116,33.81,33.96,32.99,33.43,33.81,-0.38,-1.1239,13059.59,43550.975,1.06,31.25125672457889,31.60649087221096,31.7467148778552,30.83993297468913
301015.SZ,20240117,33.46,33.72,32.91,32.92,33.43,-0.51,-1.5256,9656.35,32193.935,1.06,30.774495105388485,31.27930152570774,31.522356468824416,30.765146838345533
301015.SZ,20240118,32.51,33.49,32.0,32.93,32.92,0.01,0.0304,18169.01,58973.217,1.06,30.78384337243144,30.39121615662757,31.307346326836587,29.91445453743717
301015.SZ,20240119,32.77,32.99,32.15,32.46,32.93,-0.47,-1.4273,25743.87,83785.532,1.06,30.344474821412827,30.63427109974425,30.83993297468913,30.054678543081405
301015.SZ,20240122,32.19,32.53,30.09,30.32,32.46,-2.14,-6.5927,38518.81,120151.491,1.06,28.34394567422172,30.0920716112532,30.40991269071347,28.12893553223389
301015.SZ,20240123,30.3,30.88,29.39,30.6,30.32,0.28,0.9235,33325.69,101214.715,1.06,28.60569715142429,28.325249140135817,28.867448628626864,27.47455683922745
301015.SZ,20240124,30.78,31.37,30.17,30.94,30.6,0.34,1.1111,24051.0,74185.016,1.06,28.923538230884564,28.773965958197376,29.32551371373137,28.203721668577483
301015.SZ,20240125,30.72,32.45,30.5,32.2,30.94,1.26,4.0724,25580.0,80845.182,1.06,30.101419878296152,28.71787635593968,30.33512655436988,28.5122144809948
301015.SZ,20240126,31.91,32.45,31.61,31.85,32.2,-0.35,-1.087,22289.0,71413.712,1.06,29.77423053179293,29.830320134050627,30.33512655436988,29.54987212276215
301015.SZ,20240129,31.83,32.63,30.8,31.03,31.85,-0.82,-2.5746,19789.63,62035.792,1.06,29.007672634271103,29.75553399770704,30.50339536114296,28.79266249228328
301015.SZ,20240130,31.01,31.01,29.74,29.87,31.03,-1.16,-3.7383,18240.88,55476.12,1.06,27.923273657289005,28.988976100185205,28.988976100185205,27.801746185730668
301015.SZ,20240131,30.55,30.55,28.8,28.93,29.87,-0.94,-3.147,18967.0,55540.303,1.06,27.04453655525179,28.558955816209547,28.558955816209547,26.92300908369345
301015.SZ,20240201,29.1,29.87,28.26,29.12,28.93,0.19,0.6568,25203.0,73462.138,1.06,27.222153629067822,27.203457094981925,27.923273657289005,26.418202663374203
301015.SZ,20240202,29.17,30.6,27.17,28.04,29.12,-1.08,-3.7088,31378.0,89685.612,1.06,26.21254078842932,27.26889496428257,28.60569715142429,25.399241555692747
301015.SZ,20240205,28.18,28.18,25.56,26.16,28.04,-1.88,-6.7047,46493.26,124145.142,1.06,24.455066584354885,26.343416527030605,26.343416527030605,23.894170561777937
301015.SZ,20240206,25.64,29.31,25.64,28.94,26.16,2.78,10.6269,79839.72,221450.026,1.06,27.05388482229474,23.96895669812153,27.399770702883853,23.96895669812153
301015.SZ,20240207,29.03,30.52,28.61,29.76,28.94,0.82,2.8334,70934.19,210877.932,1.06,27.82044271981657,27.13801922568128,28.530911015080697,26.74539200987742
301015.SZ,20240208,30.15,32.79,29.81,31.32,29.76,1.56,5.2419,52601.66,166019.953,1.06,29.27877237851663,28.18502513449158,30.65296763383015,27.86718405503132
301015.SZ,20240219,32.24,32.24,30.35,31.18,31.32,-0.14,-0.447,34309.13,106228.04,1.06,29.14789663991534,30.13881294646795,30.13881294646795,28.371990475350568
301015.SZ,20240220,31.14,31.74,30.73,31.38,31.18,0.2,0.6414,20548.0,64520.683,1.06,29.33486198077432,29.110503571743543,29.671399594320487,28.727224622982632
301015.SZ,20240221,31.14,32.27,30.6,32.01,31.38,0.63,2.0076,30098.24,95794.622,1.06,29.923802804480115,29.110503571743543,30.1668577475968,28.60569715142429
301015.SZ,20240222,31.79,31.85,31.03,31.62,32.01,-0.39,-1.2184,20878.67,65547.712,1.06,29.559220389805105,29.71814092953524,29.77423053179293,29.007672634271103
301015.SZ,20240223,31.64,31.64,30.76,31.43,31.62,-0.19,-0.6009,20758.31,64599.872,1.06,29.381603315989068,29.577916923891,29.577916923891,28.75526942411148
301015.SZ,20240226,31.65,33.79,31.5,33.19,31.43,1.76,5.5997,44122.2,144982.635,1.06,31.026898315548102,29.587265190933948,31.587794338125057,29.44704118528971
301015.SZ,20240227,32.85,34.2,32.4,33.88,33.19,0.69,2.0789,34133.62,114106.777,1.06,31.671928741511604,30.709057236087844,31.97107328688597,30.28838521915513
301015.SZ,20240228,33.98,34.18,32.08,32.08,33.88,-1.8,-5.3129,29352.04,97051.348,1.06,29.989240673780763,31.76541141194109,31.95237675280008,29.989240673780763
301015.SZ,20240229,33.0,33.97,32.1,33.97,32.08,1.89,5.8915,28665.51,95188.805,1.06,31.756063144898143,30.849281241732083,31.756063144898143,30.00793720786666
301015.SZ,20240301,33.8,34.0,33.2,33.88,33.97,-0.09,-0.2649,17229.0,57959.51,1.06,31.671928741511604,31.597142605168003,31.78410794602699,31.036246582591065
301015.SZ,20240304,33.46,34.68,33.24,34.47,33.88,0.59,1.7414,19095.4,65105.52,1.06,32.2234764970456,31.27930152570774,32.41979010494753,31.073639650762857
301015.SZ,20240305,34.49,34.59,33.7,34.0,34.47,-0.47,-1.3635,14296.0,48770.382,1.06,31.78410794602699,32.2421730311315,32.33565570156099,31.50365993473852
301015.SZ,20240306,34.02,34.36,33.14,33.69,34.0,-0.31,-0.9118,12202.0,41112.144,1.06,31.49431166769557,31.802804480112894,32.120645559573155,30.98015698033337
301015.SZ,20240307,33.94,34.48,33.44,33.47,33.69,-0.22,-0.653,14224.0,48190.84,1.06,31.28864979275069,31.728018343769293,32.23282476408855,31.26060499162184
301015.SZ,20240308,33.62,34.48,33.52,33.98,33.47,0.51,1.5238,21027.6,71452.505,1.06,31.76541141194109,31.42887379839492,32.23282476408855,31.33539112796544
301015.SZ,20240311,33.98,34.49,33.1,34.19,33.98,0.21,0.618,21840.33,73926.955,1.06,31.961725019843023,31.76541141194109,32.2421730311315,30.94276391216157
301015.SZ,20240312,34.21,35.47,33.81,34.96,34.19,0.77,2.2521,33310.91,115500.293,1.06,32.6815415821501,31.980421553928927,33.15830320134051,31.60649087221096
301015.SZ,20240313,34.96,36.6,34.96,36.3,34.96,1.34,3.833,33178.0,119368.683,1.06,33.93420936590529,32.6815415821501,34.21465737719377,32.6815415821501
301015.SZ,20240314,36.49,37.6,35.84,36.12,36.3,-0.18,-0.4959,21070.08,76782.687,1.06,33.7659405591322,34.11182643972132,35.14948408148867,33.50418908192963
301015.SZ,20240315,35.92,37.0,35.82,36.99,36.12,0.87,2.4086,26316.45,96344.0,1.06,34.57923979186878,33.57897521827322,34.588588058911725,33.48549254784373
301015.SZ,20240318,36.73,37.04,35.8,36.94,36.99,-0.05,-0.1352,20774.06,75870.978,1.06,34.532498456654025,34.3361848487521,34.62598112708352,33.46679601375783
301015.SZ,20240319,36.94,37.0,36.2,36.45,36.94,-0.49,-1.3265,11841.86,43219.069,1.06,34.07443337154953,34.532498456654025,34.588588058911725,33.8407266954758
301015.SZ,20240320,36.63,36.63,36.08,36.49,36.45,0.04,0.1097,13906.03,50495.973,1.06,34.11182643972132,34.24270217832261,34.24270217832261,33.7285474909604
301015.SZ,20240321,36.76,36.76,34.87,35.43,36.49,-1.06,-2.9049,30681.53,108711.535,1.06,33.120910133168714,34.36422964988095,34.36422964988095,32.59740717876356
301015.SZ,20240322,35.46,35.56,33.99,34.18,35.43,-1.25,-3.5281,25036.0,85923.194,1.06,31.95237675280008,33.148954934297564,33.24243760472705,31.774759678984044
301015.SZ,20240325,34.34,34.38,33.27,33.44,34.18,-0.74,-2.165,21228.0,71688.049,1.06,31.26060499162184,32.101949025487265,32.13934209365906,31.101684451891707
301015.SZ,20240326,33.38,33.92,32.95,33.22,33.44,-0.22,-0.6579,17038.0,56816.969,1.06,31.05494311667696,31.204515389364147,31.7093218096834,30.80253990651734
301015.SZ,20240327,33.69,33.69,32.65,32.7,33.22,-0.52,-1.5653,15650.58,51689.726,1.06,30.56883323044361,31.49431166769557,31.49431166769557,30.52209189522886
301015.SZ,20240328,32.69,33.59,32.44,33.16,32.7,0.46,1.4067,18603.66,61509.54,1.06,30.998853514419263,30.559484963400656,31.40082899726608,30.32577828732693
301015.SZ,20240329,33.16,33.6,32.92,33.23,33.16,0.07,0.2111,11468.0,38038.423,1.06,31.064291383719905,30.998853514419263,31.41017726430903,30.774495105388485
301015.SZ,20240401,33.52,34.17,33.24,34.1,33.23,0.87,2.6181,24074.0,81485.266,1.06,31.87759061645648,31.33539112796544,31.94302848575713,31.073639650762857
301015.SZ,20240402,34.11,34.51,33.53,33.78,34.1,-0.32,-0.9384,16600.0,56334.159,1.06,31.578446071082112,31.88693888349944,32.26086956521739,31.344739395008386
301015.SZ,20240403,33.79,34.15,33.13,33.23,33.78,-0.55,-1.6282,10889.0,36552.17,1.06,31.064291383719905,31.587794338125057,31.924331951671224,30.970808713290417
301015.SZ,20240408,33.25,33.96,33.0,33.02,33.23,-0.21,-0.632,14195.6,47404.85,1.06,30.86797777581798,31.08298791780581,31.7467148778552,30.849281241732083
301015.SZ,20240409,33.05,33.2,31.58,32.72,33.02,-0.3,-0.9085,39963.99,129329.935,1.06,30.587529764529503,30.896022576946823,31.036246582591065,29.521827321633307
301015.SZ,20240410,32.66,32.9,31.36,31.56,32.72,-1.16,-3.5452,26905.9,85738.85,1.06,29.50313078754741,30.531440162271807,30.755798571302588,29.316165446688423
301015.SZ,20240411,31.49,31.92,30.8,31.1,31.56,-0.46,-1.4575,27157.84,84874.767,1.06,29.073110503571748,29.43769291824676,29.83966840109357,28.79266249228328
301015.SZ,20240412,31.5,32.74,31.2,32.1,31.1,1.0,3.2154,23270.4,74675.903,1.06,30.00793720786666,29.44704118528971,30.606226298615407,29.16659317400124
301015.SZ,20240415,32.0,33.2,31.8,33.01,32.1,0.91,2.8349,33183.6,108454.958,1.06,30.858629508775028,29.91445453743717,31.036246582591065,29.72748919657819
301015.SZ,20240416,32.5,33.39,32.4,32.46,33.01,-0.55,-1.6662,25425.02,83818.973,1.06,30.344474821412827,30.381867889584623,31.21386365640709,30.28838521915513
301015.SZ,20240417,32.48,33.17,32.48,33.16,32.46,0.7,2.1565,18094.71,59476.806,1.06,30.998853514419263,30.36317135549872,31.008201781462216,30.36317135549872
301015.SZ,20240418,33.31,34.28,32.96,33.43,33.16,0.27,0.8142,15380.12,51644.24,1.06,31.25125672457889,31.139077520063505,32.045859423229565,30.811888173560284
301015.SZ,20240419,33.44,33.48,32.67,33.06,33.43,-0.37,-1.1068,16544.79,54597.923,1.06,30.90537084398977,31.26060499162184,31.297998059793635,30.54078842931476
301015.SZ,20240422,33.11,34.5,32.89,34.06,33.06,1.0,3.0248,22326.49,75978.523,1.06,31.84019754828469,30.95211217920452,32.251521298174445,30.746450304259643
301015.SZ,20240423,35.0,35.0,28.68,30.35,34.06,-3.71,-10.8925,101219.97,304057.459,1.06,28.371990475350568,32.7189346503219,32.7189346503219,26.810829879178065
301015.SZ,20240424,29.64,30.45,29.08,30.04,30.35,-0.31,-1.0214,66271.9,198364.785,1.06,28.08219419701914,27.708263515301176,28.465473145780056,27.184760560896024
301015.SZ,20240425,30.1,30.91,29.73,30.56,30.04,0.52,1.731,37090.94,112572.992,1.06,28.56830408325249,28.13828379927684,28.89549342975572,27.79239791868772
301015.SZ,20240426,30.57,31.67,30.5,31.52,30.56,0.96,3.1414,36416.95,113818.812,1.06,29.46573771937561,28.577652350295445,29.605961725019853,28.5122144809948
301015.SZ,20240429,31.97,31.97,30.88,31.57,31.52,0.05,0.1586,35652.4,111846.119,1.06,29.51247905459036,29.88640973630832,29.88640973630832,28.867448628626864
301015.SZ,20240430,31.44,32.61,31.41,32.35,31.57,0.78,2.4707,26005.45,83858.302,1.06,30.241643883940387,29.390951583032017,30.484698827057063,29.36290678190317
301015.SZ,20240506,32.61,33.58,32.61,33.45,32.35,1.1,3.4003,29524.82,97833.723,1.06,31.269953258664795,30.484698827057063,31.39148073022313,30.484698827057063
301015.SZ,20240507,33.82,34.22,33.3,33.98,33.45,0.53,1.5845,16961.23,57399.762,1.06,31.76541141194109,31.615839139253907,31.98976982097188,31.12972925302056
301015.SZ,20240508,34.2,34.23,33.21,33.38,33.98,-0.6,-1.7657,29610.0,99639.154,1.06,31.204515389364147,31.97107328688597,31.99911808801481,31.04559484963401
301015.SZ,20240509,33.38,34.17,33.06,33.96,33.38,0.58,1.7376,20325.65,68883.553,1.06,31.7467148778552,31.204515389364147,31.94302848575713,30.90537084398977
301015.SZ,20240510,33.92,34.11,32.69,32.98,33.96,-0.98,-2.8857,22745.84,75302.598,1.06,30.83058470764617,31.7093218096834,31.88693888349944,30.559484963400656
301015.SZ,20240513,33.01,33.19,32.23,32.32,32.98,-0.66,-2.0012,24967.0,81659.909,1.06,30.213599082811537,30.858629508775028,31.026898315548102,30.129464679425
301015.SZ,20240514,32.43,33.28,32.43,33.0,32.32,0.68,2.104,17585.0,57994.477,1.06,30.849281241732083,30.316430020283978,31.111032718934656,30.316430020283978
301015.SZ,20240515,32.9,33.4,32.66,32.85,33.0,-0.15,-0.4545,14527.4,47875.058,1.06,30.709057236087844,30.755798571302588,31.223211923450044,30.531440162271807
301015.SZ,20240516,32.71,33.6,32.22,32.61,32.85,-0.24,-0.7306,19376.0,63244.097,1.06,30.484698827057063,30.57818149748656,31.41017726430903,30.12011641238205
301015.SZ,20240517,32.48,33.33,32.48,33.23,32.61,0.62,1.9013,19967.69,65706.867,1.06,31.064291383719905,30.36317135549872,31.1577740541494,30.36317135549872
301015.SZ,20240520,33.93,34.0,32.59,33.16,33.23,-0.07,-0.2107,19609.08,64856.649,1.06,30.998853514419263,31.718670076726347,31.78410794602699,30.46600229297117
301015.SZ,20240521,33.17,34.3,32.59,33.29,33.16,0.13,0.392,44490.16,149251.644,1.06,31.1203809859776,31.008201781462216,32.06455595731546,30.46600229297117
301015.SZ,20240522,33.29,33.53,32.9,33.06,33.29,-0.23,-0.6909,21482.56,71058.204,1.06,30.90537084398977,31.1203809859776,31.344739395008386,30.755798571302588
301015.SZ,20240523,33.15,33.61,32.22,32.42,33.06,-0.64,-1.9359,18736.69,61308.931,1.06,30.30708175324103,30.98950524737632,31.419525531351976,30.12011641238205
301015.SZ,20240524,32.49,32.5,31.26,31.34,32.42,-1.08,-3.3313,23168.04,73533.453,1.06,29.29746891260253,30.37251962254168,30.381867889584623,29.22268277625893
301015.SZ,20240527,31.65,31.94,31.11,31.69,31.34,0.35,1.1168,24826.98,77971.225,1.06,29.624658259105743,29.587265190933948,29.85836493517948,29.082458770614693
301015.SZ,20240528,31.43,31.69,31.1,31.15,31.69,-0.54,-1.704,12046.65,37718.898,1.06,29.11985183878649,29.381603315989068,29.624658259105743,29.073110503571748
301015.SZ,20240529,30.54,31.22,30.3,31.1,30.39,0.71,2.3363,13817.99,42632.003,1.0865,29.799938266161043,29.263347737895764,29.91492195078932,29.03338036863921
301015.SZ,20240530,31.14,32.15,30.76,31.55,31.1,0.45,1.4469,20026.56,63436.172,1.0865,30.231127083517062,29.83826616103713,30.806045506658435,29.474151159714264
301015.SZ,20240531,31.55,31.92,31.23,31.3,31.55,-0.25,-0.7924,10427.0,32934.471,1.0865,29.99157774054149,30.231127083517062,30.585660111120912,29.92450392450834
301015.SZ,20240603,31.27,32.55,30.97,31.28,31.3,-0.02,-0.0639,24252.0,77402.071,1.0865,29.972413793103453,29.962831819384427,31.18932445541936,29.675372607813745
301015.SZ,20240604,31.28,32.06,31.22,31.6,31.28,0.32,1.023,12853.99,40553.142,1.0865,30.279036952112182,29.972413793103453,30.71980774318724,29.91492195078932
301015.SZ,20240605,31.63,31.9,30.73,30.8,31.6,-0.8,-2.5316,10512.0,32777.68,1.0865,29.512479054590354,30.30778287326925,30.566496163682864,29.4454052385572
301015.SZ,20240606,30.83,31.29,30.38,30.61,30.8,-0.19,-0.6169,14312.05,44026.282,1.0865,29.33042155392892,29.541224975747426,29.981995766822475,29.11003615839139
301015.SZ,20240607,30.58,30.88,29.61,30.09,30.61,-0.52,-1.6988,18607.67,55761.445,1.0865,28.832158920539733,29.30167563277185,29.58913484434253,28.372224182026635
301015.SZ,20240611,30.41,30.74,29.58,30.54,30.09,0.45,1.4955,15102.65,45628.113,1.0865,29.263347737895764,29.138782079548463,29.45498721227621,28.343478260869567
301015.SZ,20240612,30.52,30.54,29.69,29.7,30.54,-0.84,-2.7505,10837.0,32444.332,1.0865,28.45846194549784,29.24418379045771,29.263347737895764,28.448879971778823
301015.SZ,20240613,29.89,29.9,28.99,29.29,29.7,-0.41,-1.3805,15622.2,45761.933,1.0865,28.065601023017905,28.640519446159274,28.6501014198783,27.77814181144722
301015.SZ,20240614,29.21,29.27,28.6,28.77,29.29,-0.52,-1.7753,14161.52,40741.231,1.0865,27.56733838962872,27.988945233265724,28.04643707557986,27.40444483640533
301015.SZ,20240617,28.75,28.97,28.06,28.4,28.77,-0.37,-1.2861,25621.63,72948.459,1.0865,27.21280536202488,27.54817444219067,27.75897786400917,26.88701825557809
301015.SZ,20240618,28.34,28.66,26.95,27.61,28.4,-0.79,-2.7817,42562.0,117061.102,1.0865,26.455829438222068,27.15531351971073,27.461936678719464,25.82341917276656
301015.SZ,20240619,27.59,27.6,26.64,26.94,27.61,-0.67,-2.4267,30726.0,82790.096,1.0865,25.81383719904754,26.436665490784023,26.446247464503045,25.52637798747685
301015.SZ,20240620,26.95,27.32,25.69,25.77,26.94,-1.17,-4.343,48035.89,125443.551,1.0865,24.692746273921863,25.82341917276656,26.17795220037041,24.61609048416968
301015.SZ,20240621,25.81,26.74,25.55,25.89,25.77,0.12,0.4657,30574.41,79873.174,1.0865,24.80772995855014,24.73107416879796,25.62219772466708,24.48194285210336
301015.SZ,20240624,25.87,25.97,24.58,24.59,25.89,-1.3,-5.0212,31086.0,77801.324,1.0865,23.56207337507717,24.788566011112096,24.88438574830232,23.552491401358147
301015.SZ,20240625,24.61,24.99,24.08,24.28,24.59,-0.31,-1.2607,26017.65,63460.763,1.087,23.2757386012876,23.5920892494929,23.95637181409296,23.084010935708616
301015.SZ,20240626,24.28,24.85,24.18,24.68,24.28,0.4,1.6474,22876.32,56137.945,1.087,23.659193932445543,23.2757386012876,23.82216244818768,23.179874768498102
301015.SZ,20240627,24.7,24.71,23.94,24.09,24.68,-0.59,-2.3906,23374.37,56544.009,1.087,23.09359731898757,23.67836669900344,23.68795308228239,22.949801569803338
301015.SZ,20240628,24.17,24.44,23.37,23.53,24.09,-0.56,-2.3246,26856.41,64015.507,1.087,22.55675985536644,23.17028838521916,23.42912073375077,22.40337772290325
301015.SZ,20240701,23.49,23.84,22.9,23.66,23.53,0.13,0.5525,36921.83,86396.11,1.087,22.681382837992768,22.51841432225064,22.853937737013847,21.95281770879266
301015.SZ,20240702,23.69,23.93,23.23,23.47,23.66,-0.19,-0.803,25306.98,59585.537,1.087,22.49924155569274,22.710141987829616,22.940215186524387,22.269168356997973
301015.SZ,20240703,23.42,23.94,23.41,23.45,23.47,-0.02,-0.0852,21570.62,50909.918,1.087,22.480068789134847,22.451309639298,22.949801569803338,22.441723256019053
301015.SZ,20240704,23.66,23.77,22.55,22.8,23.45,-0.65,-2.7719,21497.22,49429.342,1.087,21.85695387600318,22.681382837992768,22.786833054061205,21.617294294029456
301015.SZ,20240705,22.93,23.6,22.57,23.54,22.8,0.74,3.2456,24201.44,55902.041,1.087,22.566346238645384,21.98157685862952,22.62386453831908,21.63646706058736
301015.SZ,20240708,23.6,23.61,22.55,22.7,23.54,-0.84,-3.5684,23994.0,54969.524,1.087,21.761090043213688,22.62386453831908,22.633450921598023,21.617294294029456
301015.SZ,20240709,22.64,23.0,22.35,22.77,22.7,0.07,0.3084,21210.01,48156.967,1.087,21.828194726166327,21.70357174354,22.048681541582148,21.425566628450483
301015.SZ,20240710,22.85,23.06,22.56,22.79,22.77,0.02,0.0878,15349.08,35032.346,1.087,21.847367492724228,21.90488579239792,22.106199841255844,21.626880677308403
301015.SZ,20240711,23.15,23.45,22.61,23.26,22.79,0.47,2.0623,20249.55,46834.304,1.087,22.29792750683482,22.19247729076638,22.480068789134847,21.674812593703148
301015.SZ,20240712,23.24,23.43,22.75,23.16,23.26,-0.1,-0.4299,16325.99,37649.26,1.087,22.20206367404533,22.27875474027692,22.460896022576947,21.80902195960844
301015.SZ,20240715,23.17,23.25,22.68,22.89,23.16,-0.27,-1.1658,16109.19,36900.994,1.087,21.943231325513715,22.21165005732428,22.28834112355587,21.74191727665579
301015.SZ,20240716,23.1,23.1,22.46,22.59,22.89,-0.3,-1.3106,18623.56,42189.53,1.087,21.65563982714525,22.14454537437164,22.14454537437164,21.53101684451892
301015.SZ,20240717,22.68,22.68,22.12,22.44,22.59,-0.15,-0.664,16846.34,37660.549,1.087,21.511844077961022,21.74191727665579,21.74191727665579,21.20507981303466
301015.SZ,20240718,22.48,23.17,22.12,23.08,22.44,0.64,2.852,28936.0,65947.293,1.087,22.12537260781374,21.550189611076814,22.21165005732428,21.20507981303466
301015.SZ,20240719,23.13,23.5,22.86,23.17,23.08,0.09,0.3899,16638.7,38603.483,1.087,22.21165005732428,22.173304524208483,22.52800070552959,21.91447217567687
301015.SZ,20240722,23.05,23.39,22.87,23.19,23.17,0.02,0.0863,13852.7,32053.978,1.087,22.230822823882185,22.096613457976897,22.422550489461152,21.924058558955817
301015.SZ,20240723,23.15,23.3,22.3,22.37,23.19,-0.82,-3.536,20024.13,45452.54,1.087,21.44473939500838,22.19247729076638,22.336273039950616,21.37763471205574
301015.SZ,20240724,22.57,22.57,21.67,21.75,22.37,-0.62,-2.7716,28371.32,62266.404,1.087,20.85038363171356,21.63646706058736,21.63646706058736,20.77369256548197
301015.SZ,20240725,21.61,22.1,21.46,21.74,21.75,-0.01,-0.046,20404.16,44419.942,1.087,20.840797248434605,20.71617426580828,21.185907046476764,20.57237851662404
301015.SZ,20240726,22.47,22.58,21.95,22.1,21.74,0.36,1.6559,23999.96,53242.22,1.087,21.185907046476764,21.540603227797867,21.6460534438663,21.04211129729253
301015.SZ,20240729,22.17,22.39,21.71,21.75,22.1,-0.35,-1.5837,14377.62,31463.299,1.087,20.85038363171356,21.253011729429407,21.46391216156628,20.812038098597764
301015.SZ,20240730,21.62,21.86,21.31,21.53,21.75,-0.22,-1.0115,15007.49,32377.018,1.087,20.639483199576684,20.725760649087224,20.955833847781992,20.42858276743981
301015.SZ,20240731,21.55,22.88,21.36,22.86,21.53,1.33,6.1774,28319.0,63431.675,1.087,21.91447217567687,20.65865596613458,21.933644942234764,20.476514683834555
301015.SZ,20240801,22.83,23.53,22.7,22.96,22.86,0.1,0.4374,34383.0,79257.827,1.087,22.01033600846636,21.885713025840023,22.55675985536644,21.761090043213688
301015.SZ,20240802,22.94,23.57,22.67,23.01,22.96,0.05,0.2178,30837.14,71686.848,1.087,22.058267924861106,21.99116324190846,22.59510538848223,21.732330893376844
301015.SZ,20240805,22.9,23.64,22.74,22.89,23.01,-0.12,-0.5215,28798.12,66749.313,1.087,21.943231325513715,21.95281770879266,22.66221007143488,21.79943557632948
301015.SZ,20240806,23.5,23.51,23.0,23.39,22.89,0.5,2.1844,21414.04,49716.873,1.087,22.422550489461152,22.52800070552959,22.53758708880854,22.048681541582148
301015.SZ,20240807,23.38,23.42,22.75,23.17,23.39,-0.22,-0.9406,20763.6,47963.484,1.087,22.21165005732428,22.412964106182205,22.451309639298,21.80902195960844
301015.SZ,20240808,23.17,23.62,23.1,23.25,23.17,0.08,0.3453,20177.22,47094.851,1.087,22.28834112355587,22.21165005732428,22.643037304876973,22.14454537437164
301015.SZ,20240809,23.41,23.62,22.89,22.89,23.25,-0.36,-1.5484,17100.0,39587.431,1.087,21.943231325513715,22.441723256019053,22.643037304876973,21.943231325513715
301015.SZ,20240812,22.95,23.78,22.77,23.38,22.89,0.49,2.1407,26088.62,61074.343,1.087,22.412964106182205,22.000749625187407,22.796419437340155,21.828194726166327
301015.SZ,20240813,23.4,23.44,22.96,23.26,23.38,-0.12,-0.5133,14168.68,32750.084,1.087,22.29792750683482,22.4321368727401,22.470482405855897,22.01033600846636
301015.SZ,20240814,23.28,23.28,22.58,22.9,23.26,-0.36,-1.5477,16211.0,37137.935,1.087,21.95281770879266,22.31710027339272,22.31710027339272,21.6460534438663
301015.SZ,20240815,22.83,23.49,22.71,23.02,22.9,0.12,0.524,17373.39,40100.253,1.087,22.06785430814005,21.885713025840023,22.51841432225064,21.77067642649264
301015.SZ,20240816,22.93,23.5,22.7,22.85,23.02,-0.17,-0.7385,16921.0,38706.818,1.087,21.90488579239792,21.98157685862952,22.52800070552959,21.761090043213688
301015.SZ,20240819,22.88,23.19,22.73,22.81,22.85,-0.04,-0.1751,13631.0,31231.827,1.087,21.86654025928212,21.933644942234764,22.230822823882185,21.789849193050536
301015.SZ,20240820,22.73,22.83,21.94,21.97,22.81,-0.84,-3.6826,21385.42,47436.219,1.087,21.06128406385043,21.789849193050536,21.885713025840023,21.032524914013585
301015.SZ,20240821,21.96,22.13,21.2,21.3,21.97,-0.67,-3.0496,19875.0,42798.758,1.087,20.41899638416086,21.05169768057148,21.21466619631361,20.323132551371373
301015.SZ,20240822,21.22,21.51,21.18,21.27,21.3,-0.03,-0.1408,13569.0,28888.256,1.087,20.39023723432401,20.34230531792927,20.620310433018787,20.303959784813475
301015.SZ,20240823,21.21,21.32,20.78,21.05,21.27,-0.22,-1.0343,12590.0,26466.971,1.087,20.179336802187144,20.332718934650323,20.43816915071876,19.920504453655525
301015.SZ,20240826,21.03,21.39,20.85,21.11,21.05,0.06,0.285,14270.43,30163.731,1.087,20.23685510186084,20.160164035629247,20.505273833671403,19.987609136608167
301015.SZ,20240827,20.93,21.27,20.9,21.19,21.11,0.08,0.379,11196.0,23590.3,1.087,20.313546168092422,20.06430020283976,20.39023723432401,20.03554105300292
301015.SZ,20240828,21.6,23.36,21.45,22.69,21.19,1.5,7.0788,52201.69,118348.695,1.087,21.75150365993474,20.706587882529327,22.393791339624304,20.56279213334509
301015.SZ,20240829,22.45,23.15,22.0,22.98,22.69,0.29,1.2781,40037.94,91437.183,1.087,22.02950877502425,21.52143046123997,22.19247729076638,21.09004321368728
301015.SZ,20240830,23.2,23.43,22.61,23.11,22.98,0.13,0.5657,36737.91,84727.887,1.087,22.154131757650585,22.240409207161125,22.460896022576947,21.674812593703148
301015.SZ,20240902,23.19,23.26,22.01,22.05,23.11,-1.06,-4.5868,35603.46,80114.916,1.087,21.13797513008202,22.230822823882185,22.29792750683482,21.099629596966228
301015.SZ,20240903,22.0,23.09,21.5,22.39,22.05,0.34,1.542,31922.99,71950.359,1.087,21.46391216156628,21.09004321368728,22.13495899109269,20.61072404973984
301015.SZ,20240904,22.25,23.86,22.22,23.49,22.39,1.1,4.9129,60166.11,140412.791,1.087,22.51841432225064,21.329702795660992,22.873110503571745,21.300943645824145
301015.SZ,20240905,23.48,23.78,23.26,23.36,23.49,-0.13,-0.5534,49929.19,117138.109,1.087,22.393791339624304,22.50882793897169,22.796419437340155,22.29792750683482
301015.SZ,20240906,23.58,23.93,22.78,22.97,23.36,-0.39,-1.6695,29040.0,67329.15,1.087,22.019922391745304,22.60469177176118,22.940215186524387,21.83778110944528
301015.SZ,20240909,22.9,23.2,22.53,22.65,22.97,-0.32,-1.3931,24200.19,55267.463,1.087,21.713158126818943,21.95281770879266,22.240409207161125,21.59812152747156
301015.SZ,20240910,22.65,22.72,22.0,22.37,22.65,-0.28,-1.2362,22807.0,50828.317,1.087,21.44473939500838,21.713158126818943,21.780262809771585,21.09004321368728
301015.SZ,20240911,22.24,22.75,22.13,22.68,22.37,0.31,1.3858,16418.0,37071.667,1.087,21.74191727665579,21.320116412382045,21.80902195960844,21.21466619631361
301015.SZ,20240912,22.68,23.09,21.85,21.88,22.68,-0.8,-3.5273,20123.47,45053.874,1.087,20.97500661433989,21.74191727665579,22.13495899109269,20.946247464503045
301015.SZ,20240913,21.85,21.94,21.36,21.45,21.88,-0.43,-1.9653,17897.0,38751.073,1.087,20.56279213334509,20.946247464503045,21.032524914013585,20.476514683834555
301015.SZ,20240918,21.4,21.56,21.06,21.15,21.45,-0.3,-1.3986,15843.03,33641.486,1.087,20.275200634976628,20.514860216950343,20.66824234941353,20.18892318546609
301015.SZ,20240919,21.29,21.91,21.07,21.56,21.15,0.41,1.9385,20161.21,43326.619,1.087,20.66824234941353,20.40941000088192,21.003765764176737,20.19850956874504
301015.SZ,20240920,21.55,21.55,20.58,20.77,21.56,-0.79,-3.6642,23236.4,48546.776,1.087,19.91091807037657,20.65865596613458,20.65865596613458,19.728776788076548
301015.SZ,20240923,20.69,20.96,19.7,19.77,20.77,-1.0,-4.8146,28201.77,56921.917,1.087,18.9522797424817,19.83422700414499,20.093059352676605,18.885175059529058
301015.SZ,20240924,19.78,21.12,19.73,21.1,19.77,1.33,6.7274,42592.0,87089.114,1.087,20.22726871858189,18.96186612576065,20.246441485139787,18.913934209365905
301015.SZ,20240925,21.51,22.31,21.23,21.79,21.1,0.69,3.2701,38119.03,83298.016,1.087,20.88872916482935,20.620310433018787,21.387221095334688,20.35189170120822
301015.SZ,20240926,21.82,23.62,21.57,23.62,21.79,1.83,8.3983,45511.75,103366.506,1.087,22.643037304876973,20.9174883146662,22.643037304876973,20.67782873269248
301015.SZ,20240927,24.46,26.88,24.11,26.2,23.62,2.58,10.9229,79557.2,203190.466,1.087,25.11632419084576,23.448293500308672,25.76819825381427,23.112770085545463
301015.SZ,20240930,28.1,29.99,27.13,29.92,26.2,3.72,14.1985,82920.87,237865.265,1.087,28.68245877061469,26.93773701384601,28.749563453567333,26.007857835787988
301015.SZ,20241008,35.9,35.9,30.6,32.76,29.92,2.84,9.492,80078.4,262442.988,1.087,31.40499162183614,34.415115971426054,34.415115971426054,29.33433283358321
301015.SZ,20241009,31.5,31.77,27.27,27.49,32.76,-5.27,-16.0867,105643.43,309280.21,1.087,26.352967633830144,30.197107328688595,30.45593967722021,26.14206720169328
301015.SZ,20241010,27.82,29.57,27.33,27.38,27.49,-0.11,-0.4001,57490.0,162755.088,1.087,26.247517417761703,26.66931828203545,28.346935355851485,26.199585501366965
301015.SZ,20241011,27.39,27.39,25.6,25.85,27.38,-1.53,-5.588,41804.0,109478.361,1.087,24.78080077608255,26.257103801040657,26.257103801040657,24.54114119410883
301015.SZ,20241014,26.16,27.34,25.5,27.18,25.85,1.33,5.1451,45754.81,121096.032,1.087,26.055789752182733,25.07797865772996,26.209171884645915,24.44527736131934
301015.SZ,20241015,27.26,27.39,26.34,26.4,27.18,-0.78,-2.8698,29170.02,78189.736,1.087,25.30805185642473,26.13248081841433,26.257103801040657,25.25053355675104
301015.SZ,20241016,26.15,26.85,25.89,26.36,26.4,-0.04,-0.1515,23123.0,60961.571,1.087,25.26970632330893,25.06839227445101,25.73943910397743,24.819146309198345
301015.SZ,20241017,26.52,27.06,26.24,26.26,26.36,-0.1,-0.3794,24921.6,66361.739,1.087,25.17384249051945,25.42308845577212,25.940753152835345,25.154669723961547
301015.SZ,20241018,26.46,28.7,26.05,27.78,26.26,1.52,5.7883,53578.21,146585.129,1.087,26.63097274891966,25.365570156098425,27.512920010582945,24.972528441661524
301015.SZ,20241021,27.62,29.17,27.12,28.17,27.78,0.39,1.4039,46814.61,131236.454,1.087,27.00484169679866,26.47759061645648,27.96348002469354,25.99827145250904
301015.SZ,20241022,28.12,29.39,28.1,28.5,28.17,0.33,1.1715,40607.5,116783.934,1.087,27.32119234500397,26.95690978040392,28.17438045683041,26.93773701384601
301015.SZ,20241023,28.22,28.78,27.76,28.32,28.5,-0.18,-0.6316,28411.42,80188.669,1.087,27.14863744598289,27.05277361319341,27.58961107681454,26.611799982361763
301015.SZ,20241024,28.16,28.59,27.88,28.37,28.32,0.05,0.1766,25122.79,71190.666,1.087,27.19656936237764,26.99525531351972,27.40746979451451,26.726836581709144
301015.SZ,20241025,28.01,28.89,27.84,28.63,28.37,0.26,0.9165,36862.0,104804.117,1.087,27.445815327630303,26.85145956433548,27.69506129288297,26.68849104859335
301015.SZ,20241028,29.86,30.95,28.63,29.59,28.63,0.96,3.3531,53201.15,157406.283,1.087,28.366108122409383,28.624940470941,29.669856248346413,27.445815327630303
301015.SZ,20241029,29.72,29.81,27.86,27.91,29.59,-1.68,-5.6776,48278.79,138051.528,1.087,26.75559573154599,28.49073110503572,28.577008554546257,26.70766381515125
301015.SZ,20241030,27.7,28.25,27.0,27.39,27.91,-0.52,-1.8631,30930.56,85446.834,1.087,26.257103801040657,26.55428168268807,27.081532763030253,25.883234853161657
301015.SZ,20241031,27.33,27.6,27.01,27.24,27.39,-0.15,-0.5476,27508.61,74968.622,1.087,26.113308051856425,26.199585501366965,26.458417849898584,25.892821236440607
301015.SZ,20241101,27.06,28.88,26.73,28.68,27.24,1.44,5.2863,65020.93,182621.452,1.087,27.493747244025048,25.940753152835345,27.685474909604025,25.62440250463004
301015.SZ,20241104,28.37,28.72,27.38,28.01,28.68,-0.67,-2.3361,57947.77,162127.066,1.087,26.85145956433548,27.19656936237764,27.53209277714084,26.247517417761703
301015.SZ,20241105,27.9,28.86,27.63,28.69,28.01,0.68,2.4277,43237.28,122584.103,1.087,27.503333627303995,26.746009348267044,27.666302143046124,26.48717699973543
301015.SZ,20241106,28.72,29.22,28.13,28.55,28.69,-0.14,-0.488,41340.05,118460.404,1.087,27.36912426139872,27.53209277714084,28.01141194108828,26.966496163682866
301015.SZ,20241107,28.25,29.05,28.01,28.94,28.55,0.39,1.366,40216.71,115284.004,1.087,27.74299320927772,27.081532763030253,27.84844342534615,26.85145956433548
301015.SZ,20241108,29.5,29.5,28.18,28.35,28.94,-0.59,-2.0387,44547.86,127980.645,1.087,27.17739659581974,28.279830672898846,28.279830672898846,27.01442808007761
301015.SZ,20241111,28.61,29.3,28.31,29.2,28.35,0.85,2.9982,47270.33,136472.445,1.087,27.992239174530383,27.42664256107241,28.08810300731988,27.139051062703945
301015.SZ,20241112,29.4,31.76,29.26,31.6,29.2,2.4,8.2192,101151.43,311395.078,1.087,30.29297116147809,28.18396684010936,30.446353293941264,28.04975747420408
301015.SZ,20241113,31.5,31.5,29.55,30.59,31.6,-1.01,-3.1962,76250.5,231264.855,1.087,29.324746450304257,30.197107328688595,30.197107328688595,28.327762589293588
301015.SZ,20241114,30.33,31.1,28.88,29.05,30.59,-1.54,-5.0343,47941.66,142527.173,1.087,27.84844342534615,29.075500485051588,29.81365199753065,27.685474909604025
301015.SZ,20241115,29.35,29.7,28.39,28.39,29.05,-0.66,-2.2719,32881.83,95500.499,1.087,27.21574212893553,28.13603492371461,28.47155833847782,27.21574212893553
301015.SZ,20241118,28.27,28.54,27.31,27.48,28.39,-0.91,-3.2054,31208.0,87283.792,1.087,26.3433812505512,27.100705529588147,27.359537878119763,26.180412734809067
301015.SZ,20241119,27.4,28.04,27.28,28.04,27.48,0.56,2.0378,22834.0,63267.779,1.087,26.88021871417233,26.266690184319604,26.88021871417233,26.15165358497222
301015.SZ,20241120,28.0,28.6,27.82,28.33,28.04,0.29,1.0342,25752.37,72849.365,1.087,27.15822382926184,26.84187318105653,27.41705617779346,26.66931828203545
301015.SZ,20241121,28.3,28.52,27.69,27.92,28.33,-0.41,-1.4472,25962.0,72599.781,1.087,26.765182114824945,27.129464679424995,27.34036511156187,26.54469529940912
301015.SZ,20241122,27.92,27.96,26.42,26.43,27.92,-1.49,-5.3367,28075.82,76237.913,1.087,25.336811006261577,26.765182114824945,26.80352764794074,25.32722462298263
301015.SZ,20241125,26.46,27.05,26.3,26.77,26.43,0.34,1.2864,18523.0,49529.177,1.087,25.662748037745832,25.365570156098425,25.9311667695564,25.21218802363524
301015.SZ,20241126,26.83,27.38,26.58,26.94,26.77,0.17,0.635,17194.0,46503.724,1.087,25.825716553487965,25.720266337419524,26.247517417761703,25.480606755445805
301015.SZ,20241127,26.87,28.18,26.51,27.97,26.94,1.03,3.8233,28883.0,79185.563,1.087,26.813114031219683,25.75861187053532,27.01442808007761,25.413502072493166
301015.SZ,20241128,27.94,28.12,27.5,27.74,27.97,-0.23,-0.8223,19769.0,54943.889,1.087,26.592627215803866,26.78435488138284,26.95690978040392,26.36255401710909
301015.SZ,20241129,27.73,28.55,27.51,27.88,27.74,0.14,0.5047,23299.0,65369.733,1.087,26.726836581709144,26.583040832524915,27.36912426139872,26.372140400388044
301015.SZ,20241202,27.88,28.49,27.6,27.95,27.88,0.07,0.2511,26835.51,75226.229,1.087,26.793941264661782,26.726836581709144,27.31160596172502,26.458417849898584
301015.SZ,20241203,28.02,28.02,27.41,27.6,27.95,-0.35,-1.2522,22279.59,61528.04,1.087,26.458417849898584,26.86104594761443,26.86104594761443,26.27627656759856
301015.SZ,20241204,27.6,27.64,26.82,27.18,27.6,-0.42,-1.5217,15478.68,42287.977,1.087,26.055789752182733,26.458417849898584,26.49676338301437,25.71067995414058
301015.SZ,20241205,27.15,27.42,26.92,27.06,27.18,-0.12,-0.4415,13139.6,35634.53,1.087,25.940753152835345,26.027030602345885,26.285862950877505,25.806543786930067
301015.SZ,20241206,27.0,27.63,26.83,27.54,27.06,0.48,1.7738,20477.7,55930.099,1.087,26.40089955022489,25.883234853161657,26.48717699973543,25.720266337419524
301015.SZ,20241209,27.6,27.81,27.13,27.33,27.54,-0.21,-0.7625,18098.48,49610.609,1.087,26.199585501366965,26.458417849898584,26.659731898756505,26.007857835787988
301015.SZ,20241210,27.99,28.28,27.51,27.53,27.33,0.2,0.7318,27528.1,77057.846,1.087,26.39131316694594,26.83228679777758,27.110291912867098,26.372140400388044
301015.SZ,20241211,27.58,27.99,27.32,27.44,27.53,-0.09,-0.3269,19400.4,53554.797,1.087,26.3050357174354,26.43924508334068,26.83228679777758,26.18999911808801
301015.SZ,20241212,27.5,28.05,27.23,28.03,27.44,0.59,2.1501,31771.0,88303.63,1.087,26.87063233089338,26.36255401710909,26.88980509745128,26.10372166857748
301015.SZ,20241213,27.91,27.99,27.09,27.21,28.03,-0.82,-2.9254,26771.48,73402.359,1.087,26.08454890201958,26.75559573154599,26.83228679777758,25.9695123026722
301015.SZ,20241216,27.19,27.41,27.03,27.19,27.21,-0.02,-0.0735,15327.95,41675.445,1.087,26.065376135461683,26.065376135461683,26.27627656759856,25.911994002998505
301015.SZ,20241217,27.06,27.31,26.63,26.89,27.19,-0.3,-1.1033,16245.0,43762.19,1.087,25.77778463709322,25.940753152835345,26.180412734809067,25.52853867184055
301015.SZ,20241218,26.9,27.34,26.65,26.76,26.89,-0.13,-0.4835,14761.0,39843.348,1.087,25.653161654466885,25.787371020372166,26.209171884645915,25.547711438398448
301015.SZ,20241219,26.6,26.88,26.18,26.69,26.76,-0.07,-0.2616,15788.02,41807.297,1.087,25.58605697151425,25.499779522003703,25.76819825381427,25.09715142428785
301015.SZ,20241220,26.69,26.99,26.52,26.69,26.69,0.0,0.0,17595.0,47148.319,1.087,25.58605697151425,25.58605697151425,25.873648469882703,25.42308845577212
301015.SZ,20241223,26.8,26.82,25.88,25.92,26.69,-0.77,-2.885,20533.64,53774.164,1.087,24.8479054590352,25.69150718758268,25.71067995414058,24.80955992591939
301015.SZ,20241224,26.01,26.55,25.94,26.48,25.92,0.56,2.1605,15357.0,40477.337,1.087,25.38474292265632,24.93418290854573,25.451847605608965,24.867078225593087
301015.SZ,20241225,26.56,26.66,26.13,26.37,26.48,-0.11,-0.4154,11690.0,30808.831,1.087,25.279292706587885,25.46143398888791,25.557297821677395,25.04921950789312
301015.SZ,20241226,26.28,26.47,25.81,25.81,26.37,-0.56,-2.1236,17478.0,45586.527,1.087,24.742455242966752,25.193015257077345,25.375156539377368,24.742455242966752
301015.SZ,20241227,25.8,25.95,25.41,25.5,25.81,-0.31,-1.2011,27867.81,71337.524,1.087,24.44527736131934,24.732868859687805,24.87666460887204,24.358999911808805
301015.SZ,20241230,25.27,25.69,24.88,25.0,25.5,-0.5,-1.9608,27597.16,69524.377,1.087,23.965958197371904,24.22479054590352,24.627418643619368,23.85092159802452
301015.SZ,20241231,25.0,25.15,24.2,24.21,25.0,-0.79,-3.16,23187.16,56953.943,1.087,23.20863391833495,23.965958197371904,24.109753946556136,23.199047535056003
301015.SZ,20250102,24.28,24.69,23.65,23.91,24.21,-0.3,-1.2392,35273.4,85427.496,1.087,22.92104241996649,23.2757386012876,23.668780315724494,22.67179645471382
301015.SZ,20250103,23.99,24.32,23.56,23.65,23.91,-0.26,-1.0874,28997.0,69604.093,1.087,22.67179645471382,22.99773348619808,23.314084134403387,22.58551900520328
301015.SZ,20250106,23.7,24.92,23.66,24.41,23.65,0.76,3.2135,33332.37,81322.342,1.087,23.400361583913927,22.71972837110856,23.889267131140315,22.681382837992768
301015.SZ,20250107,24.31,24.4,23.74,23.92,24.41,-0.49,-2.0074,21151.99,50652.588,1.087,22.93062880324544,23.30449775112444,23.390775200634977,22.75807390422436
301015.SZ,20250108,23.85,24.06,23.07,23.74,23.92,-0.18,-0.7525,23737.0,56052.61,1.087,22.75807390422436,22.863524120292794,23.06483816915072,22.11578622453479
301015.SZ,20250109,23.62,23.95,23.29,23.42,23.74,-0.32,-1.3479,25316.62,59641.66,1.087,22.451309639298,22.643037304876973,22.95938795308228,22.326686656671665
301015.SZ,20250110,23.4,23.59,22.97,22.98,23.42,-0.44,-1.8787,14895.0,34612.798,1.087,22.02950877502425,22.4321368727401,22.614278155040125,22.019922391745304
301015.SZ,20250113,22.87,23.48,22.79,23.25,22.98,0.27,1.1749,24800.0,57599.152,1.087,22.28834112355587,21.924058558955817,22.50882793897169,21.847367492724228
301015.SZ,20250114,23.26,23.78,23.05,23.75,23.25,0.5,2.1505,24919.0,58518.18,1.087,22.767660287503308,22.29792750683482,22.796419437340155,22.096613457976897
301015.SZ,20250115,23.7,23.72,23.1,23.2,23.75,-0.55,-2.3158,22888.0,53392.865,1.087,22.240409207161125,22.71972837110856,22.73890113766646,22.14454537437164
301015.SZ,20250116,23.29,23.68,22.88,23.05,23.2,-0.15,-0.6466,24850.0,57808.492,1.087,22.096613457976897,22.326686656671665,22.70055560455067,21.933644942234764
301015.SZ,20250117,22.93,23.28,22.84,23.05,23.05,0.0,0.0,20433.72,47053.776,1.087,22.096613457976897,21.98157685862952,22.31710027339272,21.89529940911897
301015.SZ,20250120,23.28,23.69,23.1,23.32,23.05,0.27,1.1714,31196.0,72915.87,1.087,22.35544580650852,22.31710027339272,22.710141987829616,22.14454537437164
301015.SZ,20250121,23.45,23.55,22.95,23.09,23.32,-0.23,-0.9863,22687.08,52490.018,1.087,22.13495899109269,22.480068789134847,22.57593262192433,22.000749625187407
301015.SZ,20250122,23.03,23.05,22.49,22.72,23.09,-0.37,-1.6024,27204.0,61840.396,1.087,21.780262809771585,22.077440691419,22.096613457976897,21.559775994355764
301015.SZ,20250123,22.95,23.22,22.6,22.82,22.72,0.1,0.4401,24891.11,57196.825,1.087,21.87612664256108,22.000749625187407,22.259581973719023,21.665226210424205
301015.SZ,20250124,22.82,23.23,22.63,23.2,22.82,0.38,1.6652,20298.11,46672.063,1.087,22.240409207161125,21.87612664256108,22.269168356997973,21.69398536026105
301015.SZ,20250127,23.18,23.59,23.12,23.29,23.2,0.09,0.3879,20918.0,48845.365,1.087,22.326686656671665,22.221236440603228,22.614278155040125,22.16371814092954
301015.SZ,20250205,23.5,23.92,23.32,23.81,23.29,0.52,2.2327,27050.51,64043.542,1.087,22.825178587177,22.52800070552959,22.93062880324544,22.35544580650852
301015.SZ,20250206,23.71,23.71,23.35,23.6,23.81,-0.21,-0.882,37605.0,88656.636,1.087,22.62386453831908,22.72931475438752,22.72931475438752,22.38420495634536
301015.SZ,20250207,23.6,23.98,23.46,23.83,23.6,0.23,0.9746,37358.0,88828.98,1.087,22.844351353734897,22.62386453831908,22.98814710291913,22.489655172413794
301015.SZ,20250210,23.96,24.18,23.31,23.91,23.83,0.08,0.3357,41804.0,99419.887,1.087,22.92104241996649,22.96897433636123,23.179874768498102,22.34585942322956
301015.SZ,20250211,23.9,24.01,23.37,23.64,23.91,-0.27,-1.1292,26122.62,61561.622,1.087,22.66221007143488,22.91145603668754,23.016906252755977,22.40337772290325
301015.SZ,20250212,23.62,23.72,23.33,23.59,23.64,-0.05,-0.2115,22350.37,52517.766,1.087,22.614278155040125,22.643037304876973,22.73890113766646,22.365032189787456
301015.SZ,20250213,23.59,24.19,23.35,24.03,23.59,0.44,1.8652,41186.99,98141.13,1.087,23.03607901931388,22.614278155040125,23.189461151777056,22.38420495634536
301015.SZ,20250214,23.86,25.65,23.85,24.95,24.03,0.92,3.8285,69105.56,172921.965,1.087,23.91802628097716,22.873110503571745,24.58907311050357,22.863524120292794
301015.SZ,20250217,24.9,25.02,24.12,24.28,24.95,-0.67,-2.6854,58741.16,143750.985,1.087,23.2757386012876,23.87009436458241,23.9851309639298,23.12235646882441
301015.SZ,20250218,24.17,25.67,23.96,24.8,24.28,0.52,2.1417,77028.24,191635.015,1.087,23.774230531792927,23.17028838521916,24.608245877061474,22.96897433636123
301015.SZ,20250219,24.63,25.02,24.35,24.75,24.8,-0.05,-0.2016,51672.0,127397.949,1.087,23.726298615398186,23.6112620160508,23.9851309639298,23.342843284240235
301015.SZ,20250220,24.67,25.14,24.45,24.68,24.75,-0.07,-0.2828,46749.96,115725.773,1.087,23.659193932445543,23.6496075491666,24.100167563277186,23.43870711702972
301015.SZ,20250221,24.66,25.3,24.53,24.78,24.68,0.1,0.4052,49736.64,123703.261,1.087,23.75505776523504,23.64002116588765,24.253549695740368,23.515398183261315
301015.SZ,20250224,24.98,24.99,24.31,24.5,24.78,-0.28,-1.1299,40278.7,98813.628,1.087,23.486639033424467,23.946785430814007,23.95637181409296,23.30449775112444
301015.SZ,20250225,24.27,24.27,23.81,23.94,24.5,-0.56,-2.2857,39051.05,93679.597,1.087,22.949801569803338,23.26615221800865,23.26615221800865,22.825178587177
301015.SZ,20250226,23.93,25.0,23.71,24.5,23.94,0.56,2.3392,56647.49,137087.011,1.087,23.486639033424467,22.940215186524387,23.965958197371904,22.72931475438752
301015.SZ,20250227,24.43,24.46,23.9,24.33,24.5,-0.17,-0.6939,36763.0,88874.172,1.087,23.32367051768233,23.419534350471825,23.448293500308672,22.91145603668754
301015.SZ,20250228,24.3,24.47,23.34,23.46,24.33,-0.87,-3.5758,37592.01,89340.367,1.087,22.489655172413794,23.294911367845494,23.457879883587616,22.37461857306641
301015.SZ,20250303,23.32,24.24,23.32,23.72,23.46,0.26,1.1083,38215.6,91107.215,1.087,22.73890113766646,22.35544580650852,23.2373930681718,22.35544580650852
301015.SZ,20250304,23.69,24.0,23.53,23.91,23.72,0.19,0.801,21430.0,51102.533,1.087,22.92104241996649,22.710141987829616,23.00731986947703,22.55675985536644
301015.SZ,20250305,23.91,23.91,23.32,23.51,23.91,-0.4,-1.6729,25989.0,61074.545,1.087,22.53758708880854,22.92104241996649,22.92104241996649,22.35544580650852
301015.SZ,20250306,23.7,23.9,23.3,23.39,23.51,-0.12,-0.5104,58771.11,137973.38,1.087,22.422550489461152,22.71972837110856,22.91145603668754,22.336273039950616
301015.SZ,20250307,23.33,23.34,23.03,23.23,23.39,-0.16,-0.6841,30887.0,71558.068,1.087,22.269168356997973,22.365032189787456,22.37461857306641,22.077440691419
301015.SZ,20250310,23.39,23.76,23.23,23.64,23.23,0.41,1.765,49725.98,116945.104,1.087,22.66221007143488,22.422550489461152,22.77724667078225,22.269168356997973
301015.SZ,20250311,23.49,23.49,23.18,23.41,23.64,-0.23,-0.9729,29198.0,68125.584,1.087,22.441723256019053,22.51841432225064,22.51841432225064,22.221236440603228
301015.SZ,20250312,23.33,23.47,23.22,23.26,23.41,-0.15,-0.6408,31960.01,74472.361,1.087,22.29792750683482,22.365032189787456,22.49924155569274,22.259581973719023
301015.SZ,20250313,23.39,23.73,23.21,23.46,23.26,0.2,0.8598,39406.0,92395.756,1.087,22.489655172413794,22.422550489461152,22.74848752094541,22.24999559044008
301015.SZ,20250314,23.38,24.0,23.3,23.99,23.46,0.53,2.2592,55773.0,132450.956,1.087,22.99773348619808,22.412964106182205,23.00731986947703,22.336273039950616
301015.SZ,20250317,24.1,24.15,23.65,23.83,23.99,-0.16,-0.6669,52019.47,123750.837,1.087,22.844351353734897,23.10318370226652,23.15111561866125,22.67179645471382
301015.SZ,20250318,23.88,24.04,23.69,23.72,23.83,-0.11,-0.4616,40356.0,96113.335,1.087,22.73890113766646,22.89228327012964,23.045665402592824,22.710141987829616
301015.SZ,20250319,23.73,23.81,23.32,23.38,23.72,-0.34,-1.4334,49671.2,116907.622,1.087,22.412964106182205,22.74848752094541,22.825178587177,22.35544580650852
301015.SZ,20250320,23.38,23.66,23.24,23.36,23.38,-0.02,-0.0855,42135.0,98668.402,1.087,22.393791339624304,22.412964106182205,22.681382837992768,22.27875474027692
301015.SZ,20250321,22.86,22.87,21.25,21.43,23.36,-1.93,-8.262,142656.54,312227.44,1.087,20.5436193667872,21.91447217567687,21.924058558955817,20.37106446776612
301015.SZ,20250324,21.36,21.57,21.25,21.51,21.43,0.08,0.3733,65389.77,140099.265,1.087,20.620310433018787,20.476514683834555,20.67782873269248,20.37106446776612
301015.SZ,20250325,21.6,21.61,21.34,21.51,21.51,0.0,0.0,39789.7,85467.436,1.087,20.620310433018787,20.706587882529327,20.71617426580828,20.457341917276658
301015.SZ,20250326,21.5,21.62,21.37,21.48,21.51,-0.03,-0.1395,36117.0,77508.866,1.087,20.59155128318194,20.61072404973984,20.725760649087224,20.486101067113506
301015.SZ,20250327,21.43,21.84,21.33,21.8,21.48,0.32,1.4898,66690.0,144189.477,1.087,20.8983155481083,20.5436193667872,20.93666108122409,20.447755533997707
301015.SZ,20250328,21.78,22.34,21.47,21.5,21.8,-0.3,-1.3761,87384.0,191092.214,1.087,20.61072404973984,20.879142781550403,21.415980245171536,20.58196489990299
301015.SZ,20250331,21.39,21.49,20.75,20.93,21.5,-0.57,-2.6512,61566.0,129610.151,1.087,20.06430020283976,20.505273833671403,20.60113766646089,19.89174530381868
301015.SZ,20250401,20.91,21.99,20.9,21.5,20.93,0.57,2.7234,92682.76,199596.583,1.087,20.61072404973984,20.04512743628186,21.080456830408323,20.03554105300292
301015.SZ,20250402,21.45,21.95,21.4,21.58,21.5,0.08,0.3721,61814.0,133791.481,1.087,20.687415115971422,20.56279213334509,21.04211129729253,20.514860216950343
301015.SZ,20250403,21.41,21.68,21.1,21.37,21.58,-0.21,-0.9731,42956.19,91960.899,1.087,20.486101067113506,20.524446600229297,20.78327894876092,20.22726871858189
301015.SZ,20250407,20.39,20.49,17.37,18.03,21.37,-3.34,-15.6294,92738.0,175912.772,1.087,17.284249051944617,19.546635505776525,19.642499338566008,16.651547755534
301015.SZ,20250408,18.47,19.52,18.38,18.96,18.03,0.93,5.1581,84607.0,160728.18,1.087,18.17578269688685,17.70604991621836,18.71262016050798,17.619772466707822
301015.SZ,20250409,18.54,19.09,17.82,19.02,18.96,0.06,0.3165,65228.0,121561.262,1.087,18.233300996560544,17.773154599171004,18.300405679513187,17.082935003086693
301015.SZ,20250410,19.38,19.75,19.31,19.48,19.02,0.46,2.4185,54809.0,106960.471,1.087,18.674274627392187,18.578410794602696,18.933106975923803,18.511306111650057
301015.SZ,20250411,19.26,19.66,19.18,19.52,19.48,0.04,0.2053,34164.37,66600.475,1.087,18.71262016050798,18.46337419525532,18.846829526413263,18.386683129023723
301015.SZ,20250414,19.66,19.98,19.57,19.67,19.52,0.15,0.7684,39327.54,77724.674,1.087,18.856415909692213,18.846829526413263,19.153593791339627,18.760552076902727
301015.SZ,20250415,19.66,19.93,19.56,19.7,19.67,0.03,0.1525,30842.0,60770.576,1.087,18.885175059529058,18.846829526413263,19.10566187494488,18.750965693623776
301015.SZ,20250416,19.63,19.69,19.12,19.44,19.7,-0.26,-1.3198,32759.0,63501.973,1.087,18.635929094276392,18.81807037657642,18.87558867625012,18.32916482935003
301015.SZ,20250417,19.3,19.8,19.3,19.54,19.44,0.1,0.5144,30173.0,59016.91,1.087,18.73179292706588,18.50171972837111,18.981038892318548,18.50171972837111
301015.SZ,20250418,19.5,19.73,19.25,19.34,19.54,-0.2,-1.0235,21262.31,41239.658,1.087,18.5400652614869,18.693447393950084,18.913934209365905,18.453787811976365
301015.SZ,20250421,19.31,19.54,19.21,19.54,19.34,0.2,1.0341,24814.2,48323.611,1.087,18.73179292706588,18.511306111650057,18.73179292706588,18.41544227886057
301015.SZ,20250422,19.56,19.7,19.4,19.63,19.54,0.09,0.4606,26692.0,52248.623,1.087,18.81807037657642,18.750965693623776,18.885175059529058,18.5975835611606
301015.SZ,20250423,19.64,19.89,19.46,19.67,19.63,0.04,0.2038,37367.35,73445.567,1.087,18.856415909692213,18.82765675985537,19.067316341829088,18.655101860834293
301015.SZ,20250424,18.68,18.68,17.56,17.82,19.67,-1.85,-9.4052,163285.16,292428.789,1.087,17.082935003086693,17.90736396507629,17.90736396507629,16.833689037834024
301015.SZ,20250425,18.17,18.86,18.12,18.17,17.82,0.35,1.9641,104461.93,191486.668,1.087,17.4184584178499,17.4184584178499,18.07991886409736,17.370526501455156
301015.SZ,20250428,18.08,18.14,17.71,17.76,18.17,-0.41,-2.2565,59255.0,105735.108,1.087,17.025416703413004,17.332180968339358,17.389699268013054,16.977484787018255
301015.SZ,20250429,17.78,17.85,17.45,17.52,17.76,-0.24,-1.3514,49902.63,87755.254,1.087,16.79534350471823,17.044589469970898,17.11169415292354,16.728238821765586
301015.SZ,20250430,17.44,17.85,17.41,17.66,17.52,0.14,0.7991,48241.0,85462.485,1.087,16.929552870623514,16.71865243848664,17.11169415292354,16.68989328864979
301015.SZ,20250506,17.8,18.02,17.67,18.01,17.66,0.35,1.9819,54681.0,97602.729,1.087,17.26507628538672,17.063762236528795,17.27466266866567,16.93913925390246
301015.SZ,20250507,18.43,18.54,17.91,18.04,18.01,0.03,0.1666,68195.0,123669.457,1.087,17.293835435223563,17.667704383102567,17.773154599171004,17.169212452597232
301015.SZ,20250508,18.04,18.27,17.95,18.25,18.04,0.21,1.1641,46223.0,84129.751,1.087,17.49514948408149,17.293835435223563,17.514322250639385,17.207557985713027
301015.SZ,20250509,18.24,18.34,18.04,18.15,18.25,-0.1,-0.5479,37106.0,67396.914,1.087,17.399285651292,17.48556310080254,17.581426933592027,17.293835435223563
301015.SZ,20250512,18.29,18.33,18.13,18.3,18.15,0.15,0.8264,39302.06,71705.681,1.087,17.543081400476233,17.533495017197286,17.571840550313077,17.380112884734103
301015.SZ,20250513,18.46,18.56,18.31,18.33,18.3,0.03,0.1639,44221.0,81461.887,1.087,17.571840550313077,17.696463532939415,17.792327365728898,17.55266778375518
301015.SZ,20250514,18.28,18.42,18.09,18.34,18.33,0.01,0.0546,38155.0,69543.941,1.087,17.581426933592027,17.52390863391834,17.65811799982362,17.341767351618312
301015.SZ,20250515,18.35,18.4,18.17,18.24,18.34,-0.1,-0.5453,29788.0,54433.382,1.087,17.48556310080254,17.59101331687098,17.63894523326572,17.4184584178499
301015.SZ,20250516,18.14,18.42,18.11,18.34,18.24,0.1,0.5482,31344.24,57277.753,1.087,17.581426933592027,17.389699268013054,17.65811799982362,17.360940118176206
301015.SZ,20250519,18.4,18.4,18.04,18.3,18.34,-0.04,-0.2181,40733.24,74051.974,1.087,17.543081400476233,17.63894523326572,17.63894523326572,17.293835435223563
301015.SZ,20250520,18.35,18.86,18.3,18.7,18.3,0.4,2.1858,70172.51,130690.581,1.087,17.926536731634183,17.59101331687098,18.07991886409736,17.543081400476233
301015.SZ,20250521,18.7,19.17,18.63,18.8,18.7,0.1,0.5348,64754.0,122002.207,1.087,18.02240056442368,17.926536731634183,18.377096745744776,17.85943204868154
301015.SZ,20250522,18.75,18.83,18.46,18.48,18.8,-0.32,-1.7021,40714.0,75749.912,1.087,17.715636299497312,17.974468648028925,18.05115971426052,17.696463532939415
301015.SZ,20250523,18.48,18.76,18.34,18.35,18.48,-0.13,-0.7035,51142.0,94977.85,1.087,17.59101331687098,17.715636299497312,17.98405503130788,17.581426933592027
301015.SZ,20250526,18.3,18.46,18.1,18.38,18.35,0.03,0.1635,42394.0,77425.316,1.087,17.619772466707822,17.543081400476233,17.696463532939415,17.35135373489726
301015.SZ,20250527,17.65,17.8,17.5,17.67,17.62,0.05,0.2838,36832.0,64922.917,1.1339,17.67,17.65,17.8,17.5
301015.SZ,20250528,17.71,17.72,17.41,17.49,17.67,-0.18,-1.0187,30516.16,53439.748,1.1339,17.49,17.71,17.72,17.41
301015.SZ,20250529,17.56,18.03,17.46,18.03,17.49,0.54,3.0875,55997.67,99980.394,1.1339,18.03,17.56,18.03,17.46
301015.SZ,20250530,18.08,18.2,17.83,17.9,18.03,-0.13,-0.721,45579.88,82031.165,1.1339,17.9,18.08,18.2,17.83
301015.SZ,20250603,17.78,18.85,17.76,18.73,17.9,0.83,4.6369,99463.74,183226.071,1.1339,18.73,17.78,18.85,17.76
301015.SZ,20250604,18.71,20.72,18.61,19.92,18.73,1.19,6.3534,214370.47,423069.757,1.1339,19.92,18.71,20.72,18.61
301015.SZ,20250605,19.92,19.92,19.11,19.18,19.92,-0.74,-3.7149,121821.74,235794.163,1.1339,19.18,19.92,19.92,19.11
301015.SZ,20250606,19.2,19.31,18.73,18.9,19.18,-0.28,-1.4599,75861.0,143219.216,1.1339,18.9,19.2,19.31,18.73
301015.SZ,20250609,18.9,19.66,18.8,19.37,18.9,0.47,2.4868,92431.0,179160.136,1.1339,19.37,18.9,19.66,18.8
301015.SZ,20250610,19.47,22.13,19.4,21.11,19.37,1.74,8.983,301543.26,629474.831,1.1339,21.11,19.47,22.13,19.4
301015.SZ,20250611,22.72,23.93,21.86,23.29,21.11,2.18,10.3269,427130.58,982482.163,1.1339,23.29,22.72,23.93,21.86
301015.SZ,20250612,22.86,23.58,22.09,23.15,23.29,-0.14,-0.6011,244519.03,559590.923,1.1339,23.15,22.86,23.58,22.09
301015.SZ,20250613,23.4,25.89,23.4,24.36,23.15,1.21,5.2268,278634.71,690468.519,1.1339,24.36,23.4,25.89,23.4
301015.SZ,20250616,24.79,24.97,23.2,24.04,24.36,-0.32,-1.3136,224209.0,540901.175,1.1339,24.04,24.79,24.97,23.2
301015.SZ,20250617,24.88,25.2,21.47,21.64,24.04,-2.4,-9.9834,347823.35,786004.893,1.1339,21.64,24.88,25.2,21.47
301015.SZ,20250618,21.3,21.35,20.64,20.7,21.64,-0.94,-4.3438,186456.8,389529.494,1.1339,20.7,21.3,21.35,20.64
301015.SZ,20250619,20.68,21.09,20.14,20.27,20.7,-0.43,-2.0773,125100.23,256262.512,1.1339,20.27,20.68,21.09,20.14
301015.SZ,20250620,20.15,20.33,19.7,19.73,20.27,-0.54,-2.664,96156.08,191441.132,1.1339,19.73,20.15,20.33,19.7
301015.SZ,20250623,19.58,20.41,19.0,19.96,19.73,0.23,1.1657,191302.2,375746.874,1.1339,19.96,19.58,20.41,19.0
301015.SZ,20250624,19.96,20.14,19.74,19.98,19.96,0.02,0.1002,107230.0,213826.414,1.1339,19.98,19.96,20.14,19.74
301015.SZ,20250625,19.96,20.3,19.68,19.92,19.98,-0.06,-0.3003,96242.59,191394.863,1.1339,19.92,19.96,20.3,19.68
301015.SZ,20250626,19.82,19.98,19.33,19.65,19.92,-0.27,-1.3554,106977.7,210003.063,1.1339,19.65,19.82,19.98,19.33
301015.SZ,20250627,19.58,20.11,19.55,19.75,19.65,0.1,0.5089,82012.62,162686.732,1.1339,19.75,19.58,20.11,19.55
301015.SZ,20250630,19.71,20.31,19.57,20.06,19.75,0.31,1.5696,106045.69,210889.177,1.1339,20.06,19.71,20.31,19.57
301015.SZ,20250701,20.0,21.09,19.81,20.72,20.06,0.66,3.2901,181409.76,369222.096,1.1339,20.72,20.0,21.09,19.81
301015.SZ,20250702,20.5,20.69,19.96,20.01,20.72,-0.71,-3.4266,118613.0,239910.567,1.1339,20.01,20.5,20.69,19.96
301015.SZ,20250703,20.01,22.68,19.87,21.51,20.01,1.5,7.4963,234751.66,499234.977,1.1339,21.51,20.01,22.68,19.87
301015.SZ,20250704,21.51,22.0,21.02,21.1,21.51,-0.41,-1.9061,180259.87,387871.227,1.1339,21.1,21.51,22.0,21.02
301015.SZ,20250707,21.18,21.44,20.5,20.64,21.1,-0.46,-2.1801,120439.87,252001.067,1.1339,20.64,21.18,21.44,20.5
301015.SZ,20250708,20.53,21.47,20.5,21.2,20.64,0.56,2.7132,106270.0,224042.766,1.1339,21.2,20.53,21.47,20.5
301015.SZ,20250709,21.07,21.4,20.66,20.72,21.2,-0.48,-2.2642,117900.0,246325.342,1.1339,20.72,21.07,21.4,20.66
301015.SZ,20250710,20.77,22.35,20.77,21.62,20.72,0.9,4.3436,183900.48,398492.866,1.1339,21.62,20.77,22.35,20.77
301015.SZ,20250711,21.58,21.71,21.18,21.22,21.62,-0.4,-1.8501,126144.0,269476.258,1.1339,21.22,21.58,21.71,21.18
301015.SZ,20250714,21.22,21.53,21.0,21.14,21.22,-0.08,-0.377,86666.0,183324.298,1.1339,21.14,21.22,21.53,21.0
301015.SZ,20250715,21.21,21.26,20.5,20.7,21.14,-0.44,-2.0814,88674.0,183776.198,1.1339,20.7,21.21,21.26,20.5
301015.SZ,20250716,20.67,21.32,20.65,21.19,20.7,0.49,2.3671,89062.18,187470.126,1.1339,21.19,20.67,21.32,20.65
301015.SZ,20250717,21.1,21.76,21.06,21.7,21.19,0.51,2.4068,135979.0,291830.594,1.1339,21.7,21.1,21.76,21.06
301015.SZ,20250718,21.59,21.65,21.06,21.4,21.7,-0.3,-1.3825,97918.0,208452.737,1.1339,21.4,21.59,21.65,21.06
301015.SZ,20250721,21.3,22.0,21.06,21.98,21.4,0.58,2.7103,130571.93,281985.144,1.1339,21.98,21.3,22.0,21.06
301015.SZ,20250722,21.12,21.2,20.38,21.05,21.98,-0.93,-4.2311,175702.0,367260.201,1.1339,21.05,21.12,21.2,20.38
301015.SZ,20250723,20.85,21.96,20.85,21.72,21.05,0.67,3.1829,169454.83,364682.154,1.1339,21.72,20.85,21.96,20.85
301015.SZ,20250724,21.86,22.11,21.55,21.96,21.72,0.24,1.105,95207.01,207332.289,1.1339,21.96,21.86,22.11,21.55
301015.SZ,20250725,21.88,22.06,21.53,21.59,21.96,-0.37,-1.6849,77529.0,168545.452,1.1339,21.59,21.88,22.06,21.53
301015.SZ,20250728,21.57,21.84,21.3,21.39,21.59,-0.2,-0.9264,63656.0,136522.974,1.1339,21.39,21.57,21.84,21.3
301015.SZ,20250729,21.31,21.54,21.04,21.52,21.39,0.13,0.6078,81758.62,174521.01,1.1339,21.52,21.31,21.54,21.04
301015.SZ,20250730,21.35,22.43,21.24,21.92,21.52,0.4,1.8587,130934.79,286747.314,1.1339,21.92,21.35,22.43,21.24
301015.SZ,20250731,21.94,22.45,21.66,22.07,21.92,0.15,0.6843,123159.64,271211.379,1.1339,22.07,21.94,22.45,21.66
301015.SZ,20250801,21.83,22.55,21.52,21.97,22.07,-0.1,-0.4531,100514.16,222403.067,1.1339,21.97,21.83,22.55,21.52
301015.SZ,20250804,21.8,22.4,21.14,22.39,21.97,0.42,1.9117,124125.0,270689.189,1.1339,22.39,21.8,22.4,21.14
301015.SZ,20250805,22.33,23.33,22.17,23.11,22.39,0.72,3.2157,132154.72,303350.044,1.1339,23.11,22.33,23.33,22.17
301015.SZ,20250806,23.15,24.03,23.0,23.77,23.11,0.66,2.8559,141594.61,334901.275,1.1339,23.77,23.15,24.03,23.0
301015.SZ,20250807,23.65,24.49,23.51,24.01,23.77,0.24,1.0097,136444.42,327173.887,1.1339,24.01,23.65,24.49,23.51
301015.SZ,20250808,24.02,25.14,23.93,24.99,24.01,0.98,4.0816,159194.42,392830.552,1.1339,24.99,24.02,25.14,23.93
301015.SZ,20250811,24.99,26.8,24.99,25.3,24.99,0.31,1.2405,185151.79,475486.133,1.1339,25.3,24.99,26.8,24.99
301015.SZ,20250812,26.01,26.4,25.46,26.39,25.3,1.09,4.3083,138456.68,359786.757,1.1339,26.39,26.01,26.4,25.46
301015.SZ,20250813,27.0,27.5,25.73,25.98,26.39,-0.41,-1.5536,291817.08,777293.512,1.1339,25.98,27.0,27.5,25.73
301015.SZ,20250814,26.1,26.48,25.39,25.85,25.98,-0.13,-0.5004,153578.25,397242.471,1.1339,25.85,26.1,26.48,25.39
301015.SZ,20250815,25.83,26.18,25.61,26.18,25.85,0.33,1.2766,89136.57,231235.521,1.1339,26.18,25.83,26.18,25.61
301015.SZ,20250818,26.32,27.25,25.95,26.14,26.18,-0.04,-0.1528,135308.76,357147.01,1.1339,26.14,26.32,27.25,25.95
301015.SZ,20250819,26.14,26.58,25.72,25.96,26.14,-0.18,-0.6886,98720.9,257472.775,1.1339,25.96,26.14,26.58,25.72
301015.SZ,20250820,25.75,25.98,25.1,25.46,25.96,-0.5,-1.926,93447.78,237630.718,1.1339,25.46,25.75,25.98,25.1
301015.SZ,20250821,25.3,25.66,25.0,25.15,25.46,-0.31,-1.2176,85631.54,216478.16,1.1339,25.15,25.3,25.66,25.0
301015.SZ,20250822,25.5,25.5,24.81,24.86,25.15,-0.29,-1.1531,61628.67,153926.573,1.1339,24.86,25.5,25.5,24.81
301015.SZ,20250825,24.83,25.48,24.81,25.24,24.86,0.38,1.5286,63387.45,159721.099,1.1339,25.24,24.83,25.48,24.81
301015.SZ,20250826,25.04,26.08,25.04,25.78,25.24,0.54,2.1395,96038.13,247268.871,1.1339,25.78,25.04,26.08,25.04
301015.SZ,20250827,25.75,26.25,24.98,24.98,25.78,-0.8,-3.1032,86038.47,220224.721,1.1339,24.98,25.75,26.25,24.98
301015.SZ,20250828,25.15,25.44,24.24,24.77,24.98,-0.21,-0.8407,86026.94,212661.728,1.1339,24.77,25.15,25.44,24.24
301015.SZ,20250829,24.41,26.99,24.32,26.4,24.77,1.63,6.5805,183778.89,479127.429,1.1339,26.4,24.41,26.99,24.32
301015.SZ,20250901,26.33,26.49,25.84,25.92,26.4,-0.48,-1.8182,90807.0,236489.086,1.1339,25.92,26.33,26.49,25.84
301015.SZ,20250902,26.05,26.28,25.22,25.56,25.92,-0.36,-1.3889,77125.94,197674.549,1.1339,25.56,26.05,26.28,25.22
301015.SZ,20250903,25.6,26.7,25.26,26.14,25.56,0.58,2.2692,106563.0,278666.382,1.1339,26.14,25.6,26.7,25.26
301015.SZ,20250904,26.23,26.62,25.55,26.08,26.14,-0.06,-0.2295,84741.82,220849.307,1.1339,26.08,26.23,26.62,25.55
301015.SZ,20250905,26.08,27.19,25.21,27.16,26.08,1.08,4.1411,108233.93,286863.463,1.1339,27.16,26.08,27.19,25.21
301015.SZ,20250908,27.16,29.09,26.95,29.09,27.16,1.93,7.106,154243.3,437060.653,1.1339,29.09,27.16,29.09,26.95
301015.SZ,20250909,29.08,31.23,28.58,31.03,29.09,1.94,6.669,166065.29,505051.297,1.1339,31.03,29.08,31.23,28.58
301015.SZ,20250910,30.67,31.43,30.25,31.29,31.03,0.26,0.8379,98271.91,304600.255,1.1339,31.29,30.67,31.43,30.25
301015.SZ,20250911,30.88,32.38,29.93,31.35,31.29,0.06,0.1918,116281.08,363829.36,1.1339,31.35,30.880000000000003,32.38,29.930000000000003
301015.SZ,20250912,31.18,31.6,29.92,30.64,31.35,-0.71,-2.2648,111235.29,339391.612,1.1339,30.64,31.180000000000003,31.600000000000005,29.92
301015.SZ,20250915,30.88,31.76,30.5,31.06,30.64,0.42,1.3708,87030.93,270480.29,1.1339,31.06,30.880000000000003,31.760000000000005,30.5
301015.SZ,20250916,30.87,31.0,30.06,30.66,31.06,-0.4,-1.2878,50273.0,153245.737,1.1339,30.66,30.87,31.000000000000004,30.059999999999995
301015.SZ,20250917,30.89,30.89,29.88,30.34,30.66,-0.32,-1.0437,52988.23,160251.495,1.1339,30.34,30.89,30.89,29.88
301015.SZ,20250918,30.1,30.9,28.75,29.4,30.34,-0.94,-3.0982,76981.81,229771.888,1.1339,29.4,30.1,30.9,28.75
301015.SZ,20250919,29.84,29.84,28.53,29.16,29.4,-0.24,-0.8163,68860.27,199843.184,1.1339,29.16,29.84,29.84,28.53
301015.SZ,20250922,29.6,29.73,28.0,28.46,29.16,-0.7,-2.4005,53989.14,154324.245,1.1339,28.46,29.6,29.730000000000004,28.0
301015.SZ,20250923,28.48,28.71,26.9,27.63,28.46,-0.83,-2.9164,55854.62,154076.132,1.1339,27.63,28.480000000000004,28.71,26.9
301015.SZ,20250924,27.6,27.93,27.2,27.61,27.63,-0.02,-0.0724,43611.0,120604.755,1.1339,27.61,27.6,27.93,27.2
301015.SZ,20250925,27.67,28.23,27.53,27.57,27.61,-0.04,-0.1449,38460.0,107039.785,1.1339,27.57,27.67,28.23,27.53
301015.SZ,20250926,27.52,27.7,26.41,27.35,27.57,-0.22,-0.798,46185.0,125878.276,1.1339,27.35,27.52,27.7,26.41
301015.SZ,20250929,27.52,28.2,27.08,27.47,27.35,0.12,0.4388,53973.77,148546.328,1.1339,27.47,27.52,28.2,27.08
301015.SZ,20250930,27.51,28.36,27.51,28.0,27.47,0.53,1.9294,50475.26,140714.548,1.1339,28.0,27.51,28.360000000000003,27.51
301015.SZ,20251009,28.1,28.29,27.0,27.17,28.0,-0.83,-2.9643,57426.62,157904.154,1.1339,27.17,28.1,28.29,27.0
301015.SZ,20251010,27.14,27.54,26.5,26.55,27.17,-0.62,-2.2819,37625.9,101249.145,1.1339,26.55,27.14,27.54,26.5
301015.SZ,20251013,26.17,26.17,25.59,25.84,26.55,-0.71,-2.6742,49418.38,127629.604,1.1339,25.84,26.17,26.17,25.59
301015.SZ,20251014,25.95,27.05,25.8,26.19,25.84,0.35,1.3545,48187.99,127261.651,1.1339,26.19,25.95,27.05,25.8
301015.SZ,20251015,26.12,27.47,26.05,27.28,26.19,1.09,4.1619,49912.0,134225.713,1.1339,27.28,26.12,27.47,26.05
301015.SZ,20251016,27.29,27.36,26.38,26.57,27.28,-0.71,-2.6026,33967.0,91255.508,1.1339,26.57,27.29,27.36,26.38
301015.SZ,20251017,26.58,26.72,25.6,25.75,26.57,-0.82,-3.0862,33655.0,87605.159,1.1339,25.75,26.58,26.72,25.6
301015.SZ,20251020,25.88,26.19,25.39,25.79,25.75,0.04,0.1553,25529.31,65659.743,1.1339,25.79,25.88,26.19,25.39
301015.SZ,20251021,25.82,25.9,25.45,25.7,25.79,-0.09,-0.349,30246.0,77600.88,1.1339,25.7,25.82,25.9,25.45
301015.SZ,20251022,25.58,26.11,25.58,25.98,25.7,0.28,1.0895,35519.0,91781.59,1.1339,25.98,25.58,26.11,25.58
301015.SZ,20251023,26.0,26.35,25.31,26.28,25.98,0.3,1.1547,32439.04,83587.726,1.1339,26.28,26.0,26.35,25.31
301015.SZ,20251024,26.35,26.59,26.0,26.07,26.28,-0.21,-0.7991,37098.81,97387.896,1.1339,26.07,26.35,26.59,26.0
301015.SZ,20251027,26.29,26.46,25.95,26.4,26.07,0.33,1.2658,33823.0,88462.043,1.1339,26.4,26.29,26.46,25.95
301015.SZ,20251028,26.47,26.5,25.56,25.99,26.4,-0.41,-1.553,34275.23,88654.693,1.1339,25.99,26.47,26.5,25.56
301015.SZ,20251029,25.99,26.37,25.28,26.2,25.99,0.21,0.808,35905.49,92448.738,1.1339,26.2,25.99,26.37,25.28
301015.SZ,20251030,26.97,27.8,25.94,26.26,26.2,0.06,0.229,78817.15,209753.202,1.1339,26.26,26.97,27.8,25.94
301015.SZ,20251031,25.84,27.07,25.84,26.77,26.26,0.51,1.9421,59416.08,158742.893,1.1339,26.77,25.84,27.07,25.84
301015.SZ,20251103,26.94,27.72,26.49,27.28,26.77,0.51,1.9051,68136.15,185068.878,1.1339,27.28,26.94,27.72,26.49
301015.SZ,20251104,27.18,27.2,24.8,25.62,27.28,-1.66,-6.085,106749.46,273374.316,1.1339,25.62,27.18,27.2,24.8
301015.SZ,20251105,25.27,26.06,24.92,25.03,25.62,-0.59,-2.3029,65199.11,165228.127,1.1339,25.03,25.27,26.06,24.92
301015.SZ,20251106,24.95,25.0,24.37,24.69,25.03,-0.34,-1.3584,58251.65,143426.998,1.1339,24.69,24.95,25.0,24.37
301015.SZ,20251107,24.85,24.9,23.88,24.25,24.69,-0.44,-1.7821,51041.0,124257.404,1.1339,24.25,24.85,24.9,23.88
301015.SZ,20251110,24.25,24.39,23.89,24.08,24.25,-0.17,-0.701,63200.39,152122.596,1.1339,24.08,24.25,24.39,23.89
301015.SZ,20251111,24.06,24.34,23.9,24.01,24.08,-0.07,-0.2907,40548.16,97736.075,1.1339,24.01,24.06,24.34,23.9
301015.SZ,20251112,24.08,24.97,24.08,24.48,24.01,0.47,1.9575,64668.97,158557.108,1.1339,24.48,24.08,24.97,24.08
301015.SZ,20251113,24.24,24.41,23.72,24.17,24.48,-0.31,-1.2663,52058.97,124796.247,1.1339,24.17,24.24,24.41,23.72
301015.SZ,20251114,23.97,24.65,23.93,23.98,24.17,-0.19,-0.7861,41494.0,100788.853,1.1339,23.98,23.97,24.65,23.93
301015.SZ,20251117,23.98,23.98,22.87,23.05,23.98,-0.93,-3.8782,73964.11,171039.26,1.1339,23.05,23.98,23.98,22.87
301015.SZ,20251118,23.07,23.25,22.43,22.7,23.05,-0.35,-1.5184,55227.0,125672.688,1.1339,22.7,23.07,23.25,22.43
301015.SZ,20251119,22.55,22.79,22.52,22.68,22.7,-0.02,-0.0881,34235.15,77569.886,1.1339,22.68,22.55,22.79,22.52
301015.SZ,20251120,22.72,22.9,22.53,22.68,22.68,0.0,0.0,20205.0,45813.031,1.1339,22.68,22.72,22.9,22.53
301015.SZ,20251121,22.56,22.75,21.97,22.08,22.68,-0.6,-2.6455,36061.64,80342.184,1.1339,22.08,22.56,22.75,21.97
301015.SZ,20251124,22.1,22.33,22.04,22.21,22.08,0.13,0.5888,27690.65,61414.551,1.1339,22.21,22.1,22.33,22.04
301015.SZ,20251125,22.3,22.54,22.04,22.07,22.21,-0.14,-0.6303,36606.3,81505.728,1.1339,22.07,22.3,22.54,22.04
301015.SZ,20251126,22.03,22.55,22.02,22.33,22.07,0.26,1.1781,37937.95,84798.549,1.1339,22.33,22.03,22.55,22.02
301015.SZ,20251127,22.34,22.47,22.1,22.33,22.33,0.0,0.0,23184.0,51735.039,1.1339,22.33,22.34,22.47,22.1
301015.SZ,20251128,22.6,22.69,21.97,22.32,22.33,-0.01,-0.0448,36326.91,80678.305,1.1339,22.32,22.6,22.69,21.97
301015.SZ,20251201,22.31,22.53,22.15,22.49,22.32,0.17,0.7616,36132.95,80782.224,1.1339,22.49,22.31,22.53,22.15
301015.SZ,20251202,22.32,22.4,22.17,22.38,22.49,-0.11,-0.4891,26316.1,58577.6,1.1339,22.38,22.32,22.4,22.17
301015.SZ,20251203,22.35,22.65,22.15,22.45,22.38,0.07,0.3128,40420.47,90617.232,1.1339,22.45,22.35,22.65,22.15
301015.SZ,20251204,22.43,22.48,21.97,22.06,22.45,-0.39,-1.7372,28894.13,63909.042,1.1339,22.06,22.43,22.48,21.97
301015.SZ,20251205,22.13,22.7,21.88,22.65,22.06,0.59,2.6745,39134.99,87353.775,1.1339,22.65,22.13,22.7,21.88
301015.SZ,20251208,22.65,22.75,22.4,22.43,22.65,-0.22,-0.9713,31050.08,69893.709,1.1339,22.43,22.65,22.75,22.4
301015.SZ,20251209,22.37,22.95,22.36,22.43,22.43,0.0,0.0,41487.05,94123.961,1.1339,22.43,22.37,22.95,22.36
301015.SZ,20251210,22.45,23.68,22.45,23.44,22.43,1.01,4.5029,100369.49,233443.989,1.1339,23.44,22.45,23.68,22.45
301015.SZ,20251211,23.57,23.7,22.91,23.07,23.44,-0.37,-1.5785,59689.47,138666.514,1.1339,23.07,23.57,23.7,22.91
301015.SZ,20251212,23.02,23.1,22.55,22.79,23.07,-0.28,-1.2137,49756.01,112964.954,1.1339,22.79,23.02,23.1,22.55
301015.SZ,20251215,22.71,22.9,22.5,22.51,22.79,-0.28,-1.2286,29526.34,66820.349,1.1339,22.51,22.71,22.9,22.5
301015.SZ,20251216,22.67,22.78,22.08,22.15,22.51,-0.36,-1.5993,32433.06,72301.901,1.1339,22.15,22.67,22.78,22.08
301015.SZ,20251217,22.14,22.65,22.08,22.47,22.15,0.32,1.4447,34331.0,76907.63,1.1339,22.47,22.14,22.65,22.08
301015.SZ,20251218,22.42,23.36,22.39,23.2,22.47,0.73,3.2488,58223.61,134283.259,1.1339,23.2,22.42,23.36,22.39
301015.SZ,20251219,23.1,23.77,22.8,23.37,23.2,0.17,0.7328,60305.19,140514.174,1.1339,23.37,23.1,23.77,22.8
301015.SZ,20251222,23.21,23.5,22.88,23.22,23.37,-0.15,-0.6418,35665.54,82654.848,1.1339,23.22,23.21,23.5,22.88
301015.SZ,20251223,23.13,23.77,23.13,23.45,23.22,0.23,0.9905,45330.24,106542.183,1.1339,23.45,23.13,23.77,23.13
301015.SZ,20251224,23.41,23.65,23.29,23.52,23.45,0.07,0.2985,29462.61,69055.641,1.1339,23.52,23.41,23.65,23.29
301015.SZ,20251225,23.48,24.69,23.42,24.22,23.52,0.7,2.9762,74499.99,180366.524,1.1339,24.22,23.48,24.69,23.42
301015.SZ,20251226,24.21,24.25,23.73,23.93,24.22,-0.29,-1.1974,45234.62,108444.689,1.1339,23.93,24.21,24.25,23.73
301015.SZ,20251229,23.92,23.92,23.3,23.44,23.93,-0.49,-2.0476,32989.01,77333.992,1.1339,23.44,23.92,23.92,23.3
301015.SZ,20251230,23.26,23.38,22.94,23.0,23.44,-0.44,-1.8771,39867.0,91867.709,1.1339,23.0,23.26,23.38,22.94
301015.SZ,20251231,23.01,23.83,23.01,23.6,23.0,0.6,2.6087,41614.09,97151.462,1.1339,23.6,23.01,23.83,23.01
301015.SZ,20260105,23.44,25.48,23.24,25.23,23.6,1.63,6.9068,83227.73,201237.362,1.1339,25.23,23.44,25.48,23.24
301015.SZ,20260106,24.8,26.17,24.56,24.58,25.23,-0.65,-2.5763,108710.14,271718.073,1.1339,24.58,24.8,26.17,24.56
301015.SZ,20260107,24.83,24.96,24.31,24.37,24.58,-0.21,-0.8544,47900.0,117859.258,1.1339,24.37,24.83,24.96,24.31
301015.SZ,20260108,24.68,25.25,24.62,24.71,24.37,0.34,1.3952,70179.87,174283.346,1.1339,24.71,24.68,25.25,24.62
301015.SZ,20260109,24.6,25.15,24.43,25.02,24.71,0.31,1.2546,66897.1,166064.985,1.1339,25.02,24.6,25.15,24.43
301015.SZ,20260112,25.02,25.11,24.51,24.88,25.02,-0.14,-0.5596,59159.0,146677.212,1.1339,24.88,25.02,25.11,24.51
301015.SZ,20260113,24.87,26.3,24.78,25.83,24.88,0.95,3.8183,146925.66,375666.936,1.1339,25.83,24.87,26.3,24.78
301015.SZ,20260114,25.56,26.18,24.98,25.42,25.83,-0.41,-1.5873,100160.84,256793.394,1.1339,25.42,25.56,26.18,24.98
301015.SZ,20260115,25.31,25.32,24.72,24.9,25.42,-0.52,-2.0456,54412.32,135660.557,1.1339,24.9,25.31,25.32,24.72
301015.SZ,20260116,24.95,25.05,24.47,24.51,24.9,-0.39,-1.5663,52202.87,128631.174,1.1339,24.51,24.95,25.05,24.47
301015.SZ,20260119,24.85,25.22,24.64,24.74,24.51,0.23,0.9384,43427.69,108202.563,1.1339,24.74,24.85,25.22,24.64
301015.SZ,20260120,24.71,24.86,24.4,24.64,24.74,-0.1,-0.4042,35617.2,87592.088,1.1339,24.64,24.71,24.86,24.4
301015.SZ,20260121,24.58,25.08,24.52,24.76,24.64,0.12,0.487,40834.76,101226.715,1.1339,24.76,24.58,25.08,24.52
301015.SZ,20260122,24.76,24.78,24.34,24.39,24.76,-0.37,-1.4943,43534.89,106529.1,1.1339,24.39,24.76,24.78,24.34
301015.SZ,20260123,24.68,25.1,24.66,24.8,24.39,0.41,1.681,55654.04,138301.242,1.1339,24.8,24.68,25.1,24.66
301015.SZ,20260126,24.77,24.99,24.22,24.42,24.8,-0.38,-1.5323,54893.54,134066.991,1.1339,24.42,24.77,24.99,24.22
301015.SZ,20260127,24.4,24.41,23.56,24.0,24.42,-0.42,-1.7199,49967.14,119412.748,1.1339,24.0,24.4,24.41,23.56
301015.SZ,20260128,23.91,24.21,23.35,23.4,24.0,-0.6,-2.5,45291.51,106840.267,1.1339,23.4,23.91,24.21,23.35
301015.SZ,20260129,23.36,23.85,22.95,23.45,23.4,0.05,0.2137,42126.65,98868.599,1.1339,23.45,23.36,23.85,22.95
301015.SZ,20260130,23.43,23.83,23.1,23.45,23.45,0.0,0.0,32539.45,76360.037,1.1339,23.45,23.43,23.83,23.1
301015.SZ,20260202,23.33,23.7,22.96,22.96,23.45,-0.49,-2.0896,32263.0,75248.428,1.1339,22.96,23.33,23.7,22.96
301015.SZ,20260203,23.18,23.45,23.01,23.41,22.96,0.45,1.9599,30077.69,70035.485,1.1339,23.41,23.18,23.45,23.01
301015.SZ,20260204,23.29,23.74,23.27,23.6,23.41,0.19,0.8116,29228.03,68702.858,1.1339,23.6,23.29,23.74,23.27
301015.SZ,20260205,23.66,24.4,23.54,23.93,23.6,0.33,1.3983,63109.32,151529.739,1.1339,23.93,23.66,24.4,23.54
301015.SZ,20260206,23.99,24.36,23.9,23.98,23.93,0.05,0.2089,48797.95,117938.211,1.1339,23.98,23.99,24.36,23.9
301015.SZ,20260209,23.85,24.21,23.8,23.95,23.98,-0.03,-0.1251,31224.59,74640.881,1.1339,23.95,23.85,24.21,23.8
301015.SZ,20260210,23.91,24.07,23.76,23.9,23.95,-0.05,-0.2088,21400.0,51194.786,1.1339,23.9,23.91,24.07,23.76
301015.SZ,20260211,23.91,24.05,23.8,23.88,23.9,-0.02,-0.0837,21757.0,52166.224,1.1339,23.88,23.91,24.05,23.8
301015.SZ,20260212,23.88,23.98,23.64,23.65,23.88,-0.23,-0.9631,26954.25,64046.383,1.1339,23.65,23.88,23.98,23.64
301015.SZ,20260213,23.68,23.9,23.4,23.4,23.65,-0.25,-1.0571,23476.49,55630.26,1.1339,23.4,23.68,23.9,23.4
301015.SZ,20260224,23.56,24.94,23.55,24.21,23.4,0.81,3.4615,93580.22,228877.02,1.1339,24.21,23.56,24.94,23.55
301015.SZ,20260225,24.24,24.37,24.02,24.07,24.21,-0.14,-0.5783,31443.01,76133.916,1.1339,24.07,24.24,24.37,24.02
301015.SZ,20260226,24.11,24.19,23.53,23.9,24.07,-0.17,-0.7063,49204.79,116898.5,1.1339,23.9,24.11,24.19,23.53
301015.SZ,20260227,23.84,24.16,23.71,23.79,23.9,-0.11,-0.4603,32829.74,78431.901,1.1339,23.79,23.84,24.16,23.71
301015.SZ,20260302,23.42,23.42,22.13,22.51,23.79,-1.28,-5.3804,86689.91,196199.928,1.1339,22.51,23.42,23.42,22.13
301015.SZ,20260303,22.58,22.82,22.07,22.15,22.51,-0.36,-1.5993,41085.11,92008.248,1.1339,22.15,22.58,22.82,22.07
301015.SZ,20260304,22.06,22.2,21.48,21.61,22.15,-0.54,-2.4379,41982.85,91408.884,1.1339,21.61,22.06,22.2,21.48
301015.SZ,20260305,21.89,22.0,21.68,21.78,21.61,0.17,0.7867,22982.0,50181.959,1.1339,21.78,21.89,22.0,21.68
301015.SZ,20260306,21.71,22.25,21.68,22.15,21.78,0.37,1.6988,23078.38,50934.915,1.1339,22.15,21.71,22.25,21.68
301015.SZ,20260309,21.95,22.01,21.26,21.52,22.15,-0.63,-2.8442,50653.96,109057.516,1.1339,21.52,21.95,22.01,21.26
301015.SZ,20260310,21.67,21.99,21.6,21.97,21.52,0.45,2.0911,27837.0,60789.629,1.1339,21.97,21.67,21.99,21.6
301015.SZ,20260311,22.08,22.23,21.9,22.16,21.97,0.19,0.8648,25421.0,56155.928,1.1339,22.16,22.08,22.23,21.9
301015.SZ,20260312,22.04,22.28,21.81,21.91,22.16,-0.25,-1.1282,18238.0,40120.334,1.1339,21.91,22.04,22.28,21.81
301015.SZ,20260313,21.92,22.53,21.77,22.34,21.91,0.43,1.9626,38166.03,84949.818,1.1339,22.34,21.92,22.53,21.77
301015.SZ,20260316,22.22,22.67,22.22,22.4,22.34,0.06,0.2686,32611.0,73177.692,1.1339,22.4,22.22,22.67,22.22
301015.SZ,20260317,22.37,22.92,22.2,22.2,22.4,-0.2,-0.8929,38060.09,85997.966,1.1339,22.2,22.37,22.92,22.2
301015.SZ,20260318,22.29,22.5,22.0,22.42,22.2,0.22,0.991,22902.67,51029.314,1.1339,22.42,22.29,22.5,22.0
301015.SZ,20260319,22.1,22.38,21.75,21.86,22.42,-0.56,-2.4978,24306.47,53466.735,1.1339,21.86,22.1,22.38,21.75
301015.SZ,20260320,21.9,22.15,21.3,21.3,21.86,-0.56,-2.5618,27619.0,59855.151,1.1339,21.3,21.9,22.15,21.3
301015.SZ,20260323,21.1,21.14,20.05,20.18,21.3,-1.12,-5.2582,42025.0,86166.752,1.1339,20.18,21.1,21.14,20.05
301015.SZ,20260324,20.43,21.0,20.4,21.0,20.18,0.82,4.0634,30636.0,63432.036,1.1339,21.0,20.43,21.0,20.4
301015.SZ,20260325,21.01,23.21,20.9,23.17,21.0,2.17,10.3333,75723.0,167042.595,1.1339,23.17,21.01,23.21,20.9
301015.SZ,20260326,22.99,22.99,21.82,21.99,23.17,-1.18,-5.0928,88740.87,196604.317,1.1339,21.99,22.99,22.99,21.82
301015.SZ,20260327,21.61,23.18,21.54,22.55,21.99,0.56,2.5466,89241.61,202314.364,1.1339,22.55,21.61,23.18,21.54
301015.SZ,20260330,22.42,24.4,22.42,23.78,22.55,1.23,5.4545,116296.34,274282.428,1.1339,23.78,22.42,24.4,22.42
301015.SZ,20260331,23.78,24.39,23.54,24.08,23.78,0.3,1.2616,83749.0,200310.609,1.1339,24.08,23.78,24.39,23.54
301015.SZ,20260401,23.97,24.53,23.63,24.52,24.08,0.44,1.8272,100370.31,242451.815,1.1339,24.52,23.97,24.53,23.63
301015.SZ,20260402,24.11,27.51,24.03,26.0,24.52,1.48,6.0359,236150.23,608348.617,1.1339,26.0,24.11,27.51,24.03
301015.SZ,20260403,26.0,28.77,25.6,25.96,26.0,-0.04,-0.1538,328463.59,888891.052,1.1339,25.96,26.0,28.77,25.6
301015.SZ,20260407,25.66,25.76,23.97,24.53,25.96,-1.43,-5.5085,199466.54,494594.986,1.1339,24.53,25.66,25.76,23.97
