ts_code,trade_date,open,high,low,close,pre_close,change,pct_chg,vol,amount,adj_factor,adj_close,adj_open,adj_high,adj_low
600423.SH,20030717,8.63,9.0,8.63,8.87,6.96,1.91,27.44,256187.91,227170.599,1.0,2.4394939493949392,2.3734873487348738,2.4752475247524752,2.3734873487348738
600423.SH,20030718,8.72,9.0,8.64,8.76,8.87,-0.11,-1.24,91208.69,80273.956,1.0,2.4092409240924093,2.3982398239823985,2.4752475247524752,2.376237623762376
600423.SH,20030721,8.7,8.8,8.42,8.55,8.76,-0.21,-2.4,52840.01,45259.079,1.0,2.351485148514852,2.3927392739273925,2.4202420242024205,2.315731573157316
600423.SH,20030722,8.7,8.7,8.27,8.39,8.55,-0.16,-1.87,35404.0,29840.675,1.0,2.3074807480748074,2.3927392739273925,2.3927392739273925,2.2744774477447742
600423.SH,20030723,8.35,8.45,8.28,8.41,8.39,0.02,0.24,20467.35,17098.203,1.0,2.312981298129813,2.296479647964796,2.323982398239824,2.277227722772277
600423.SH,20030724,8.39,8.39,8.2,8.26,8.41,-0.15,-1.78,28591.82,23647.423,1.0,2.2717271727172714,2.3074807480748074,2.3074807480748074,2.255225522552255
600423.SH,20030725,8.25,8.26,7.96,7.99,8.26,-0.27,-3.27,36781.63,29670.841,1.0,2.197469746974697,2.268976897689769,2.2717271727172714,2.189218921892189
600423.SH,20030728,7.9,8.09,7.86,7.96,7.99,-0.03,-0.38,17382.15,13864.582,1.0,2.189218921892189,2.1727172717271728,2.2249724972497247,2.1617161716171616
600423.SH,20030729,7.95,8.02,7.93,7.99,7.96,0.03,0.38,9562.58,7621.189,1.0,2.197469746974697,2.1864686468646863,2.205720572057205,2.1809680968096807
600423.SH,20030730,7.98,8.07,7.88,8.05,7.99,0.06,0.75,14878.93,11857.115,1.0,2.213971397139714,2.1947194719471947,2.2194719471947195,2.167216721672167
600423.SH,20030731,8.03,8.08,7.93,7.98,8.05,-0.07,-0.87,10427.3,8337.853,1.0,2.1947194719471947,2.2084708470847083,2.2222222222222223,2.1809680968096807
600423.SH,20030801,7.98,7.98,7.8,7.88,7.98,-0.1,-1.25,13911.59,10922.396,1.0,2.167216721672167,2.1947194719471947,2.1947194719471947,2.145214521452145
600423.SH,20030804,7.88,8.06,7.81,8.05,7.88,0.17,2.16,17612.6,14018.511,1.0,2.213971397139714,2.167216721672167,2.2167216721672167,2.147964796479648
600423.SH,20030805,8.02,8.1,7.99,8.03,8.05,-0.02,-0.25,11861.47,9534.046,1.0,2.2084708470847083,2.205720572057205,2.2277227722772275,2.197469746974697
600423.SH,20030806,8.03,8.05,7.9,7.95,8.03,-0.08,-1.0,7623.35,6055.701,1.0,2.1864686468646863,2.2084708470847083,2.213971397139714,2.1727172717271728
600423.SH,20030807,8.0,8.08,7.93,7.96,7.95,0.01,0.13,8292.67,6641.791,1.0,2.189218921892189,2.2002200220022003,2.2222222222222223,2.1809680968096807
600423.SH,20030808,7.99,8.03,7.85,7.86,7.96,-0.1,-1.26,10718.98,8475.039,1.0,2.1617161716171616,2.197469746974697,2.2084708470847083,2.1589658965896588
600423.SH,20030811,7.81,7.96,7.81,7.96,7.86,0.1,1.27,6710.62,5301.507,1.0,2.189218921892189,2.147964796479648,2.189218921892189,2.147964796479648
600423.SH,20030812,7.9,8.04,7.9,7.98,7.96,0.02,0.25,8505.43,6802.046,1.0,2.1947194719471947,2.1727172717271728,2.211221122112211,2.1727172717271728
600423.SH,20030813,7.95,8.14,7.95,8.04,7.98,0.06,0.75,21244.66,17125.12,1.0,2.211221122112211,2.1864686468646863,2.2387238723872387,2.1864686468646863
600423.SH,20030814,8.03,8.11,7.97,8.03,8.04,-0.01,-0.12,12318.65,9902.317,1.0,2.2084708470847083,2.2084708470847083,2.2304730473047303,2.191969196919692
600423.SH,20030815,8.17,8.35,8.08,8.17,8.03,0.14,1.74,42946.5,35298.246,1.0,2.246974697469747,2.246974697469747,2.296479647964796,2.2222222222222223
600423.SH,20030818,8.18,8.27,8.16,8.18,8.17,0.01,0.12,16715.45,13736.118,1.0,2.249724972497249,2.249724972497249,2.2744774477447742,2.2442244224422443
600423.SH,20030819,8.18,8.38,8.12,8.24,8.18,0.06,0.73,21683.38,17930.333,1.0,2.2662266226622663,2.249724972497249,2.304730473047305,2.233223322332233
600423.SH,20030820,8.24,8.26,8.13,8.21,8.24,-0.03,-0.36,11574.52,9480.302,1.0,2.2579757975797583,2.2662266226622663,2.2717271727172714,2.2359735973597363
600423.SH,20030821,8.24,8.26,8.14,8.22,8.21,0.01,0.12,7763.55,6356.549,1.0,2.2607260726072607,2.2662266226622663,2.2717271727172714,2.2387238723872387
600423.SH,20030822,8.16,8.22,8.15,8.17,8.22,-0.05,-0.61,8377.16,6854.023,1.0,2.246974697469747,2.2442244224422443,2.2607260726072607,2.241474147414741
600423.SH,20030825,8.1,8.14,7.93,7.94,8.17,-0.23,-2.82,11719.76,9396.568,1.0,2.1837183718371835,2.2277227722772275,2.2387238723872387,2.1809680968096807
600423.SH,20030826,7.9,8.06,7.9,7.99,7.94,0.05,0.63,6466.45,5152.161,1.0,2.197469746974697,2.1727172717271728,2.2167216721672167,2.1727172717271728
600423.SH,20030827,7.98,8.05,7.91,7.98,7.99,-0.01,-0.13,4642.58,3696.519,1.0,2.1947194719471947,2.1947194719471947,2.213971397139714,2.175467546754676
600423.SH,20030828,8.0,8.0,7.86,7.89,7.98,-0.09,-1.13,5287.99,4202.722,1.0,2.16996699669967,2.2002200220022003,2.2002200220022003,2.1617161716171616
600423.SH,20030829,7.89,8.05,7.82,8.03,7.89,0.14,1.77,8782.49,6958.51,1.0,2.2084708470847083,2.16996699669967,2.213971397139714,2.150715071507151
600423.SH,20030901,8.02,8.46,8.0,8.36,8.03,0.33,4.11,41233.29,34176.432,1.0,2.299229922992299,2.205720572057205,2.326732673267327,2.2002200220022003
600423.SH,20030902,8.35,8.41,8.25,8.27,8.36,-0.09,-1.08,26655.94,22183.758,1.0,2.2744774477447742,2.296479647964796,2.312981298129813,2.268976897689769
600423.SH,20030903,8.29,8.33,8.21,8.24,8.27,-0.03,-0.36,10872.8,8978.016,1.0,2.2662266226622663,2.27997799779978,2.290979097909791,2.2579757975797583
600423.SH,20030904,8.26,8.38,8.23,8.26,8.24,0.02,0.24,15270.64,12693.138,1.0,2.2717271727172714,2.2717271727172714,2.304730473047305,2.2634763476347635
600423.SH,20030905,8.24,8.24,8.01,8.07,8.26,-0.19,-2.3,12833.85,10434.944,1.0,2.2194719471947195,2.2662266226622663,2.2662266226622663,2.2029702970297027
600423.SH,20030908,8.02,8.12,7.95,8.07,8.07,0.0,0.0,7389.74,5926.28,1.0,2.2194719471947195,2.205720572057205,2.233223322332233,2.1864686468646863
600423.SH,20030909,8.06,8.1,7.98,8.04,8.07,-0.03,-0.37,4966.32,3981.774,1.0,2.211221122112211,2.2167216721672167,2.2277227722772275,2.1947194719471947
600423.SH,20030910,8.05,8.15,8.0,8.1,8.04,0.06,0.75,3512.48,2834.99,1.0,2.2277227722772275,2.213971397139714,2.241474147414741,2.2002200220022003
600423.SH,20030911,8.1,8.14,8.05,8.08,8.1,-0.02,-0.25,3455.32,2795.719,1.0,2.2222222222222223,2.2277227722772275,2.2387238723872387,2.213971397139714
600423.SH,20030912,8.05,8.06,7.86,7.96,8.08,-0.12,-1.49,9754.01,7726.703,1.0,2.189218921892189,2.213971397139714,2.2167216721672167,2.1617161716171616
600423.SH,20030915,7.99,7.99,7.82,7.9,7.96,-0.06,-0.75,5424.89,4278.776,1.0,2.1727172717271728,2.197469746974697,2.197469746974697,2.150715071507151
600423.SH,20030916,7.86,8.07,7.86,8.03,7.9,0.13,1.65,4488.11,3570.258,1.0,2.2084708470847083,2.1617161716171616,2.2194719471947195,2.1617161716171616
600423.SH,20030917,8.03,8.03,7.81,7.85,8.03,-0.18,-2.24,4909.4,3870.531,1.0,2.1589658965896588,2.2084708470847083,2.2084708470847083,2.147964796479648
600423.SH,20030918,7.84,7.93,7.81,7.88,7.85,0.03,0.38,4337.76,3409.801,1.0,2.167216721672167,2.156215621562156,2.1809680968096807,2.147964796479648
600423.SH,20030919,7.88,7.9,7.4,7.64,7.88,-0.24,-3.05,16887.82,12875.895,1.0,2.1012101210121013,2.167216721672167,2.1727172717271728,2.035203520352036
600423.SH,20030922,7.64,7.73,7.58,7.68,7.64,0.04,0.52,5063.89,3868.094,1.0,2.112211221122112,2.1012101210121013,2.125962596259626,2.0847084708470844
600423.SH,20030923,7.65,7.75,7.54,7.71,7.68,0.03,0.39,4544.66,3478.408,1.0,2.1204620462046204,2.103960396039604,2.131463146314631,2.0737073707370737
600423.SH,20030924,7.76,7.76,7.65,7.72,7.71,0.01,0.13,3665.82,2823.604,1.0,2.1232123212321232,2.134213421342134,2.134213421342134,2.103960396039604
600423.SH,20030925,7.69,7.72,7.58,7.59,7.72,-0.13,-1.68,3378.85,2571.958,1.0,2.0874587458745872,2.114961496149615,2.1232123212321232,2.0847084708470844
600423.SH,20030926,7.61,7.69,7.55,7.65,7.59,0.06,0.79,3734.74,2841.371,1.0,2.103960396039604,2.092959295929593,2.114961496149615,2.0764576457645765
600423.SH,20030929,7.65,7.66,7.5,7.59,7.65,-0.06,-0.78,4795.11,3620.181,1.0,2.0874587458745872,2.103960396039604,2.106710671067107,2.0627062706270625
600423.SH,20030930,7.59,7.64,7.43,7.59,7.59,0.0,0.0,3798.77,2868.521,1.0,2.0874587458745872,2.0874587458745872,2.1012101210121013,2.043454345434544
600423.SH,20031008,7.64,7.64,7.46,7.57,7.59,-0.02,-0.26,2844.94,2147.814,1.0,2.081958195819582,2.1012101210121013,2.1012101210121013,2.051705170517052
600423.SH,20031009,7.62,7.64,7.54,7.58,7.57,0.01,0.13,2395.18,1814.896,1.0,2.0847084708470844,2.095709570957096,2.1012101210121013,2.0737073707370737
600423.SH,20031010,7.6,7.93,7.55,7.9,7.58,0.32,4.22,15664.0,12185.979,1.0,2.1727172717271728,2.09020902090209,2.1809680968096807,2.0764576457645765
600423.SH,20031013,7.99,8.12,7.92,7.94,7.9,0.04,0.51,30653.54,24568.008,1.0,2.1837183718371835,2.197469746974697,2.233223322332233,2.178217821782178
600423.SH,20031014,7.93,7.98,7.82,7.87,7.94,-0.07,-0.88,7813.81,6147.201,1.0,2.1644664466446644,2.1809680968096807,2.1947194719471947,2.150715071507151
600423.SH,20031015,7.86,7.98,7.8,7.85,7.87,-0.02,-0.25,7116.69,5617.18,1.0,2.1589658965896588,2.1617161716171616,2.1947194719471947,2.145214521452145
600423.SH,20031016,7.84,7.85,7.69,7.76,7.85,-0.09,-1.15,5526.9,4281.225,1.0,2.134213421342134,2.156215621562156,2.1589658965896588,2.114961496149615
600423.SH,20031017,7.71,7.75,7.63,7.68,7.76,-0.08,-1.03,5318.29,4086.741,1.0,2.112211221122112,2.1204620462046204,2.131463146314631,2.0984598459845984
600423.SH,20031020,7.68,7.74,7.63,7.68,7.68,0.0,0.0,3143.3,2407.581,1.0,2.112211221122112,2.112211221122112,2.128712871287129,2.0984598459845984
600423.SH,20031021,7.68,7.73,7.56,7.72,7.68,0.04,0.52,3579.43,2733.259,1.0,2.1232123212321232,2.112211221122112,2.125962596259626,2.079207920792079
600423.SH,20031022,7.72,7.98,7.6,7.91,7.72,0.19,2.46,17978.87,14109.701,1.0,2.175467546754676,2.1232123212321232,2.1947194719471947,2.09020902090209
600423.SH,20031023,7.91,8.02,7.78,7.8,7.91,-0.11,-1.39,10125.92,7999.27,1.0,2.145214521452145,2.175467546754676,2.205720572057205,2.13971397139714
600423.SH,20031024,7.84,8.03,7.8,7.91,7.8,0.11,1.41,12713.63,10075.62,1.0,2.175467546754676,2.156215621562156,2.2084708470847083,2.145214521452145
600423.SH,20031027,7.93,8.04,7.84,7.94,7.91,0.03,0.38,10768.13,8528.68,1.0,2.1837183718371835,2.1809680968096807,2.211221122112211,2.156215621562156
600423.SH,20031028,7.88,8.0,7.71,7.84,7.94,-0.1,-1.26,8559.69,6709.103,1.0,2.156215621562156,2.167216721672167,2.2002200220022003,2.1204620462046204
600423.SH,20031029,7.83,7.88,7.55,7.68,7.84,-0.16,-2.04,10623.81,8149.493,1.0,2.112211221122112,2.1534653465346536,2.167216721672167,2.0764576457645765
600423.SH,20031030,7.68,7.72,7.54,7.63,7.68,-0.05,-0.65,5045.68,3833.449,1.0,2.0984598459845984,2.112211221122112,2.1232123212321232,2.0737073707370737
600423.SH,20031031,7.63,7.85,7.56,7.67,7.63,0.04,0.52,6260.49,4826.395,1.0,2.109460946094609,2.0984598459845984,2.1589658965896588,2.079207920792079
600423.SH,20031103,7.64,7.82,7.59,7.78,7.67,0.11,1.43,4650.51,3583.93,1.0,2.13971397139714,2.1012101210121013,2.150715071507151,2.0874587458745872
600423.SH,20031104,7.8,8.0,7.72,7.88,7.78,0.1,1.29,18759.5,14839.701,1.0,2.167216721672167,2.145214521452145,2.2002200220022003,2.1232123212321232
600423.SH,20031105,7.88,7.9,7.74,7.82,7.88,-0.06,-0.76,7488.45,5853.379,1.0,2.150715071507151,2.167216721672167,2.1727172717271728,2.128712871287129
600423.SH,20031106,7.82,7.84,7.58,7.6,7.82,-0.22,-2.81,11179.06,8539.684,1.0,2.09020902090209,2.150715071507151,2.156215621562156,2.0847084708470844
600423.SH,20031107,7.56,7.66,7.15,7.4,7.6,-0.2,-2.63,20635.27,15163.858,1.0,2.035203520352036,2.079207920792079,2.106710671067107,1.9664466446644664
600423.SH,20031110,7.42,7.42,7.23,7.39,7.4,-0.01,-0.14,5041.1,3676.953,1.0,2.032453245324532,2.0407040704070405,2.0407040704070405,1.9884488448844888
600423.SH,20031111,7.37,7.43,7.26,7.35,7.39,-0.04,-0.54,4187.0,3072.332,1.0,2.0214521452145213,2.026952695269527,2.043454345434544,1.9966996699669963
600423.SH,20031112,7.35,7.35,7.14,7.27,7.35,-0.08,-1.09,8071.62,5809.396,1.0,1.9994499449945,2.0214521452145213,2.0214521452145213,1.963696369636964
600423.SH,20031113,7.16,7.28,7.15,7.24,7.27,-0.03,-0.41,3693.13,2662.3,1.0,1.9911991199119912,1.9691969196919688,2.002200220022002,1.9664466446644664
600423.SH,20031114,7.2,7.3,7.16,7.3,7.24,0.06,0.83,3470.62,2513.42,1.0,2.007700770077008,1.98019801980198,2.007700770077008,1.9691969196919688
600423.SH,20031117,7.28,7.28,7.17,7.24,7.3,-0.06,-0.82,2928.61,2113.43,1.0,1.9911991199119912,2.002200220022002,2.002200220022002,1.971947194719472
600423.SH,20031118,7.21,7.26,7.15,7.24,7.24,0.0,0.0,3605.89,2590.487,1.0,1.9911991199119912,1.982948294829483,1.9966996699669963,1.9664466446644664
600423.SH,20031119,7.2,7.37,7.18,7.33,7.24,0.09,1.24,4111.25,3001.313,1.0,2.015951595159516,1.98019801980198,2.026952695269527,1.9746974697469744
600423.SH,20031120,7.35,7.54,7.3,7.51,7.33,0.18,2.46,14245.17,10623.706,1.0,2.0654565456545653,2.0214521452145213,2.0737073707370737,2.007700770077008
600423.SH,20031121,7.55,7.56,7.32,7.36,7.51,-0.15,-2.0,9898.56,7359.583,1.0,2.024202420242024,2.0764576457645765,2.079207920792079,2.0132013201320134
600423.SH,20031124,7.36,7.66,7.35,7.62,7.36,0.26,3.53,12319.09,9282.382,1.0,2.095709570957096,2.024202420242024,2.106710671067107,2.0214521452145213
600423.SH,20031125,7.62,7.71,7.51,7.6,7.62,-0.02,-0.26,16935.51,12902.463,1.0,2.09020902090209,2.095709570957096,2.1204620462046204,2.0654565456545653
600423.SH,20031126,7.58,7.6,7.45,7.57,7.6,-0.03,-0.39,9189.73,6911.532,1.0,2.081958195819582,2.0847084708470844,2.09020902090209,2.048954895489549
600423.SH,20031127,7.56,7.58,7.37,7.44,7.57,-0.13,-1.72,8869.0,6603.111,1.0,2.046204620462046,2.079207920792079,2.0847084708470844,2.026952695269527
600423.SH,20031128,7.4,7.64,7.4,7.6,7.44,0.16,2.15,9231.35,6944.475,1.0,2.09020902090209,2.035203520352036,2.1012101210121013,2.035203520352036
600423.SH,20031201,7.69,7.74,7.56,7.73,7.6,0.13,1.71,15100.69,11585.764,1.0,2.125962596259626,2.114961496149615,2.128712871287129,2.079207920792079
600423.SH,20031202,7.73,7.77,7.62,7.65,7.73,-0.08,-1.03,10590.2,8136.944,1.0,2.103960396039604,2.125962596259626,2.136963696369637,2.095709570957096
600423.SH,20031203,7.62,7.76,7.59,7.68,7.65,0.03,0.39,13559.11,10456.02,1.0,2.112211221122112,2.095709570957096,2.134213421342134,2.0874587458745872
600423.SH,20031204,7.6,7.84,7.6,7.83,7.68,0.15,1.95,13261.85,10271.262,1.0,2.1534653465346536,2.09020902090209,2.156215621562156,2.09020902090209
600423.SH,20031205,7.83,7.83,7.66,7.79,7.83,-0.04,-0.51,13992.3,10791.395,1.0,2.1424642464246424,2.1534653465346536,2.1534653465346536,2.106710671067107
600423.SH,20031208,7.8,7.85,7.65,7.66,7.79,-0.13,-1.67,7448.5,5751.772,1.0,2.106710671067107,2.145214521452145,2.1589658965896588,2.103960396039604
600423.SH,20031209,7.66,7.69,7.6,7.67,7.66,0.01,0.13,3590.65,2741.522,1.0,2.109460946094609,2.106710671067107,2.114961496149615,2.09020902090209
600423.SH,20031210,7.67,7.8,7.6,7.78,7.67,0.11,1.43,12121.33,9373.608,1.0,2.13971397139714,2.109460946094609,2.145214521452145,2.09020902090209
600423.SH,20031211,7.83,7.98,7.8,7.88,7.78,0.1,1.29,34561.84,27327.293,1.0,2.167216721672167,2.1534653465346536,2.1947194719471947,2.145214521452145
600423.SH,20031212,7.94,8.04,7.88,7.92,7.88,0.04,0.51,19027.84,15132.386,1.0,2.178217821782178,2.1837183718371835,2.211221122112211,2.167216721672167
600423.SH,20031215,7.95,7.95,7.82,7.86,7.92,-0.06,-0.76,5765.45,4536.861,1.0,2.1617161716171616,2.1864686468646863,2.1864686468646863,2.150715071507151
600423.SH,20031216,7.85,7.85,7.67,7.81,7.86,-0.05,-0.64,11025.07,8522.33,1.0,2.147964796479648,2.1589658965896588,2.1589658965896588,2.109460946094609
600423.SH,20031217,7.78,7.81,7.66,7.67,7.81,-0.14,-1.79,7800.0,6045.89,1.0,2.109460946094609,2.13971397139714,2.147964796479648,2.106710671067107
600423.SH,20031218,7.67,7.72,7.59,7.68,7.67,0.01,0.13,6803.29,5197.174,1.0,2.112211221122112,2.109460946094609,2.1232123212321232,2.0874587458745872
600423.SH,20031219,7.7,7.72,7.32,7.44,7.68,-0.24,-3.13,13776.05,10347.827,1.0,2.046204620462046,2.1177117711771176,2.1232123212321232,2.0132013201320134
600423.SH,20031222,7.4,7.66,7.35,7.65,7.44,0.21,2.82,12913.13,9651.716,1.0,2.103960396039604,2.035203520352036,2.106710671067107,2.0214521452145213
600423.SH,20031223,7.69,7.74,7.61,7.68,7.65,0.03,0.39,9244.17,7089.453,1.0,2.112211221122112,2.114961496149615,2.128712871287129,2.092959295929593
600423.SH,20031224,7.68,7.77,7.6,7.77,7.68,0.09,1.17,10548.7,8075.335,1.0,2.136963696369637,2.112211221122112,2.136963696369637,2.09020902090209
600423.SH,20031225,7.77,7.8,7.65,7.68,7.77,-0.09,-1.16,7046.27,5432.356,1.0,2.112211221122112,2.136963696369637,2.145214521452145,2.103960396039604
600423.SH,20031226,7.68,7.85,7.61,7.84,7.68,0.16,2.08,13783.58,10728.924,1.0,2.156215621562156,2.112211221122112,2.1589658965896588,2.092959295929593
600423.SH,20031229,7.87,7.93,7.77,7.8,7.84,-0.04,-0.51,11428.57,8968.525,1.0,2.145214521452145,2.1644664466446644,2.1809680968096807,2.136963696369637
600423.SH,20031230,7.78,7.97,7.75,7.89,7.8,0.09,1.15,9697.93,7628.994,1.0,2.16996699669967,2.13971397139714,2.191969196919692,2.131463146314631
600423.SH,20031231,7.86,8.03,7.85,7.86,7.89,-0.03,-0.38,16976.06,13502.571,1.0,2.1617161716171616,2.1617161716171616,2.2084708470847083,2.1589658965896588
600423.SH,20040102,7.86,8.0,7.86,7.95,7.86,0.09,1.15,10678.46,8474.364,1.0,2.1864686468646863,2.1617161716171616,2.2002200220022003,2.1617161716171616
600423.SH,20040105,7.95,8.35,7.95,8.2,7.95,0.25,3.14,45923.08,37742.297,1.0,2.255225522552255,2.1864686468646863,2.296479647964796,2.1864686468646863
600423.SH,20040106,8.25,8.27,8.06,8.19,8.2,-0.01,-0.12,21488.5,17508.304,1.0,2.2524752475247523,2.268976897689769,2.2744774477447742,2.2167216721672167
600423.SH,20040107,8.2,8.4,8.19,8.38,8.19,0.19,2.32,28973.04,24034.877,1.0,2.304730473047305,2.255225522552255,2.31023102310231,2.2524752475247523
600423.SH,20040108,8.38,8.75,8.38,8.62,8.38,0.24,2.86,44224.67,37991.672,1.0,2.3707370737073705,2.304730473047305,2.4064906490649065,2.304730473047305
600423.SH,20040109,8.7,8.73,8.25,8.26,8.62,-0.36,-4.18,27206.25,23096.014,1.0,2.2717271727172714,2.3927392739273925,2.400990099009901,2.268976897689769
600423.SH,20040112,8.3,8.47,8.27,8.43,8.26,0.17,2.06,15184.1,12697.019,1.0,2.318481848184818,2.282728272827282,2.3294829482948294,2.2744774477447742
600423.SH,20040113,8.48,8.61,8.42,8.51,8.43,0.08,0.95,19477.17,16593.95,1.0,2.34048404840484,2.332233223322332,2.367986798679868,2.315731573157316
600423.SH,20040114,8.52,8.55,8.36,8.38,8.51,-0.13,-1.53,14414.81,12138.728,1.0,2.304730473047305,2.343234323432343,2.351485148514852,2.299229922992299
600423.SH,20040115,8.38,8.5,8.35,8.37,8.38,-0.01,-0.12,10349.36,8701.132,1.0,2.301980198019802,2.304730473047305,2.337733773377338,2.296479647964796
600423.SH,20040116,8.38,8.45,8.28,8.38,8.37,0.01,0.12,9408.98,7880.672,1.0,2.304730473047305,2.304730473047305,2.323982398239824,2.277227722772277
600423.SH,20040129,8.4,8.5,8.3,8.49,8.38,0.11,1.31,10861.53,9120.926,1.0,2.334983498349835,2.31023102310231,2.337733773377338,2.282728272827282
600423.SH,20040130,8.42,8.47,8.24,8.26,8.49,-0.23,-2.71,15359.0,12868.548,1.0,2.2717271727172714,2.315731573157316,2.3294829482948294,2.2662266226622663
600423.SH,20040202,8.26,8.48,8.18,8.37,8.26,0.11,1.33,13508.84,11257.841,1.0,2.301980198019802,2.2717271727172714,2.332233223322332,2.249724972497249
600423.SH,20040203,8.37,8.7,8.27,8.64,8.37,0.27,3.23,26249.98,22423.684,1.0,2.376237623762376,2.301980198019802,2.3927392739273925,2.2744774477447742
600423.SH,20040204,8.64,8.85,8.58,8.79,8.64,0.15,1.74,31126.81,27152.603,1.0,2.4174917491749173,2.376237623762376,2.4339933993399336,2.35973597359736
600423.SH,20040205,8.8,8.95,8.58,8.9,8.79,0.11,1.25,23372.36,20535.636,1.0,2.447744774477448,2.4202420242024205,2.461496149614961,2.35973597359736
600423.SH,20040206,8.89,8.9,8.67,8.67,8.9,-0.23,-2.58,19874.25,17468.326,1.0,2.3844884488448845,2.4449944994499453,2.447744774477448,2.3844884488448845
600423.SH,20040209,8.69,9.08,8.69,9.05,8.67,0.38,4.38,27718.61,24806.361,1.0,2.488998899889989,2.3899889988998897,2.497249724972497,2.3899889988998897
600423.SH,20040210,9.11,9.25,8.97,9.12,9.05,0.07,0.77,36527.1,33353.892,1.0,2.508250825082508,2.505500550055005,2.544004400440044,2.466996699669968
600423.SH,20040211,9.12,9.35,9.0,9.29,9.12,0.17,1.86,30056.38,27510.836,1.0,2.5550055005500547,2.508250825082508,2.5715071507150715,2.4752475247524752
600423.SH,20040212,9.3,9.33,9.08,9.11,9.29,-0.18,-1.94,27821.84,25535.849,1.0,2.505500550055005,2.557755775577558,2.566006600660066,2.497249724972497
600423.SH,20040213,9.11,9.15,8.91,8.94,9.11,-0.17,-1.87,22730.91,20565.977,1.0,2.4587458745874584,2.505500550055005,2.5165016501650164,2.4504950495049505
600423.SH,20040216,9.27,9.67,9.25,9.4,8.94,0.46,5.15,57399.0,54021.96,1.0,2.585258525852585,2.549504950495049,2.6595159515951594,2.544004400440044
600423.SH,20040217,9.47,9.6,9.41,9.5,9.4,0.1,1.06,28296.72,26899.117,1.0,2.6127612761276127,2.6045104510451047,2.64026402640264,2.588008800880088
600423.SH,20040218,9.5,9.52,9.25,9.4,9.5,-0.1,-1.05,25859.31,24317.245,1.0,2.585258525852585,2.6127612761276127,2.6182618261826183,2.544004400440044
600423.SH,20040219,9.39,9.53,9.36,9.5,9.4,0.1,1.06,17500.07,16515.226,1.0,2.6127612761276127,2.5825082508250827,2.6210121012101206,2.574257425742574
600423.SH,20040220,9.5,9.63,9.5,9.6,9.5,0.1,1.05,19323.21,18509.598,1.0,2.64026402640264,2.6127612761276127,2.6485148514851486,2.6127612761276127
600423.SH,20040223,9.65,9.95,9.41,9.47,9.6,-0.13,-1.35,28257.06,27499.695,1.0,2.6045104510451047,2.654015401540154,2.736523652365236,2.588008800880088
600423.SH,20040224,9.45,9.55,9.28,9.52,9.47,0.05,0.53,21318.96,20090.018,1.0,2.6182618261826183,2.5990099009900987,2.6265126512651267,2.552255225522552
600423.SH,20040225,9.6,9.92,9.39,9.43,9.52,-0.09,-0.95,35255.1,34089.321,1.0,2.593509350935093,2.64026402640264,2.728272827282728,2.5825082508250827
600423.SH,20040226,9.4,9.52,9.15,9.47,9.43,0.04,0.42,29154.24,27138.392,1.0,2.6045104510451047,2.585258525852585,2.6182618261826183,2.5165016501650164
600423.SH,20040227,9.5,9.6,9.36,9.52,9.47,0.05,0.53,20049.85,19016.075,1.0,2.6182618261826183,2.6127612761276127,2.64026402640264,2.574257425742574
600423.SH,20040301,9.52,9.74,9.51,9.68,9.52,0.16,1.68,21608.96,20848.601,1.0,2.662266226622662,2.6182618261826183,2.6787678767876786,2.6155115511551155
600423.SH,20040302,9.7,9.7,9.47,9.53,9.68,-0.15,-1.55,11888.89,11388.232,1.0,2.6210121012101206,2.667766776677668,2.667766776677668,2.6045104510451047
600423.SH,20040303,9.51,9.57,9.21,9.24,9.53,-0.29,-3.04,16340.49,15256.221,1.0,2.541254125412541,2.6155115511551155,2.632013201320132,2.533003300330033
600423.SH,20040304,9.2,9.32,9.1,9.31,9.24,0.07,0.76,12835.36,11812.194,1.0,2.5605060506050608,2.53025302530253,2.563256325632563,2.5027502750275024
600423.SH,20040305,9.29,9.37,9.15,9.18,9.31,-0.13,-1.4,8526.19,7885.399,1.0,2.5247524752475248,2.5550055005500547,2.5770077007700767,2.5165016501650164
600423.SH,20040308,9.18,9.2,8.9,8.91,9.18,-0.27,-2.94,14477.39,13081.89,1.0,2.4504950495049505,2.5247524752475248,2.53025302530253,2.447744774477448
600423.SH,20040309,8.91,8.99,8.79,8.8,8.91,-0.11,-1.23,10407.14,9263.285,1.0,2.4202420242024205,2.4504950495049505,2.4724972497249724,2.4174917491749173
600423.SH,20040310,8.8,9.03,8.8,9.02,8.8,0.22,2.5,7682.36,6860.563,1.0,2.4807480748074804,2.4202420242024205,2.483498349834983,2.4202420242024205
600423.SH,20040311,9.06,9.19,9.04,9.07,9.02,0.05,0.55,19527.15,17750.38,1.0,2.4944994499449944,2.491749174917492,2.527502750275027,2.486248624862486
600423.SH,20040312,9.07,9.13,8.95,9.0,9.07,-0.07,-0.77,10160.42,9155.067,1.0,2.4752475247524752,2.4944994499449944,2.511001100110011,2.461496149614961
600423.SH,20040315,9.01,9.23,9.01,9.22,9.0,0.22,2.44,23029.41,21031.425,1.0,2.535753575357536,2.477997799779978,2.5385038503850383,2.477997799779978
600423.SH,20040316,9.23,9.25,9.14,9.22,9.22,0.0,0.0,11591.65,10645.627,1.0,2.535753575357536,2.5385038503850383,2.544004400440044,2.513751375137514
600423.SH,20040317,9.23,9.31,9.14,9.25,9.22,0.03,0.33,18555.49,17085.648,1.0,2.544004400440044,2.5385038503850383,2.5605060506050608,2.513751375137514
600423.SH,20040318,9.18,9.26,9.04,9.05,9.25,-0.2,-2.16,10499.49,9591.838,1.0,2.488998899889989,2.5247524752475248,2.5467546754675467,2.486248624862486
600423.SH,20040319,9.05,9.15,9.0,9.14,9.05,0.09,0.99,9783.62,8876.106,1.0,2.513751375137514,2.488998899889989,2.5165016501650164,2.4752475247524752
600423.SH,20040322,9.14,9.2,9.1,9.18,9.14,0.04,0.44,7881.38,7212.533,1.0,2.5247524752475248,2.513751375137514,2.53025302530253,2.5027502750275024
600423.SH,20040323,9.18,9.18,9.06,9.12,9.18,-0.06,-0.65,6041.21,5496.762,1.0,2.508250825082508,2.5247524752475248,2.5247524752475248,2.491749174917492
600423.SH,20040324,9.15,9.19,9.06,9.07,9.12,-0.05,-0.55,5954.44,5435.12,1.0,2.4944994499449944,2.5165016501650164,2.527502750275027,2.491749174917492
600423.SH,20040325,9.05,9.15,9.0,9.02,9.07,-0.05,-0.55,9950.6,8998.215,1.0,2.4807480748074804,2.488998899889989,2.5165016501650164,2.4752475247524752
600423.SH,20040326,9.02,9.06,8.95,9.02,9.02,0.0,0.0,16290.7,14673.42,1.0,2.4807480748074804,2.4807480748074804,2.491749174917492,2.461496149614961
600423.SH,20040329,9.02,9.22,9.02,9.11,9.02,0.09,1.0,13085.21,11964.11,1.0,2.505500550055005,2.4807480748074804,2.535753575357536,2.4807480748074804
600423.SH,20040330,9.13,9.26,9.08,9.25,9.11,0.14,1.54,11444.25,10498.252,1.0,2.544004400440044,2.511001100110011,2.5467546754675467,2.497249724972497
600423.SH,20040331,9.29,9.37,9.25,9.33,9.25,0.08,0.86,15595.83,14523.932,1.0,2.566006600660066,2.5550055005500547,2.5770077007700767,2.544004400440044
600423.SH,20040401,9.35,9.36,9.27,9.35,9.33,0.02,0.21,10026.36,9351.087,1.0,2.5715071507150715,2.5715071507150715,2.574257425742574,2.549504950495049
600423.SH,20040402,9.35,9.6,9.3,9.52,9.35,0.17,1.82,26889.25,25513.008,1.0,2.6182618261826183,2.5715071507150715,2.64026402640264,2.557755775577558
600423.SH,20040405,9.55,9.66,9.43,9.64,9.52,0.12,1.26,18806.62,17978.024,1.0,2.6512651265126514,2.6265126512651267,2.6567656765676566,2.593509350935093
600423.SH,20040406,9.66,9.7,9.51,9.66,9.64,0.02,0.21,18836.79,18106.672,1.0,2.6567656765676566,2.6567656765676566,2.667766776677668,2.6155115511551155
600423.SH,20040407,9.68,9.74,9.55,9.56,9.66,-0.1,-1.04,16079.92,15517.259,1.0,2.629262926292629,2.662266226622662,2.6787678767876786,2.6265126512651267
600423.SH,20040408,9.56,9.65,9.42,9.58,9.56,0.02,0.21,16626.34,15815.67,1.0,2.634763476347634,2.629262926292629,2.654015401540154,2.5907590759075907
600423.SH,20040409,9.57,9.64,9.21,9.23,9.58,-0.35,-3.65,18091.11,17008.085,1.0,2.5385038503850383,2.632013201320132,2.6512651265126514,2.533003300330033
600423.SH,20040412,9.2,9.3,9.1,9.26,9.23,0.03,0.33,10482.71,9647.934,1.0,2.5467546754675467,2.53025302530253,2.557755775577558,2.5027502750275024
600423.SH,20040413,9.26,9.34,9.15,9.18,9.26,-0.08,-0.86,8282.25,7660.33,1.0,2.5247524752475248,2.5467546754675467,2.5687568756875687,2.5165016501650164
600423.SH,20040414,9.2,9.25,9.05,9.1,9.18,-0.08,-0.87,10509.38,9589.591,1.0,2.5027502750275024,2.53025302530253,2.544004400440044,2.488998899889989
600423.SH,20040415,9.08,9.21,9.05,9.08,9.1,-0.02,-0.22,6369.0,5807.342,1.0,2.497249724972497,2.497249724972497,2.533003300330033,2.488998899889989
600423.SH,20040416,9.1,9.19,8.83,9.07,9.08,-0.01,-0.11,10877.64,9807.99,1.0,2.4944994499449944,2.5027502750275024,2.527502750275027,2.4284928492849285
600423.SH,20040419,9.09,9.15,9.01,9.01,9.07,-0.06,-0.66,4749.0,4312.853,1.0,2.477997799779978,2.5,2.5165016501650164,2.477997799779978
600423.SH,20040420,9.09,9.09,8.92,9.01,9.01,0.0,0.0,4455.69,4013.421,1.0,2.477997799779978,2.5,2.5,2.4532453245324533
600423.SH,20040421,9.02,9.08,8.96,8.98,9.01,-0.03,-0.33,4499.7,4059.522,1.0,2.4697469746974696,2.4807480748074804,2.497249724972497,2.4642464246424645
600423.SH,20040422,9.0,9.16,8.98,9.16,8.98,0.18,2.0,4221.45,3827.929,1.0,2.519251925192519,2.4752475247524752,2.519251925192519,2.4697469746974696
600423.SH,20040423,9.16,9.25,8.95,8.96,9.16,-0.2,-2.18,6500.79,5889.968,1.0,2.4642464246424645,2.519251925192519,2.544004400440044,2.461496149614961
600423.SH,20040426,8.95,9.07,8.89,8.97,8.96,0.01,0.11,4744.33,4247.261,1.0,2.466996699669968,2.461496149614961,2.4944994499449944,2.4449944994499453
600423.SH,20040427,9.03,9.03,8.81,8.82,8.97,-0.15,-1.67,5231.4,4642.639,1.0,2.4257425742574257,2.483498349834983,2.483498349834983,2.422992299229923
600423.SH,20040428,8.82,8.98,8.81,8.92,8.82,0.1,1.13,4097.11,3639.696,1.0,2.4532453245324533,2.4257425742574257,2.4697469746974696,2.422992299229923
600423.SH,20040429,8.9,8.96,8.65,8.68,8.92,-0.24,-2.69,9412.07,8258.583,1.0,2.387238723872387,2.447744774477448,2.4642464246424645,2.378987898789879
600423.SH,20040430,8.68,8.87,8.68,8.75,8.68,0.07,0.81,6905.81,6043.368,1.0,2.4064906490649065,2.387238723872387,2.4394939493949392,2.387238723872387
600423.SH,20040510,8.76,8.79,8.58,8.6,8.75,-0.15,-1.71,4219.67,3668.344,1.0,2.365236523652365,2.4092409240924093,2.4174917491749173,2.35973597359736
600423.SH,20040511,8.6,8.98,8.6,8.8,8.6,0.2,2.33,3343.2,2924.424,1.0,2.4202420242024205,2.365236523652365,2.4697469746974696,2.365236523652365
600423.SH,20040512,8.8,8.95,8.8,8.93,8.8,0.13,1.48,3556.24,3161.552,1.0,2.455995599559956,2.4202420242024205,2.461496149614961,2.4202420242024205
600423.SH,20040513,8.94,8.94,8.82,8.85,8.93,-0.08,-0.9,1942.87,1721.094,1.0,2.4339933993399336,2.4587458745874584,2.4587458745874584,2.4257425742574257
600423.SH,20040514,8.85,8.85,8.63,8.65,8.85,-0.2,-2.26,2604.9,2268.945,1.0,2.378987898789879,2.4339933993399336,2.4339933993399336,2.3734873487348738
600423.SH,20040517,8.65,8.76,8.62,8.67,8.65,0.02,0.23,1688.0,1466.125,1.0,2.3844884488448845,2.378987898789879,2.4092409240924093,2.3707370737073705
600423.SH,20040519,8.75,8.94,8.75,8.78,8.67,0.11,1.27,4666.62,4134.633,1.0,2.4147414741474145,2.4064906490649065,2.4587458745874584,2.4064906490649065
600423.SH,20040520,8.79,8.88,8.7,8.74,8.78,-0.04,-0.46,1712.14,1499.534,1.0,2.403740374037404,2.4174917491749173,2.4422442244224425,2.3927392739273925
600423.SH,20040521,8.74,8.76,8.66,8.73,8.74,-0.01,-0.11,1660.0,1445.42,1.0,2.400990099009901,2.403740374037404,2.4092409240924093,2.3817381738173817
600423.SH,20040524,8.73,8.73,8.5,8.5,8.73,-0.23,-2.63,2631.0,2264.866,1.0,2.337733773377338,2.400990099009901,2.400990099009901,2.337733773377338
600423.SH,20040525,8.5,8.5,8.1,8.13,8.5,-0.37,-4.35,7694.28,6340.753,1.0,2.2359735973597363,2.337733773377338,2.337733773377338,2.2277227722772275
600423.SH,20040526,8.1,8.23,8.1,8.16,8.13,0.03,0.37,2091.6,1702.544,1.0,2.2442244224422443,2.2277227722772275,2.2634763476347635,2.2277227722772275
600423.SH,20040527,8.11,8.34,8.1,8.32,8.16,0.16,1.96,3632.71,2995.52,1.0,2.288228822882288,2.2304730473047303,2.2937293729372934,2.2277227722772275
600423.SH,20040528,8.26,8.33,8.16,8.17,8.32,-0.15,-1.8,1985.59,1634.481,1.0,2.246974697469747,2.2717271727172714,2.290979097909791,2.2442244224422443
600423.SH,20040531,8.26,8.26,8.15,8.25,8.17,0.08,0.98,1801.44,1476.341,1.0,2.268976897689769,2.2717271727172714,2.2717271727172714,2.241474147414741
600423.SH,20040601,8.24,8.53,8.17,8.48,8.25,0.23,2.79,6717.25,5634.761,1.0,2.332233223322332,2.2662266226622663,2.3459845984598457,2.246974697469747
600423.SH,20040602,8.5,8.58,8.41,8.45,8.48,-0.03,-0.35,4599.59,3900.133,1.0,2.323982398239824,2.337733773377338,2.35973597359736,2.312981298129813
600423.SH,20040603,8.42,8.42,8.25,8.27,8.45,-0.18,-2.13,3222.67,2674.995,1.0,2.2744774477447742,2.315731573157316,2.315731573157316,2.268976897689769
600423.SH,20040604,8.28,8.41,8.26,8.29,8.27,0.02,0.24,1865.0,1548.536,1.0,2.27997799779978,2.277227722772277,2.312981298129813,2.2717271727172714
600423.SH,20040607,8.2,8.34,8.09,8.15,8.29,-0.14,-1.69,2261.44,1845.988,1.0,2.241474147414741,2.255225522552255,2.2937293729372934,2.2249724972497247
600423.SH,20040608,8.15,8.22,8.09,8.14,8.15,-0.01,-0.12,1886.7,1534.319,1.0,2.2387238723872387,2.241474147414741,2.2607260726072607,2.2249724972497247
600423.SH,20040609,8.12,8.2,7.95,8.0,8.14,-0.14,-1.72,7812.0,6324.763,1.0,2.2002200220022003,2.233223322332233,2.255225522552255,2.1864686468646863
600423.SH,20040610,7.95,8.0,7.8,7.97,8.0,-0.03,-0.38,3810.89,3020.79,1.0,2.191969196919692,2.1864686468646863,2.2002200220022003,2.145214521452145
600423.SH,20040611,8.03,8.14,7.93,7.93,7.97,-0.04,-0.5,2117.68,1706.265,1.0,2.1809680968096807,2.2084708470847083,2.2387238723872387,2.1809680968096807
600423.SH,20040614,7.89,7.89,7.7,7.72,7.93,-0.21,-2.65,4902.6,3798.43,1.0,2.1232123212321232,2.16996699669967,2.16996699669967,2.1177117711771176
600423.SH,20040615,7.7,7.92,7.7,7.9,7.72,0.18,2.33,2582.74,2019.484,1.0,2.1727172717271728,2.1177117711771176,2.178217821782178,2.1177117711771176
600423.SH,20040616,7.85,7.96,7.79,7.9,7.9,0.0,0.0,2915.86,2300.745,1.0,2.1727172717271728,2.1589658965896588,2.189218921892189,2.1424642464246424
600423.SH,20040617,7.9,7.91,7.72,7.73,7.9,-0.17,-2.15,3255.39,2532.537,1.0,2.125962596259626,2.1727172717271728,2.175467546754676,2.1232123212321232
600423.SH,20040618,7.73,7.87,7.61,7.64,7.73,-0.09,-1.16,4821.0,3711.683,1.0,2.1012101210121013,2.125962596259626,2.1644664466446644,2.092959295929593
600423.SH,20040621,5.76,5.77,5.66,5.75,5.76,-0.01,-0.17,2010.28,1147.281,1.326,2.096947194719472,2.1005940594059407,2.104240924092409,2.0641254125412543
600423.SH,20040622,5.75,5.82,5.7,5.76,5.75,0.01,0.17,2775.91,1600.828,1.326,2.1005940594059407,2.096947194719472,2.122475247524753,2.078712871287129
600423.SH,20040623,5.72,5.75,5.6,5.72,5.76,-0.04,-0.69,6087.99,3457.382,1.326,2.086006600660066,2.086006600660066,2.096947194719472,2.042244224422442
600423.SH,20040624,5.72,5.76,5.68,5.7,5.72,-0.02,-0.35,2979.38,1700.207,1.326,2.078712871287129,2.086006600660066,2.1005940594059407,2.071419141914191
600423.SH,20040625,5.7,5.77,5.58,5.58,5.7,-0.12,-2.11,3359.5,1900.221,1.326,2.034950495049505,2.078712871287129,2.104240924092409,2.034950495049505
600423.SH,20040628,5.58,5.62,5.51,5.57,5.58,-0.01,-0.18,2480.66,1378.597,1.326,2.0313036303630363,2.034950495049505,2.0495379537953795,2.009422442244224
600423.SH,20040629,5.55,5.67,5.52,5.65,5.57,0.08,1.44,3630.31,2036.49,1.326,2.060478547854786,2.024009900990099,2.0677722772277227,2.013069306930693
600423.SH,20040630,5.59,5.72,5.59,5.69,5.65,0.04,0.71,3529.69,2003.348,1.326,2.0750660066006605,2.0385973597359737,2.086006600660066,2.0385973597359737
600423.SH,20040701,5.67,5.83,5.66,5.81,5.69,0.12,2.11,5964.97,3447.84,1.326,2.118828382838284,2.0677722772277227,2.1261221122112213,2.0641254125412543
600423.SH,20040702,5.8,5.82,5.7,5.79,5.81,-0.02,-0.34,3304.26,1901.681,1.326,2.1115346534653465,2.115181518151815,2.122475247524753,2.078712871287129
600423.SH,20040705,5.7,5.89,5.68,5.86,5.79,0.07,1.21,4290.51,2508.198,1.326,2.137062706270627,2.078712871287129,2.148003300330033,2.071419141914191
600423.SH,20040706,5.86,6.05,5.86,6.04,5.86,0.18,3.07,14873.65,8939.802,1.326,2.2027062706270626,2.137062706270627,2.206353135313531,2.137062706270627
600423.SH,20040707,6.05,6.15,6.02,6.09,6.04,0.05,0.83,14069.78,8567.38,1.326,2.2209405940594062,2.206353135313531,2.242821782178218,2.195412541254125
600423.SH,20040708,6.08,6.14,6.06,6.09,6.09,0.0,0.0,8179.4,4991.578,1.326,2.2209405940594062,2.2172937293729373,2.239174917491749,2.21
600423.SH,20040709,6.08,6.17,6.08,6.1,6.09,0.01,0.16,7391.04,4531.614,1.326,2.2245874587458743,2.2172937293729373,2.250115511551156,2.2172937293729373
600423.SH,20040712,6.08,6.08,5.95,5.99,6.1,-0.11,-1.8,7253.75,4343.954,1.326,2.18447194719472,2.2172937293729373,2.2172937293729373,2.169884488448845
600423.SH,20040713,5.91,6.12,5.91,6.11,5.99,0.12,2.0,7675.08,4642.824,1.326,2.228234323432343,2.1552970297029703,2.231881188118812,2.1552970297029703
600423.SH,20040714,6.1,6.27,6.1,6.25,6.11,0.14,2.29,14222.38,8831.448,1.326,2.279290429042904,2.2245874587458743,2.2865841584158413,2.2245874587458743
600423.SH,20040715,6.23,6.35,6.23,6.32,6.25,0.07,1.12,8301.91,5219.778,1.326,2.304818481848185,2.2719966996699674,2.315759075907591,2.2719966996699674
600423.SH,20040716,6.32,6.5,6.32,6.45,6.32,0.13,2.06,18072.77,11593.53,1.326,2.3522277227722777,2.304818481848185,2.3704620462046204,2.304818481848185
600423.SH,20040719,6.48,6.51,6.32,6.46,6.45,0.01,0.16,14265.22,9188.005,1.326,2.355874587458746,2.363168316831683,2.3741089108910893,2.304818481848185
600423.SH,20040720,6.46,6.62,6.39,6.6,6.46,0.14,2.17,20276.13,13236.202,1.326,2.406930693069307,2.355874587458746,2.4142244224422447,2.330346534653465
600423.SH,20040721,6.58,6.63,6.51,6.55,6.6,-0.05,-0.76,10711.89,7019.895,1.326,2.388696369636964,2.399636963696369,2.4178712871287127,2.3741089108910893
600423.SH,20040722,6.55,6.62,6.35,6.35,6.55,-0.2,-3.05,37489.84,24398.545,1.326,2.315759075907591,2.388696369636964,2.4142244224422447,2.315759075907591
600423.SH,20040723,6.35,6.44,6.31,6.41,6.35,0.06,0.94,10446.54,6660.136,1.326,2.337640264026403,2.315759075907591,2.3485808580858087,2.301171617161716
600423.SH,20040726,6.38,6.57,6.3,6.53,6.41,0.12,1.87,14884.92,9653.766,1.326,2.3814026402640263,2.3266996699669966,2.395990099009901,2.297524752475248
600423.SH,20040727,6.55,6.71,6.5,6.6,6.53,0.07,1.07,24270.83,16015.637,1.326,2.406930693069307,2.388696369636964,2.447046204620462,2.3704620462046204
600423.SH,20040728,6.51,6.72,6.48,6.58,6.6,-0.02,-0.3,21523.3,14203.74,1.326,2.399636963696369,2.3741089108910893,2.45069306930693,2.363168316831683
600423.SH,20040729,6.57,6.78,6.55,6.73,6.58,0.15,2.28,14866.26,9938.966,1.326,2.454339933993399,2.395990099009901,2.4725742574257428,2.388696369636964
600423.SH,20040730,6.75,6.8,6.64,6.66,6.73,-0.07,-1.04,6225.73,4152.511,1.326,2.428811881188119,2.4616336633663365,2.47986798679868,2.4215181518151816
600423.SH,20040802,6.6,6.7,6.56,6.65,6.66,-0.01,-0.15,6526.54,4324.207,1.326,2.4251650165016505,2.406930693069307,2.4433993399339933,2.3923432343234325
600423.SH,20040803,6.58,6.63,6.38,6.38,6.65,-0.27,-4.06,10585.49,6844.704,1.326,2.3266996699669966,2.399636963696369,2.4178712871287127,2.3266996699669966
600423.SH,20040804,6.3,6.48,6.21,6.32,6.38,-0.06,-0.94,33547.24,21270.363,1.326,2.304818481848185,2.297524752475248,2.363168316831683,2.2647029702970296
600423.SH,20040805,6.25,6.53,6.25,6.42,6.32,0.1,1.58,13288.21,8555.534,1.326,2.341287128712872,2.279290429042904,2.3814026402640263,2.279290429042904
600423.SH,20040806,6.42,6.5,6.34,6.5,6.42,0.08,1.25,7012.85,4522.43,1.326,2.3704620462046204,2.341287128712872,2.3704620462046204,2.3121122112211223
600423.SH,20040809,6.4,6.68,6.4,6.67,6.5,0.17,2.62,10131.71,6698.379,1.326,2.4324587458745874,2.3339933993399344,2.436105610561056,2.3339933993399344
600423.SH,20040810,6.69,6.78,6.69,6.7,6.67,0.03,0.45,10271.8,6914.963,1.326,2.4433993399339933,2.439752475247525,2.4725742574257428,2.439752475247525
600423.SH,20040811,6.7,6.7,6.6,6.65,6.7,-0.05,-0.75,6127.27,4076.497,1.326,2.4251650165016505,2.4433993399339933,2.4433993399339933,2.406930693069307
600423.SH,20040812,6.58,6.71,6.45,6.69,6.65,0.04,0.6,8378.82,5524.845,1.326,2.439752475247525,2.399636963696369,2.447046204620462,2.3522277227722777
600423.SH,20040813,6.65,6.84,6.62,6.8,6.69,0.11,1.64,11379.8,7704.949,1.326,2.47986798679868,2.4251650165016505,2.4944554455445545,2.4142244224422447
600423.SH,20040816,6.78,6.93,6.78,6.91,6.8,0.11,1.62,21871.7,15095.485,1.326,2.519983498349835,2.4725742574257428,2.5272772277227724,2.4725742574257428
600423.SH,20040817,6.9,6.97,6.81,6.87,6.91,-0.04,-0.58,8185.31,5633.103,1.326,2.5053960396039607,2.5163366336633666,2.5418646864686467,2.4835148514851486
600423.SH,20040818,6.82,6.95,6.77,6.93,6.87,0.06,0.87,13098.26,9005.316,1.326,2.5272772277227724,2.487161716171617,2.5345709570957093,2.468927392739274
600423.SH,20040819,6.9,6.96,6.72,6.94,6.93,0.01,0.14,9815.98,6712.898,1.326,2.5309240924092413,2.5163366336633666,2.5382178217821783,2.45069306930693
600423.SH,20040820,6.86,6.94,6.8,6.84,6.94,-0.1,-1.44,6750.6,4641.522,1.326,2.4944554455445545,2.501749174917492,2.5309240924092413,2.47986798679868
600423.SH,20040823,6.78,6.78,6.67,6.68,6.84,-0.16,-2.34,7643.3,5122.278,1.326,2.436105610561056,2.4725742574257428,2.4725742574257428,2.4324587458745874
600423.SH,20040824,6.66,6.77,6.61,6.69,6.68,0.01,0.15,4615.28,3083.997,1.326,2.439752475247525,2.428811881188119,2.468927392739274,2.410577557755776
600423.SH,20040825,6.69,6.72,6.62,6.71,6.69,0.02,0.3,3297.48,2195.052,1.326,2.447046204620462,2.439752475247525,2.45069306930693,2.4142244224422447
600423.SH,20040826,6.71,6.72,6.55,6.56,6.71,-0.15,-2.24,2861.0,1909.238,1.326,2.3923432343234325,2.447046204620462,2.45069306930693,2.388696369636964
600423.SH,20040827,6.55,6.58,6.47,6.5,6.56,-0.06,-0.91,9799.89,6384.177,1.326,2.3704620462046204,2.388696369636964,2.399636963696369,2.359521452145214
600423.SH,20040830,6.48,6.56,6.31,6.55,6.5,0.05,0.77,5241.49,3373.337,1.326,2.388696369636964,2.363168316831683,2.3923432343234325,2.301171617161716
600423.SH,20040831,6.59,6.8,6.59,6.71,6.55,0.16,2.44,5577.9,3726.1,1.326,2.447046204620462,2.4032838283828384,2.47986798679868,2.4032838283828384
600423.SH,20040901,6.65,6.71,6.6,6.69,6.71,-0.02,-0.3,3846.4,2566.69,1.326,2.439752475247525,2.4251650165016505,2.447046204620462,2.406930693069307
600423.SH,20040902,6.67,6.7,6.64,6.64,6.69,-0.05,-0.75,6138.0,4093.59,1.326,2.4215181518151816,2.4324587458745874,2.4433993399339933,2.4215181518151816
600423.SH,20040903,6.64,6.66,6.51,6.62,6.64,-0.02,-0.3,4605.75,3031.925,1.326,2.4142244224422447,2.4215181518151816,2.428811881188119,2.3741089108910893
600423.SH,20040907,6.52,6.52,6.4,6.51,6.62,-0.11,-1.66,5279.33,3422.419,1.326,2.3741089108910893,2.3777557755775574,2.3777557755775574,2.3339933993399344
600423.SH,20040908,6.46,6.53,6.42,6.52,6.51,0.01,0.15,2290.12,1482.31,1.326,2.3777557755775574,2.355874587458746,2.3814026402640263,2.341287128712872
600423.SH,20040909,6.48,6.54,6.43,6.52,6.52,0.0,0.0,3816.6,2482.593,1.326,2.3777557755775574,2.363168316831683,2.385049504950495,2.34493399339934
600423.SH,20040910,6.5,6.65,6.45,6.65,6.52,0.13,1.99,5227.94,3439.128,1.326,2.4251650165016505,2.3704620462046204,2.4251650165016505,2.3522277227722777
600423.SH,20040913,6.6,6.67,6.59,6.64,6.65,-0.01,-0.15,4285.0,2838.573,1.326,2.4215181518151816,2.406930693069307,2.4324587458745874,2.4032838283828384
600423.SH,20040914,6.43,6.82,6.43,6.81,6.64,0.17,2.56,7621.69,5134.135,1.326,2.4835148514851486,2.34493399339934,2.487161716171617,2.34493399339934
600423.SH,20040915,6.81,7.15,6.7,6.99,6.81,0.18,2.64,14151.28,9919.724,1.326,2.5491584158415845,2.4835148514851486,2.607508250825082,2.4433993399339933
600423.SH,20040916,6.96,7.05,6.88,6.96,6.99,-0.03,-0.43,6645.8,4620.031,1.326,2.5382178217821783,2.5382178217821783,2.571039603960396,2.509042904290429
600423.SH,20040917,6.98,7.35,6.92,7.3,6.96,0.34,4.89,25322.99,18099.502,1.326,2.6622112211221123,2.545511551155116,2.6804455445544555,2.5236303630363035
600423.SH,20040920,7.35,7.5,7.27,7.46,7.3,0.16,2.19,39891.36,29427.643,1.326,2.720561056105611,2.6804455445544555,2.735148514851485,2.651270627062706
600423.SH,20040921,7.45,7.45,7.23,7.35,7.46,-0.11,-1.47,19342.72,14156.638,1.326,2.6804455445544555,2.716914191419142,2.716914191419142,2.636683168316832
600423.SH,20040922,7.31,7.35,7.09,7.15,7.35,-0.2,-2.72,14208.68,10224.818,1.326,2.607508250825082,2.6658580858085807,2.6804455445544555,2.585627062706271
600423.SH,20040923,7.15,7.41,7.13,7.4,7.15,0.25,3.5,15718.83,11453.944,1.326,2.6986798679867987,2.607508250825082,2.702326732673268,2.6002145214521453
600423.SH,20040924,7.43,7.78,7.35,7.37,7.4,-0.03,-0.41,41449.9,31709.445,1.326,2.6877392739273924,2.7096204620462045,2.8372607260726075,2.6804455445544555
600423.SH,20040927,7.38,7.51,7.23,7.31,7.37,-0.06,-0.81,12939.69,9513.793,1.326,2.6658580858085807,2.6913861386138613,2.738795379537954,2.636683168316832
600423.SH,20040928,7.35,7.38,7.08,7.35,7.31,0.04,0.55,10450.55,7540.799,1.326,2.6804455445544555,2.6804455445544555,2.6913861386138613,2.581980198019802
600423.SH,20040929,7.35,7.5,7.22,7.46,7.35,0.11,1.5,13528.03,9977.925,1.326,2.720561056105611,2.6804455445544555,2.735148514851485,2.633036303630363
600423.SH,20040930,7.47,7.58,7.31,7.35,7.46,-0.11,-1.47,11566.84,8571.387,1.326,2.6804455445544555,2.72420792079208,2.764323432343234,2.6658580858085807
600423.SH,20041008,7.35,7.7,7.2,7.68,7.35,0.33,4.49,11281.82,8459.4,1.326,2.800792079207921,2.6804455445544555,2.808085808580858,2.625742574257426
600423.SH,20041011,7.69,8.04,7.69,7.86,7.68,0.18,2.34,32788.9,26034.865,1.326,2.8664356435643565,2.804438943894389,2.932079207920792,2.804438943894389
600423.SH,20041012,7.86,8.15,7.7,7.72,7.86,-0.14,-1.78,13704.79,10844.896,1.326,2.815379537953796,2.8664356435643565,2.972194719471948,2.808085808580858
600423.SH,20041013,7.7,7.84,7.6,7.8,7.72,0.08,1.04,7233.47,5583.015,1.326,2.8445544554455444,2.808085808580858,2.859141914191419,2.771617161716172
600423.SH,20041014,7.8,7.85,7.1,7.21,7.8,-0.59,-7.56,16711.18,12404.767,1.326,2.6293894389438943,2.8445544554455444,2.862788778877888,2.5892739273927394
600423.SH,20041015,7.18,7.29,6.7,7.21,7.21,0.0,0.0,16084.83,11254.037,1.326,2.6293894389438943,2.6184488448844885,2.658564356435644,2.4433993399339933
600423.SH,20041018,7.2,7.23,6.97,7.11,7.21,-0.1,-1.39,5685.31,4031.085,1.326,2.592920792079208,2.625742574257426,2.636683168316832,2.5418646864686467
600423.SH,20041019,7.1,7.31,7.06,7.11,7.11,0.0,0.0,8250.2,5959.004,1.326,2.592920792079208,2.5892739273927394,2.6658580858085807,2.5746864686468647
600423.SH,20041020,7.15,7.48,7.11,7.48,7.11,0.37,5.2,11945.74,8724.79,1.326,2.727854785478548,2.607508250825082,2.727854785478548,2.592920792079208
600423.SH,20041021,7.48,7.72,7.4,7.6,7.48,0.12,1.6,22651.75,17183.708,1.326,2.771617161716172,2.727854785478548,2.815379537953796,2.6986798679867987
600423.SH,20041022,7.6,7.76,7.55,7.59,7.6,-0.01,-0.13,23897.98,18323.804,1.326,2.7679702970297027,2.771617161716172,2.82996699669967,2.7533828382838283
600423.SH,20041025,7.6,7.88,7.6,7.69,7.59,0.1,1.32,20939.04,16294.206,1.326,2.804438943894389,2.771617161716172,2.873729372937294,2.771617161716172
600423.SH,20041026,7.71,7.94,7.63,7.91,7.69,0.22,2.86,19238.56,14962.867,1.326,2.8846699669967,2.811732673267327,2.895610561056106,2.782557755775578
600423.SH,20041027,7.91,7.97,7.76,7.94,7.91,0.03,0.38,13802.21,10890.777,1.326,2.895610561056106,2.8846699669967,2.9065511551155114,2.82996699669967
600423.SH,20041028,7.9,7.9,7.59,7.64,7.94,-0.3,-3.78,12424.49,9629.653,1.326,2.786204620462046,2.881023102310231,2.881023102310231,2.7679702970297027
600423.SH,20041029,7.51,7.88,7.38,7.59,7.64,-0.05,-0.65,12805.16,9780.338,1.326,2.7679702970297027,2.738795379537954,2.873729372937294,2.6913861386138613
600423.SH,20041101,7.59,7.6,7.4,7.52,7.59,-0.07,-0.92,7010.1,5260.256,1.326,2.7424422442244225,2.7679702970297027,2.771617161716172,2.6986798679867987
600423.SH,20041102,7.51,7.63,7.41,7.52,7.52,0.0,0.0,6908.33,5206.67,1.326,2.7424422442244225,2.738795379537954,2.782557755775578,2.702326732673268
600423.SH,20041103,7.5,7.7,7.5,7.7,7.52,0.18,2.39,7282.31,5539.555,1.326,2.808085808580858,2.735148514851485,2.808085808580858,2.735148514851485
600423.SH,20041104,7.72,7.8,7.44,7.66,7.7,-0.04,-0.52,7533.32,5762.683,1.326,2.793498349834984,2.815379537953796,2.8445544554455444,2.713267326732673
600423.SH,20041105,7.66,7.7,7.5,7.58,7.66,-0.08,-1.04,7769.1,5888.823,1.326,2.764323432343234,2.793498349834984,2.808085808580858,2.735148514851485
600423.SH,20041108,7.58,7.58,7.28,7.34,7.58,-0.24,-3.17,6111.88,4500.239,1.326,2.6767986798679866,2.764323432343234,2.764323432343234,2.654917491749175
600423.SH,20041109,7.37,7.5,7.3,7.49,7.34,0.15,2.04,4955.05,3652.251,1.326,2.7315016501650167,2.6877392739273924,2.735148514851485,2.6622112211221123
600423.SH,20041110,7.49,7.82,7.4,7.75,7.49,0.26,3.47,12230.93,9419.908,1.326,2.826320132013201,2.7315016501650167,2.851848184818482,2.6986798679867987
600423.SH,20041111,7.8,8.0,7.61,7.65,7.75,-0.1,-1.29,23983.26,18831.739,1.326,2.7898514851485148,2.8445544554455444,2.9174917491749177,2.7752640264026405
600423.SH,20041112,7.65,7.7,7.51,7.66,7.65,0.01,0.13,6875.91,5244.884,1.326,2.793498349834984,2.7898514851485148,2.808085808580858,2.738795379537954
600423.SH,20041115,7.68,7.83,7.62,7.8,7.66,0.14,1.83,11641.18,8986.266,1.326,2.8445544554455444,2.800792079207921,2.8554950495049507,2.778910891089109
600423.SH,20041116,7.84,7.89,7.65,7.73,7.8,-0.07,-0.9,8657.25,6718.766,1.326,2.8190264026402643,2.859141914191419,2.8773762376237624,2.7898514851485148
600423.SH,20041117,7.71,7.9,7.66,7.9,7.73,0.17,2.2,14317.32,11196.459,1.326,2.881023102310231,2.811732673267327,2.881023102310231,2.793498349834984
600423.SH,20041118,7.91,8.0,7.88,7.97,7.9,0.07,0.89,20468.44,16243.128,1.326,2.9065511551155114,2.8846699669967,2.9174917491749177,2.873729372937294
600423.SH,20041119,7.99,7.99,7.78,7.9,7.97,-0.07,-0.88,12367.1,9781.436,1.326,2.881023102310231,2.913844884488449,2.913844884488449,2.8372607260726075
600423.SH,20041122,7.8,8.11,7.8,7.98,7.9,0.08,1.01,23759.71,19079.296,1.326,2.9101980198019803,2.8445544554455444,2.957607260726072,2.8445544554455444
600423.SH,20041123,8.0,8.14,7.86,7.91,7.98,-0.07,-0.88,18973.34,15186.879,1.326,2.8846699669967,2.9174917491749177,2.968547854785479,2.8664356435643565
600423.SH,20041124,7.92,7.95,7.73,7.79,7.91,-0.12,-1.52,10960.36,8585.408,1.326,2.840907590759076,2.888316831683168,2.8992574257425745,2.8190264026402643
600423.SH,20041125,7.78,7.85,7.72,7.8,7.79,0.01,0.13,5473.97,4270.483,1.326,2.8445544554455444,2.8372607260726075,2.862788778877888,2.815379537953796
600423.SH,20041126,7.75,7.92,7.75,7.81,7.8,0.01,0.13,5025.6,3946.354,1.326,2.848201320132013,2.826320132013201,2.888316831683168,2.826320132013201
600423.SH,20041129,7.85,7.85,7.61,7.61,7.81,-0.2,-2.56,4485.3,3472.936,1.326,2.7752640264026405,2.862788778877888,2.862788778877888,2.7752640264026405
600423.SH,20041130,7.6,7.68,7.42,7.55,7.61,-0.06,-0.79,7885.36,5958.159,1.326,2.7533828382838283,2.771617161716172,2.800792079207921,2.705973597359736
600423.SH,20041201,7.57,7.63,7.5,7.53,7.55,-0.02,-0.26,3141.5,2375.974,1.326,2.746089108910891,2.760676567656766,2.782557755775578,2.735148514851485
600423.SH,20041202,7.53,7.54,7.25,7.31,7.53,-0.22,-2.92,8712.02,6472.114,1.326,2.6658580858085807,2.746089108910891,2.74973597359736,2.643976897689769
600423.SH,20041203,7.31,7.42,7.28,7.37,7.31,0.06,0.82,7645.14,5618.41,1.326,2.6877392739273924,2.6658580858085807,2.705973597359736,2.654917491749175
600423.SH,20041206,7.38,7.44,7.28,7.42,7.37,0.05,0.68,3674.24,2710.125,1.326,2.705973597359736,2.6913861386138613,2.713267326732673,2.654917491749175
600423.SH,20041207,7.42,7.52,7.29,7.3,7.42,-0.12,-1.62,7528.31,5556.308,1.326,2.6622112211221123,2.705973597359736,2.7424422442244225,2.658564356435644
600423.SH,20041208,7.35,7.43,7.33,7.39,7.3,0.09,1.23,5825.68,4304.322,1.326,2.69503300330033,2.6804455445544555,2.7096204620462045,2.673151815181518
600423.SH,20041209,7.39,7.58,7.39,7.47,7.39,0.08,1.08,4462.0,3345.914,1.326,2.72420792079208,2.69503300330033,2.764323432343234,2.69503300330033
600423.SH,20041210,7.42,7.45,7.1,7.1,7.47,-0.37,-4.95,7020.1,5096.733,1.326,2.5892739273927394,2.705973597359736,2.716914191419142,2.5892739273927394
600423.SH,20041213,7.02,7.18,6.99,7.1,7.1,0.0,0.0,5842.0,4117.305,1.326,2.5892739273927394,2.56009900990099,2.6184488448844885,2.5491584158415845
600423.SH,20041214,7.1,7.21,7.08,7.19,7.1,0.09,1.27,3113.37,2232.53,1.326,2.6220957095709574,2.5892739273927394,2.6293894389438943,2.581980198019802
600423.SH,20041215,7.18,7.26,7.12,7.17,7.19,-0.02,-0.28,2261.19,1622.944,1.326,2.61480198019802,2.6184488448844885,2.647623762376238,2.5965676567656764
600423.SH,20041216,7.22,7.22,7.13,7.14,7.17,-0.03,-0.42,1639.3,1172.842,1.326,2.6038613861386137,2.633036303630363,2.633036303630363,2.6002145214521453
600423.SH,20041217,7.05,7.13,7.04,7.05,7.14,-0.09,-1.26,2322.2,1646.5,1.326,2.571039603960396,2.571039603960396,2.6002145214521453,2.567392739273928
600423.SH,20041220,6.88,7.0,6.85,6.9,7.05,-0.15,-2.13,3257.75,2258.879,1.326,2.5163366336633666,2.509042904290429,2.552805280528053,2.498102310231023
600423.SH,20041221,6.9,6.98,6.71,6.76,6.9,-0.14,-2.03,6182.79,4207.621,1.326,2.4652805280528054,2.5163366336633666,2.545511551155116,2.447046204620462
600423.SH,20041222,6.76,6.94,6.65,6.89,6.76,0.13,1.92,7986.97,5422.957,1.326,2.512689768976897,2.4652805280528054,2.5309240924092413,2.4251650165016505
600423.SH,20041223,6.91,6.91,6.76,6.79,6.89,-0.1,-1.45,6552.0,4457.28,1.326,2.4762211221122112,2.519983498349835,2.519983498349835,2.4652805280528054
600423.SH,20041224,6.79,6.81,6.6,6.69,6.79,-0.1,-1.47,6124.82,4095.141,1.326,2.439752475247525,2.4762211221122112,2.4835148514851486,2.406930693069307
600423.SH,20041227,6.65,6.82,6.59,6.78,6.69,0.09,1.35,2220.39,1497.361,1.326,2.4725742574257428,2.4251650165016505,2.487161716171617,2.4032838283828384
600423.SH,20041228,6.84,6.94,6.67,6.92,6.78,0.14,2.06,4984.5,3404.349,1.326,2.5236303630363035,2.4944554455445545,2.5309240924092413,2.4324587458745874
600423.SH,20041229,6.92,7.13,6.86,7.1,6.92,0.18,2.6,12621.11,8825.117,1.326,2.5892739273927394,2.5236303630363035,2.6002145214521453,2.501749174917492
600423.SH,20041230,7.11,7.24,7.02,7.2,7.1,0.1,1.41,7834.35,5595.219,1.326,2.625742574257426,2.592920792079208,2.6403300330033006,2.56009900990099
600423.SH,20041231,7.22,7.24,7.03,7.17,7.2,-0.03,-0.42,7082.63,5050.576,1.326,2.61480198019802,2.633036303630363,2.6403300330033006,2.563745874587459
600423.SH,20050104,7.1,7.1,6.98,7.08,7.17,-0.09,-1.26,3508.65,2475.525,1.326,2.581980198019802,2.5892739273927394,2.5892739273927394,2.545511551155116
600423.SH,20050105,7.02,7.2,7.02,7.09,7.08,0.01,0.14,5993.85,4265.44,1.326,2.585627062706271,2.56009900990099,2.625742574257426,2.56009900990099
600423.SH,20050106,7.29,7.29,7.09,7.13,7.09,0.04,0.56,7075.18,5056.717,1.326,2.6002145214521453,2.658564356435644,2.658564356435644,2.585627062706271
600423.SH,20050107,7.13,7.2,6.92,6.94,7.13,-0.19,-2.66,6008.0,4243.107,1.326,2.5309240924092413,2.6002145214521453,2.625742574257426,2.5236303630363035
600423.SH,20050110,6.89,7.04,6.8,7.04,6.94,0.1,1.44,3849.9,2672.936,1.326,2.567392739273928,2.512689768976897,2.567392739273928,2.47986798679868
600423.SH,20050111,6.95,7.07,6.9,6.99,7.04,-0.05,-0.71,8157.88,5706.546,1.326,2.5491584158415845,2.5345709570957093,2.5783333333333336,2.5163366336633666
600423.SH,20050112,6.95,7.05,6.95,7.03,6.99,0.04,0.57,3342.1,2340.982,1.326,2.563745874587459,2.5345709570957093,2.571039603960396,2.5345709570957093
600423.SH,20050113,7.02,7.05,6.9,7.04,7.03,0.01,0.14,5711.35,3982.618,1.326,2.567392739273928,2.56009900990099,2.571039603960396,2.5163366336633666
600423.SH,20050114,7.03,7.1,6.98,7.0,7.04,-0.04,-0.57,4269.5,3006.293,1.326,2.552805280528053,2.563745874587459,2.5892739273927394,2.545511551155116
600423.SH,20050117,6.91,7.0,6.81,6.94,7.0,-0.06,-0.86,5753.4,3968.056,1.326,2.5309240924092413,2.519983498349835,2.552805280528053,2.4835148514851486
600423.SH,20050118,6.8,7.09,6.8,7.06,6.94,0.12,1.73,3176.34,2211.443,1.326,2.5746864686468647,2.47986798679868,2.585627062706271,2.47986798679868
600423.SH,20050119,7.06,7.12,6.94,7.06,7.06,0.0,0.0,3986.8,2817.46,1.326,2.5746864686468647,2.5746864686468647,2.5965676567656764,2.5309240924092413
600423.SH,20050120,6.95,6.95,6.66,6.87,7.06,-0.19,-2.69,7251.85,4907.308,1.326,2.5053960396039607,2.5345709570957093,2.5345709570957093,2.428811881188119
600423.SH,20050121,6.8,7.03,6.71,6.91,6.87,0.04,0.58,4646.1,3193.894,1.326,2.519983498349835,2.47986798679868,2.563745874587459,2.447046204620462
600423.SH,20050124,7.02,7.06,6.87,6.97,6.91,0.06,0.87,11349.03,7861.075,1.326,2.5418646864686467,2.56009900990099,2.5746864686468647,2.5053960396039607
600423.SH,20050125,6.97,6.97,6.85,6.89,6.97,-0.08,-1.15,2967.12,2044.526,1.326,2.512689768976897,2.5418646864686467,2.5418646864686467,2.498102310231023
600423.SH,20050126,6.85,6.98,6.81,6.95,6.89,0.06,0.87,2025.49,1402.61,1.326,2.5345709570957093,2.498102310231023,2.545511551155116,2.4835148514851486
600423.SH,20050127,6.87,6.95,6.85,6.85,6.95,-0.1,-1.44,2087.65,1437.011,1.326,2.498102310231023,2.5053960396039607,2.5345709570957093,2.498102310231023
600423.SH,20050128,6.85,6.85,6.6,6.81,6.85,-0.04,-0.58,2612.0,1765.28,1.326,2.4835148514851486,2.498102310231023,2.498102310231023,2.406930693069307
600423.SH,20050131,6.66,6.85,6.65,6.82,6.81,0.01,0.15,2101.77,1417.782,1.326,2.487161716171617,2.428811881188119,2.498102310231023,2.4251650165016505
600423.SH,20050201,6.78,6.95,6.75,6.85,6.82,0.03,0.44,3427.3,2350.757,1.326,2.498102310231023,2.4725742574257428,2.5345709570957093,2.4616336633663365
600423.SH,20050202,6.76,7.19,6.76,7.18,6.85,0.33,4.82,9705.15,6768.049,1.326,2.6184488448844885,2.4652805280528054,2.6220957095709574,2.4652805280528054
600423.SH,20050203,7.17,7.23,7.0,7.17,7.18,-0.01,-0.14,9080.4,6502.093,1.326,2.61480198019802,2.61480198019802,2.636683168316832,2.552805280528053
600423.SH,20050204,7.13,7.27,7.1,7.25,7.17,0.08,1.12,8054.77,5779.804,1.326,2.643976897689769,2.6002145214521453,2.651270627062706,2.5892739273927394
600423.SH,20050216,7.26,7.31,7.22,7.25,7.25,0.0,0.0,6387.89,4639.803,1.326,2.643976897689769,2.647623762376238,2.6658580858085807,2.633036303630363
600423.SH,20050217,7.22,7.22,7.09,7.14,7.25,-0.11,-1.52,5995.32,4266.05,1.326,2.6038613861386137,2.633036303630363,2.633036303630363,2.585627062706271
600423.SH,20050218,7.15,7.15,7.07,7.15,7.14,0.01,0.14,1338.8,953.616,1.326,2.607508250825082,2.607508250825082,2.607508250825082,2.5783333333333336
600423.SH,20050221,7.16,7.28,7.14,7.26,7.15,0.11,1.54,5959.29,4289.28,1.326,2.647623762376238,2.611155115511551,2.654917491749175,2.6038613861386137
600423.SH,20050223,7.35,7.45,7.27,7.32,7.26,0.06,0.83,18151.32,13329.704,1.326,2.6695049504950497,2.6804455445544555,2.716914191419142,2.651270627062706
600423.SH,20050224,7.31,7.34,7.2,7.31,7.32,-0.01,-0.14,7742.6,5607.292,1.326,2.6658580858085807,2.6658580858085807,2.6767986798679866,2.625742574257426
600423.SH,20050225,7.32,7.44,7.31,7.4,7.31,0.09,1.23,11618.26,8588.257,1.326,2.6986798679867987,2.6695049504950497,2.713267326732673,2.6658580858085807
600423.SH,20050228,7.38,7.75,7.38,7.63,7.4,0.23,3.11,16659.77,12448.043,1.326,2.782557755775578,2.6913861386138613,2.826320132013201,2.6913861386138613
600423.SH,20050301,7.63,7.64,7.45,7.49,7.63,-0.14,-1.83,6469.0,4858.32,1.326,2.7315016501650167,2.782557755775578,2.786204620462046,2.716914191419142
600423.SH,20050302,7.5,7.54,7.38,7.52,7.49,0.03,0.4,8976.12,6680.326,1.326,2.7424422442244225,2.735148514851485,2.74973597359736,2.6913861386138613
600423.SH,20050303,7.41,7.48,7.31,7.45,7.52,-0.07,-0.93,2305.2,1709.301,1.326,2.716914191419142,2.702326732673268,2.727854785478548,2.6658580858085807
600423.SH,20050304,7.46,7.48,7.34,7.43,7.45,-0.02,-0.27,2307.12,1709.165,1.326,2.7096204620462045,2.720561056105611,2.727854785478548,2.6767986798679866
600423.SH,20050307,7.43,7.54,7.3,7.51,7.43,0.08,1.08,3486.43,2589.995,1.326,2.738795379537954,2.7096204620462045,2.74973597359736,2.6622112211221123
600423.SH,20050308,7.5,7.68,7.5,7.67,7.51,0.16,2.13,8613.01,6558.474,1.326,2.797145214521452,2.735148514851485,2.800792079207921,2.735148514851485
600423.SH,20050309,7.68,7.72,7.58,7.71,7.67,0.04,0.52,8015.53,6139.473,1.326,2.811732673267327,2.800792079207921,2.815379537953796,2.764323432343234
600423.SH,20050310,7.68,7.7,7.42,7.59,7.71,-0.12,-1.56,4483.6,3386.1,1.326,2.7679702970297027,2.800792079207921,2.808085808580858,2.705973597359736
600423.SH,20050311,7.55,7.59,7.36,7.58,7.59,-0.01,-0.13,6699.2,4983.964,1.326,2.764323432343234,2.7533828382838283,2.7679702970297027,2.6840924092409244
600423.SH,20050314,7.53,7.87,7.4,7.75,7.58,0.17,2.24,20871.22,16050.104,1.326,2.826320132013201,2.746089108910891,2.870082508250825,2.6986798679867987
600423.SH,20050315,7.75,7.86,7.58,7.76,7.75,0.01,0.13,11022.05,8509.926,1.326,2.82996699669967,2.826320132013201,2.8664356435643565,2.764323432343234
600423.SH,20050316,7.63,7.81,7.52,7.61,7.76,-0.15,-1.93,8247.5,6306.714,1.326,2.7752640264026405,2.782557755775578,2.848201320132013,2.7424422442244225
600423.SH,20050317,7.57,7.64,7.26,7.42,7.61,-0.19,-2.5,10120.24,7545.888,1.326,2.705973597359736,2.760676567656766,2.786204620462046,2.647623762376238
600423.SH,20050318,7.4,7.49,7.16,7.4,7.42,-0.02,-0.27,7633.46,5578.936,1.326,2.6986798679867987,2.6986798679867987,2.7315016501650167,2.611155115511551
600423.SH,20050321,7.37,7.52,7.3,7.48,7.4,0.08,1.08,4042.92,2999.445,1.326,2.727854785478548,2.6877392739273924,2.7424422442244225,2.6622112211221123
600423.SH,20050322,7.48,7.85,7.33,7.8,7.48,0.32,4.28,12115.69,9204.41,1.326,2.8445544554455444,2.727854785478548,2.862788778877888,2.673151815181518
600423.SH,20050323,7.75,7.85,7.62,7.8,7.8,0.0,0.0,13123.94,10194.513,1.326,2.8445544554455444,2.826320132013201,2.862788778877888,2.778910891089109
600423.SH,20050324,7.75,7.76,7.35,7.68,7.8,-0.12,-1.54,9987.16,7545.612,1.326,2.800792079207921,2.826320132013201,2.82996699669967,2.6804455445544555
600423.SH,20050325,7.6,7.7,7.51,7.63,7.68,-0.05,-0.65,2967.25,2265.982,1.326,2.782557755775578,2.771617161716172,2.808085808580858,2.738795379537954
600423.SH,20050328,7.56,7.67,7.5,7.65,7.63,0.02,0.26,3662.64,2784.634,1.326,2.7898514851485148,2.757029702970297,2.797145214521452,2.735148514851485
600423.SH,20050329,7.65,7.7,7.48,7.5,7.65,-0.15,-1.96,8357.95,6374.124,1.326,2.735148514851485,2.7898514851485148,2.808085808580858,2.727854785478548
600423.SH,20050330,7.46,7.6,7.2,7.45,7.5,-0.05,-0.67,7170.0,5291.268,1.326,2.716914191419142,2.720561056105611,2.771617161716172,2.625742574257426
600423.SH,20050331,7.45,7.6,7.35,7.56,7.45,0.11,1.48,7038.26,5241.03,1.326,2.757029702970297,2.716914191419142,2.771617161716172,2.6804455445544555
600423.SH,20050401,7.54,7.9,7.45,7.89,7.56,0.33,4.37,14088.5,10879.636,1.326,2.8773762376237624,2.74973597359736,2.881023102310231,2.716914191419142
600423.SH,20050404,7.71,7.88,7.7,7.73,7.89,-0.16,-2.03,11742.68,9163.676,1.326,2.8190264026402643,2.811732673267327,2.873729372937294,2.808085808580858
600423.SH,20050405,7.78,7.8,7.63,7.67,7.73,-0.06,-0.78,5834.29,4498.119,1.326,2.797145214521452,2.8372607260726075,2.8445544554455444,2.782557755775578
600423.SH,20050406,7.67,8.23,7.67,8.02,7.67,0.35,4.56,48966.32,39311.576,1.326,2.924785478547854,2.797145214521452,3.0013696369636964,2.797145214521452
600423.SH,20050407,8.05,8.23,7.98,7.99,8.02,-0.03,-0.37,28155.21,22877.947,1.326,2.913844884488449,2.9357260726072614,3.0013696369636964,2.9101980198019803
600423.SH,20050408,7.98,8.23,7.98,8.15,7.99,0.16,2.0,21333.36,17348.442,1.326,2.972194719471948,2.9101980198019803,3.0013696369636964,2.9101980198019803
600423.SH,20050411,8.15,8.48,8.12,8.28,8.15,0.13,1.6,23319.75,19392.464,1.326,3.019603960396039,2.972194719471948,3.092541254125413,2.961254125412541
600423.SH,20050412,8.14,8.15,7.89,7.96,8.13,-0.17,-2.09,11441.72,9122.946,1.351,2.957634763476347,3.024515951595159,3.028231573157316,2.931625412541254
600423.SH,20050413,8.0,8.34,8.0,8.23,7.96,0.27,3.39,18840.62,15465.512,1.351,3.057956545654566,2.9724972497249724,3.0988283828382834,2.9724972497249724
600423.SH,20050414,8.31,8.31,8.15,8.2,8.23,-0.03,-0.36,8017.89,6589.974,1.351,3.046809680968096,3.087681518151815,3.087681518151815,3.028231573157316
600423.SH,20050415,8.18,8.27,8.06,8.14,8.2,-0.06,-0.73,7535.14,6128.959,1.351,3.024515951595159,3.039378437843784,3.0728190319031903,2.99479097909791
600423.SH,20050418,8.16,8.44,8.1,8.37,8.14,0.23,2.83,14785.51,12305.856,1.351,3.109975247524752,3.031947194719472,3.1359845984598453,3.0096534653465343
600423.SH,20050419,8.47,8.57,8.16,8.3,8.37,-0.07,-0.84,15109.44,12609.65,1.351,3.083965896589659,3.1471314631463145,3.184287678767877,3.031947194719472
600423.SH,20050420,8.24,8.24,8.02,8.04,8.3,-0.26,-3.13,12286.81,10007.698,1.351,2.987359735973597,3.061672167216721,3.061672167216721,2.979928492849285
600423.SH,20050421,8.04,8.25,7.98,8.23,8.04,0.19,2.36,14139.89,11527.665,1.351,3.057956545654566,2.987359735973597,3.0653877887788776,2.96506600660066
600423.SH,20050422,8.21,8.4,8.15,8.26,8.23,0.03,0.36,16521.12,13635.861,1.351,3.0691034103410337,3.050525302530253,3.121122112211221,3.028231573157316
600423.SH,20050425,8.34,8.34,7.98,8.15,8.26,-0.11,-1.33,16654.59,13509.68,1.351,3.028231573157316,3.0988283828382834,3.0988283828382834,2.96506600660066
600423.SH,20050426,8.1,8.15,7.89,8.03,8.15,-0.12,-1.47,20553.11,16447.629,1.351,2.9836441144114407,3.0096534653465343,3.028231573157316,2.931625412541254
600423.SH,20050427,8.02,8.18,7.96,8.13,8.03,0.1,1.25,14170.63,11398.583,1.351,3.0208003300330035,2.979928492849285,3.039378437843784,2.957634763476347
600423.SH,20050428,8.1,8.42,8.02,8.31,8.13,0.18,2.21,23612.4,19538.924,1.351,3.087681518151815,3.0096534653465343,3.1285533553355336,2.979928492849285
600423.SH,20050429,8.31,8.46,8.03,8.09,8.31,-0.22,-2.65,18767.52,15432.55,1.351,3.0059378437843782,3.087681518151815,3.1434158415841584,2.9836441144114407
600423.SH,20050509,8.12,8.14,7.47,7.8,8.09,-0.29,-3.58,23595.1,18187.504,1.351,2.898184818481848,3.017084708470847,3.024515951595159,2.775569306930693
600423.SH,20050510,7.61,7.78,7.38,7.56,7.8,-0.24,-3.08,13435.54,10128.581,1.351,2.8090099009900986,2.82758800880088,2.890753575357536,2.742128712871287
600423.SH,20050511,7.5,7.65,6.98,7.25,7.56,-0.31,-4.1,20643.43,14978.358,1.351,2.6938256325632564,2.7867161716171616,2.842450495049505,2.5935038503850385
600423.SH,20050512,7.2,7.55,6.93,7.44,7.25,0.19,2.62,21852.38,15787.837,1.351,2.764422442244224,2.675247524752475,2.8052942794279425,2.574925742574257
600423.SH,20050513,7.25,7.56,7.21,7.52,7.44,0.08,1.08,12478.58,9250.249,1.351,2.7941474147414738,2.6938256325632564,2.8090099009900986,2.6789631463146315
600423.SH,20050516,7.4,7.47,7.18,7.37,7.52,-0.15,-1.99,8617.23,6342.51,1.351,2.738413091309131,2.7495599559956,2.775569306930693,2.6678162816281628
600423.SH,20050517,7.3,7.54,7.25,7.45,7.37,0.08,1.09,6342.99,4711.483,1.351,2.7681380638063806,2.7124037403740373,2.8015786578657864,2.6938256325632564
600423.SH,20050518,7.43,7.5,7.25,7.43,7.45,-0.02,-0.27,5435.59,3996.152,1.351,2.760706820682068,2.760706820682068,2.7867161716171616,2.6938256325632564
600423.SH,20050519,7.46,7.47,7.06,7.19,7.43,-0.24,-3.23,8346.7,5998.398,1.351,2.671531903190319,2.7718536853685367,2.775569306930693,2.623228822882288
600423.SH,20050520,7.11,7.23,7.0,7.08,7.19,-0.11,-1.53,5409.18,3859.858,1.351,2.6306600660066004,2.641806930693069,2.686394389438944,2.600935093509351
600423.SH,20050523,7.01,7.01,6.87,6.89,7.08,-0.19,-2.68,6967.07,4827.288,1.351,2.5600632563256323,2.604650715071507,2.604650715071507,2.55263201320132
600423.SH,20050524,6.85,6.95,6.74,6.89,6.89,0.0,0.0,5221.29,3579.799,1.351,2.5600632563256323,2.5452007700770074,2.5823569856985698,2.5043289328932894
600423.SH,20050525,6.85,6.97,6.8,6.9,6.89,0.01,0.15,5197.24,3584.746,1.351,2.563778877887789,2.5452007700770074,2.5897882288228824,2.5266226622662264
600423.SH,20050526,6.82,6.95,6.44,6.48,6.9,-0.42,-6.09,13124.42,8665.415,1.351,2.407722772277228,2.534053905390539,2.5823569856985698,2.392860286028603
600423.SH,20050527,6.5,6.55,6.26,6.3,6.48,-0.18,-2.78,8733.63,5515.329,1.351,2.340841584158416,2.41515401540154,2.433732123212321,2.3259790979097907
600423.SH,20050530,6.25,6.33,6.08,6.31,6.3,0.01,0.16,4652.56,2888.305,1.351,2.344557205720572,2.322263476347634,2.351988448844885,2.2590979097909787
600423.SH,20050531,6.3,6.42,6.27,6.31,6.31,0.0,0.0,6053.88,3850.712,1.351,2.344557205720572,2.340841584158416,2.3854290429042906,2.329694719471948
600423.SH,20050601,6.32,6.33,5.86,5.86,6.31,-0.45,-7.13,6579.0,3971.505,1.351,2.1773542354235427,2.348272827282728,2.351988448844885,2.1773542354235427
600423.SH,20050602,5.84,6.03,5.76,5.89,5.86,0.03,0.51,9486.08,5570.123,1.351,2.1885011001100105,2.1699229922992296,2.240519801980198,2.14019801980198
600423.SH,20050603,5.82,6.03,5.75,5.97,5.89,0.08,1.36,5265.64,3119.453,1.351,2.2182260726072607,2.1624917491749174,2.240519801980198,2.136482398239824
600423.SH,20050606,6.0,6.4,5.86,6.3,5.97,0.33,5.53,7324.68,4532.649,1.351,2.340841584158416,2.229372937293729,2.377997799779978,2.1773542354235427
600423.SH,20050607,6.3,6.4,6.07,6.16,6.3,-0.14,-2.22,14103.4,8826.195,1.351,2.288822882288229,2.340841584158416,2.377997799779978,2.255382288228823
600423.SH,20050608,6.1,6.78,6.1,6.77,6.16,0.61,9.9,28699.24,19082.329,1.351,2.5154757975797577,2.266529152915292,2.519191419141914,2.266529152915292
600423.SH,20050609,6.76,6.98,6.65,6.7,6.77,-0.07,-1.03,29215.23,19697.056,1.351,2.4894664466446645,2.5117601760176016,2.5935038503850385,2.470888338833883
600423.SH,20050610,6.7,6.7,6.43,6.48,6.7,-0.22,-3.28,15388.58,10018.063,1.351,2.407722772277228,2.4894664466446645,2.4894664466446645,2.3891446644664467
600423.SH,20050613,6.49,6.6,6.36,6.5,6.48,0.02,0.31,7571.88,4875.302,1.351,2.41515401540154,2.411438393839384,2.4523102310231017,2.363135313531353
600423.SH,20050614,6.49,6.56,6.38,6.39,6.5,-0.11,-1.69,5946.53,3840.84,1.351,2.374282178217822,2.411438393839384,2.4374477447744773,2.3705665566556653
600423.SH,20050615,6.32,6.33,6.01,6.24,6.39,-0.15,-2.35,9654.41,5900.199,1.351,2.3185478547854785,2.348272827282728,2.351988448844885,2.233088558855885
600423.SH,20050616,6.18,6.49,6.12,6.4,6.24,0.16,2.56,10084.86,6396.476,1.351,2.377997799779978,2.296254125412541,2.411438393839384,2.273960396039604
600423.SH,20050617,6.36,6.4,6.24,6.28,6.4,-0.12,-1.88,5967.7,3757.886,1.351,2.3334103410341034,2.363135313531353,2.377997799779978,2.3185478547854785
600423.SH,20050620,6.18,6.75,6.15,6.61,6.28,0.33,5.25,12234.02,8011.899,1.351,2.4560258525852587,2.296254125412541,2.508044554455445,2.2851072607260727
600423.SH,20050621,6.64,6.95,6.58,6.78,6.61,0.17,2.57,27220.39,18458.117,1.351,2.519191419141914,2.467172717271727,2.5823569856985698,2.44487898789879
600423.SH,20050622,6.75,6.92,6.66,6.88,6.78,0.1,1.47,13510.2,9249.485,1.351,2.556347634763476,2.508044554455445,2.571210121012101,2.4746039603960392
600423.SH,20050623,6.8,6.9,6.7,6.71,6.88,-0.17,-2.47,6116.1,4143.569,1.351,2.4931820682068206,2.5266226622662264,2.563778877887789,2.4894664466446645
600423.SH,20050624,6.69,6.85,6.64,6.77,6.71,0.06,0.89,3243.2,2183.664,1.351,2.5154757975797577,2.485750825082508,2.5452007700770074,2.467172717271727
600423.SH,20050627,6.79,7.06,6.79,6.91,6.77,0.14,2.07,9016.81,6284.985,1.351,2.567494499449945,2.5229070407040703,2.623228822882288,2.5229070407040703
600423.SH,20050628,6.8,6.83,6.73,6.76,6.91,-0.15,-2.17,4297.62,2908.458,1.351,2.5117601760176016,2.5266226622662264,2.537769526952695,2.5006133113311333
600423.SH,20050629,6.76,6.9,6.76,6.86,6.76,0.1,1.48,6642.61,4542.413,1.351,2.548916391639164,2.5117601760176016,2.563778877887789,2.5117601760176016
600423.SH,20050630,6.85,6.85,6.64,6.65,6.86,-0.21,-3.06,7230.09,4849.189,1.351,2.470888338833883,2.5452007700770074,2.5452007700770074,2.467172717271727
600423.SH,20050701,6.6,6.6,6.28,6.3,6.65,-0.35,-5.26,5102.7,3302.613,1.351,2.340841584158416,2.4523102310231017,2.4523102310231017,2.3334103410341034
600423.SH,20050704,6.25,6.31,6.18,6.3,6.3,0.0,0.0,5240.1,3266.102,1.351,2.340841584158416,2.322263476347634,2.344557205720572,2.296254125412541
600423.SH,20050705,6.27,6.3,6.22,6.25,6.3,-0.05,-0.79,2545.3,1593.949,1.351,2.322263476347634,2.329694719471948,2.340841584158416,2.311116611661166
600423.SH,20050706,6.35,6.35,6.23,6.3,6.25,0.05,0.8,2395.79,1504.261,1.351,2.340841584158416,2.3594196919691965,2.3594196919691965,2.3148322332233224
600423.SH,20050707,6.3,6.36,6.24,6.3,6.3,0.0,0.0,2419.6,1519.325,1.351,2.340841584158416,2.340841584158416,2.363135313531353,2.3185478547854785
600423.SH,20050708,6.31,6.31,6.05,6.12,6.3,-0.18,-2.86,2659.5,1637.009,1.351,2.273960396039604,2.344557205720572,2.344557205720572,2.24795104510451
600423.SH,20050711,6.73,6.73,5.91,6.14,6.12,0.02,0.33,5532.58,3415.723,1.351,2.281391639163916,2.5006133113311333,2.5006133113311333,2.195932343234324
600423.SH,20050712,6.1,6.41,6.07,6.38,6.14,0.24,3.91,5734.51,3591.298,1.351,2.3705665566556653,2.266529152915292,2.381713421342134,2.255382288228823
600423.SH,20050713,6.28,6.48,6.25,6.35,6.38,-0.03,-0.47,5858.5,3742.736,1.351,2.3594196919691965,2.3334103410341034,2.407722772277228,2.322263476347634
600423.SH,20050714,6.28,6.45,6.28,6.4,6.35,0.05,0.79,4288.21,2746.923,1.351,2.377997799779978,2.3334103410341034,2.39657590759076,2.3334103410341034
600423.SH,20050715,6.46,6.54,6.36,6.53,6.4,0.13,2.03,8453.88,5456.841,1.351,2.4263008800880086,2.4002915291529154,2.430016501650165,2.363135313531353
600423.SH,20050718,6.54,6.56,6.35,6.46,6.53,-0.07,-1.07,8705.4,5614.202,1.351,2.4002915291529154,2.430016501650165,2.4374477447744773,2.3594196919691965
600423.SH,20050719,6.45,6.62,6.38,6.62,6.46,0.16,2.48,4208.91,2737.411,1.351,2.4597414741474144,2.39657590759076,2.4597414741474144,2.3705665566556653
600423.SH,20050720,6.47,6.8,6.47,6.68,6.62,0.06,0.91,3496.8,2330.957,1.351,2.482035203520352,2.404007150715071,2.5266226622662264,2.404007150715071
600423.SH,20050721,6.68,6.71,6.4,6.51,6.68,-0.17,-2.54,9269.1,6026.938,1.351,2.418869636963696,2.482035203520352,2.4931820682068206,2.377997799779978
600423.SH,20050722,6.51,6.7,6.47,6.58,6.51,0.07,1.08,10402.63,6832.927,1.351,2.44487898789879,2.418869636963696,2.4894664466446645,2.404007150715071
600423.SH,20050725,6.55,6.85,6.53,6.71,6.58,0.13,1.98,3103.68,2088.456,1.351,2.4931820682068206,2.433732123212321,2.5452007700770074,2.4263008800880086
600423.SH,20050726,6.71,6.89,6.7,6.89,6.71,0.18,2.68,5612.02,3840.05,1.351,2.5600632563256323,2.4931820682068206,2.5600632563256323,2.4894664466446645
600423.SH,20050727,6.86,7.01,6.86,7.0,6.89,0.11,1.6,10622.9,7364.237,1.351,2.600935093509351,2.548916391639164,2.604650715071507,2.548916391639164
600423.SH,20050728,7.03,7.03,6.87,7.0,7.0,0.0,0.0,5066.24,3536.487,1.351,2.600935093509351,2.6120819581958195,2.6120819581958195,2.55263201320132
600423.SH,20050729,6.96,6.99,6.86,6.95,7.0,-0.05,-0.71,3773.06,2614.719,1.351,2.5823569856985698,2.586072607260726,2.5972194719471946,2.548916391639164
600423.SH,20050801,6.9,7.02,6.9,6.97,6.95,0.02,0.29,2185.7,1518.529,1.351,2.5897882288228824,2.563778877887789,2.608366336633663,2.563778877887789
600423.SH,20050802,6.95,7.02,6.91,7.02,6.97,0.05,0.72,2712.66,1890.583,1.351,2.608366336633663,2.5823569856985698,2.608366336633663,2.567494499449945
600423.SH,20050803,7.0,7.15,6.97,7.1,7.02,0.08,1.14,6716.25,4735.686,1.351,2.6380913091309126,2.600935093509351,2.6566694169416945,2.5897882288228824
600423.SH,20050804,7.1,7.4,7.06,7.1,7.1,0.0,0.0,4806.38,3469.844,1.351,2.6380913091309126,2.6380913091309126,2.7495599559956,2.623228822882288
600423.SH,20050805,7.11,7.35,7.05,7.32,7.1,0.22,3.1,4617.33,3331.185,1.351,2.719834983498349,2.641806930693069,2.7309818481848183,2.619513201320132
600423.SH,20050808,7.48,7.58,7.36,7.44,7.32,0.12,1.64,17820.02,13319.45,1.351,2.764422442244224,2.7792849284928494,2.816441144114412,2.734697469746975
600423.SH,20050809,7.43,7.53,7.38,7.5,7.44,0.06,0.81,9065.54,6736.868,1.351,2.7867161716171616,2.760706820682068,2.7978630363036303,2.742128712871287
600423.SH,20050810,7.46,7.58,7.43,7.55,7.5,0.05,0.67,6601.87,4956.014,1.351,2.8052942794279425,2.7718536853685367,2.816441144114412,2.760706820682068
600423.SH,20050811,7.58,7.78,7.52,7.78,7.55,0.23,3.05,7639.35,5844.954,1.351,2.890753575357536,2.816441144114412,2.890753575357536,2.7941474147414738
600423.SH,20050812,7.76,7.76,7.64,7.7,7.78,-0.08,-1.03,6685.13,5141.95,1.351,2.861028602860286,2.883322332233224,2.883322332233224,2.8387348734873483
600423.SH,20050815,7.7,7.94,7.67,7.89,7.7,0.19,2.47,11725.85,9102.97,1.351,2.931625412541254,2.861028602860286,2.950203520352036,2.849881738173817
600423.SH,20050816,7.89,8.0,7.65,7.74,7.89,-0.15,-1.9,8350.48,6492.939,1.351,2.8758910891089107,2.931625412541254,2.9724972497249724,2.842450495049505
600423.SH,20050817,7.68,7.8,7.33,7.75,7.74,0.01,0.13,4933.3,3766.485,1.351,2.879606710671067,2.853597359735973,2.898184818481848,2.723550605060506
600423.SH,20050818,7.8,7.85,7.42,7.46,7.75,-0.29,-3.74,16203.76,12277.095,1.351,2.7718536853685367,2.898184818481848,2.916762926292629,2.756991199119912
600423.SH,20050819,7.42,7.6,7.35,7.5,7.46,0.04,0.54,5137.09,3845.529,1.351,2.7867161716171616,2.756991199119912,2.823872387238724,2.7309818481848183
600423.SH,20050822,7.42,7.6,7.42,7.59,7.5,0.09,1.2,2013.4,1523.241,1.351,2.820156765676568,2.756991199119912,2.823872387238724,2.756991199119912
600423.SH,20050823,7.6,7.6,7.33,7.34,7.59,-0.25,-3.29,7408.54,5463.361,1.351,2.727266226622662,2.823872387238724,2.823872387238724,2.723550605060506
600423.SH,20050824,7.36,7.49,7.36,7.42,7.34,0.08,1.09,4376.31,3254.99,1.351,2.756991199119912,2.734697469746975,2.783000550055005,2.734697469746975
600423.SH,20050825,7.4,7.53,7.4,7.52,7.42,0.1,1.35,2790.15,2089.419,1.351,2.7941474147414738,2.7495599559956,2.7978630363036303,2.7495599559956
600423.SH,20050826,7.6,7.8,7.46,7.79,7.52,0.27,3.59,11204.25,8629.338,1.351,2.894469196919692,2.823872387238724,2.898184818481848,2.7718536853685367
600423.SH,20050829,7.82,7.83,7.7,7.76,7.79,-0.03,-0.39,5388.17,4181.22,1.351,2.883322332233224,2.905616061606161,2.9093316831683165,2.861028602860286
600423.SH,20050830,7.75,7.82,7.53,7.75,7.76,-0.01,-0.13,3337.5,2591.19,1.351,2.879606710671067,2.879606710671067,2.905616061606161,2.7978630363036303
600423.SH,20050831,7.66,7.79,7.6,7.68,7.75,-0.07,-0.9,6145.75,4727.122,1.351,2.853597359735973,2.8461661166116614,2.894469196919692,2.823872387238724
600423.SH,20050901,7.7,7.9,7.69,7.9,7.68,0.22,2.86,15985.25,12418.336,1.351,2.9353410341034105,2.861028602860286,2.9353410341034105,2.85731298129813
600423.SH,20050902,7.9,7.95,7.79,7.91,7.9,0.01,0.13,6120.28,4802.127,1.351,2.9390566556655666,2.9353410341034105,2.9539191419141915,2.894469196919692
600423.SH,20050905,7.94,7.94,7.87,7.9,7.91,-0.01,-0.13,3487.45,2757.436,1.351,2.9353410341034105,2.950203520352036,2.950203520352036,2.9241941694169418
600423.SH,20050906,7.89,8.05,7.58,7.66,7.9,-0.24,-3.04,5668.2,4479.977,1.351,2.8461661166116614,2.931625412541254,2.991075357535754,2.816441144114412
600423.SH,20050907,7.6,7.89,7.6,7.83,7.66,0.17,2.22,3980.1,3098.09,1.351,2.9093316831683165,2.823872387238724,2.931625412541254,2.823872387238724
600423.SH,20050908,7.85,7.96,7.83,7.9,7.83,0.07,0.89,4707.18,3717.403,1.351,2.9353410341034105,2.916762926292629,2.957634763476347,2.9093316831683165
600423.SH,20050909,7.85,8.06,7.85,7.96,7.9,0.06,0.76,13293.5,10615.215,1.351,2.957634763476347,2.916762926292629,2.99479097909791,2.916762926292629
600423.SH,20050912,8.0,8.0,7.68,7.75,7.96,-0.21,-2.64,6329.12,4934.803,1.351,2.879606710671067,2.9724972497249724,2.9724972497249724,2.853597359735973
600423.SH,20050913,7.72,7.85,7.71,7.84,7.75,0.09,1.16,3731.2,2902.948,1.351,2.913047304730473,2.8684598459845985,2.916762926292629,2.864744224422442
600423.SH,20050914,7.85,7.95,7.75,7.8,7.84,-0.04,-0.51,5383.97,4205.965,1.351,2.898184818481848,2.916762926292629,2.9539191419141915,2.879606710671067
600423.SH,20050915,7.82,7.85,7.7,7.85,7.8,0.05,0.64,6257.84,4865.246,1.351,2.916762926292629,2.905616061606161,2.916762926292629,2.861028602860286
600423.SH,20050916,7.86,7.94,7.8,7.93,7.85,0.08,1.02,6013.4,4739.518,1.351,2.9464878987898784,2.920478547854785,2.950203520352036,2.898184818481848
600423.SH,20050929,7.65,7.76,7.33,7.7,7.93,-0.23,-2.9,9906.95,7605.736,1.351,2.861028602860286,2.842450495049505,2.883322332233224,2.723550605060506
600423.SH,20050930,7.6,7.63,7.45,7.56,7.7,-0.14,-1.82,4912.85,3713.979,1.351,2.8090099009900986,2.823872387238724,2.8350192519251927,2.7681380638063806
600423.SH,20051010,7.56,7.56,7.33,7.45,7.56,-0.11,-1.46,6478.15,4789.63,1.351,2.7681380638063806,2.8090099009900986,2.8090099009900986,2.723550605060506
600423.SH,20051011,7.45,7.6,7.44,7.57,7.45,0.12,1.61,2401.9,1815.722,1.351,2.812725522552255,2.7681380638063806,2.823872387238724,2.764422442244224
600423.SH,20051012,7.58,7.7,7.41,7.65,7.57,0.08,1.06,2682.3,2030.833,1.351,2.842450495049505,2.816441144114412,2.861028602860286,2.753275577557756
600423.SH,20051013,7.48,8.05,7.48,7.86,7.65,0.21,2.75,17036.17,13425.829,1.351,2.920478547854785,2.7792849284928494,2.991075357535754,2.7792849284928494
600423.SH,20051014,7.79,8.0,7.75,7.89,7.86,0.03,0.38,7846.4,6222.469,1.351,2.931625412541254,2.894469196919692,2.9724972497249724,2.879606710671067
600423.SH,20051017,7.85,7.94,7.46,7.62,7.89,-0.27,-3.42,9051.99,6990.378,1.351,2.831303630363036,2.916762926292629,2.950203520352036,2.7718536853685367
600423.SH,20051103,5.33,5.68,5.33,5.58,7.62,-2.04,-26.77,23385.19,12890.864,1.756,2.6948514851485146,2.574114411441144,2.743146314631463,2.574114411441144
600423.SH,20051104,5.44,5.6,5.44,5.57,5.58,-0.01,-0.18,7281.02,4022.281,1.756,2.69002200220022,2.627238723872387,2.704510451045104,2.627238723872387
600423.SH,20051107,5.55,5.58,5.44,5.56,5.57,-0.01,-0.18,2801.54,1546.113,1.756,2.685192519251925,2.68036303630363,2.6948514851485146,2.627238723872387
600423.SH,20051108,5.58,5.59,5.45,5.52,5.56,-0.04,-0.72,3700.92,2050.621,1.756,2.6658745874587453,2.6948514851485146,2.699680968096809,2.6320682068206818
600423.SH,20051109,5.48,5.7,5.47,5.55,5.52,0.03,0.54,19098.47,10588.379,1.756,2.68036303630363,2.646556655665566,2.7528052805280527,2.6417271727172715
600423.SH,20051110,5.55,5.65,5.15,5.23,5.55,-0.32,-5.77,19961.72,10937.641,1.756,2.525819581958196,2.68036303630363,2.7286578657865785,2.487183718371837
600423.SH,20051111,5.1,5.75,5.06,5.41,5.23,0.18,3.44,15634.42,8306.063,1.756,2.6127502750275027,2.4630363036303624,2.776952695269527,2.443718371837184
600423.SH,20051114,5.4,5.4,5.18,5.25,5.41,-0.16,-2.96,8364.12,4395.976,1.756,2.535478547854785,2.607920792079208,2.607920792079208,2.501672167216721
600423.SH,20051115,5.2,5.36,5.15,5.21,5.25,-0.04,-0.76,14853.14,7787.171,1.756,2.516160616061606,2.5113311331133112,2.5886028602860285,2.487183718371837
600423.SH,20051116,5.1,5.27,5.1,5.22,5.21,0.01,0.19,10950.2,5707.921,1.756,2.520990099009901,2.4630363036303624,2.5451375137513748,2.4630363036303624
600423.SH,20051117,5.22,5.24,5.09,5.13,5.22,-0.09,-1.72,8248.48,4246.24,1.756,2.477524752475248,2.520990099009901,2.5306490649064903,2.458206820682068
600423.SH,20051118,5.15,5.48,5.13,5.41,5.13,0.28,5.46,18561.26,9883.998,1.756,2.6127502750275027,2.487183718371837,2.646556655665566,2.477524752475248
600423.SH,20051121,5.39,5.49,5.36,5.42,5.41,0.01,0.18,11198.46,6066.465,1.756,2.6175797579757973,2.6030913091309125,2.6513861386138613,2.5886028602860285
600423.SH,20051122,5.42,5.42,5.3,5.32,5.42,-0.1,-1.85,4206.2,2251.687,1.756,2.5692849284928494,2.6175797579757973,2.6175797579757973,2.559625962596259
600423.SH,20051123,5.31,5.36,5.24,5.33,5.32,0.01,0.19,2280.12,1212.019,1.756,2.574114411441144,2.564455445544554,2.5886028602860285,2.5306490649064903
600423.SH,20051124,5.31,5.5,5.3,5.38,5.33,0.05,0.94,3833.28,2058.151,1.756,2.598261826182618,2.564455445544554,2.656215621562156,2.559625962596259
600423.SH,20051125,5.38,5.41,5.31,5.4,5.38,0.02,0.37,3989.02,2150.475,1.756,2.607920792079208,2.598261826182618,2.6127502750275027,2.564455445544554
600423.SH,20051128,5.4,5.47,5.35,5.39,5.4,-0.01,-0.19,2381.8,1284.116,1.756,2.6030913091309125,2.607920792079208,2.6417271727172715,2.5837733773377334
600423.SH,20051129,5.35,5.4,5.28,5.29,5.39,-0.1,-1.86,4641.28,2473.475,1.756,2.5547964796479645,2.5837733773377334,2.607920792079208,2.54996699669967
600423.SH,20051130,5.27,5.27,5.15,5.27,5.29,-0.02,-0.38,5428.8,2822.465,1.756,2.5451375137513748,2.5451375137513748,2.5451375137513748,2.487183718371837
600423.SH,20051201,5.2,5.29,5.2,5.25,5.27,-0.02,-0.38,2281.32,1194.198,1.756,2.535478547854785,2.5113311331133112,2.5547964796479645,2.5113311331133112
600423.SH,20051202,5.25,5.25,5.18,5.21,5.25,-0.04,-0.76,1691.81,881.955,1.756,2.516160616061606,2.535478547854785,2.535478547854785,2.501672167216721
600423.SH,20051205,5.19,5.2,5.07,5.09,5.21,-0.12,-2.3,3111.14,1590.268,1.756,2.458206820682068,2.5065016501650166,2.5113311331133112,2.4485478547854784
600423.SH,20051206,5.04,5.14,5.04,5.06,5.09,-0.03,-0.59,6291.1,3194.924,1.756,2.443718371837184,2.434059405940594,2.482354235423542,2.434059405940594
600423.SH,20051207,5.09,5.15,5.06,5.12,5.06,0.06,1.19,4521.37,2304.624,1.756,2.4726952695269526,2.458206820682068,2.487183718371837,2.443718371837184
600423.SH,20051208,5.12,5.18,5.11,5.16,5.12,0.04,0.78,5007.13,2577.257,1.756,2.492013201320132,2.4726952695269526,2.501672167216721,2.467865786578658
600423.SH,20051209,5.14,5.29,5.14,5.27,5.16,0.11,2.13,20302.53,10605.626,1.756,2.5451375137513748,2.482354235423542,2.5547964796479645,2.482354235423542
600423.SH,20051212,5.26,5.31,5.23,5.27,5.27,0.0,0.0,9708.28,5117.683,1.756,2.5451375137513748,2.54030803080308,2.564455445544554,2.525819581958196
600423.SH,20051213,5.28,5.39,5.2,5.38,5.27,0.11,2.09,6499.34,3439.125,1.756,2.598261826182618,2.54996699669967,2.6030913091309125,2.5113311331133112
600423.SH,20051214,5.38,5.42,5.31,5.38,5.38,0.0,0.0,8128.51,4370.813,1.756,2.598261826182618,2.598261826182618,2.6175797579757973,2.564455445544554
600423.SH,20051215,5.39,5.45,5.3,5.34,5.38,-0.04,-0.74,13585.59,7314.069,1.756,2.5789438943894387,2.6030913091309125,2.6320682068206818,2.559625962596259
600423.SH,20051216,5.32,5.41,5.23,5.37,5.34,0.03,0.56,10067.91,5324.053,1.756,2.593432343234323,2.5692849284928494,2.6127502750275027,2.525819581958196
600423.SH,20051219,5.33,5.35,5.28,5.31,5.37,-0.06,-1.12,7543.19,4005.247,1.756,2.564455445544554,2.574114411441144,2.5837733773377334,2.54996699669967
600423.SH,20051220,5.31,5.37,5.23,5.27,5.31,-0.04,-0.75,8519.2,4489.421,1.756,2.5451375137513748,2.564455445544554,2.593432343234323,2.525819581958196
600423.SH,20051221,5.27,5.3,5.19,5.22,5.27,-0.05,-0.95,7625.67,3992.357,1.756,2.520990099009901,2.5451375137513748,2.559625962596259,2.5065016501650166
600423.SH,20051222,5.18,5.3,5.18,5.3,5.22,0.08,1.53,6141.69,3213.262,1.756,2.559625962596259,2.501672167216721,2.559625962596259,2.501672167216721
600423.SH,20051223,5.3,5.51,5.25,5.49,5.3,0.19,3.58,17807.85,9641.679,1.756,2.6513861386138613,2.559625962596259,2.6610451045104506,2.535478547854785
600423.SH,20051226,5.5,5.6,5.45,5.54,5.49,0.05,0.91,23061.98,12778.086,1.756,2.6755335533553355,2.656215621562156,2.704510451045104,2.6320682068206818
600423.SH,20051227,5.55,5.59,5.46,5.56,5.54,0.02,0.36,9705.55,5367.216,1.756,2.685192519251925,2.68036303630363,2.699680968096809,2.6368976897689764
600423.SH,20051228,5.52,5.7,5.52,5.68,5.56,0.12,2.16,16419.89,9253.349,1.756,2.743146314631463,2.6658745874587453,2.7528052805280527,2.6658745874587453
600423.SH,20051229,5.69,5.75,5.62,5.71,5.68,0.03,0.53,17147.39,9756.653,1.756,2.7576347634763474,2.747975797579758,2.776952695269527,2.714169416941694
600423.SH,20051230,5.72,5.75,5.63,5.66,5.71,-0.05,-0.88,14379.53,8170.035,1.756,2.733487348734873,2.762464246424642,2.776952695269527,2.7189988998899888
600423.SH,20060104,5.66,5.87,5.63,5.86,5.66,0.2,3.53,20321.98,11653.792,1.756,2.83007700770077,2.733487348734873,2.8349064906490646,2.7189988998899888
600423.SH,20060105,5.86,5.91,5.78,5.87,5.86,0.01,0.17,15501.81,9064.039,1.756,2.8349064906490646,2.83007700770077,2.854224422442244,2.791441144114412
600423.SH,20060106,5.87,5.97,5.76,5.9,5.87,0.03,0.51,16571.59,9711.111,1.756,2.849394939493949,2.8349064906490646,2.883201320132013,2.7817821782178216
600423.SH,20060109,5.92,5.93,5.84,5.9,5.9,0.0,0.0,21331.25,12535.26,1.756,2.849394939493949,2.859053905390539,2.863883388338833,2.82041804180418
600423.SH,20060110,5.92,6.08,5.85,6.05,5.9,0.15,2.54,17200.34,10292.927,1.756,2.921837183718372,2.859053905390539,2.936325632563256,2.825247524752475
600423.SH,20060111,6.03,6.07,5.86,5.91,6.05,-0.14,-2.31,16650.9,9911.956,1.756,2.854224422442244,2.9121782178217823,2.9314961496149614,2.83007700770077
600423.SH,20060112,5.9,6.18,5.86,6.1,5.91,0.19,3.21,22551.45,13680.316,1.756,2.9459845984598454,2.849394939493949,2.9846204620462045,2.83007700770077
600423.SH,20060113,6.08,6.47,6.08,6.4,6.1,0.3,4.92,44124.58,27928.803,1.756,3.090869086908691,2.936325632563256,3.1246754675467545,2.936325632563256
600423.SH,20060116,6.44,6.98,6.36,6.59,6.4,0.19,2.97,40767.57,27162.682,1.756,3.182629262926292,3.11018701870187,3.370979097909791,3.0715511551155115
600423.SH,20060117,6.53,6.68,6.45,6.52,6.59,-0.07,-1.06,29784.31,19470.125,1.756,3.1488228822882283,3.153652365236524,3.226094609460946,3.1150165016501647
600423.SH,20060118,6.5,6.75,6.48,6.72,6.52,0.2,3.07,17129.65,11380.054,1.756,3.245412541254125,3.139163916391639,3.25990099009901,3.1295049504950496
600423.SH,20060119,6.72,7.05,6.72,7.01,6.72,0.29,4.32,34731.87,24112.522,1.756,3.385467546754675,3.245412541254125,3.404785478547854,3.245412541254125
600423.SH,20060120,7.0,7.04,6.8,6.82,7.01,-0.19,-2.71,25691.97,17770.903,1.756,3.293707370737074,3.3806380638063804,3.39995599559956,3.284048404840484
600423.SH,20060123,6.82,6.82,6.51,6.62,6.82,-0.2,-2.93,42223.21,27915.027,1.756,3.197117711771177,3.293707370737074,3.293707370737074,3.1439933993399336
600423.SH,20060124,6.6,6.72,6.24,6.27,6.62,-0.35,-5.29,60790.15,39215.08,1.756,3.0280858085808577,3.187458745874587,3.245412541254125,3.0135973597359733
600423.SH,20060125,6.27,6.46,6.25,6.45,6.27,0.18,2.87,36713.69,23465.633,1.756,3.1150165016501647,3.0280858085808577,3.11984598459846,3.0184268426842684
600423.SH,20060206,6.51,6.79,6.45,6.72,6.45,0.27,4.19,55338.79,36342.677,1.756,3.245412541254125,3.1439933993399336,3.279218921892189,3.1150165016501647
600423.SH,20060207,6.72,6.85,6.61,6.76,6.72,0.04,0.6,49932.49,33594.657,1.756,3.264730473047305,3.245412541254125,3.308195819581958,3.1922882288228824
600423.SH,20060208,6.75,6.75,6.61,6.66,6.76,-0.1,-1.48,28081.81,18658.015,1.756,3.216435643564356,3.25990099009901,3.25990099009901,3.1922882288228824
600423.SH,20060209,6.66,6.66,6.4,6.44,6.66,-0.22,-3.3,36095.82,23572.512,1.756,3.11018701870187,3.216435643564356,3.216435643564356,3.090869086908691
600423.SH,20060210,6.4,6.52,6.38,6.41,6.44,-0.03,-0.47,25850.04,16653.943,1.756,3.0956985698569857,3.090869086908691,3.1488228822882283,3.081210121012101
600423.SH,20060213,6.38,6.53,6.35,6.44,6.41,0.03,0.47,25242.05,16245.14,1.756,3.11018701870187,3.081210121012101,3.153652365236524,3.0667216721672164
600423.SH,20060214,6.44,6.52,6.4,6.41,6.44,-0.03,-0.47,10626.51,6857.283,1.756,3.0956985698569857,3.11018701870187,3.1488228822882283,3.090869086908691
600423.SH,20060215,6.45,6.53,6.36,6.39,6.41,-0.02,-0.31,11035.71,7106.35,1.756,3.086039603960396,3.1150165016501647,3.153652365236524,3.0715511551155115
600423.SH,20060216,6.38,6.43,5.9,5.96,6.39,-0.43,-6.73,30678.14,18714.875,1.756,2.8783718371837184,3.081210121012101,3.105357535753575,2.849394939493949
600423.SH,20060217,5.93,6.07,5.8,5.88,5.96,-0.08,-1.34,28944.61,17066.641,1.756,2.83973597359736,2.863883388338833,2.9314961496149614,2.8011001100110007
600423.SH,20060220,5.87,5.95,5.81,5.85,5.88,-0.03,-0.51,10683.93,6275.412,1.756,2.825247524752475,2.8349064906490646,2.873542354235424,2.805929592959296
600423.SH,20060221,5.85,6.12,5.82,6.1,5.85,0.25,4.27,12763.94,7618.754,1.756,2.9459845984598454,2.825247524752475,2.955643564356436,2.810759075907591
600423.SH,20060222,6.1,6.12,5.96,5.98,6.1,-0.12,-1.97,14935.0,9023.63,1.756,2.888030803080308,2.9459845984598454,2.955643564356436,2.8783718371837184
600423.SH,20060224,5.95,6.08,5.87,5.95,5.98,-0.03,-0.5,15378.31,9152.992,1.756,2.873542354235424,2.873542354235424,2.936325632563256,2.8349064906490646
600423.SH,20060227,5.95,6.08,5.72,5.77,5.95,-0.18,-3.03,21887.53,12790.68,1.756,2.786611661166116,2.873542354235424,2.936325632563256,2.762464246424642
600423.SH,20060228,5.77,5.98,5.76,5.95,5.77,0.18,3.12,14608.12,8583.835,1.756,2.873542354235424,2.786611661166116,2.888030803080308,2.7817821782178216
600423.SH,20060301,5.96,6.3,5.9,6.23,5.95,0.28,4.71,42650.66,26011.416,1.756,3.0087678767876787,2.8783718371837184,3.042574257425742,2.849394939493949
600423.SH,20060302,6.18,6.33,6.0,6.06,6.23,-0.17,-2.73,34864.19,21523.915,1.756,2.9266666666666663,2.9846204620462045,3.057062706270627,2.897689768976897
600423.SH,20060303,6.05,6.1,5.9,5.91,6.06,-0.15,-2.48,24986.98,14946.537,1.756,2.854224422442244,2.921837183718372,2.9459845984598454,2.849394939493949
600423.SH,20060306,5.96,6.09,5.91,5.97,5.91,0.06,1.02,22517.12,13513.829,1.756,2.883201320132013,2.8783718371837184,2.9411551155115507,2.854224422442244
600423.SH,20060307,5.97,6.08,5.93,5.97,5.97,0.0,0.0,29926.38,17938.613,1.756,2.883201320132013,2.883201320132013,2.936325632563256,2.863883388338833
600423.SH,20060308,5.95,6.01,5.81,5.89,5.97,-0.08,-1.34,15009.3,8837.689,1.756,2.844565456545654,2.873542354235424,2.902519251925192,2.805929592959296
600423.SH,20060309,5.86,5.88,5.61,5.85,5.89,-0.04,-0.68,14531.39,8396.77,1.756,2.825247524752475,2.83007700770077,2.83973597359736,2.7093399339933995
600423.SH,20060310,5.8,5.9,5.8,5.85,5.85,0.0,0.0,10053.36,5880.733,1.756,2.825247524752475,2.8011001100110007,2.849394939493949,2.8011001100110007
600423.SH,20060313,5.85,5.95,5.67,5.9,5.85,0.05,0.85,19005.8,10977.708,1.756,2.849394939493949,2.825247524752475,2.873542354235424,2.738316831683168
600423.SH,20060314,5.88,6.26,5.87,6.25,5.9,0.35,5.93,65413.49,40094.109,1.756,3.0184268426842684,2.83973597359736,3.023256325632563,2.8349064906490646
600423.SH,20060315,6.25,6.48,6.2,6.43,6.25,0.18,2.88,59198.52,37743.985,1.756,3.105357535753575,3.0184268426842684,3.1295049504950496,2.9942794279427942
600423.SH,20060316,6.43,6.53,6.39,6.51,6.43,0.08,1.24,39898.98,25838.976,1.756,3.1439933993399336,3.105357535753575,3.153652365236524,3.086039603960396
600423.SH,20060317,6.5,6.54,6.43,6.53,6.51,0.02,0.31,27289.81,17749.287,1.756,3.153652365236524,3.139163916391639,3.1584818481848185,3.105357535753575
600423.SH,20060320,6.5,6.74,6.42,6.69,6.53,0.16,2.45,16878.73,11198.807,1.756,3.230924092409241,3.139163916391639,3.255071507150715,3.1005280528052803
600423.SH,20060321,6.65,6.82,6.65,6.72,6.69,0.03,0.45,39487.07,26649.319,1.756,3.245412541254125,3.211606160616061,3.293707370737074,3.211606160616061
600423.SH,20060322,6.7,6.84,6.53,6.83,6.72,0.11,1.64,32927.05,21997.404,1.756,3.2985368536853685,3.235753575357536,3.303366336633663,3.153652365236524
600423.SH,20060323,6.82,6.88,6.68,6.72,6.83,-0.11,-1.61,20652.09,14004.078,1.756,3.245412541254125,3.293707370737074,3.3226842684268423,3.226094609460946
600423.SH,20060324,6.7,6.73,6.54,6.72,6.72,0.0,0.0,40066.37,26591.939,1.756,3.245412541254125,3.235753575357536,3.25024202420242,3.1584818481848185
600423.SH,20060327,6.69,6.95,6.62,6.95,6.72,0.23,3.42,15021.59,10240.601,1.756,3.3564906490649062,3.230924092409241,3.3564906490649062,3.197117711771177
600423.SH,20060328,6.95,7.47,6.95,7.36,6.95,0.41,5.9,48880.41,35369.184,1.756,3.5544994499449944,3.3564906490649062,3.6076237623762375,3.3564906490649062
600423.SH,20060329,7.35,7.45,7.21,7.35,7.36,-0.01,-0.14,16877.47,12406.177,1.756,3.5496699669967,3.5496699669967,3.597964796479648,3.482057205720572
600423.SH,20060330,7.3,7.32,7.03,7.11,7.35,-0.24,-3.27,21108.63,15132.623,1.756,3.433762376237624,3.525522552255225,3.535181518151816,3.3951265126512653
600423.SH,20060331,7.05,7.46,7.01,7.3,7.11,0.19,2.67,14721.14,10706.514,1.756,3.525522552255225,3.404785478547854,3.602794279427943,3.385467546754675
600423.SH,20060403,7.29,7.46,7.24,7.45,7.3,0.15,2.05,32276.05,23679.112,1.756,3.597964796479648,3.5206930693069305,3.602794279427943,3.4965456545654563
600423.SH,20060404,7.45,7.46,7.25,7.39,7.45,-0.06,-0.81,29885.5,21959.637,1.756,3.568987898789879,3.597964796479648,3.602794279427943,3.5013751375137514
600423.SH,20060405,7.37,7.54,7.3,7.39,7.39,0.0,0.0,17860.63,13206.937,1.756,3.568987898789879,3.559328932893289,3.6414301430143015,3.525522552255225
600423.SH,20060406,7.41,7.51,7.34,7.41,7.39,0.02,0.27,34916.4,25944.369,1.756,3.5786468646864686,3.5786468646864686,3.6269416941694166,3.5448404840484047
600423.SH,20060407,7.41,7.41,7.04,7.07,7.41,-0.34,-4.59,26160.19,18676.219,1.756,3.4144444444444444,3.5786468646864686,3.5786468646864686,3.39995599559956
600423.SH,20060410,7.07,7.28,6.99,7.23,7.07,0.16,2.26,23592.87,16684.217,1.756,3.4917161716171616,3.4144444444444444,3.515863586358636,3.3758085808580858
600423.SH,20060411,7.2,7.2,6.96,7.08,7.23,-0.15,-2.07,37411.06,26375.637,1.756,3.419273927392739,3.477227722772277,3.477227722772277,3.3613201320132013
600423.SH,20060412,7.05,7.05,6.85,6.87,7.08,-0.21,-2.97,24686.17,17091.226,1.756,3.317854785478548,3.404785478547854,3.404785478547854,3.308195819581958
600423.SH,20060413,6.82,6.9,6.52,6.56,6.87,-0.31,-4.51,27764.93,18742.874,1.756,3.168140814081408,3.293707370737074,3.3323432343234325,3.1488228822882283
600423.SH,20060414,6.55,6.78,6.53,6.77,6.56,0.21,3.2,30012.9,19844.498,1.756,3.2695599559955992,3.163311331133113,3.2743894389438943,3.153652365236524
600423.SH,20060417,6.7,6.79,6.65,6.72,6.77,-0.05,-0.74,21671.86,14570.973,1.756,3.245412541254125,3.235753575357536,3.279218921892189,3.211606160616061
600423.SH,20060418,6.73,6.73,6.6,6.67,6.62,0.05,0.76,9126.85,6080.68,1.783,3.270794829482948,3.3002172717271723,3.3002172717271723,3.236468646864686
600423.SH,20060419,6.65,6.79,6.6,6.64,6.67,-0.03,-0.45,27545.67,18411.993,1.783,3.256083608360836,3.260987348734873,3.329639713971397,3.236468646864686
600423.SH,20060420,6.65,6.65,6.2,6.3,6.64,-0.34,-5.12,37913.76,24231.288,1.783,3.089356435643564,3.260987348734873,3.260987348734873,3.0403190319031905
600423.SH,20060421,6.29,6.79,6.13,6.7,6.3,0.4,6.35,46095.78,29594.246,1.783,3.2855060506050604,3.0844526952695266,3.329639713971397,3.005992849284928
600423.SH,20060424,6.65,6.68,6.38,6.49,6.7,-0.21,-3.13,35241.54,22976.703,1.783,3.182527502750274,3.260987348734873,3.2756985698569854,3.128586358635863
600423.SH,20060425,6.48,6.7,6.2,6.61,6.49,0.12,1.85,30959.98,19945.839,1.783,3.2413723872387235,3.177623762376238,3.2855060506050604,3.0403190319031905
600423.SH,20060426,6.58,7.2,6.53,6.81,6.61,0.2,3.03,55781.67,38316.292,1.783,3.339447194719472,3.226661166116612,3.5306930693069307,3.202142464246424
600423.SH,20060427,6.79,6.9,6.66,6.87,6.81,0.06,0.88,33250.43,22632.96,1.783,3.368869636963696,3.329639713971397,3.3835808580858084,3.265891089108911
600423.SH,20060428,6.93,7.17,6.73,7.05,6.87,0.18,2.62,41910.07,29189.708,1.783,3.4571369636963696,3.3982920792079208,3.5159818481848184,3.3002172717271723
600423.SH,20060508,7.06,7.7,7.06,7.54,7.05,0.49,6.95,67771.72,50798.245,1.783,3.697420242024202,3.4620407040704064,3.7758800880088006,3.4620407040704064
600423.SH,20060509,7.51,7.75,7.4,7.5,7.54,-0.04,-0.53,66698.7,50190.557,1.783,3.677805280528052,3.68270902090209,3.800398789878988,3.628767876787679
600423.SH,20060510,7.5,7.52,7.18,7.37,7.5,-0.13,-1.73,51228.72,37691.685,1.783,3.6140566556655664,3.677805280528052,3.687612761276127,3.520885588558856
600423.SH,20060511,7.35,7.8,7.29,7.4,7.37,0.03,0.41,55158.1,41633.6,1.783,3.628767876787679,3.6042491749174914,3.8249174917491744,3.5748267326732672
600423.SH,20060512,7.32,7.52,7.24,7.43,7.4,0.03,0.41,35016.72,25834.371,1.783,3.643479097909791,3.5895379537953795,3.687612761276127,3.5503080308030803
600423.SH,20060515,7.48,7.6,7.07,7.55,7.43,0.12,1.62,83777.9,61009.179,1.783,3.70232398239824,3.667997799779978,3.7268426842684255,3.466944444444444
600423.SH,20060516,7.55,7.99,7.3,7.73,7.55,0.18,2.38,113790.94,87166.906,1.783,3.790591309130914,3.70232398239824,3.918088558855885,3.579730473047304
600423.SH,20060517,7.75,8.0,7.46,7.64,7.73,-0.09,-1.16,59316.77,45838.416,1.783,3.746457645764576,3.800398789878988,3.922992299229923,3.658190319031904
600423.SH,20060518,7.47,8.4,7.45,8.4,7.64,0.76,9.95,102337.95,84088.343,1.783,4.119141914191419,3.66309405940594,4.119141914191419,3.6532865786578657
600423.SH,20060519,8.66,9.24,8.66,9.19,8.4,0.79,9.4,177217.5,161657.331,1.783,4.506537403740373,4.246639163916392,4.531056105610561,4.246639163916392
600423.SH,20060522,9.0,9.53,8.7,9.06,9.19,-0.13,-1.41,58493.37,52825.793,1.783,4.442788778877888,4.413366336633663,4.673264576457645,4.266254125412541
600423.SH,20060523,8.99,9.0,8.22,8.24,9.06,-0.82,-9.05,53944.98,46188.263,1.783,4.04068206820682,4.408462596259626,4.413366336633663,4.0308745874587455
600423.SH,20060524,8.22,8.42,7.5,7.85,8.24,-0.39,-4.73,44063.4,34841.336,1.783,3.8494361936193617,4.0308745874587455,4.128949394939494,3.677805280528052
600423.SH,20060525,7.8,8.29,7.62,8.0,7.85,0.15,1.91,28323.82,22701.286,1.783,3.922992299229923,3.8249174917491744,4.065200770077007,3.736650165016501
600423.SH,20060526,8.1,8.1,7.88,8.07,8.0,0.07,0.88,34318.67,27383.472,1.783,3.957318481848184,3.9720297029702967,3.9720297029702967,3.8641474147414736
600423.SH,20060529,8.05,8.53,8.05,8.5,8.07,0.43,5.33,27189.45,22700.341,1.783,4.168179317931793,3.94751100110011,4.182890539053905,3.94751100110011
600423.SH,20060530,8.5,8.87,8.33,8.78,8.5,0.28,3.29,35597.32,30565.103,1.783,4.30548404840484,4.168179317931793,4.3496177117711765,4.0848157315731575
600423.SH,20060531,8.75,8.93,8.45,8.53,8.78,-0.25,-2.85,39069.77,33915.324,1.783,4.182890539053905,4.290772827282728,4.379040154015401,4.143660616061606
600423.SH,20060601,8.43,8.89,8.4,8.85,8.53,0.32,3.75,37335.95,32464.744,1.783,4.339810231023102,4.13385313531353,4.359425192519252,4.119141914191419
600423.SH,20060602,8.81,9.05,8.51,8.61,8.85,-0.24,-2.71,46514.94,40914.323,1.783,4.222120462046204,4.320195269526953,4.43788503850385,4.17308305830583
600423.SH,20060606,8.66,9.1,8.58,8.8,8.61,0.19,2.21,39527.44,35033.841,1.783,4.315291529152916,4.246639163916392,4.462403740374037,4.207409240924092
600423.SH,20060607,8.75,8.98,8.01,8.15,8.8,-0.65,-7.39,27758.29,23645.886,1.783,3.996548404840484,4.290772827282728,4.4035588558855885,3.92789603960396
600423.SH,20060608,8.09,8.25,7.8,8.15,8.15,0.0,0.0,19800.31,15894.345,1.783,3.996548404840484,3.9671259625962594,4.045585808580858,3.8249174917491744
600423.SH,20060609,8.1,8.24,7.86,7.87,8.15,-0.28,-3.44,14920.06,11927.787,1.783,3.859243674367436,3.9720297029702967,4.04068206820682,3.854339933993399
600423.SH,20060612,7.8,7.99,7.68,7.79,7.87,-0.08,-1.02,10799.32,8475.882,1.783,3.820013751375137,3.8249174917491744,3.918088558855885,3.7660726072607256
600423.SH,20060613,7.79,7.98,7.7,7.92,7.79,0.13,1.67,9268.03,7282.937,1.783,3.883762376237623,3.820013751375137,3.913184818481848,3.7758800880088006
600423.SH,20060614,7.93,8.0,7.5,7.55,7.92,-0.37,-4.67,35486.28,27370.464,1.783,3.70232398239824,3.888666116611661,3.922992299229923,3.677805280528052
600423.SH,20060615,7.6,7.68,7.31,7.44,7.55,-0.11,-1.46,22016.84,16583.728,1.783,3.648382838283829,3.7268426842684255,3.7660726072607256,3.584634213421342
600423.SH,20060616,7.48,7.85,7.44,7.78,7.44,0.34,4.57,14857.22,11477.588,1.783,3.8151100110011,3.667997799779978,3.8494361936193617,3.648382838283829
600423.SH,20060619,7.65,8.13,7.55,8.12,7.78,0.34,4.37,29494.97,23500.071,1.783,3.9818371837183713,3.751361386138614,3.9867409240924094,3.70232398239824
600423.SH,20060620,8.1,8.24,7.98,8.11,8.12,-0.01,-0.12,18384.35,14870.872,1.783,3.9769334433443335,3.9720297029702967,4.04068206820682,3.913184818481848
600423.SH,20060621,8.09,8.49,8.08,8.19,8.11,0.08,0.99,33592.43,27815.51,1.783,4.016163366336633,3.9671259625962594,4.163275577557756,3.962222222222222
600423.SH,20060622,8.22,8.25,8.07,8.22,8.19,0.03,0.37,16581.46,13475.8,1.783,4.0308745874587455,4.0308745874587455,4.045585808580858,3.957318481848184
600423.SH,20060623,8.22,8.4,7.95,8.34,8.22,0.12,1.46,18436.57,15132.694,1.783,4.089719471947195,4.0308745874587455,4.119141914191419,3.898473597359736
600423.SH,20060626,8.38,8.67,8.34,8.63,8.34,0.29,3.48,20003.4,17187.851,1.783,4.23192794279428,4.109334433443344,4.251542904290428,4.089719471947195
600423.SH,20060627,8.78,8.79,8.42,8.6,8.63,-0.03,-0.35,21360.01,18377.064,1.783,4.217216721672167,4.30548404840484,4.310387788778877,4.128949394939494
600423.SH,20060628,8.65,8.65,8.48,8.51,8.6,-0.09,-1.05,15830.31,13532.061,1.783,4.17308305830583,4.241735423542354,4.241735423542354,4.158371837183719
600423.SH,20060629,8.53,8.75,8.53,8.71,8.51,0.2,2.35,25652.2,22175.021,1.783,4.271157865786579,4.182890539053905,4.290772827282728,4.182890539053905
600423.SH,20060630,8.75,8.75,8.36,8.4,8.71,-0.31,-3.56,41894.18,35655.668,1.783,4.119141914191419,4.290772827282728,4.290772827282728,4.0995269526952685
600423.SH,20060703,8.4,8.46,8.18,8.39,8.4,-0.01,-0.12,69439.82,57575.633,1.783,4.114238173817381,4.119141914191419,4.148564356435644,4.011259625962596
600423.SH,20060704,8.39,8.77,8.39,8.67,8.39,0.28,3.34,50441.29,43411.844,1.783,4.251542904290428,4.114238173817381,4.300580308030803,4.114238173817381
600423.SH,20060705,8.69,8.96,8.47,8.91,8.67,0.24,2.77,56141.0,49372.853,1.783,4.369232673267327,4.261350385038504,4.393751375137514,4.15346809680968
600423.SH,20060706,8.95,9.46,8.84,9.32,8.91,0.41,4.6,58625.76,54159.743,1.783,4.570286028602861,4.388847634763476,4.638938393839384,4.334906490649065
600423.SH,20060707,9.3,9.87,9.3,9.63,9.32,0.31,3.33,46972.31,45180.139,1.783,4.72230198019802,4.560478547854785,4.839991749174917,4.560478547854785
600423.SH,20060710,9.65,9.7,9.32,9.59,9.63,-0.04,-0.42,22755.26,21621.698,1.783,4.702687018701869,4.732109460946095,4.7566281628162805,4.570286028602861
600423.SH,20060711,9.58,9.58,9.1,9.28,9.59,-0.31,-3.23,33923.94,31405.629,1.783,4.55067106710671,4.697783278327832,4.697783278327832,4.462403740374037
600423.SH,20060712,9.25,9.63,9.2,9.22,9.28,-0.06,-0.65,40775.77,38386.172,1.783,4.521248624862486,4.535959845984599,4.72230198019802,4.511441144114411
600423.SH,20060713,9.18,9.38,8.52,8.82,9.22,-0.4,-4.34,49379.05,44023.62,1.783,4.32509900990099,4.501633663366336,4.599708470847085,4.177986798679868
600423.SH,20060714,8.68,9.45,8.61,9.32,8.82,0.5,5.67,63025.48,57767.637,1.783,4.570286028602861,4.256446644664466,4.634034653465346,4.222120462046204
600423.SH,20060717,9.26,10.25,9.26,10.25,9.32,0.93,9.98,82652.48,81900.773,1.783,5.026333883388339,4.540863586358635,5.026333883388339,4.540863586358635
600423.SH,20060718,10.2,10.26,9.86,9.96,10.25,-0.29,-2.83,50281.62,50487.704,1.783,4.884125412541255,5.001815181518151,5.031237623762376,4.835088008800879
600423.SH,20060719,9.96,10.88,9.85,10.21,9.96,0.25,2.51,88634.13,92159.688,1.783,5.0067189218921895,4.884125412541255,5.335269526952695,4.830184268426842
600423.SH,20060720,10.15,10.5,10.05,10.2,10.21,-0.01,-0.1,28837.37,29608.129,1.783,5.001815181518151,4.977296479647964,5.148927392739274,4.928259075907591
600423.SH,20060721,10.2,10.32,9.65,9.98,10.2,-0.22,-2.16,34096.34,33780.037,1.783,4.893932893289328,5.001815181518151,5.060660066006601,4.732109460946095
600423.SH,20060724,9.61,9.97,9.61,9.83,9.98,-0.15,-1.5,19032.4,18573.861,1.783,4.820376787678767,4.712494499449944,4.889029152915292,4.712494499449944
600423.SH,20060726,9.98,10.49,9.85,10.24,9.83,0.41,4.17,34178.34,34821.842,1.783,5.0214301430143005,4.893932893289328,5.144023652365236,4.830184268426842
600423.SH,20060727,10.23,10.38,10.1,10.32,10.24,0.08,0.78,49910.52,50953.644,1.783,5.060660066006601,5.016526402640263,5.090082508250824,4.9527777777777775
600423.SH,20060728,10.11,10.15,9.5,10.06,10.32,-0.26,-2.52,53015.56,52358.619,1.783,4.9331628162816274,4.957681518151815,4.977296479647964,4.658553355335533
600423.SH,20060731,10.1,10.69,9.65,9.69,10.06,-0.37,-3.68,47502.13,48555.892,1.783,4.751724422442243,4.9527777777777775,5.242098459845984,4.732109460946095
600423.SH,20060801,9.71,9.94,9.25,9.27,9.69,-0.42,-4.33,13944.83,13111.013,1.783,4.545767326732673,4.76153190319032,4.874317931793179,4.535959845984599
600423.SH,20060802,9.35,9.39,8.8,9.23,9.27,-0.04,-0.43,19865.32,17885.644,1.783,4.526152365236523,4.584997249724972,4.604612211221122,4.315291529152916
600423.SH,20060803,9.1,9.2,8.9,9.11,9.23,-0.12,-1.3,5759.24,5210.855,1.783,4.467307480748074,4.462403740374037,4.511441144114411,4.364328932893289
600423.SH,20060804,9.13,9.37,9.0,9.04,9.11,-0.07,-0.77,12734.0,11686.86,1.783,4.432981298129812,4.47711496149615,4.594804730473046,4.413366336633663
600423.SH,20060807,9.01,9.25,8.81,9.13,9.04,0.09,1.0,10640.24,9638.587,1.783,4.47711496149615,4.4182700770077,4.535959845984599,4.320195269526953
600423.SH,20060808,9.25,9.37,9.15,9.29,9.13,0.16,1.75,20878.35,19296.798,1.783,4.555574807480747,4.535959845984599,4.594804730473046,4.486922442244224
600423.SH,20060809,9.34,9.36,8.85,9.12,9.29,-0.17,-1.83,18878.24,17165.001,1.783,4.472211221122112,4.580093509350935,4.589900990099009,4.339810231023102
600423.SH,20060810,9.1,9.2,8.97,8.98,9.12,-0.14,-1.54,13869.67,12551.349,1.783,4.4035588558855885,4.462403740374037,4.511441144114411,4.398655115511551
600423.SH,20060811,9.03,9.13,8.98,9.01,8.98,0.03,0.33,12127.17,10969.74,1.783,4.4182700770077,4.428077557755775,4.47711496149615,4.4035588558855885
600423.SH,20060814,9.04,9.36,8.98,9.06,9.01,0.05,0.55,13886.61,12728.498,1.783,4.442788778877888,4.432981298129812,4.589900990099009,4.4035588558855885
600423.SH,20060815,9.14,9.97,8.77,9.36,9.06,0.3,3.31,14120.0,12688.069,1.783,4.589900990099009,4.482018701870187,4.889029152915292,4.300580308030803
600423.SH,20060816,9.16,9.38,9.1,9.28,9.36,-0.08,-0.85,16296.15,15039.158,1.783,4.55067106710671,4.4918261826182615,4.599708470847085,4.462403740374037
600423.SH,20060817,9.18,9.22,8.96,9.2,9.28,-0.08,-0.86,7832.69,7130.591,1.783,4.511441144114411,4.501633663366336,4.521248624862486,4.393751375137514
600423.SH,20060818,9.1,9.27,9.06,9.25,9.2,0.05,0.54,7138.07,6557.888,1.783,4.535959845984599,4.462403740374037,4.545767326732673,4.442788778877888
600423.SH,20060821,8.99,9.15,8.78,9.07,9.25,-0.18,-1.95,21428.27,19147.375,1.783,4.447692519251925,4.408462596259626,4.486922442244224,4.30548404840484
600423.SH,20060822,9.14,9.25,8.99,9.01,9.07,-0.06,-0.66,16085.8,14572.035,1.783,4.4182700770077,4.482018701870187,4.535959845984599,4.408462596259626
600423.SH,20060823,9.0,9.07,8.78,9.04,9.01,0.03,0.33,31580.23,28016.797,1.783,4.432981298129812,4.413366336633663,4.447692519251925,4.30548404840484
600423.SH,20060824,8.93,9.15,8.83,8.95,9.04,-0.09,-1.0,11835.79,10662.185,1.783,4.388847634763476,4.379040154015401,4.486922442244224,4.330002750275027
600423.SH,20060825,8.91,8.98,8.83,8.88,8.95,-0.07,-0.78,7571.19,6739.192,1.783,4.354521452145215,4.369232673267327,4.4035588558855885,4.330002750275027
600423.SH,20060828,8.91,9.25,8.84,9.15,8.88,0.27,3.04,17774.9,16175.656,1.783,4.486922442244224,4.369232673267327,4.535959845984599,4.334906490649065
600423.SH,20060829,9.16,9.32,9.16,9.21,9.15,0.06,0.66,17946.21,16621.551,1.783,4.516344884488449,4.4918261826182615,4.570286028602861,4.4918261826182615
600423.SH,20060830,9.2,9.42,9.11,9.37,9.21,0.16,1.74,16098.75,14960.024,1.783,4.594804730473046,4.511441144114411,4.619323432343234,4.467307480748074
600423.SH,20060831,9.35,9.55,9.25,9.3,9.37,-0.07,-0.75,14739.89,13830.413,1.783,4.560478547854785,4.584997249724972,4.683072057205721,4.535959845984599
600423.SH,20060901,9.29,9.3,8.85,8.89,9.3,-0.41,-4.41,19318.62,17445.797,1.783,4.359425192519252,4.555574807480747,4.560478547854785,4.339810231023102
600423.SH,20060904,8.85,9.09,8.85,8.97,8.89,0.08,0.9,14662.93,13185.672,1.783,4.398655115511551,4.339810231023102,4.4575000000000005,4.339810231023102
600423.SH,20060905,8.95,8.97,8.82,8.89,8.97,-0.08,-0.89,17741.33,15770.462,1.783,4.359425192519252,4.388847634763476,4.398655115511551,4.32509900990099
600423.SH,20060906,8.98,9.02,8.89,8.97,8.89,0.08,0.9,13924.18,12480.601,1.783,4.398655115511551,4.4035588558855885,4.423173817381738,4.359425192519252
600423.SH,20060907,9.05,9.06,8.95,9.04,8.97,0.07,0.78,9982.95,8987.704,1.783,4.432981298129812,4.43788503850385,4.442788778877888,4.388847634763476
600423.SH,20060908,8.97,9.3,8.82,9.21,9.04,0.17,1.88,15604.84,14331.243,1.783,4.516344884488449,4.398655115511551,4.560478547854785,4.32509900990099
600423.SH,20060911,9.3,9.35,9.18,9.31,9.21,0.1,1.09,15253.38,14126.681,1.783,4.565382288228823,4.560478547854785,4.584997249724972,4.501633663366336
600423.SH,20060912,9.3,9.53,9.11,9.5,9.31,0.19,2.04,30706.53,28926.729,1.783,4.658553355335533,4.560478547854785,4.673264576457645,4.467307480748074
600423.SH,20060913,9.56,9.61,9.29,9.3,9.5,-0.2,-2.11,28956.54,27424.332,1.783,4.560478547854785,4.687975797579759,4.712494499449944,4.555574807480747
600423.SH,20060914,9.39,9.44,9.16,9.22,9.3,-0.08,-0.86,15098.64,13984.292,1.783,4.521248624862486,4.604612211221122,4.629130913091308,4.4918261826182615
600423.SH,20060915,9.23,9.29,9.14,9.15,9.22,-0.07,-0.76,14238.65,13082.797,1.783,4.486922442244224,4.526152365236523,4.555574807480747,4.482018701870187
600423.SH,20060918,9.2,9.34,9.14,9.27,9.15,0.12,1.31,10756.39,9918.138,1.783,4.545767326732673,4.511441144114411,4.580093509350935,4.482018701870187
600423.SH,20060919,9.35,9.35,9.16,9.18,9.27,-0.09,-0.97,7037.81,6479.51,1.783,4.501633663366336,4.584997249724972,4.584997249724972,4.4918261826182615
600423.SH,20060920,9.18,9.23,9.08,9.09,9.18,-0.09,-0.98,7732.57,7042.186,1.783,4.4575000000000005,4.501633663366336,4.526152365236523,4.452596259625962
600423.SH,20060921,9.05,9.14,9.0,9.02,9.09,-0.07,-0.77,15042.9,13608.88,1.783,4.423173817381738,4.43788503850385,4.482018701870187,4.413366336633663
600423.SH,20060922,8.98,9.19,8.31,9.09,9.02,0.07,0.78,28645.53,24849.565,1.783,4.4575000000000005,4.4035588558855885,4.506537403740373,4.075008250825082
600423.SH,20060925,9.01,9.35,8.96,9.03,9.09,-0.06,-0.66,24781.77,22539.834,1.783,4.428077557755775,4.4182700770077,4.584997249724972,4.393751375137514
600423.SH,20060927,9.15,9.15,8.7,8.8,9.03,-0.23,-2.55,13205.59,11633.163,1.783,4.315291529152916,4.486922442244224,4.486922442244224,4.266254125412541
600423.SH,20060928,8.8,9.02,8.68,8.93,8.8,0.13,1.48,26107.55,23140.809,1.783,4.379040154015401,4.315291529152916,4.423173817381738,4.256446644664466
600423.SH,20060929,8.93,8.98,8.84,8.92,8.93,-0.01,-0.11,22145.86,19727.485,1.783,4.374136413641364,4.379040154015401,4.4035588558855885,4.334906490649065
600423.SH,20061009,9.0,9.07,8.92,9.03,8.92,0.11,1.23,11458.41,10322.648,1.783,4.428077557755775,4.413366336633663,4.447692519251925,4.374136413641364
600423.SH,20061010,9.05,9.32,8.73,9.23,9.03,0.2,2.21,29352.79,26970.862,1.783,4.526152365236523,4.43788503850385,4.570286028602861,4.2809653465346535
600423.SH,20061011,9.27,9.47,9.23,9.29,9.23,0.06,0.65,13245.33,12370.143,1.783,4.555574807480747,4.545767326732673,4.643842134213422,4.526152365236523
600423.SH,20061012,9.33,9.81,9.33,9.7,9.29,0.41,4.41,65870.84,63645.63,1.783,4.7566281628162805,4.575189768976898,4.810569306930693,4.575189768976898
600423.SH,20061013,9.71,9.88,9.61,9.7,9.7,0.0,0.0,32777.01,31805.851,1.783,4.7566281628162805,4.76153190319032,4.844895489548955,4.712494499449944
600423.SH,20061016,9.73,9.91,9.61,9.66,9.7,-0.04,-0.41,16035.23,15658.706,1.783,4.737013201320131,4.771339383938394,4.859606710671066,4.712494499449944
600423.SH,20061017,9.66,10.05,9.6,9.85,9.66,0.19,1.97,23497.12,23170.361,1.783,4.830184268426842,4.737013201320131,4.928259075907591,4.707590759075907
600423.SH,20061018,9.85,10.15,9.77,10.05,9.85,0.2,2.03,21607.86,21583.398,1.783,4.928259075907591,4.830184268426842,4.977296479647964,4.790954345434543
600423.SH,20061019,10.04,10.1,9.84,9.97,10.05,-0.08,-0.8,23421.4,23372.177,1.783,4.889029152915292,4.923355335533553,4.9527777777777775,4.825280528052804
600423.SH,20061020,9.97,10.1,9.7,9.72,9.97,-0.25,-2.51,10761.0,10579.046,1.783,4.766435643564357,4.889029152915292,4.9527777777777775,4.7566281628162805
600423.SH,20061023,9.7,10.0,9.33,9.34,9.72,-0.38,-3.91,15060.3,14366.915,1.783,4.580093509350935,4.7566281628162805,4.903740374037403,4.575189768976898
600423.SH,20061024,9.39,9.6,9.34,9.48,9.34,0.14,1.5,20855.96,19576.395,1.783,4.648745874587459,4.604612211221122,4.707590759075907,4.580093509350935
600423.SH,20061025,9.51,9.63,9.36,9.42,9.48,-0.06,-0.63,21325.62,20179.624,1.783,4.619323432343234,4.66345709570957,4.72230198019802,4.589900990099009
600423.SH,20061026,9.42,9.56,9.38,9.5,9.42,0.08,0.85,12481.2,11804.847,1.783,4.658553355335533,4.619323432343234,4.687975797579759,4.599708470847085
600423.SH,20061027,9.42,9.56,9.12,9.14,9.5,-0.36,-3.79,19241.01,17761.886,1.783,4.482018701870187,4.619323432343234,4.687975797579759,4.472211221122112
600423.SH,20061030,9.1,9.19,8.8,9.0,9.14,-0.14,-1.53,21762.15,19467.078,1.783,4.413366336633663,4.462403740374037,4.506537403740373,4.315291529152916
600423.SH,20061031,9.1,9.35,9.1,9.18,9.0,0.18,2.0,15215.8,14005.997,1.783,4.501633663366336,4.462403740374037,4.584997249724972,4.462403740374037
600423.SH,20061101,9.22,9.3,9.0,9.19,9.18,0.01,0.11,16480.2,15044.887,1.783,4.506537403740373,4.521248624862486,4.560478547854785,4.413366336633663
600423.SH,20061102,9.28,9.58,9.16,9.44,9.19,0.25,2.72,29174.79,27426.199,1.783,4.629130913091308,4.55067106710671,4.697783278327832,4.4918261826182615
600423.SH,20061103,9.49,9.8,9.43,9.7,9.44,0.26,2.75,27213.6,26373.762,1.783,4.7566281628162805,4.6536496149614965,4.805665566556656,4.624227172717271
600423.SH,20061106,9.6,10.1,9.6,9.99,9.7,0.29,2.99,43256.56,43105.159,1.783,4.8988366336633655,4.707590759075907,4.9527777777777775,4.707590759075907
600423.SH,20061107,10.2,10.2,9.82,9.98,9.99,-0.01,-0.1,44406.84,44519.853,1.783,4.893932893289328,5.001815181518151,5.001815181518151,4.81547304730473
600423.SH,20061108,10.0,10.2,9.71,10.02,9.98,0.04,0.4,31087.87,31196.418,1.783,4.913547854785478,4.903740374037403,5.001815181518151,4.76153190319032
600423.SH,20061109,10.05,10.38,10.0,10.35,10.02,0.33,3.29,41319.09,41951.407,1.783,5.075371287128712,4.928259075907591,5.090082508250824,4.903740374037403
600423.SH,20061110,10.28,10.34,9.8,9.83,10.35,-0.52,-5.02,36685.66,36822.585,1.783,4.820376787678767,5.0410451045104505,5.070467546754675,4.805665566556656
600423.SH,20061113,9.83,9.83,9.25,9.37,9.83,-0.46,-4.68,37378.34,35426.705,1.783,4.594804730473046,4.820376787678767,4.820376787678767,4.535959845984599
600423.SH,20061114,9.3,9.46,9.21,9.42,9.37,0.05,0.53,14224.9,13294.603,1.783,4.619323432343234,4.560478547854785,4.638938393839384,4.516344884488449
600423.SH,20061115,9.42,9.77,9.28,9.65,9.42,0.23,2.44,12960.97,12369.471,1.783,4.732109460946095,4.619323432343234,4.790954345434543,4.55067106710671
600423.SH,20061116,9.72,9.73,9.29,9.37,9.65,-0.28,-2.9,27055.53,25561.072,1.783,4.594804730473046,4.766435643564357,4.771339383938394,4.555574807480747
600423.SH,20061117,9.35,9.55,9.21,9.3,9.37,-0.07,-0.75,29305.17,27274.681,1.783,4.560478547854785,4.584997249724972,4.683072057205721,4.516344884488449
600423.SH,20061120,9.35,9.42,8.99,9.1,9.3,-0.2,-2.15,23126.86,21102.612,1.783,4.462403740374037,4.584997249724972,4.619323432343234,4.408462596259626
600423.SH,20061121,9.14,9.69,9.03,9.63,9.1,0.53,5.82,24427.26,22797.783,1.783,4.72230198019802,4.482018701870187,4.751724422442243,4.428077557755775
600423.SH,20061122,9.63,9.95,9.55,9.76,9.63,0.13,1.35,24889.89,24283.583,1.783,4.786050605060505,4.72230198019802,4.879221672167216,4.683072057205721
600423.SH,20061123,9.8,10.05,9.79,9.81,9.76,0.05,0.51,31553.1,31232.99,1.783,4.810569306930693,4.805665566556656,4.928259075907591,4.800761826182618
600423.SH,20061124,9.86,9.99,9.76,9.92,9.81,0.11,1.12,23317.12,23096.35,1.783,4.864510451045104,4.835088008800879,4.8988366336633655,4.786050605060505
600423.SH,20061127,9.9,10.2,9.82,10.2,9.92,0.28,2.82,43739.71,43746.874,1.783,5.001815181518151,4.854702970297029,5.001815181518151,4.81547304730473
600423.SH,20061128,10.19,10.3,9.78,9.89,10.2,-0.31,-3.04,33089.36,33109.416,1.783,4.849799229922993,4.996911441144114,5.050852585258525,4.79585808580858
600423.SH,20061129,9.82,10.09,9.65,9.96,9.89,0.07,0.71,24107.43,23787.896,1.783,4.884125412541255,4.81547304730473,4.94787403740374,4.732109460946095
600423.SH,20061130,10.0,10.96,9.81,10.82,9.96,0.86,8.63,86802.63,91296.835,1.783,5.30584708470847,4.903740374037403,5.374499449944994,4.810569306930693
600423.SH,20061201,10.75,11.44,10.75,11.22,10.82,0.4,3.7,80903.33,89337.341,1.783,5.501996699669967,5.2715209020902085,5.609878987898789,5.2715209020902085
600423.SH,20061204,11.25,11.7,10.85,11.35,11.22,0.13,1.16,50821.4,57601.002,1.783,5.565745324532453,5.516707920792079,5.737376237623761,5.320558305830582
600423.SH,20061205,11.34,11.34,11.11,11.2,11.35,-0.15,-1.32,28560.53,31930.361,1.783,5.492189218921891,5.560841584158416,5.560841584158416,5.448055555555555
600423.SH,20061206,11.19,11.19,10.5,10.79,11.2,-0.41,-3.66,59201.44,64058.042,1.783,5.291135863586359,5.487285478547855,5.487285478547855,5.148927392739274
600423.SH,20061207,10.79,11.1,10.68,10.79,10.79,0.0,0.0,34620.54,37491.628,1.783,5.291135863586359,5.291135863586359,5.443151815181518,5.237194719471947
600423.SH,20061208,10.69,10.81,9.98,10.04,10.79,-0.75,-6.95,52303.32,53866.194,1.783,4.923355335533553,5.242098459845984,5.300943344334433,4.893932893289328
600423.SH,20061211,9.98,10.24,9.88,10.2,10.04,0.16,1.59,27981.5,28230.372,1.783,5.001815181518151,4.893932893289328,5.0214301430143005,4.844895489548955
600423.SH,20061212,10.31,10.46,10.0,10.15,10.2,-0.05,-0.49,28893.95,29528.744,1.783,4.977296479647964,5.055756325632562,5.129312431243124,4.903740374037403
600423.SH,20061213,10.16,10.64,9.72,10.41,10.15,0.26,2.56,50979.27,52109.163,1.783,5.104793729372937,4.982200220022001,5.217579757975797,4.766435643564357
600423.SH,20061214,10.36,10.65,10.21,10.53,10.41,0.12,1.15,50794.76,53196.612,1.783,5.1636386138613855,5.08027502750275,5.222483498349835,5.0067189218921895
600423.SH,20061215,10.61,10.97,10.61,10.92,10.53,0.39,3.7,39891.44,43171.906,1.783,5.354884488448844,5.202868536853685,5.379403190319032,5.202868536853685
600423.SH,20061218,10.9,10.96,10.66,10.81,10.92,-0.11,-1.01,61023.76,65773.245,1.783,5.300943344334433,5.34507700770077,5.374499449944994,5.227387238723872
600423.SH,20061219,10.82,10.9,10.4,10.63,10.81,-0.18,-1.67,53598.75,56669.96,1.783,5.21267601760176,5.30584708470847,5.34507700770077,5.0998899889989
600423.SH,20061220,10.59,11.2,10.49,11.18,10.63,0.55,5.17,61204.4,67328.556,1.783,5.482381738173817,5.19306105610561,5.492189218921891,5.144023652365236
600423.SH,20061221,11.18,11.55,10.89,10.93,11.18,-0.25,-2.24,70815.8,80049.739,1.783,5.3597882288228815,5.482381738173817,5.663820132013202,5.340173267326732
600423.SH,20061222,10.84,11.03,10.61,10.71,10.93,-0.22,-2.01,35710.81,38432.682,1.783,5.251905940594059,5.315654565456545,5.408825632563256,5.202868536853685
600423.SH,20061225,10.71,11.23,10.69,10.82,10.71,0.11,1.03,55377.27,60665.981,1.783,5.30584708470847,5.251905940594059,5.506900440044004,5.242098459845984
600423.SH,20061226,10.84,11.0,10.42,10.52,10.82,-0.3,-2.77,33891.95,36045.251,1.783,5.158734873487348,5.315654565456545,5.394114411441144,5.109697469746974
600423.SH,20061227,10.52,10.86,10.42,10.63,10.52,0.11,1.05,34005.93,36207.445,1.783,5.21267601760176,5.158734873487348,5.3254620462046205,5.109697469746974
600423.SH,20061228,10.63,11.05,10.46,11.03,10.63,0.4,3.76,55068.15,59232.392,1.783,5.408825632563256,5.21267601760176,5.418633113311331,5.129312431243124
600423.SH,20061229,11.0,11.36,10.94,11.05,11.03,0.02,0.18,59237.91,66057.948,1.783,5.418633113311331,5.394114411441144,5.5706490649064895,5.36469196919692
600423.SH,20070104,11.1,11.45,10.83,10.87,11.05,-0.18,-1.63,56453.67,62547.912,1.783,5.330365786578658,5.443151815181518,5.614782728272826,5.310750825082508
600423.SH,20070105,10.84,11.96,10.65,11.96,10.87,1.09,10.03,88111.61,100749.235,1.783,5.864873487348735,5.315654565456545,5.864873487348735,5.222483498349835
600423.SH,20070108,11.96,12.57,11.96,12.35,11.96,0.39,3.26,101089.85,124741.163,1.783,6.056119361936193,5.864873487348735,6.164001650165016,5.864873487348735
600423.SH,20070109,12.5,12.72,12.26,12.39,12.35,0.04,0.32,66697.83,83135.5,1.783,6.075734323432344,6.129675467546754,6.237557755775578,6.011985698569856
600423.SH,20070110,12.5,13.1,12.5,12.99,12.39,0.6,4.84,69180.93,88785.734,1.783,6.3699587458745865,6.129675467546754,6.423899889988999,6.129675467546754
600423.SH,20070111,13.08,13.95,12.85,13.77,12.99,0.78,6.0,75606.79,102708.461,1.783,6.752450495049505,6.414092409240923,6.840717821782177,6.301306380638063
600423.SH,20070112,13.7,13.85,12.86,12.9,13.77,-0.87,-6.32,94041.35,126283.103,1.783,6.32582508250825,6.718124312431243,6.791680418041804,6.306210121012101
600423.SH,20070115,12.89,14.19,12.85,14.19,12.9,1.29,10.0,68926.02,94914.945,1.783,6.958407590759075,6.320921342134213,6.958407590759075,6.301306380638063
600423.SH,20070116,14.32,14.76,13.8,14.74,14.19,0.55,3.88,60495.93,86374.235,1.783,7.228113311331133,7.022156215621562,7.237920792079207,6.767161716171617
600423.SH,20070117,14.6,15.58,14.12,14.48,14.74,-0.26,-1.76,84742.14,126016.404,1.783,7.100616061606161,7.159460946094608,7.640027502750274,6.924081408140813
600423.SH,20070118,14.38,14.7,13.41,14.64,14.48,0.16,1.11,66662.12,93952.066,1.783,7.179075907590759,7.051578657865786,7.208498349834983,6.575915841584158
600423.SH,20070119,14.6,15.68,14.6,15.4,14.64,0.76,5.19,63131.05,96285.761,1.783,7.551760176017601,7.159460946094608,7.689064906490648,7.159460946094608
600423.SH,20070122,15.5,16.7,15.5,16.65,15.4,1.25,8.12,75657.3,123052.776,1.783,8.164727722772275,7.600797579757975,8.189246424642462,7.600797579757975
600423.SH,20070123,16.64,17.08,15.89,16.89,16.65,0.24,1.44,54521.84,90761.463,1.783,8.282417491749175,8.159823982398239,8.375588558855885,7.792043454345434
600423.SH,20070124,16.78,16.83,16.1,16.66,16.89,-0.23,-1.36,40921.42,67500.276,1.783,8.169631463146315,8.228476347634762,8.25299504950495,7.89502200220022
600423.SH,20070125,16.49,16.49,14.99,15.03,16.66,-1.63,-9.78,90409.13,139102.47,1.783,7.370321782178217,8.086267876787677,8.086267876787677,7.350706820682067
600423.SH,20070126,14.86,15.6,14.03,14.93,15.03,-0.1,-0.67,73903.47,108714.89,1.783,7.321284378437843,7.286958195819581,7.649834983498349,6.879947744774476
600423.SH,20070129,15.06,15.53,15.0,15.21,14.93,0.28,1.88,42627.38,65022.015,1.783,7.458589108910891,7.38503300330033,7.615508800880087,7.355610561056104
600423.SH,20070130,15.25,15.39,14.89,14.97,15.21,-0.24,-1.58,27586.19,41490.699,1.783,7.340899339933993,7.47820407040704,7.546856435643565,7.301669416941694
600423.SH,20070131,14.97,15.47,14.01,14.42,14.97,-0.55,-3.67,35557.35,52555.891,1.783,7.071193619361936,7.340899339933993,7.586086358635864,6.870140264026403
600423.SH,20070201,14.3,14.49,13.9,14.45,14.42,0.03,0.21,27114.89,38526.481,1.783,7.085904840484047,7.012348734873487,7.105519801980198,6.816199119911991
600423.SH,20070202,14.5,14.7,13.94,14.13,14.45,-0.32,-2.21,32920.05,46431.017,1.783,6.928985148514851,7.110423542354235,7.208498349834983,6.835814081408141
600423.SH,20070205,13.99,14.33,13.8,14.29,14.13,0.16,1.13,19746.52,27767.502,1.783,7.007444994499449,6.860332783278327,7.0270599559956,6.767161716171617
600423.SH,20070206,14.29,14.7,14.12,14.64,14.29,0.35,2.45,23908.55,34748.167,1.783,7.179075907590759,7.007444994499449,7.208498349834983,6.924081408140813
600423.SH,20070207,14.7,15.2,14.52,15.01,14.64,0.37,2.53,25932.25,38764.225,1.783,7.360514301430142,7.208498349834983,7.453685368536853,7.120231023102309
600423.SH,20070208,14.9,15.17,14.68,15.11,15.01,0.1,0.67,27670.39,41191.94,1.783,7.409551705170516,7.306573157315731,7.438974147414741,7.198690869086907
600423.SH,20070209,15.15,15.19,14.58,14.81,15.11,-0.3,-1.99,29594.62,43977.383,1.783,7.262439493949395,7.429166666666665,7.448781628162815,7.149653465346535
600423.SH,20070212,14.74,15.14,14.41,15.08,14.81,0.27,1.82,28841.03,42775.25,1.783,7.394840484048404,7.228113311331133,7.424262926292629,7.066289878987899
600423.SH,20070213,15.04,15.65,14.91,15.5,15.08,0.42,2.79,36083.81,55439.199,1.783,7.600797579757975,7.375225522552254,7.674353685368536,7.311476897689768
600423.SH,20070214,15.37,16.65,15.2,16.63,15.5,1.13,7.29,53937.4,86995.955,1.783,8.1549202420242,7.537048954895488,8.164727722772275,7.453685368536853
600423.SH,20070215,16.42,17.29,16.42,16.87,16.63,0.24,1.44,45107.24,76063.455,1.783,8.272610011001099,8.051941694169418,8.47856710671067,8.051941694169418
600423.SH,20070216,16.79,17.2,16.6,16.61,16.87,-0.26,-1.54,36590.99,61745.722,1.783,8.145112761276126,8.233380088008799,8.434433443344334,8.14020902090209
600423.SH,20070226,16.7,17.1,16.45,17.06,16.61,0.45,2.71,34362.84,57525.695,1.783,8.36578107810781,8.189246424642462,8.38539603960396,8.066652915291527
600423.SH,20070227,17.05,17.66,15.35,15.35,17.06,-1.71,-10.02,62171.3,103545.064,1.783,7.527241474147414,8.360877337733774,8.660005500550055,7.527241474147414
600423.SH,20070228,15.09,15.89,15.02,15.73,15.35,0.38,2.48,35692.69,55105.302,1.783,7.713583608360835,7.399744224422442,7.792043454345434,7.36541804180418
600423.SH,20070301,15.85,15.85,14.5,14.72,15.73,-1.01,-6.42,33825.06,50902.115,1.783,7.218305830583058,7.772428492849285,7.772428492849285,7.110423542354235
600423.SH,20070302,14.85,15.18,14.8,15.05,14.72,0.33,2.24,32646.8,48835.927,1.783,7.380129262926292,7.282054455445544,7.443877887788778,7.257535753575357
600423.SH,20070305,15.05,15.55,14.48,15.09,15.05,0.04,0.27,25138.41,37862.279,1.783,7.399744224422442,7.380129262926292,7.625316281628163,7.100616061606161
600423.SH,20070306,15.12,15.14,14.68,14.91,15.09,-0.18,-1.19,19809.33,29410.618,1.783,7.311476897689768,7.4144554455445535,7.424262926292629,7.198690869086907
600423.SH,20070307,14.95,15.4,14.9,15.35,14.91,0.44,2.95,30269.94,45768.048,1.783,7.527241474147414,7.331091859185918,7.551760176017601,7.306573157315731
600423.SH,20070308,15.37,15.68,15.1,15.64,15.35,0.29,1.89,38187.58,58780.739,1.783,7.669449944994499,7.537048954895488,7.689064906490648,7.404647964796479
600423.SH,20070309,15.5,15.77,15.16,15.26,15.64,-0.38,-2.43,30878.7,47548.122,1.783,7.483107810781077,7.600797579757975,7.733198569856985,7.434070407040703
600423.SH,20070312,15.2,15.26,14.54,15.0,15.26,-0.26,-1.7,38675.35,57617.795,1.783,7.355610561056104,7.453685368536853,7.483107810781077,7.130038503850384
600423.SH,20070313,15.03,15.28,14.96,15.15,15.0,0.15,1.0,27823.3,42114.508,1.783,7.429166666666665,7.370321782178217,7.492915291529152,7.335995599559956
600423.SH,20070314,15.08,15.08,14.68,14.79,15.15,-0.36,-2.38,32099.08,47411.58,1.783,7.252632013201319,7.394840484048404,7.394840484048404,7.198690869086907
600423.SH,20070315,14.77,15.1,14.7,14.92,14.79,0.13,0.88,21046.94,31420.816,1.783,7.316380638063805,7.242824532453244,7.404647964796479,7.208498349834983
600423.SH,20070316,15.0,15.59,14.76,15.57,14.92,0.65,4.36,82604.34,125853.239,1.783,7.635123762376237,7.355610561056104,7.644931243124311,7.237920792079207
600423.SH,20070319,15.14,16.49,15.1,16.22,15.57,0.65,4.17,73640.66,117454.894,1.783,7.953866886688667,7.424262926292629,8.086267876787677,7.404647964796479
600423.SH,20070320,16.23,16.47,15.9,16.22,16.22,0.0,0.0,45181.69,73090.274,1.783,7.953866886688667,7.958770627062706,8.076460396039602,7.796947194719471
600423.SH,20070321,16.15,16.28,15.79,16.15,16.22,-0.07,-0.43,57933.93,92610.055,1.783,7.919540704070405,7.919540704070405,7.983289328932893,7.74300605060506
600423.SH,20070322,16.35,16.95,16.07,16.68,16.15,0.53,3.28,108609.41,178124.216,1.783,8.17943894389439,8.017615511551156,8.311839933993397,7.880310781078107
600423.SH,20070323,16.38,16.8,15.6,15.89,16.68,-0.79,-4.74,80676.5,128329.045,1.783,7.792043454345434,8.032326732673265,8.238283828382839,7.649834983498349
600423.SH,20070326,15.93,16.27,15.9,16.03,15.89,0.14,0.88,60288.19,96514.983,1.783,7.8606958195819585,7.811658415841584,7.978385588558855,7.796947194719471
600423.SH,20070327,16.09,16.68,16.03,16.65,16.03,0.62,3.87,81367.55,133482.182,1.783,8.164727722772275,7.890118261826182,8.17943894389439,7.8606958195819585
600423.SH,20070328,16.59,16.59,15.23,16.17,16.65,-0.48,-2.88,83565.01,135131.219,1.783,7.929348184818482,8.135305280528053,8.135305280528053,7.468396589658966
600423.SH,20070329,16.15,16.15,15.5,15.58,16.17,-0.59,-3.65,58830.23,92713.911,1.783,7.640027502750274,7.919540704070405,7.919540704070405,7.600797579757975
600423.SH,20070330,15.49,16.05,15.31,16.0,15.58,0.42,2.7,56515.05,89893.883,1.783,7.845984598459846,7.595893839383938,7.870503300330032,7.507626512651266
600423.SH,20070402,16.1,17.3,16.1,16.95,16.0,0.95,5.94,122903.66,205391.23,1.783,8.311839933993397,7.89502200220022,8.483470847084709,7.89502200220022
600423.SH,20070403,16.92,17.2,16.68,17.01,16.95,0.06,0.35,68021.3,115096.531,1.783,8.341262376237623,8.297128712871288,8.434433443344334,8.17943894389439
600423.SH,20070404,16.96,17.55,16.78,17.22,17.01,0.21,1.23,76086.92,131420.803,1.783,8.444240924092409,8.316743674367437,8.606064356435644,8.228476347634762
600423.SH,20070405,17.15,17.3,16.65,17.22,17.22,0.0,0.0,53444.55,90729.162,1.783,8.444240924092409,8.409914741474147,8.483470847084709,8.164727722772275
600423.SH,20070406,17.3,17.88,17.14,17.37,17.22,0.15,0.87,75523.53,132237.423,1.783,8.51779702970297,8.483470847084709,8.767887788778877,8.40501100110011
600423.SH,20070409,17.55,17.86,16.9,17.61,17.37,0.24,1.38,92453.38,160395.449,1.783,8.635486798679867,8.606064356435644,8.758080308030802,8.287321232123212
600423.SH,20070410,17.8,17.98,17.0,17.53,17.61,-0.08,-0.45,61947.57,108706.046,1.783,8.596256875687569,8.728657865786579,8.816925192519252,8.336358635863586
600423.SH,20070411,17.53,17.58,17.0,17.39,17.53,-0.14,-0.8,57940.18,99754.947,1.783,8.527604510451045,8.596256875687569,8.620775577557755,8.336358635863586
600423.SH,20070412,17.45,18.15,17.4,18.12,17.39,0.73,4.2,95702.23,169698.008,1.783,8.885577557755775,8.557026952695269,8.900288778877886,8.532508250825082
600423.SH,20070413,18.19,18.66,17.58,17.67,18.12,-0.45,-2.48,100459.99,183260.019,1.783,8.664909240924093,8.919903740374037,9.150379537953796,8.620775577557755
600423.SH,20070416,17.6,18.06,17.6,17.95,17.67,0.28,1.58,58848.35,104729.529,1.783,8.802213971397139,8.630583058305831,8.85615511551155,8.630583058305831
600423.SH,20070417,18.0,18.28,17.1,17.7,17.95,-0.25,-1.39,88317.75,156738.427,1.783,8.679620462046204,8.826732673267326,8.964037403740374,8.38539603960396
600423.SH,20070418,17.78,17.99,17.32,17.89,17.7,0.19,1.07,93496.56,164223.463,1.783,8.772791529152915,8.718850385038504,8.821828932893288,8.493278327832783
600423.SH,20070419,17.65,17.65,16.1,16.28,17.89,-1.61,-9.0,96472.66,162028.055,1.783,7.983289328932893,8.655101760176017,8.655101760176017,7.89502200220022
600423.SH,20070420,16.23,16.88,16.2,16.69,16.28,0.41,2.52,103581.29,171352.968,1.783,8.184342684268426,7.958770627062706,8.277513751375135,7.944059405940593
600423.SH,20070423,16.7,17.28,16.7,17.2,16.69,0.51,3.06,73189.58,124828.555,1.783,8.434433443344334,8.189246424642462,8.473663366336634,8.189246424642462
600423.SH,20070424,17.28,17.48,16.83,16.91,17.2,-0.29,-1.69,79004.11,135154.509,1.783,8.29222497249725,8.473663366336634,8.571738173817382,8.25299504950495
600423.SH,20070425,16.92,17.67,16.92,17.46,16.91,0.55,3.25,88967.68,154331.22,1.783,8.561930693069307,8.297128712871288,8.664909240924093,8.297128712871288
600423.SH,20070426,17.43,17.79,17.21,17.67,17.46,0.21,1.2,71486.02,125502.776,1.783,8.664909240924093,8.547219471947194,8.72375412541254,8.439337183718372
600423.SH,20070427,17.75,17.78,17.15,17.17,17.67,-0.5,-2.83,51180.94,88968.744,1.783,8.419722222222221,8.704139163916391,8.718850385038504,8.409914741474147
600423.SH,20070430,17.38,17.48,17.0,17.16,17.17,-0.01,-0.06,61160.9,105317.96,1.783,8.414818481848185,8.522700770077007,8.571738173817382,8.336358635863586
600423.SH,20070508,17.32,17.69,17.17,17.66,17.16,0.5,2.91,98742.09,172518.18,1.783,8.660005500550055,8.493278327832783,8.674716721672167,8.419722222222221
600423.SH,20070509,17.66,17.67,16.88,17.17,17.66,-0.49,-2.77,84478.07,145339.971,1.783,8.419722222222221,8.660005500550055,8.664909240924093,8.277513751375135
600423.SH,20070511,17.35,17.85,17.0,17.51,17.17,0.34,1.98,102085.23,178602.498,1.783,8.586449394939494,8.507989548954896,8.753176567656766,8.336358635863586
600423.SH,20070514,17.49,18.57,17.21,18.32,17.51,0.81,4.63,157529.9,287090.995,1.783,8.983652365236523,8.576641914191418,9.106245874587458,8.439337183718372
600423.SH,20070515,18.3,18.3,17.2,17.33,18.32,-0.99,-5.4,75103.88,133773.843,1.783,8.49818206820682,8.973844884488448,8.973844884488448,8.434433443344334
600423.SH,20070516,17.28,17.8,17.01,17.61,17.33,0.28,1.62,51735.9,90149.242,1.783,8.635486798679867,8.473663366336634,8.728657865786579,8.341262376237623
600423.SH,20070517,17.85,18.4,17.7,18.32,17.61,0.71,4.03,96735.22,176308.134,1.783,8.983652365236523,8.753176567656766,9.02288228822882,8.679620462046204
600423.SH,20070518,18.45,19.0,18.15,18.9,18.32,0.58,3.17,107236.79,199204.76,1.783,9.268069306930691,9.047400990099009,9.317106710671066,8.900288778877886
600423.SH,20070521,18.37,20.2,18.14,19.83,18.9,0.93,4.92,132171.27,255610.775,1.783,9.724117161716167,9.00817106710671,9.905555555555557,8.89538503850385
600423.SH,20070522,19.9,20.65,19.35,19.44,19.83,-0.39,-1.97,100428.33,200044.088,1.783,9.532871287128714,9.758443344334433,10.126223872387238,9.488737623762376
600423.SH,20070523,19.5,19.75,19.08,19.51,19.44,0.07,0.36,75562.73,145927.166,1.783,9.567197469746974,9.562293729372936,9.684887238723872,9.356336633663364
600423.SH,20070524,19.52,19.71,18.32,19.1,19.51,-0.41,-2.1,76325.36,144282.987,1.783,9.366144114411442,9.57210121012101,9.665272277227722,8.983652365236523
600423.SH,20070525,18.9,19.28,18.69,18.89,19.1,-0.21,-1.1,56556.98,106771.825,1.783,9.263165566556657,9.268069306930691,9.454411441144115,9.165090759075907
600423.SH,20070528,19.03,19.86,18.89,19.6,18.89,0.71,3.76,90975.76,176075.496,1.783,9.611331133113312,9.33181793179318,9.738828382838282,9.263165566556657
600423.SH,20070529,19.85,20.36,19.46,20.0,19.6,0.4,2.04,109401.29,217837.646,1.783,9.807480748074806,9.733924642464244,9.984015401540152,9.542678767876788
600423.SH,20070530,19.0,19.79,18.0,18.19,20.0,-1.81,-9.05,124637.58,231860.458,1.783,8.919903740374037,9.317106710671066,9.704502200220022,8.826732673267326
600423.SH,20070531,18.04,19.5,16.37,19.33,18.19,1.14,6.27,96166.89,171661.299,1.783,9.4789301430143,8.846347634763475,9.562293729372936,8.027422992299229
600423.SH,20070601,19.29,20.4,18.5,19.01,19.33,-0.32,-1.66,127725.36,253646.548,1.783,9.322010451045104,9.459315181518152,10.003630363036304,9.071919691969198
600423.SH,20070604,18.52,19.0,17.11,17.43,19.01,-1.58,-8.31,69754.06,123114.492,1.783,8.547219471947194,9.08172717271727,9.317106710671066,8.390299779977996
600423.SH,20070605,17.18,17.88,15.69,17.2,17.43,-0.23,-1.32,75501.58,125549.863,1.783,8.434433443344334,8.424625962596258,8.767887788778877,7.693968646864686
600423.SH,20070606,17.43,18.02,16.43,17.71,17.2,0.51,2.97,49527.85,87012.605,1.783,8.684524202420242,8.547219471947194,8.8365401540154,8.056845434543455
600423.SH,20070607,17.75,19.48,17.75,19.48,17.71,1.77,9.99,79036.63,148888.384,1.783,9.55248624862486,8.704139163916391,9.55248624862486,8.704139163916391
600423.SH,20070608,19.93,19.95,19.0,19.35,19.48,-0.13,-0.67,58483.82,113631.782,1.783,9.488737623762376,9.773154565456544,9.78296204620462,9.317106710671066
600423.SH,20070611,19.49,20.58,19.49,19.91,19.35,0.56,2.89,79646.1,160111.416,1.783,9.763347084708473,9.557389988998898,10.091897689768976,9.557389988998898
600423.SH,20070612,19.98,21.68,19.92,21.6,19.91,1.69,8.49,123916.25,258583.046,1.783,10.592079207920792,9.797673267326733,10.63130913091309,9.768250825082507
600423.SH,20070613,21.86,23.0,21.3,22.52,21.6,0.92,4.26,118550.08,260202.567,1.783,11.043223322332231,10.719576457645765,11.278602860286028,10.44496699669967
600423.SH,20070614,22.4,22.4,21.52,21.89,22.52,-0.63,-2.8,63712.59,139894.477,1.783,10.734287678767878,10.984378437843782,10.984378437843782,10.552849284928492
600423.SH,20070615,21.75,22.4,21.0,22.31,21.89,0.42,1.92,60549.18,132039.257,1.783,10.940244774477446,10.665635313531352,10.984378437843782,10.297854785478547
600423.SH,20070618,22.9,23.0,22.09,22.18,22.31,-0.13,-0.58,66929.49,150584.889,1.783,10.876496149614962,11.229565456545652,11.278602860286028,10.832362486248623
600423.SH,20070619,21.99,22.71,21.59,22.64,22.18,0.46,2.07,59288.86,130578.429,1.783,11.102068206820682,10.783325082508249,11.136394389438944,10.587175467546754
600423.SH,20070620,22.88,22.88,21.31,21.43,22.64,-1.21,-5.34,59295.53,130977.344,1.783,10.508715621562157,11.219757975797576,11.219757975797576,10.449870737073706
600423.SH,20070621,21.6,22.5,21.0,22.18,21.43,0.75,3.5,82198.99,180087.294,1.783,10.876496149614962,10.592079207920792,11.03341584158416,10.297854785478547
600423.SH,20070622,21.6,21.8,19.96,20.23,22.18,-1.95,-8.79,70527.21,146376.709,1.783,9.920266776677668,10.592079207920792,10.69015401540154,9.787865786578656
600423.SH,20070625,20.0,20.5,18.21,18.52,20.23,-1.71,-8.45,41714.33,79519.638,1.783,9.08172717271727,9.807480748074806,10.052667766776676,8.929711221122112
600423.SH,20070626,18.21,18.6,17.11,18.57,18.52,0.05,0.27,33735.38,60319.026,1.783,9.106245874587458,8.929711221122112,9.12095709570957,8.390299779977996
600423.SH,20070627,18.8,19.51,18.13,19.29,18.57,0.72,3.88,37838.95,71354.779,1.783,9.459315181518152,9.21903190319032,9.567197469746974,8.890481298129812
600423.SH,20070628,19.29,19.3,17.6,17.61,19.29,-1.68,-8.71,39199.92,72023.549,1.783,8.635486798679867,9.459315181518152,9.46421892189219,8.630583058305831
600423.SH,20070629,17.0,18.35,16.71,17.75,17.61,0.14,0.8,50725.91,89746.374,1.783,8.704139163916391,8.336358635863586,8.998363586358636,8.1941501650165
600423.SH,20070702,17.6,18.24,17.25,18.01,17.75,0.26,1.46,36087.65,64197.594,1.783,8.831636413641364,8.630583058305831,8.944422442244223,8.458952145214521
600423.SH,20070703,18.25,18.7,17.9,18.3,18.01,0.29,1.61,22029.96,40104.494,1.783,8.973844884488448,8.949326182618261,9.169994499449944,8.777695269526951
600423.SH,20070704,18.31,18.48,17.55,17.69,18.3,-0.61,-3.33,16594.62,29673.552,1.783,8.674716721672167,8.978748624862485,9.06211221122112,8.606064356435644
600423.SH,20070705,17.28,17.55,16.3,16.44,17.69,-1.25,-7.07,17978.65,30856.911,1.783,8.061749174917491,8.473663366336634,8.606064356435644,7.993096809680967
600423.SH,20070706,16.5,17.25,16.38,17.19,16.44,0.75,4.56,26699.02,45099.546,1.783,8.429529702970298,8.091171617161717,8.458952145214521,8.032326732673265
600423.SH,20070709,17.3,18.08,17.04,18.01,17.19,0.82,4.77,33064.03,58392.746,1.783,8.831636413641364,8.483470847084709,8.865962596259624,8.355973597359736
600423.SH,20070710,17.8,18.0,17.1,17.12,18.01,-0.89,-4.94,24614.69,42985.595,1.783,8.395203520352036,8.728657865786579,8.826732673267326,8.38539603960396
600423.SH,20070711,16.9,17.22,16.7,17.14,17.12,0.02,0.12,11932.23,20236.504,1.783,8.40501100110011,8.287321232123212,8.444240924092409,8.189246424642462
600423.SH,20070712,17.14,17.43,17.0,17.22,17.14,0.08,0.47,7833.0,13460.627,1.783,8.444240924092409,8.40501100110011,8.547219471947194,8.336358635863586
600423.SH,20070713,17.27,17.39,16.88,17.2,17.22,-0.02,-0.12,8955.72,15242.447,1.783,8.434433443344334,8.468759625962596,8.527604510451045,8.277513751375135
600423.SH,20070716,17.16,17.16,16.5,16.6,17.2,-0.6,-3.49,9905.9,16568.575,1.783,8.14020902090209,8.414818481848185,8.414818481848185,8.091171617161717
600423.SH,20070717,16.61,16.82,15.91,16.78,16.6,0.18,1.08,32610.94,52996.187,1.783,8.228476347634762,8.145112761276126,8.248091309130913,7.801850935093508
600423.SH,20070718,16.6,16.8,16.0,16.26,16.78,-0.52,-3.1,21159.4,34672.871,1.783,7.973481848184819,8.14020902090209,8.238283828382839,7.845984598459846
600423.SH,20070719,16.25,16.35,16.07,16.15,16.26,-0.11,-0.68,14642.82,23673.339,1.783,7.919540704070405,7.968578107810781,8.017615511551156,7.880310781078107
600423.SH,20070720,16.2,16.9,16.2,16.7,16.15,0.55,3.41,77382.3,128033.29,1.783,8.189246424642462,7.944059405940593,8.287321232123212,7.944059405940593
600423.SH,20070723,16.73,17.5,16.7,17.42,16.7,0.72,4.31,57315.19,98514.88,1.783,8.542315731573158,8.203957645764577,8.581545654565456,8.189246424642462
600423.SH,20070724,17.5,18.11,17.5,17.78,17.42,0.36,2.07,47711.35,84842.072,1.783,8.718850385038504,8.581545654565456,8.880673817381737,8.581545654565456
600423.SH,20070725,17.77,17.92,17.5,17.87,17.78,0.09,0.51,30244.41,53637.403,1.783,8.76298404840484,8.713946644664466,8.787502750275028,8.581545654565456
600423.SH,20070726,17.91,18.48,17.9,18.18,17.87,0.31,1.73,34760.52,62992.399,1.783,8.915000000000001,8.78259900990099,9.06211221122112,8.777695269526951
600423.SH,20070727,18.15,18.88,17.69,18.35,18.18,0.17,0.94,28833.76,52649.062,1.783,8.998363586358636,8.900288778877886,9.258261826182617,8.674716721672167
600423.SH,20070730,18.43,19.0,18.31,18.99,18.35,0.64,3.49,39495.04,73457.592,1.783,9.31220297029703,9.037593509350934,9.317106710671066,8.978748624862485
600423.SH,20070731,19.02,20.4,18.8,20.13,18.99,1.14,6.0,56894.5,111801.559,1.783,9.871229372937291,9.32691419141914,10.003630363036304,9.21903190319032
600423.SH,20070801,20.13,20.53,18.31,18.44,20.13,-1.69,-8.4,45716.38,89108.961,1.783,9.042497249724972,9.871229372937291,10.06737898789879,8.978748624862485
600423.SH,20070802,18.43,19.65,18.43,19.58,18.44,1.14,6.18,40146.35,77161.619,1.783,9.601523652365236,9.037593509350934,9.635849834983496,9.037593509350934
600423.SH,20070803,19.58,20.0,18.6,19.24,19.58,-0.34,-1.74,34353.25,65995.523,1.783,9.434796479647964,9.601523652365236,9.807480748074806,9.12095709570957
600423.SH,20070806,19.24,19.91,18.78,19.78,19.24,0.54,2.81,45896.32,89060.936,1.783,9.699598459845983,9.434796479647964,9.763347084708473,9.209224422442244
600423.SH,20070807,19.8,20.5,19.41,20.24,19.78,0.46,2.33,47918.45,96290.96,1.783,9.925170517051704,9.709405940594058,10.052667766776676,9.5181600660066
600423.SH,20070808,20.4,20.4,18.7,19.4,20.24,-0.84,-4.15,65466.24,126917.763,1.783,9.51325632563256,10.003630363036304,10.003630363036304,9.169994499449944
600423.SH,20070809,19.3,19.32,18.85,19.22,19.4,-0.18,-0.93,58946.38,112294.715,1.783,9.424988998899888,9.46421892189219,9.474026402640265,9.243550605060506
600423.SH,20070810,19.2,19.2,18.2,18.43,19.22,-0.79,-4.11,30753.21,57087.056,1.783,9.037593509350934,9.415181518151812,9.415181518151812,8.924807480748074
600423.SH,20070813,18.51,18.86,18.35,18.5,18.43,0.07,0.38,22301.25,41469.508,1.783,9.071919691969198,9.076823432343234,9.248454345434542,8.998363586358636
600423.SH,20070814,18.66,19.33,18.4,19.26,18.5,0.76,4.11,24935.44,47463.148,1.783,9.44460396039604,9.150379537953796,9.4789301430143,9.02288228822882
600423.SH,20070815,19.45,19.45,18.3,18.74,19.26,-0.52,-2.7,20548.71,38757.371,1.783,9.189609460946093,9.53777502750275,9.53777502750275,8.973844884488448
600423.SH,20070816,18.78,20.18,18.52,19.86,18.74,1.12,5.98,73890.13,146194.894,1.783,9.738828382838282,9.209224422442244,9.89574807480748,9.08172717271727
600423.SH,20070817,19.75,20.29,19.5,19.59,19.86,-0.27,-1.36,39941.64,79587.718,1.783,9.606427392739274,9.684887238723872,9.94968921892189,9.562293729372936
600423.SH,20070820,20.1,21.0,20.0,20.78,19.59,1.19,6.07,50077.65,103503.403,1.783,10.189972497249723,9.856518151815182,10.297854785478547,9.807480748074806
600423.SH,20070821,20.98,21.15,20.0,20.9,20.78,0.12,0.58,68107.79,140873.671,1.783,10.248817381738172,10.288047304730473,10.371410891089107,9.807480748074806
600423.SH,20070822,20.54,21.5,20.3,21.38,20.9,0.48,2.3,51045.9,108250.689,1.783,10.484196919691968,10.072282728272826,10.543041804180415,9.954592959295928
600423.SH,20070823,21.4,21.7,20.98,21.24,21.38,-0.14,-0.65,32910.0,69943.581,1.783,10.415544554455444,10.494004400440042,10.641116611661165,10.288047304730473
600423.SH,20070824,21.17,21.58,20.5,20.96,21.24,-0.28,-1.32,40870.5,85177.947,1.783,10.278239823982398,10.381218371837184,10.582271727172715,10.052667766776676
600423.SH,20070827,21.58,21.58,20.01,20.56,20.96,-0.4,-1.91,58751.64,120933.341,1.783,10.0820902090209,10.582271727172715,10.582271727172715,9.812384488448844
600423.SH,20070828,20.5,20.92,20.1,20.55,20.56,-0.01,-0.05,34149.3,70128.631,1.783,10.077186468646865,10.052667766776676,10.258624862486249,9.856518151815182
600423.SH,20070829,20.5,20.5,19.73,19.74,20.55,-0.81,-3.94,34699.77,69070.637,1.783,9.679983498349834,10.052667766776676,10.052667766776676,9.675079757975798
600423.SH,20070830,19.86,21.0,19.8,20.67,19.74,0.93,4.71,41309.09,84165.901,1.783,10.136031353135314,9.738828382838282,10.297854785478547,9.709405940594058
600423.SH,20070831,20.66,21.18,20.66,20.95,20.67,0.28,1.35,38532.42,80819.053,1.783,10.273336083608358,10.131127612761276,10.38612211221122,10.131127612761276
600423.SH,20070903,21.18,22.15,21.0,22.08,20.95,1.13,5.39,68060.84,147608.418,1.783,10.827458745874583,10.38612211221122,10.861784928492847,10.297854785478547
600423.SH,20070904,22.11,22.2,21.21,21.45,22.08,-0.63,-2.85,35061.0,76210.058,1.783,10.51852310231023,10.842169966996698,10.886303630363036,10.400833333333331
600423.SH,20070905,21.65,23.35,21.28,23.16,21.45,1.71,7.97,84348.74,191199.524,1.783,11.357062706270629,10.616597909790976,11.450233773377336,10.435159515951597
600423.SH,20070906,23.61,25.48,23.61,24.8,23.16,1.64,7.08,148599.42,371169.814,1.783,12.161276127612762,11.57773102310231,12.494730473047303,11.57773102310231
600423.SH,20070907,24.6,25.45,24.1,24.3,24.8,-0.5,-2.02,66337.65,163397.745,1.783,11.91608910891089,12.063201320132013,12.480019251925192,11.818014301430145
600423.SH,20070910,24.7,25.49,23.97,24.95,24.3,0.65,2.67,55949.62,138220.949,1.783,12.234832233223322,12.112238723872386,12.49963421342134,11.754265676567655
600423.SH,20070911,24.95,24.95,22.46,22.62,24.95,-2.33,-9.34,44187.56,104970.51,1.783,11.092260726072606,12.234832233223322,12.234832233223322,11.013800880088008
600423.SH,20070912,22.6,23.2,21.01,22.97,22.62,0.35,1.55,54565.89,120688.565,1.783,11.263891639163916,11.082453245324531,11.376677667766774,10.302758525852584
600423.SH,20070913,22.9,24.08,22.35,23.67,22.97,0.7,3.05,44506.17,103380.954,1.783,11.607153465346531,11.229565456545652,11.808206820682068,10.959859735973598
600423.SH,20070914,23.66,24.58,22.68,23.02,23.67,-0.65,-2.75,37909.53,88115.529,1.783,11.288410341034105,11.602249724972497,12.053393839383936,11.121683168316832
600423.SH,20070917,22.5,24.0,22.38,23.67,23.02,0.65,2.82,70925.45,164423.903,1.783,11.607153465346531,11.03341584158416,11.768976897689768,10.97457095709571
600423.SH,20070918,23.8,25.85,23.44,25.66,23.67,1.99,8.41,71206.86,174308.105,1.783,12.582997799779976,11.67090209020902,12.67616886688669,11.494367436743676
600423.SH,20070919,25.0,25.9,24.51,24.75,25.66,-0.91,-3.55,44118.79,110858.384,1.783,12.136757425742571,12.259350935093508,12.700687568756877,12.019067656765676
600423.SH,20070920,24.76,25.48,24.36,24.6,24.75,-0.15,-0.61,30703.94,76314.453,1.783,12.063201320132013,12.141661166116611,12.494730473047303,11.945511551155114
600423.SH,20070921,24.6,25.86,24.6,25.61,24.6,1.01,4.11,62317.14,157756.026,1.783,12.55847909790979,12.063201320132013,12.681072607260726,12.063201320132013
600423.SH,20070924,25.8,26.88,25.01,25.27,25.61,-0.34,-1.33,37525.26,98362.064,1.783,12.39175192519252,12.6516501650165,13.18125412541254,12.264254675467546
600423.SH,20070925,25.29,25.59,24.02,24.7,25.27,-0.57,-2.26,25295.06,62556.835,1.783,12.112238723872386,12.401559405940594,12.548671617161716,11.778784378437845
600423.SH,20070926,24.58,24.99,23.67,23.69,24.7,-1.01,-4.09,18125.85,43888.749,1.783,11.616960946094608,12.053393839383936,12.25444719471947,11.607153465346531
600423.SH,20070927,23.75,24.65,23.75,24.0,23.69,0.31,1.31,18588.25,44881.957,1.783,11.768976897689768,11.646383388338831,12.0877200220022,11.646383388338831
600423.SH,20070928,24.5,26.0,24.2,25.69,24.0,1.69,7.04,50533.19,128156.113,1.783,12.597709020902087,12.014163916391638,12.749724972497248,11.867051705170516
600423.SH,20071008,26.99,27.0,25.3,25.48,25.69,-0.21,-0.82,32781.0,85494.142,1.783,12.494730473047303,13.235195269526953,13.24009900990099,12.40646314631463
600423.SH,20071009,25.49,25.5,24.47,25.13,25.48,-0.35,-1.37,19303.25,48067.378,1.783,12.323099559955995,12.49963421342134,12.504537953795378,11.999452695269524
600423.SH,20071010,25.19,25.47,24.8,24.88,25.13,-0.25,-0.99,19280.56,48226.331,1.783,12.20050605060506,12.35252200220022,12.489826732673263,12.161276127612762
600423.SH,20071011,24.88,24.94,23.5,23.74,24.88,-1.14,-4.58,36886.87,88284.674,1.783,11.641479647964797,12.20050605060506,12.229928492849286,11.523789878987898
600423.SH,20071012,23.85,24.35,21.9,23.36,23.74,-0.38,-1.6,36023.26,82688.44,1.783,11.455137513751373,11.695420792079206,11.940607810781078,10.739191419141914
600423.SH,20071015,23.36,23.59,21.98,23.0,23.36,-0.36,-1.54,35568.4,80243.437,1.783,11.278602860286028,11.455137513751373,11.567923542354237,10.778421342134212
600423.SH,20071016,22.99,24.25,22.32,23.9,23.0,0.9,3.91,30896.56,71751.922,1.783,11.719939493949392,11.27369911991199,11.891570407040703,10.945148514851484
600423.SH,20071017,23.8,23.8,22.61,22.93,23.9,-0.97,-4.06,20952.43,48413.414,1.783,11.244276677667765,11.67090209020902,11.67090209020902,11.087356985698568
600423.SH,20071018,22.99,23.69,22.37,22.94,22.93,0.01,0.04,25754.84,59631.591,1.783,11.249180418041805,11.27369911991199,11.616960946094608,10.969667216721673
600423.SH,20071019,23.2,25.23,23.2,25.08,22.94,2.14,9.33,104004.89,259080.815,1.783,12.298580858085806,11.376677667766774,12.372136963696368,11.376677667766774
600423.SH,20071031,27.2,27.59,25.15,25.38,25.08,0.3,1.2,85639.01,223655.162,1.783,12.445693069306929,13.338173817381737,13.529419691969196,12.332907040704068
600423.SH,20071101,25.4,26.0,24.09,24.8,25.38,-0.58,-2.29,43476.05,108707.004,1.783,12.161276127612762,12.455500550055003,12.749724972497248,11.813110561056105
600423.SH,20071102,24.57,25.18,24.2,24.71,24.8,-0.09,-0.36,15757.99,39196.268,1.783,12.117142464246424,12.0484900990099,12.34761826182618,11.867051705170516
600423.SH,20071105,24.5,25.93,24.3,25.28,24.71,0.57,2.31,17789.2,45200.7,1.783,12.396655665566556,12.014163916391638,12.715398789878988,11.91608910891089
600423.SH,20071106,25.79,25.8,23.81,24.2,25.28,-1.08,-4.27,31470.71,78933.086,1.783,11.867051705170516,12.646746424642462,12.6516501650165,11.675805830583055
600423.SH,20071107,24.0,24.0,22.61,22.98,24.2,-1.22,-5.04,24164.54,55989.101,1.783,11.268795379537954,11.768976897689768,11.768976897689768,11.087356985698568
600423.SH,20071108,23.01,24.0,22.45,22.82,22.98,-0.16,-0.7,22849.63,53458.041,1.783,11.190335533553355,11.283506600660068,11.768976897689768,11.00889713971397
600423.SH,20071109,22.61,23.06,21.78,22.08,22.82,-0.74,-3.24,11627.67,25831.984,1.783,10.827458745874583,11.087356985698568,11.30802530253025,10.680346534653465
600423.SH,20071112,21.81,21.81,20.0,20.97,22.08,-1.11,-5.03,24309.09,50328.227,1.783,10.283143564356434,10.695057755775576,10.695057755775576,9.807480748074806
600423.SH,20071113,21.11,21.5,20.3,20.73,20.97,-0.24,-1.14,19318.11,40409.232,1.783,10.165453795379538,10.351795929592958,10.543041804180415,9.954592959295928
600423.SH,20071114,21.01,21.85,20.2,21.48,20.73,0.75,3.62,49432.04,102556.045,1.783,10.533234323432342,10.302758525852584,10.714672717271728,9.905555555555557
600423.SH,20071115,21.47,21.47,20.7,20.81,21.48,-0.67,-3.12,17765.84,37124.264,1.783,10.204683718371836,10.528330583058304,10.528330583058304,10.150742574257425
600423.SH,20071116,20.51,21.38,20.51,21.09,20.81,0.28,1.35,26931.03,56463.154,1.783,10.341988448844884,10.057571507150715,10.484196919691968,10.057571507150715
600423.SH,20071119,21.3,21.58,21.05,21.21,21.09,0.12,0.57,15745.85,33498.839,1.783,10.400833333333331,10.44496699669967,10.582271727172715,10.322373487348734
600423.SH,20071120,21.21,21.73,21.06,21.52,21.21,0.31,1.46,29158.06,62246.634,1.783,10.552849284928492,10.400833333333331,10.65582783278328,10.327277227722773
600423.SH,20071121,21.8,22.26,21.55,21.63,21.52,0.11,0.51,22764.17,49971.411,1.783,10.606790429042904,10.69015401540154,10.91572607260726,10.567560506050606
600423.SH,20071122,21.49,21.54,20.2,20.25,21.63,-1.38,-6.38,26467.0,55074.474,1.783,9.930074257425742,10.53813806380638,10.562656765676566,9.905555555555557
600423.SH,20071123,19.88,20.1,18.9,19.69,20.25,-0.56,-2.77,30922.92,59494.954,1.783,9.655464796479649,9.748635863586358,9.856518151815182,9.268069306930691
600423.SH,20071126,19.87,19.98,19.32,19.33,19.69,-0.36,-1.83,15870.92,31373.352,1.783,9.4789301430143,9.743732123212322,9.797673267326733,9.474026402640265
600423.SH,20071127,19.28,19.8,19.01,19.45,19.33,0.12,0.62,5820.3,11274.166,1.783,9.53777502750275,9.454411441144115,9.709405940594058,9.322010451045104
600423.SH,20071128,19.45,19.68,19.18,19.25,19.45,-0.2,-1.03,6791.49,13189.468,1.783,9.439700220022,9.53777502750275,9.650561056105609,9.40537403740374
600423.SH,20071129,19.5,20.18,19.13,20.0,19.25,0.75,3.9,10371.83,20536.631,1.783,9.807480748074806,9.562293729372936,9.89574807480748,9.380855335533552
600423.SH,20071130,19.99,20.0,19.25,19.4,20.0,-0.6,-3.0,14571.1,28357.639,1.783,9.51325632563256,9.802577007700767,9.807480748074806,9.439700220022
600423.SH,20071203,19.35,19.75,19.2,19.35,19.4,-0.05,-0.26,6120.31,11900.082,1.783,9.488737623762376,9.488737623762376,9.684887238723872,9.415181518151812
600423.SH,20071204,19.65,20.48,19.5,20.2,19.35,0.85,4.39,19255.66,38764.619,1.783,9.905555555555557,9.635849834983496,10.0428602860286,9.562293729372936
600423.SH,20071205,20.35,20.49,19.98,20.37,20.2,0.17,0.84,15633.69,31698.485,1.783,9.988919141914192,9.979111661166115,10.047764026402636,9.797673267326733
600423.SH,20071206,20.4,20.9,20.36,20.51,20.37,0.14,0.69,10945.42,22498.986,1.783,10.057571507150715,10.003630363036304,10.248817381738172,9.984015401540152
600423.SH,20071207,20.46,20.95,20.45,20.82,20.51,0.31,1.51,8447.18,17531.876,1.783,10.209587458745874,10.033052805280526,10.273336083608358,10.028149064906488
600423.SH,20071210,20.56,21.59,20.38,21.22,20.82,0.4,1.92,39047.3,82774.632,1.783,10.40573707370737,10.0820902090209,10.587175467546754,9.993822882288228
600423.SH,20071211,21.41,21.6,20.9,21.21,21.22,-0.01,-0.05,19552.24,41598.287,1.783,10.400833333333331,10.498908140814082,10.592079207920792,10.248817381738172
600423.SH,20071212,21.3,21.64,21.0,21.6,21.21,0.39,1.84,19579.93,41682.34,1.783,10.592079207920792,10.44496699669967,10.61169416941694,10.297854785478547
600423.SH,20071213,21.62,22.0,21.03,21.08,21.6,-0.52,-2.41,16179.93,35097.822,1.783,10.337084708470844,10.601886688668866,10.788228822882289,10.31256600660066
600423.SH,20071214,20.99,21.37,20.3,21.2,21.08,0.12,0.57,15686.22,32578.719,1.783,10.395929592959297,10.292951045104507,10.479293179317931,9.954592959295928
600423.SH,20071217,21.53,22.55,21.1,22.33,21.2,1.13,5.33,27637.87,61030.723,1.783,10.950052255225522,10.55775302530253,11.057934543454344,10.346892189218922
600423.SH,20071218,22.31,23.22,22.12,22.78,22.33,0.45,2.02,33097.35,75484.812,1.783,11.170720572057206,10.940244774477446,11.386485148514849,10.847073707370736
600423.SH,20071219,22.59,23.96,22.59,23.23,22.78,0.45,1.98,27548.99,64855.999,1.783,11.391388888888889,11.077549504950492,11.74936193619362,11.077549504950492
600423.SH,20071220,23.4,24.08,23.16,23.86,23.23,0.63,2.71,21765.04,51766.362,1.783,11.700324532453244,11.474752475247522,11.808206820682068,11.357062706270629
600423.SH,20071221,23.85,24.4,23.55,23.92,23.86,0.06,0.25,18805.06,45092.729,1.783,11.72974697469747,11.695420792079206,11.965126512651263,11.548308580858084
600423.SH,20071224,24.07,25.9,24.07,25.84,23.92,1.92,8.03,63846.14,161814.213,1.783,12.67126512651265,11.80330308030803,12.700687568756877,11.80330308030803
600423.SH,20071225,26.0,26.28,25.31,26.06,25.84,0.22,0.85,35817.17,92707.481,1.783,12.779147414741471,12.749724972497248,12.887029702970295,12.411366886688668
600423.SH,20071226,26.05,26.49,25.65,26.4,26.06,0.34,1.3,23867.49,62085.01,1.783,12.945874587458745,12.774243674367437,12.99000825082508,12.578094059405938
600423.SH,20071227,26.4,27.2,26.02,26.78,26.4,0.38,1.44,24055.38,63966.533,1.783,13.132216721672169,12.945874587458745,13.338173817381737,12.759532453245324
600423.SH,20071228,26.86,27.18,26.3,26.76,26.78,-0.02,-0.07,19542.03,52315.543,1.783,13.12240924092409,13.171446644664464,13.328366336633662,12.89683718371837
600423.SH,20080102,26.88,28.48,26.33,28.1,26.76,1.34,5.01,41788.55,114090.782,1.783,13.779510451045104,13.18125412541254,13.965852585258526,12.911548404840484
600423.SH,20080103,28.0,30.91,27.7,30.62,28.1,2.52,8.97,87004.57,265585.531,1.783,15.015253025302531,13.73047304730473,15.157461496149612,13.583360836083608
600423.SH,20080104,30.01,30.94,29.33,30.82,30.62,0.2,0.65,37813.74,113412.822,1.783,15.113327832783275,14.716124862486248,15.172172717271728,14.382670517051704
600423.SH,20080107,30.35,32.0,30.21,30.93,30.82,0.11,0.36,40344.41,126541.245,1.783,15.16726897689769,14.88285203520352,15.691969196919691,14.814199669966996
600423.SH,20080108,31.0,31.6,29.06,29.47,30.93,-1.46,-4.72,36868.53,111638.278,1.783,14.451322882288228,15.20159515951595,15.495819581958196,14.250269526952692
600423.SH,20080109,29.01,31.79,28.67,31.6,29.47,2.13,7.23,57915.14,174294.471,1.783,15.495819581958196,14.225750825082509,15.588990649064904,14.059023652365235
600423.SH,20080110,31.2,32.17,30.21,30.95,31.6,-0.65,-2.06,41134.22,127598.14,1.783,15.177076457645764,15.299669966996698,15.775332783278328,14.814199669966996
600423.SH,20080111,30.96,30.97,29.65,30.5,30.95,-0.45,-1.45,31153.89,93648.692,1.783,14.95640814081408,15.1819801980198,15.186883938393835,14.5395902090209
600423.SH,20080114,30.0,30.1,29.0,29.53,30.5,-0.97,-3.18,40249.16,118220.904,1.783,14.480745324532451,14.711221122112208,14.760258525852583,14.22084708470847
600423.SH,20080115,29.48,30.45,29.22,30.33,29.53,0.8,2.71,24528.11,73325.483,1.783,14.873044554455443,14.456226622662266,14.931889438943893,14.32872937293729
600423.SH,20080116,30.04,30.97,29.58,30.48,30.33,0.15,0.49,16338.97,49129.181,1.783,14.946600660066006,14.73083608360836,15.186883938393835,14.50526402640264
600423.SH,20080117,30.0,30.8,27.8,28.99,30.48,-1.49,-4.89,37071.04,106252.684,1.783,14.215943344334432,14.711221122112208,15.103520352035202,13.63239823982398
600423.SH,20080118,28.4,28.88,27.18,27.44,28.99,-1.55,-5.35,29122.7,81021.206,1.783,13.455863586358635,13.926622662266224,14.16200220022002,13.328366336633662
600423.SH,20080121,27.69,28.18,26.02,26.36,27.44,-1.08,-3.94,21738.41,59802.09,1.783,12.926259625962595,13.578457095709572,13.818740374037404,12.759532453245324
600423.SH,20080122,25.8,27.0,23.72,24.25,26.36,-2.11,-8.0,32201.77,81351.129,1.783,11.891570407040703,12.6516501650165,13.24009900990099,11.63167216721672
600423.SH,20080123,25.01,26.18,24.5,25.96,24.25,1.71,7.05,47323.29,119690.966,1.783,12.7301100110011,12.264254675467546,12.837992299229922,12.014163916391638
600423.SH,20080124,26.48,28.56,26.48,27.49,25.96,1.53,5.89,60211.85,167253.358,1.783,13.48038228822882,12.985104510451045,14.005082508250824,12.985104510451045
600423.SH,20080125,27.5,28.7,26.72,26.81,27.49,-0.68,-2.47,27077.08,74680.532,1.783,13.146927942794278,13.48528602860286,14.073734873487346,13.102794279427942
600423.SH,20080128,26.5,26.79,25.01,25.48,26.81,-1.33,-4.96,20987.3,54304.92,1.783,12.494730473047303,12.99491199119912,13.137120462046203,12.264254675467546
600423.SH,20080129,26.12,26.6,25.28,25.79,25.48,0.31,1.22,14975.21,38572.855,1.783,12.646746424642462,12.808569856985695,13.043949394939492,12.396655665566556
600423.SH,20080130,26.21,26.49,24.4,25.1,25.79,-0.69,-2.68,23492.3,59492.645,1.783,12.308388338833884,12.852703520352035,12.99000825082508,11.965126512651263
600423.SH,20080131,25.18,25.45,23.01,23.1,25.1,-2.0,-7.97,26433.16,63714.891,1.783,11.327640264026403,12.34761826182618,12.480019251925192,11.283506600660068
600423.SH,20080201,23.02,24.01,22.01,23.84,23.1,0.74,3.2,36677.46,85454.907,1.783,11.690517051705168,11.288410341034105,11.773880638063805,10.793132563256329
600423.SH,20080204,24.26,26.21,24.26,26.07,23.84,2.23,9.35,47347.42,118720.247,1.783,12.784051155115511,11.89647414741474,12.852703520352035,11.89647414741474
600423.SH,20080205,25.69,26.45,25.1,25.25,26.07,-0.82,-3.15,30260.19,77134.733,1.783,12.381944444444445,12.597709020902087,12.97039328932893,12.308388338833884
600423.SH,20080213,25.19,25.19,24.06,24.56,25.25,-0.69,-2.73,14655.82,36181.016,1.783,12.043586358635862,12.35252200220022,12.35252200220022,11.798399339933992
600423.SH,20080214,24.99,25.74,24.8,25.68,24.56,1.12,4.56,20069.48,50687.452,1.783,12.59280528052805,12.25444719471947,12.622227722772276,12.161276127612762
600423.SH,20080215,25.29,25.46,24.79,25.44,25.68,-0.24,-0.93,16695.91,41821.688,1.783,12.475115511551156,12.401559405940594,12.484922992299229,12.156372387238724
600423.SH,20080218,25.68,26.81,25.68,26.57,25.44,1.13,4.44,38189.47,100714.103,1.783,13.02923817381738,12.59280528052805,13.146927942794278,12.59280528052805
600423.SH,20080219,26.57,27.99,26.4,27.96,26.57,1.39,5.23,42386.87,115894.341,1.783,13.71085808580858,13.02923817381738,13.72556930693069,12.945874587458745
600423.SH,20080220,28.3,28.9,27.5,28.37,27.96,0.41,1.47,61691.82,174519.842,1.783,13.911911441144111,13.877585258525851,14.171809680968094,13.48528602860286
600423.SH,20080221,28.28,28.9,27.81,28.83,28.37,0.46,1.62,30808.15,87335.504,1.783,14.137483498349834,13.867777777777777,14.171809680968094,13.637301980198018
600423.SH,20080222,28.78,29.4,26.82,28.05,28.83,-0.78,-2.71,41190.01,116156.435,1.783,13.754991749174916,14.112964796479648,14.416996699669966,13.151831683168316
600423.SH,20080225,28.3,28.6,26.48,26.58,28.05,-1.47,-5.24,29002.09,78900.471,1.783,13.034141914191418,13.877585258525851,14.024697469746974,12.985104510451045
600423.SH,20080226,27.02,27.23,23.92,25.36,26.58,-1.22,-4.59,36259.79,93599.942,1.783,12.435885588558854,13.249906490649064,13.352885038503851,11.72974697469747
600423.SH,20080227,25.37,26.34,25.0,25.81,25.36,0.45,1.77,19906.29,50984.843,1.783,12.656553905390536,12.440789328932892,12.91645214521452,12.259350935093508
600423.SH,20080228,25.88,27.88,25.88,27.51,25.81,1.7,6.59,31215.51,84174.878,1.783,13.490189768976895,12.6908800880088,13.67162816281628,12.6908800880088
600423.SH,20080229,27.59,28.8,26.85,27.19,27.51,-0.32,-1.16,31246.42,86734.284,1.783,13.3332700770077,13.529419691969196,14.122772277227725,13.166542904290427
600423.SH,20080303,27.19,29.2,26.66,28.91,27.19,1.72,6.33,52468.36,148886.106,1.783,14.176713421342132,13.3332700770077,14.318921892189216,13.073371837183718
600423.SH,20080304,28.6,29.9,28.41,29.41,28.91,0.5,1.73,68502.16,201470.052,1.783,14.421900440044004,14.024697469746974,14.662183718371836,13.931526402640262
600423.SH,20080305,29.1,29.9,28.58,29.31,29.41,-0.1,-0.34,44982.72,131890.674,1.783,14.37286303630363,14.269884488448843,14.662183718371836,14.014889988998895
600423.SH,20080306,29.25,29.57,28.5,28.6,29.31,-0.71,-2.42,26776.39,77399.31,1.783,14.024697469746974,14.343440594059404,14.500360286028602,13.9756600660066
600423.SH,20080307,28.6,28.9,27.15,28.81,28.6,0.21,0.73,24848.73,69562.183,1.783,14.12767601760176,14.024697469746974,14.171809680968094,13.31365511551155
600423.SH,20080310,28.58,28.58,27.6,27.85,28.81,-0.96,-3.33,21440.14,59876.327,1.783,13.65691694169417,14.014889988998895,14.014889988998895,13.534323432343234
600423.SH,20080311,26.95,27.0,25.8,26.69,27.85,-1.16,-4.17,25163.59,66565.242,1.783,13.08808305830583,13.215580308030802,13.24009900990099,12.6516501650165
600423.SH,20080312,27.23,27.57,25.5,25.52,26.69,-1.17,-4.38,19913.38,52328.419,1.783,12.514345434543452,13.352885038503851,13.51961221122112,12.504537953795378
600423.SH,20080313,25.59,26.0,24.81,25.6,25.52,0.08,0.31,21740.01,55184.237,1.783,12.553575357535754,12.548671617161716,12.749724972497248,12.1661798679868
600423.SH,20080314,25.2,25.69,24.25,24.49,25.6,-1.11,-4.34,13334.99,33139.238,1.783,12.009260176017602,12.357425742574256,12.597709020902087,11.891570407040703
600423.SH,20080317,24.01,24.42,22.55,22.79,24.49,-1.7,-6.94,12586.3,29612.615,1.783,11.175624312431244,11.773880638063805,11.97493399339934,11.057934543454344
600423.SH,20080318,22.5,22.7,20.51,20.87,22.79,-1.92,-8.42,26819.14,57356.876,1.783,10.23410616061606,11.03341584158416,11.131490649064906,10.057571507150715
600423.SH,20080319,21.31,22.7,21.2,22.57,20.87,1.7,8.15,30170.01,66722.347,1.783,11.06774202420242,10.449870737073706,11.131490649064906,10.395929592959297
600423.SH,20080320,21.98,23.81,21.2,23.62,22.57,1.05,4.65,18978.61,43662.504,1.783,11.582634763476348,10.778421342134212,11.675805830583055,10.395929592959297
600423.SH,20080321,23.5,24.18,23.2,23.55,23.62,-0.07,-0.3,13983.7,33019.68,1.783,11.548308580858084,11.523789878987898,11.85724422442244,11.376677667766774
600423.SH,20080324,23.22,23.99,22.0,22.11,23.55,-1.44,-6.11,21653.98,49621.694,1.783,10.842169966996698,11.386485148514849,11.76407315731573,10.788228822882289
600423.SH,20080325,22.0,22.36,21.3,22.06,22.11,-0.05,-0.23,37820.56,82307.3,1.783,10.817651265126512,10.788228822882289,10.964763476347636,10.44496699669967
600423.SH,20080326,22.4,22.49,21.35,21.49,22.06,-0.57,-2.58,30158.97,66249.182,1.783,10.53813806380638,10.984378437843782,11.02851210121012,10.469485698569857
600423.SH,20080327,20.8,21.19,19.98,20.49,21.49,-1.0,-4.65,29856.36,61171.342,1.783,10.047764026402636,10.1997799779978,10.391025852585258,9.797673267326733
600423.SH,20080328,20.26,21.15,19.4,21.02,20.49,0.53,2.59,49091.78,99216.797,1.783,10.307662266226622,9.93497799779978,10.371410891089107,9.51325632563256
600423.SH,20080401,19.75,20.18,18.92,18.92,21.02,-2.1,-9.99,39390.67,74925.535,1.783,9.277876787678768,9.684887238723872,9.89574807480748,9.277876787678768
600423.SH,20080402,18.84,19.1,17.03,17.03,18.92,-1.89,-9.99,44135.11,76464.149,1.783,8.3510698569857,9.238646864686467,9.366144114411442,8.3510698569857
600423.SH,20080403,16.59,17.48,15.89,17.05,17.03,0.02,0.12,32415.37,53928.186,1.783,8.360877337733774,8.135305280528053,8.571738173817382,7.792043454345434
600423.SH,20080407,16.6,18.76,16.0,18.76,17.05,1.71,10.03,62549.52,111396.787,1.783,9.19941694169417,8.14020902090209,9.19941694169417,7.845984598459846
600423.SH,20080408,18.74,20.44,18.51,20.05,18.76,1.29,6.88,54864.64,107677.132,1.783,9.831999449944997,9.189609460946093,10.023245324532452,9.076823432343234
600423.SH,20080409,19.83,19.83,18.5,18.54,20.05,-1.51,-7.53,35990.23,69531.945,1.783,9.091534653465343,9.724117161716167,9.724117161716167,9.071919691969198
600423.SH,20080410,15.4,15.4,14.46,14.93,15.41,-0.48,-3.11,51884.28,76905.475,2.145,8.807714521452144,9.084983498349835,9.084983498349835,8.530445544554457
600423.SH,20080411,15.09,15.63,15.0,15.42,14.93,0.49,3.28,32623.44,49820.737,2.145,9.09678217821782,8.902103960396039,9.220668316831684,8.849009900990097
600423.SH,20080414,14.89,15.42,14.66,14.97,15.42,-0.45,-2.92,33358.73,50218.313,2.145,8.83131188118812,8.784117161716171,9.09678217821782,8.648432343234324
600423.SH,20080415,14.58,15.41,14.42,15.37,14.97,0.4,2.67,16361.43,24281.088,2.145,9.067285478547854,8.601237623762376,9.090882838283829,8.506848184818482
600423.SH,20080416,15.4,15.91,15.1,15.34,15.37,-0.03,-0.2,37662.61,58741.954,2.145,9.049587458745874,9.084983498349835,9.385849834983498,8.908003300330032
600423.SH,20080417,15.31,15.83,14.67,14.88,15.34,-0.46,-3.0,21109.97,32021.505,2.145,8.778217821782178,9.031889438943894,9.338655115511552,8.654331683168317
600423.SH,20080418,14.78,14.78,13.61,13.71,14.88,-1.17,-7.86,25566.36,35877.916,2.145,8.08799504950495,8.719224422442243,8.719224422442243,8.029001650165016
600423.SH,20080421,14.99,14.99,12.34,12.34,13.71,-1.37,-9.99,41045.67,55955.049,2.145,7.279785478547855,8.843110561056106,8.843110561056106,7.279785478547855
600423.SH,20080422,12.33,13.29,11.11,13.26,12.34,0.92,7.46,51281.36,61160.392,2.145,7.822524752475247,7.273886138613861,7.840222772277228,6.554166666666666
600423.SH,20080423,12.7,14.01,12.58,13.96,13.26,0.7,5.28,56179.13,75492.36,2.145,8.235478547854786,7.492161716171616,8.264975247524752,7.421369636963696
600423.SH,20080424,15.29,15.36,14.58,15.36,13.96,1.4,10.03,76935.58,116610.893,2.145,9.061386138613862,9.020090759075908,9.061386138613862,8.601237623762376
600423.SH,20080425,15.48,16.2,15.01,15.53,15.36,0.17,1.11,58732.27,91749.475,2.145,9.161674917491748,9.132178217821782,9.556930693069305,8.854909240924092
600423.SH,20080428,15.02,15.75,14.7,14.93,15.53,-0.6,-3.86,36797.23,55581.279,2.145,8.807714521452144,8.860808580858086,9.291460396039604,8.672029702970296
600423.SH,20080429,14.93,15.29,14.3,14.57,14.93,-0.36,-2.41,31412.58,46706.494,2.145,8.595338283828383,8.807714521452144,9.020090759075908,8.436056105610561
600423.SH,20080430,14.68,15.4,14.57,15.28,14.57,0.71,4.87,44252.08,66633.332,2.145,9.014191419141913,8.660231023102309,9.084983498349835,8.595338283828383
600423.SH,20080505,15.45,16.16,15.45,15.99,15.28,0.71,4.65,42184.93,66812.91,2.145,9.433044554455446,9.114480198019802,9.533333333333331,9.114480198019802
600423.SH,20080506,15.88,17.1,15.58,16.92,15.99,0.93,5.82,80667.14,133743.232,2.145,9.981683168316833,9.368151815181518,10.087871287128714,9.191171617161716
600423.SH,20080507,16.8,17.1,15.88,15.95,16.92,-0.97,-5.73,48556.62,80237.213,2.145,9.40944719471947,9.910891089108912,10.087871287128714,9.368151815181518
600423.SH,20080508,15.55,16.97,15.51,16.91,15.95,0.96,6.02,39631.2,64681.35,2.145,9.97578382838284,9.173473597359736,10.011179867986796,9.14987623762376
600423.SH,20080509,17.5,18.5,17.1,18.15,16.91,1.24,7.33,113309.99,203602.461,2.145,10.707301980198018,10.323844884488448,10.913778877887788,10.087871287128714
600423.SH,20080512,18.0,19.97,18.0,19.97,18.15,1.82,10.03,102903.34,201198.617,2.145,11.78098184818482,10.61881188118812,11.78098184818482,10.61881188118812
600423.SH,20080513,21.87,21.87,19.97,21.01,19.97,1.04,5.21,275621.79,582850.314,2.145,12.394513201320132,12.901856435643564,12.901856435643564,11.78098184818482
600423.SH,20080514,20.9,21.25,19.8,21.01,21.01,0.0,0.0,154538.93,316516.078,2.145,12.394513201320132,12.329620462046204,12.536097359735972,11.680693069306932
600423.SH,20080515,20.97,22.1,20.63,21.2,21.01,0.19,0.9,156337.41,335808.752,2.145,12.506600660066006,12.370915841584155,13.037541254125411,12.17033828382838
600423.SH,20080516,21.06,21.3,20.16,20.48,21.2,-0.72,-3.4,94878.85,194948.7,2.145,12.08184818481848,12.424009900990098,12.565594059405942,11.893069306930691
600423.SH,20080519,20.6,21.5,19.88,20.74,20.48,0.26,1.27,83317.32,173733.61,2.145,12.23523102310231,12.152640264026404,12.683580858085808,11.727887788778878
600423.SH,20080520,20.8,21.1,18.91,19.16,20.74,-1.58,-7.62,95378.49,192524.287,2.145,11.303135313531351,12.27062706270627,12.447607260726071,11.15565181518152
600423.SH,20080521,18.93,19.87,18.0,19.47,19.16,0.31,1.62,70518.56,132071.137,2.145,11.486014851485146,11.167450495049504,11.721988448844884,10.61881188118812
600423.SH,20080522,19.18,20.64,19.02,19.87,19.47,0.4,2.05,67318.21,133356.477,2.145,11.721988448844884,11.31493399339934,12.176237623762376,11.220544554455444
600423.SH,20080523,19.85,20.0,18.6,18.94,19.87,-0.93,-4.68,45729.69,87900.803,2.145,11.173349834983496,11.710189768976898,11.798679867986795,10.972772277227724
600423.SH,20080526,18.45,19.49,17.92,19.08,18.94,0.14,0.74,43746.59,82181.977,2.145,11.255940594059403,10.88428217821782,11.497813531353136,10.571617161716173
600423.SH,20080527,19.08,19.5,18.7,19.02,19.08,-0.06,-0.31,29960.01,57083.908,2.145,11.220544554455444,11.255940594059403,11.503712871287128,11.031765676567655
600423.SH,20080529,19.57,20.67,19.57,20.11,19.02,1.09,5.73,80062.14,160981.432,2.145,11.863572607260728,11.545008250825084,12.193935643564355,11.545008250825084
600423.SH,20080530,20.2,20.4,19.4,19.97,20.11,-0.14,-0.7,34027.55,67421.739,2.145,11.78098184818482,11.916666666666666,12.034653465346532,11.444719471947192
600423.SH,20080602,19.9,20.9,19.7,20.74,19.97,0.77,3.86,50411.61,103300.459,2.145,12.23523102310231,11.739686468646864,12.329620462046204,11.621699669966995
600423.SH,20080603,20.68,20.9,20.45,20.57,20.74,-0.17,-0.82,45485.24,94117.438,2.145,12.134942244224424,12.19983498349835,12.329620462046204,12.0641501650165
600423.SH,20080604,20.41,20.6,18.51,18.51,20.57,-2.06,-10.01,81027.42,153336.546,2.145,10.919678217821785,12.040552805280528,12.152640264026404,10.919678217821785
600423.SH,20080605,18.01,18.56,17.69,17.91,18.51,-0.6,-3.24,31465.27,56866.934,2.145,10.565717821782178,10.624711221122112,10.94917491749175,10.435932343234324
600423.SH,20080606,18.0,18.2,16.65,17.1,17.91,-0.81,-4.52,31889.67,54989.533,2.145,10.087871287128714,10.61881188118812,10.736798679867986,9.822400990099007
600423.SH,20080610,16.1,17.3,15.8,16.54,17.1,-0.56,-3.27,64602.31,107634.07,2.145,9.75750825082508,9.497937293729374,10.20585808580858,9.320957095709572
600423.SH,20080611,16.38,16.98,16.05,16.4,16.54,-0.14,-0.85,27123.6,44705.087,2.145,9.674917491749174,9.663118811881189,10.017079207920792,9.468440594059404
600423.SH,20080612,16.24,16.68,15.82,16.28,16.4,-0.12,-0.73,29996.22,48948.428,2.145,9.604125412541254,9.58052805280528,9.840099009900989,9.332755775577558
600423.SH,20080613,16.58,16.85,14.65,14.68,16.28,-1.6,-9.83,31080.05,48866.852,2.145,8.660231023102309,9.781105610561054,9.940387788778878,8.64253300330033
600423.SH,20080616,14.5,15.35,14.5,14.8,14.68,0.12,0.82,42956.39,64227.331,2.145,8.731023102310232,8.554042904290428,9.055486798679867,8.554042904290428
600423.SH,20080617,14.8,15.1,13.58,14.15,14.8,-0.65,-4.39,24935.32,35425.782,2.145,8.34756600660066,8.731023102310232,8.908003300330032,8.011303630363036
600423.SH,20080618,14.0,15.3,13.62,15.26,14.15,1.11,7.84,28621.5,42280.071,2.145,9.002392739273928,8.25907590759076,9.0259900990099,8.03490099009901
600423.SH,20080619,15.15,15.63,13.9,14.07,15.26,-1.19,-7.8,25323.47,37557.795,2.145,8.300371287128712,8.9375,9.220668316831684,8.200082508250825
600423.SH,20080620,14.45,15.4,13.67,15.21,14.07,1.14,8.1,53477.58,80414.745,2.145,8.97289603960396,8.524546204620462,9.084983498349835,8.064397689768978
600423.SH,20080623,14.82,15.85,14.8,15.65,15.21,0.44,2.89,35593.12,55008.043,2.145,9.23246699669967,8.742821782178218,9.350453795379538,8.731023102310232
600423.SH,20080624,15.66,16.5,15.48,16.39,15.65,0.74,4.73,29774.87,48032.297,2.145,9.669018151815182,9.238366336633662,9.733910891089108,9.132178217821782
600423.SH,20080625,16.25,16.8,15.89,16.7,16.39,0.31,1.89,50915.57,83752.465,2.145,9.851897689768975,9.586427392739274,9.910891089108912,9.374051155115511
600423.SH,20080626,16.6,16.74,16.07,16.48,16.7,-0.22,-1.32,31383.3,51559.249,2.145,9.722112211221122,9.792904290429044,9.87549504950495,9.480239273927394
600423.SH,20080627,15.91,16.15,14.83,14.98,16.48,-1.5,-9.1,35295.28,55187.722,2.145,8.837211221122113,9.385849834983498,9.527433993399338,8.748721122112212
600423.SH,20080630,14.71,15.67,14.61,15.05,14.98,0.07,0.47,26072.63,39471.334,2.145,8.878506600660067,8.67792904290429,9.244265676567656,8.618935643564356
600423.SH,20080701,15.08,15.86,15.07,15.37,15.05,0.32,2.13,45013.22,69358.661,2.145,9.067285478547854,8.896204620462047,9.356353135313531,8.890305280528052
600423.SH,20080702,15.32,15.85,15.28,15.8,15.37,0.43,2.8,35791.02,55690.296,2.145,9.320957095709572,9.03778877887789,9.350453795379538,9.014191419141913
600423.SH,20080703,15.45,16.93,15.22,16.57,15.8,0.77,4.87,46514.74,76130.214,2.145,9.775206270627065,9.114480198019802,9.987582508250824,8.978795379537955
600423.SH,20080704,16.45,16.8,16.17,16.61,16.57,0.04,0.24,51724.3,85698.28,2.145,9.798803630363036,9.704414191419142,9.910891089108912,9.539232673267328
600423.SH,20080707,16.8,17.55,16.61,17.15,16.61,0.54,3.25,44337.68,76407.164,2.145,10.117367986798678,9.910891089108912,10.353341584158416,9.798803630363036
600423.SH,20080708,17.11,17.63,16.5,17.18,17.15,0.03,0.17,41336.27,70567.075,2.145,10.13506600660066,10.093770627062703,10.400536303630362,9.733910891089108
600423.SH,20080709,17.19,18.28,17.06,18.12,17.18,0.94,5.47,52714.11,92302.808,2.145,10.68960396039604,10.140965346534657,10.783993399339934,10.06427392739274
600423.SH,20080710,17.6,17.95,17.24,17.31,18.12,-0.81,-4.47,30281.28,53500.035,2.145,10.211757425742574,10.382838283828384,10.58931518151815,10.17046204620462
600423.SH,20080711,17.79,17.79,16.83,17.13,17.31,-0.18,-1.04,21780.05,37497.13,2.145,10.105569306930692,10.494925742574257,10.494925742574257,9.92858910891089
600423.SH,20080714,17.0,17.74,16.8,17.24,17.13,0.11,0.64,21651.16,37467.474,2.145,10.17046204620462,10.02887788778878,10.465429042904288,9.910891089108912
600423.SH,20080715,17.5,17.7,16.2,16.27,17.24,-0.97,-5.63,38543.08,65156.23,2.145,9.59822607260726,10.323844884488448,10.441831683168315,9.556930693069305
600423.SH,20080716,16.0,16.4,15.32,16.16,16.27,-0.11,-0.68,25208.45,40124.021,2.145,9.533333333333331,9.43894389438944,9.674917491749174,9.03778877887789
600423.SH,20080717,16.3,17.3,16.21,16.84,16.16,0.68,4.21,43232.77,72526.12,2.145,9.934488448844885,9.61592409240924,10.20585808580858,9.5628300330033
600423.SH,20080718,16.8,17.36,16.16,17.0,16.84,0.16,0.95,23445.49,39468.239,2.145,10.02887788778878,9.910891089108912,10.24125412541254,9.533333333333331
600423.SH,20080721,16.9,18.1,16.8,17.83,17.0,0.83,4.88,40552.24,71954.211,2.145,10.51852310231023,9.969884488448844,10.677805280528052,9.910891089108912
600423.SH,20080722,17.93,18.26,17.66,18.12,17.83,0.29,1.63,34844.88,62557.789,2.145,10.68960396039604,10.577516501650166,10.772194719471948,10.418234323432342
600423.SH,20080723,18.15,18.74,17.45,17.54,18.12,-0.58,-3.2,45608.16,82740.552,2.145,10.347442244224425,10.707301980198018,11.05536303630363,10.294348184818482
600423.SH,20080724,17.88,18.18,17.51,17.78,17.54,0.24,1.37,31572.7,56114.84,2.145,10.489026402640263,10.548019801980196,10.725,10.329744224422445
600423.SH,20080725,17.69,18.16,17.5,18.02,17.78,0.24,1.35,19085.69,34157.614,2.145,10.630610561056104,10.435932343234324,10.713201320132011,10.323844884488448
600423.SH,20080728,18.27,18.3,17.5,17.55,18.02,-0.47,-2.61,28750.78,51173.772,2.145,10.353341584158416,10.77809405940594,10.79579207920792,10.323844884488448
600423.SH,20080729,17.5,17.62,16.68,16.9,17.55,-0.65,-3.7,42450.8,71817.137,2.145,9.969884488448844,10.323844884488448,10.394636963696373,9.840099009900989
600423.SH,20080730,17.12,17.35,16.61,16.72,16.9,-0.18,-1.07,25373.72,42710.283,2.145,9.863696369636962,10.0996699669967,10.235354785478547,9.798803630363036
600423.SH,20080731,16.8,17.0,16.2,16.24,16.72,-0.48,-2.87,25623.0,42656.621,2.145,9.58052805280528,9.910891089108912,10.02887788778878,9.556930693069305
600423.SH,20080801,16.05,16.93,16.05,16.77,16.24,0.53,3.26,18511.13,30463.196,2.145,9.89319306930693,9.468440594059404,9.987582508250824,9.468440594059404
600423.SH,20080804,16.75,16.89,16.48,16.49,16.77,-0.28,-1.67,9012.69,14942.105,2.145,9.728011551155117,9.881394389438944,9.963985148514851,9.722112211221122
600423.SH,20080805,16.48,16.69,15.9,15.99,16.49,-0.5,-3.03,16242.52,26184.944,2.145,9.433044554455446,9.722112211221122,9.845998349834986,9.379950495049505
600423.SH,20080806,16.19,16.3,14.72,14.96,15.99,-1.03,-6.44,23054.4,35899.544,2.145,8.825412541254126,9.551031353135311,9.61592409240924,8.683828382838284
600423.SH,20080807,14.96,14.99,13.8,14.35,14.96,-0.61,-4.08,60263.6,85786.411,2.145,8.465552805280527,8.825412541254126,8.843110561056106,8.141089108910892
600423.SH,20080808,14.34,14.37,13.65,13.74,14.35,-0.61,-4.25,34463.09,48039.367,2.145,8.10569306930693,8.459653465346534,8.477351485148514,8.052599009900991
600423.SH,20080811,13.64,13.7,12.37,12.37,13.74,-1.37,-9.97,21910.66,28061.924,2.145,7.297483498349834,8.046699669966998,8.082095709570956,7.297483498349834
600423.SH,20080812,11.9,12.3,11.45,11.93,12.37,-0.44,-3.56,22658.34,26932.369,2.145,7.037912541254125,7.020214521452146,7.256188118811881,6.754744224422442
600423.SH,20080813,11.8,12.28,11.22,12.03,11.93,0.1,0.84,18186.58,21323.449,2.145,7.096905940594059,6.961221122112212,7.244389438943894,6.619059405940594
600423.SH,20080814,11.94,12.3,11.65,12.06,12.03,0.03,0.25,16400.05,19743.58,2.145,7.11460396039604,7.043811881188119,7.256188118811881,6.87273102310231
600423.SH,20080815,12.0,12.95,11.58,12.61,12.06,0.55,4.56,42743.68,52764.265,2.145,7.439067656765676,7.079207920792079,7.639645214521451,6.831435643564356
600423.SH,20080818,12.55,12.85,11.35,11.38,12.61,-1.23,-9.75,25984.85,31420.689,2.145,6.713448844884489,7.403671617161716,7.580651815181518,6.695750825082508
600423.SH,20080819,11.36,11.55,10.9,11.48,11.38,0.1,0.88,22513.23,25531.953,2.145,6.772442244224423,6.701650165016502,6.813737623762377,6.430280528052806
600423.SH,20080820,11.29,12.63,11.25,12.6,11.48,1.12,9.76,72662.51,88117.223,2.145,7.433168316831683,6.660354785478547,7.450866336633664,6.636757425742575
600423.SH,20080821,12.28,12.57,11.75,12.15,12.6,-0.45,-3.57,37723.37,45696.421,2.145,7.16769801980198,7.244389438943894,7.415470297029703,6.931724422442244
600423.SH,20080822,11.9,12.09,11.0,11.44,12.15,-0.71,-5.84,32406.18,37163.604,2.145,6.748844884488448,7.020214521452146,7.13230198019802,6.4892739273927385
600423.SH,20080825,11.2,12.49,11.16,12.42,11.44,0.98,8.57,38459.19,45512.867,2.145,7.326980198019801,6.607260726072607,7.368275577557756,6.583663366336634
600423.SH,20080826,12.64,12.64,11.33,11.83,12.42,-0.59,-4.75,48384.41,58357.096,2.145,6.978919141914192,7.456765676567657,7.456765676567657,6.683952145214521
600423.SH,20080827,11.75,11.99,11.33,11.54,11.83,-0.29,-2.45,20132.87,23448.534,2.145,6.807838283828382,6.931724422442244,7.073308580858086,6.683952145214521
600423.SH,20080828,11.38,11.83,11.38,11.64,11.54,0.1,0.87,11804.76,13745.898,2.145,6.866831683168317,6.713448844884489,6.978919141914192,6.713448844884489
600423.SH,20080829,11.85,12.27,11.65,12.04,11.64,0.4,3.44,15330.32,18476.948,2.145,7.102805280528052,6.990717821782178,7.238490099009901,6.87273102310231
600423.SH,20080901,11.7,11.8,11.08,11.1,12.04,-0.94,-7.81,23198.54,26371.944,2.145,6.548267326732673,6.902227722772277,6.961221122112212,6.536468646864686
600423.SH,20080902,11.0,11.1,10.36,10.41,11.1,-0.69,-6.22,22221.45,23583.051,2.145,6.141212871287129,6.4892739273927385,6.548267326732673,6.111716171617161
600423.SH,20080903,10.38,10.57,9.69,10.04,10.41,-0.37,-3.55,23712.0,23729.543,2.145,5.9229372937293725,6.123514851485148,6.235602310231023,5.716460396039603
600423.SH,20080904,9.99,10.25,9.82,10.11,10.04,0.07,0.7,10837.29,10850.005,2.145,5.964232673267326,5.893440594059406,6.046823432343235,5.793151815181518
600423.SH,20080905,9.77,9.85,9.2,9.21,10.11,-0.9,-8.9,12044.37,11543.805,2.145,5.433292079207922,5.763655115511551,5.810849834983498,5.427392739273927
600423.SH,20080908,9.3,9.3,8.29,8.29,9.21,-0.92,-9.99,57645.71,48325.611,2.145,4.890552805280527,5.486386138613862,5.486386138613862,4.890552805280527
600423.SH,20080909,8.28,8.37,8.1,8.28,8.29,-0.01,-0.12,25668.05,21106.395,2.145,4.884653465346535,4.884653465346535,4.937747524752475,4.778465346534652
600423.SH,20080910,8.09,8.49,8.01,8.14,8.28,-0.14,-1.69,25053.44,20732.888,2.145,4.802062706270627,4.77256600660066,5.008539603960396,4.725371287128712
600423.SH,20080911,8.1,8.21,7.75,7.77,8.14,-0.37,-4.55,17992.37,14289.709,2.145,4.583787128712872,4.778465346534652,4.843358085808582,4.571988448844885
600423.SH,20080912,7.77,7.93,7.72,7.78,7.77,0.01,0.13,18066.19,14128.089,2.145,4.589686468646865,4.583787128712872,4.678176567656766,4.554290429042904
600423.SH,20080916,7.8,7.84,7.5,7.69,7.78,-0.09,-1.16,24033.53,18502.484,2.145,4.536592409240924,4.6014851485148505,4.625082508250825,4.424504950495049
600423.SH,20080917,7.8,7.85,7.64,7.7,7.69,0.01,0.13,20082.59,15512.636,2.145,4.542491749174918,4.6014851485148505,4.630981848184818,4.507095709570956
600423.SH,20080918,7.55,7.65,6.99,7.34,7.7,-0.36,-4.68,37520.87,27224.598,2.145,4.3301155115511545,4.454001650165016,4.512995049504951,4.123638613861386
600423.SH,20080919,8.07,8.07,7.9,8.07,7.34,0.73,9.95,68299.25,55010.796,2.145,4.760767326732673,4.760767326732673,4.760767326732673,4.660478547854786
600423.SH,20080922,8.44,8.88,8.26,8.88,8.07,0.81,10.04,119699.52,103784.459,2.145,5.238613861386139,4.979042904290429,5.238613861386139,4.872854785478548
600423.SH,20080923,8.5,8.68,8.18,8.19,8.88,-0.69,-7.77,56064.63,47027.135,2.145,4.831559405940594,5.0144389438943895,5.12062706270627,4.8256600660066
600423.SH,20080924,8.0,8.37,7.94,8.36,8.19,0.17,2.08,30068.82,24560.408,2.145,4.931848184818481,4.71947194719472,4.937747524752475,4.684075907590759
600423.SH,20080925,8.37,8.78,8.3,8.67,8.36,0.31,3.71,74405.97,63690.974,2.145,5.114727722772277,4.937747524752475,5.179620462046204,4.896452145214522
600423.SH,20080926,8.77,8.78,8.25,8.47,8.67,-0.2,-2.31,41438.6,35342.931,2.145,4.99674092409241,5.173721122112212,5.179620462046204,4.866955445544554
600423.SH,20081006,8.27,8.27,7.67,7.67,8.47,-0.8,-9.45,29139.74,23205.099,2.145,4.524793729372937,4.878754125412541,4.878754125412541,4.524793729372937
600423.SH,20081007,7.3,7.9,7.21,7.74,7.67,0.07,0.91,16929.23,12862.269,2.145,4.566089108910891,4.306518151815181,4.660478547854786,4.253424092409241
600423.SH,20081008,7.49,7.69,7.25,7.46,7.74,-0.28,-3.62,11773.19,8848.12,2.145,4.400907590759076,4.418605610561056,4.536592409240924,4.277021452145214
600423.SH,20081009,7.68,7.77,7.35,7.54,7.46,0.08,1.07,22193.48,16910.777,2.145,4.448102310231024,4.530693069306931,4.583787128712872,4.336014851485148
600423.SH,20081010,7.2,7.35,6.81,6.84,7.54,-0.7,-9.28,29784.52,20976.828,2.145,4.0351485148514845,4.247524752475248,4.336014851485148,4.017450495049505
600423.SH,20081013,6.84,7.22,6.67,7.19,6.84,0.35,5.12,22238.57,15519.701,2.145,4.241625412541255,4.0351485148514845,4.259323432343234,3.934859735973597
600423.SH,20081014,7.45,7.56,6.8,6.86,7.19,-0.33,-4.59,29913.64,21633.75,2.145,4.046947194719472,4.395008250825082,4.45990099009901,4.011551155115511
600423.SH,20081015,6.86,6.96,6.4,6.49,6.86,-0.37,-5.39,21702.2,14193.887,2.145,3.828671617161716,4.046947194719472,4.105940594059406,3.775577557755776
600423.SH,20081016,6.1,6.29,5.95,6.02,6.49,-0.47,-7.24,37501.81,23004.998,2.145,3.5514026402640257,3.598597359735973,3.710684818481848,3.510107260726073
600423.SH,20081017,6.2,6.23,6.0,6.08,6.02,0.06,1.0,27352.36,16781.647,2.145,3.5867986798679867,3.657590759075908,3.675288778877888,3.53960396039604
600423.SH,20081020,6.05,6.36,6.05,6.33,6.08,0.25,4.11,20793.53,12910.858,2.145,3.7342821782178217,3.5691006600660065,3.751980198019802,3.5691006600660065
600423.SH,20081021,6.35,6.74,6.28,6.46,6.33,0.13,2.05,35690.94,23315.778,2.145,3.810973597359736,3.746080858085808,3.976155115511551,3.704785478547855
600423.SH,20081022,6.35,6.71,6.3,6.6,6.46,0.14,2.17,27472.85,17977.2,2.145,3.8935643564356432,3.746080858085808,3.958457095709571,3.7165841584158414
600423.SH,20081023,6.45,6.84,6.39,6.82,6.6,0.22,3.33,31344.37,20865.176,2.145,4.023349834983499,3.8050742574257423,4.0351485148514845,3.7696782178217823
600423.SH,20081024,6.89,7.15,6.63,6.67,6.82,-0.15,-2.2,41233.51,28524.965,2.145,3.934859735973597,4.064645214521452,4.2180280528052805,3.911262376237624
600423.SH,20081027,6.48,6.85,6.18,6.29,6.67,-0.38,-5.7,37776.45,24421.02,2.145,3.710684818481848,3.822772277227723,4.041047854785478,3.645792079207921
600423.SH,20081028,6.29,6.58,6.0,6.56,6.29,0.27,4.29,55289.02,34779.695,2.145,3.8699669966996697,3.710684818481848,3.8817656765676567,3.53960396039604
600423.SH,20081029,6.61,6.62,5.95,5.98,6.56,-0.58,-8.84,30426.81,19202.321,2.145,3.527805280528053,3.899463696369637,3.9053630363036302,3.510107260726073
600423.SH,20081030,6.1,6.15,5.9,5.99,5.98,0.01,0.17,31468.46,18964.013,2.145,3.5337046204620464,3.598597359735973,3.628094059405941,3.480610561056106
600423.SH,20081031,6.05,6.09,5.65,5.69,5.99,-0.3,-5.01,22619.72,13146.781,2.145,3.356724422442245,3.5691006600660065,3.59269801980198,3.3331270627062706
600423.SH,20081103,5.45,5.75,5.45,5.59,5.69,-0.1,-1.76,14333.94,8063.292,2.145,3.29773102310231,3.215140264026403,3.3921204620462047,3.215140264026403
600423.SH,20081104,5.56,5.6,5.3,5.32,5.59,-0.27,-4.83,17248.4,9320.052,2.145,3.1384488448844885,3.2800330033003298,3.303630363036304,3.126650165016501
600423.SH,20081105,5.4,5.75,5.39,5.73,5.32,0.41,7.71,54655.75,30456.646,2.145,3.380321782178218,3.185643564356436,3.3921204620462047,3.179744224422442
600423.SH,20081106,5.57,5.77,5.49,5.6,5.73,-0.13,-2.27,32481.26,18190.872,2.145,3.303630363036304,3.2859323432343235,3.403919141914191,3.238737623762376
600423.SH,20081107,5.4,6.16,5.37,5.89,5.6,0.29,5.18,71863.13,41480.738,2.145,3.4747112211221123,3.185643564356436,3.633993399339934,3.167945544554456
600423.SH,20081110,6.08,6.48,6.03,6.43,5.89,0.54,9.17,164441.51,103588.175,2.145,3.7932755775577554,3.5867986798679867,3.822772277227723,3.55730198019802
600423.SH,20081111,6.4,6.67,6.35,6.49,6.43,0.06,0.93,144441.29,94224.142,2.145,3.828671617161716,3.775577557755776,3.934859735973597,3.746080858085808
600423.SH,20081112,6.42,6.79,6.36,6.77,6.49,0.28,4.31,91442.95,60133.228,2.145,3.993853135313531,3.787376237623762,4.005651815181518,3.751980198019802
600423.SH,20081113,6.64,7.45,6.6,7.45,6.77,0.68,10.04,158383.57,112948.13,2.145,4.395008250825082,3.917161716171617,4.395008250825082,3.8935643564356432
600423.SH,20081114,7.55,7.84,7.26,7.69,7.45,0.24,3.22,130448.17,98207.676,2.145,4.536592409240924,4.454001650165016,4.625082508250825,4.282920792079207
600423.SH,20081117,7.6,7.89,7.42,7.86,7.69,0.17,2.21,136075.73,104318.255,2.145,4.636881188118812,4.483498349834983,4.654579207920793,4.377310231023103
600423.SH,20081118,7.78,7.84,7.07,7.07,7.86,-0.79,-10.05,101862.41,75273.706,2.145,4.170833333333333,4.589686468646865,4.625082508250825,4.170833333333333
600423.SH,20081119,7.0,7.73,6.92,7.7,7.07,0.63,8.91,74797.76,55288.362,2.145,4.542491749174918,4.12953795379538,4.560189768976898,4.0823432343234325
600423.SH,20081120,7.5,7.96,7.38,7.53,7.7,-0.17,-2.21,78528.69,60077.465,2.145,4.442202970297029,4.424504950495049,4.695874587458746,4.3537128712871285
600423.SH,20081121,7.15,7.56,6.95,7.28,7.53,-0.25,-3.32,62614.78,45596.089,2.145,4.294719471947195,4.2180280528052805,4.45990099009901,4.100041254125412
600423.SH,20081124,7.2,7.35,6.76,6.8,7.28,-0.48,-6.59,38801.31,27465.346,2.145,4.011551155115511,4.247524752475248,4.336014851485148,3.987953795379538
600423.SH,20081125,7.0,7.06,6.56,6.74,6.8,-0.06,-0.88,35212.24,23888.93,2.145,3.976155115511551,4.12953795379538,4.164933993399339,3.8699669966996697
600423.SH,20081126,6.77,7.14,6.7,7.13,6.74,0.39,5.79,36613.65,25493.559,2.145,4.206229372937293,3.993853135313531,4.212128712871286,3.9525577557755778
600423.SH,20081127,7.76,7.78,7.2,7.22,7.13,0.09,1.26,62552.27,46910.749,2.145,4.259323432343234,4.577887788778877,4.589686468646865,4.247524752475248
600423.SH,20081128,7.13,7.57,7.13,7.5,7.22,0.28,3.88,77126.25,57120.335,2.145,4.424504950495049,4.206229372937293,4.465800330033003,4.206229372937293
600423.SH,20081201,7.46,8.25,7.42,8.25,7.5,0.75,10.0,87857.26,70070.829,2.145,4.866955445544554,4.400907590759076,4.866955445544554,4.377310231023103
600423.SH,20081202,8.28,8.82,8.16,8.29,8.25,0.04,0.48,185662.95,157756.525,2.145,4.890552805280527,4.884653465346535,5.203217821782178,4.813861386138614
600423.SH,20081203,8.29,9.12,8.27,9.12,8.29,0.83,10.01,131222.54,114504.989,2.145,5.38019801980198,4.890552805280527,5.38019801980198,4.878754125412541
600423.SH,20081204,9.18,9.35,8.91,9.04,9.12,-0.08,-0.88,141406.86,128872.196,2.145,5.333003300330033,5.41559405940594,5.5158828382838285,5.256311881188119
600423.SH,20081205,8.98,9.64,8.87,9.59,9.04,0.55,6.08,94149.84,87766.899,2.145,5.65746699669967,5.297607260726073,5.686963696369637,5.232714521452144
600423.SH,20081208,9.65,10.2,9.45,10.02,9.59,0.43,4.48,101971.64,99569.075,2.145,5.911138613861386,5.69286303630363,6.017326732673267,5.574876237623761
600423.SH,20081209,9.92,9.98,9.38,9.4,10.02,-0.62,-6.19,108889.4,105312.706,2.145,5.545379537953795,5.852145214521452,5.887541254125412,5.533580858085808
600423.SH,20081210,9.29,9.8,9.29,9.77,9.4,0.37,3.94,55879.54,53281.563,2.145,5.763655115511551,5.480486798679867,5.781353135313531,5.480486798679867
600423.SH,20081211,9.7,9.86,9.21,9.24,9.77,-0.53,-5.42,60686.76,57145.97,2.145,5.450990099009901,5.722359735973597,5.816749174917492,5.433292079207922
600423.SH,20081212,9.2,9.25,8.46,8.74,9.24,-0.5,-5.41,56510.73,49892.007,2.145,5.156023102310231,5.427392739273927,5.456889438943894,4.990841584158416
600423.SH,20081215,8.98,9.09,8.62,8.94,8.74,0.2,2.29,30066.12,26634.002,2.145,5.274009900990098,5.297607260726073,5.3625,5.08523102310231
600423.SH,20081216,8.93,9.4,8.78,9.4,8.94,0.46,5.15,41291.65,37528.033,2.145,5.545379537953795,5.268110561056106,5.545379537953795,5.179620462046204
600423.SH,20081217,9.5,9.7,9.34,9.4,9.4,0.0,0.0,63143.26,60028.37,2.145,5.545379537953795,5.604372937293729,5.722359735973597,5.509983498349834
600423.SH,20081218,9.33,9.54,9.09,9.5,9.4,0.1,1.06,54049.67,50286.24,2.145,5.604372937293729,5.504084158415841,5.627970297029702,5.3625
600423.SH,20081219,9.48,9.95,9.4,9.64,9.5,0.14,1.47,79909.06,77186.748,2.145,5.686963696369637,5.592574257425743,5.869843234323432,5.545379537953795
600423.SH,20081222,9.6,9.73,9.03,9.26,9.64,-0.38,-3.94,51928.42,48721.312,2.145,5.462788778877887,5.663366336633663,5.740057755775577,5.327103960396038
600423.SH,20081223,9.22,9.23,8.33,8.33,9.26,-0.93,-10.04,60257.75,52591.502,2.145,4.914150165016502,5.439191419141914,5.445090759075908,4.914150165016502
600423.SH,20081224,8.18,8.32,8.0,8.06,8.33,-0.27,-3.24,39937.37,32390.748,2.145,4.75486798679868,4.8256600660066,4.908250825082508,4.71947194719472
600423.SH,20081225,8.08,8.35,7.72,7.99,8.06,-0.07,-0.87,45760.31,36854.252,2.145,4.713572607260726,4.766666666666667,4.925948844884489,4.554290429042904
600423.SH,20081226,8.19,8.38,7.9,7.98,7.99,-0.01,-0.13,66916.84,54416.693,2.145,4.707673267326733,4.831559405940594,4.943646864686468,4.660478547854786
600423.SH,20081229,7.9,8.0,7.43,7.88,7.98,-0.1,-1.25,29822.4,22988.596,2.145,4.648679867986798,4.660478547854786,4.71947194719472,4.383209570957096
600423.SH,20081230,7.87,8.1,7.77,7.85,7.88,-0.03,-0.38,32947.78,26164.776,2.145,4.630981848184818,4.642780528052805,4.778465346534652,4.583787128712872
600423.SH,20081231,7.85,7.97,7.74,7.84,7.85,-0.01,-0.13,24527.0,19338.176,2.145,4.625082508250825,4.630981848184818,4.701773927392739,4.566089108910891
600423.SH,20090105,7.95,8.23,7.93,8.21,7.84,0.37,4.7194,36502.38,29513.977,2.145,4.843358085808582,4.689975247524752,4.855156765676568,4.678176567656766
600423.SH,20090106,8.18,8.76,8.15,8.67,8.21,0.46,5.6029,67133.87,57063.925,2.145,5.114727722772277,4.8256600660066,5.167821782178217,4.80796204620462
600423.SH,20090107,8.66,9.15,8.6,8.79,8.67,0.12,1.3841,69949.72,62449.503,2.145,5.185519801980198,5.108828382838284,5.39789603960396,5.073432343234323
600423.SH,20090108,8.55,8.68,8.44,8.53,8.79,-0.26,-2.9579,35168.54,30083.154,2.145,5.032136963696369,5.043935643564357,5.12062706270627,4.979042904290429
600423.SH,20090109,8.5,8.92,8.45,8.82,8.53,0.29,3.3998,40292.72,35339.802,2.145,5.203217821782178,5.0144389438943895,5.262211221122112,4.984942244224421
600423.SH,20090112,8.8,9.28,8.65,9.11,8.82,0.29,3.288,61164.12,55919.079,2.145,5.374298679867986,5.191419141914191,5.474587458745875,5.10292904290429
600423.SH,20090113,8.92,9.2,8.85,8.87,9.11,-0.24,-2.6345,40274.6,36277.234,2.145,5.232714521452144,5.262211221122112,5.427392739273927,5.220915841584158
600423.SH,20090114,8.79,9.27,8.71,9.27,8.87,0.4,4.5096,51113.5,46561.041,2.145,5.4686881188118805,5.185519801980198,5.4686881188118805,5.138325082508251
600423.SH,20090115,9.18,9.43,9.06,9.33,9.27,0.06,0.6472,49659.53,46258.026,2.145,5.504084158415841,5.41559405940594,5.563077557755776,5.34480198019802
600423.SH,20090116,9.38,9.7,9.33,9.56,9.33,0.23,2.4652,59052.73,56181.553,2.145,5.639768976897689,5.533580858085808,5.722359735973597,5.504084158415841
600423.SH,20090119,9.72,9.79,9.41,9.59,9.56,0.03,0.3138,81722.26,78436.777,2.145,5.65746699669967,5.734158415841585,5.775453795379538,5.551278877887789
600423.SH,20090120,9.6,9.65,9.25,9.39,9.59,-0.2,-2.0855,63522.1,59671.481,2.145,5.5394801980198025,5.663366336633663,5.69286303630363,5.456889438943894
600423.SH,20090121,9.39,9.72,9.3,9.51,9.39,0.12,1.278,77958.28,74496.01,2.145,5.610272277227723,5.5394801980198025,5.734158415841585,5.486386138613862
600423.SH,20090122,9.55,9.95,9.42,9.88,9.51,0.37,3.8906,74504.85,72129.513,2.145,5.828547854785479,5.633869636963697,5.869843234323432,5.557178217821782
600423.SH,20090123,9.71,9.93,9.63,9.68,9.88,-0.2,-2.0243,64913.51,63395.049,2.145,5.71056105610561,5.728259075907591,5.858044554455446,5.681064356435645
600423.SH,20090202,9.87,10.36,9.68,10.29,9.68,0.61,6.3017,83403.87,83094.832,2.145,6.070420792079207,5.822648514851484,6.111716171617161,5.71056105610561
600423.SH,20090203,10.25,10.55,10.07,10.37,10.29,0.08,0.7775,95207.81,98375.878,2.145,6.117615511551155,6.046823432343235,6.223803630363037,5.940635313531352
600423.SH,20090204,10.4,10.67,10.23,10.54,10.37,0.17,1.6393,67792.99,70810.112,2.145,6.2179042904290425,6.135313531353135,6.294595709570957,6.035024752475248
600423.SH,20090205,10.44,10.44,9.79,9.96,10.54,-0.58,-5.5028,185590.06,187397.236,2.145,5.875742574257425,6.158910891089108,6.158910891089108,5.775453795379538
600423.SH,20090206,10.0,10.35,9.85,10.31,9.96,0.35,3.5141,212437.56,213812.291,2.145,6.0822194719471945,5.899339933993399,6.105816831683168,5.810849834983498
600423.SH,20090209,10.38,10.56,10.16,10.52,10.31,0.21,2.0369,206665.09,214747.584,2.145,6.206105610561056,6.123514851485148,6.22970297029703,5.993729372937294
600423.SH,20090210,10.42,11.4,10.31,11.38,10.52,0.86,8.1749,252943.03,273396.356,2.145,6.713448844884489,6.147112211221121,6.725247524752475,6.0822194719471945
600423.SH,20090211,11.0,11.39,10.71,11.02,11.38,-0.36,-3.1634,216301.54,240006.073,2.145,6.501072607260725,6.4892739273927385,6.719348184818482,6.318193069306931
600423.SH,20090212,11.07,11.18,10.31,10.82,11.02,-0.2,-1.8149,142302.67,151946.616,2.145,6.383085808580858,6.530569306930693,6.59546204620462,6.0822194719471945
600423.SH,20090213,10.82,11.17,10.73,11.16,10.82,0.34,3.1423,139834.91,153608.522,2.145,6.583663366336634,6.383085808580858,6.589562706270627,6.329991749174917
600423.SH,20090216,11.2,11.65,11.08,11.56,11.16,0.4,3.5842,186196.39,211033.562,2.145,6.81963696369637,6.607260726072607,6.87273102310231,6.536468646864686
600423.SH,20090217,11.43,11.51,10.8,10.81,11.56,-0.75,-6.4879,152798.0,169549.693,2.145,6.377186468646865,6.742945544554456,6.790140264026402,6.371287128712871
600423.SH,20090218,10.55,10.71,9.98,10.06,10.81,-0.75,-6.938,120325.78,124262.16,2.145,5.93473597359736,6.223803630363037,6.318193069306931,5.887541254125412
600423.SH,20090219,10.08,10.3,9.95,10.2,10.06,0.14,1.3917,77739.44,78765.198,2.145,6.017326732673267,5.9465346534653465,6.076320132013202,5.869843234323432
600423.SH,20090220,10.3,10.58,10.15,10.54,10.2,0.34,3.3333,79564.34,82935.118,2.145,6.2179042904290425,6.076320132013202,6.241501650165016,5.9878300330033
600423.SH,20090223,10.5,10.99,10.3,10.87,10.54,0.33,3.1309,105083.57,112403.859,2.145,6.412582508250824,6.194306930693069,6.483374587458746,6.076320132013202
600423.SH,20090224,10.71,10.85,10.0,10.03,10.87,-0.84,-7.7277,125583.88,131068.043,2.145,5.917037953795379,6.318193069306931,6.400783828382838,5.899339933993399
600423.SH,20090225,10.17,10.32,9.85,10.2,10.03,0.17,1.6949,79291.81,80223.303,2.145,6.017326732673267,5.999628712871287,6.088118811881189,5.810849834983498
600423.SH,20090226,10.22,10.48,9.31,9.54,10.2,-0.66,-6.4706,100148.46,101299.843,2.145,5.627970297029702,6.029125412541254,6.182508250825083,5.492285478547855
600423.SH,20090227,9.53,9.59,8.69,9.0,9.54,-0.54,-5.6604,74550.91,67653.306,2.145,5.30940594059406,5.622070957095709,5.65746699669967,5.126526402640264
600423.SH,20090302,8.84,9.26,8.84,9.2,9.0,0.2,2.2222,42611.9,38904.569,2.145,5.427392739273927,5.215016501650165,5.462788778877887,5.215016501650165
600423.SH,20090303,8.97,9.36,8.9,9.23,9.2,0.03,0.3261,43148.2,39479.402,2.145,5.445090759075908,5.29170792079208,5.521782178217821,5.250412541254126
600423.SH,20090304,9.25,9.9,9.25,9.86,9.23,0.63,6.8256,109215.14,105320.138,2.145,5.816749174917492,5.456889438943894,5.840346534653466,5.456889438943894
600423.SH,20090305,9.99,10.15,9.66,9.92,9.86,0.06,0.6085,93326.81,92581.25,2.145,5.852145214521452,5.893440594059406,5.9878300330033,5.698762376237624
600423.SH,20090306,9.69,10.13,9.65,9.99,9.92,0.07,0.7056,81563.76,81341.631,2.145,5.893440594059406,5.716460396039603,5.976031353135314,5.69286303630363
600423.SH,20090309,9.99,10.14,9.26,9.58,9.99,-0.41,-4.1041,86915.44,84152.489,2.145,5.6515676567656765,5.893440594059406,5.981930693069308,5.462788778877887
600423.SH,20090310,9.46,9.78,9.31,9.77,9.58,0.19,1.9833,35396.28,33892.662,2.145,5.763655115511551,5.580775577557756,5.769554455445544,5.492285478547855
600423.SH,20090311,9.96,10.02,9.61,9.63,9.77,-0.14,-1.433,45109.66,44234.447,2.145,5.681064356435645,5.875742574257425,5.911138613861386,5.669265676567656
600423.SH,20090312,9.62,9.65,9.3,9.57,9.63,-0.06,-0.6231,36954.37,34977.002,2.145,5.645668316831683,5.67516501650165,5.69286303630363,5.486386138613862
600423.SH,20090313,9.62,9.7,9.41,9.44,9.57,-0.13,-1.3584,30239.15,28960.767,2.145,5.568976897689769,5.67516501650165,5.722359735973597,5.551278877887789
600423.SH,20090316,9.31,9.48,9.21,9.44,9.44,0.0,0.0,23440.46,21967.057,2.145,5.568976897689769,5.492285478547855,5.592574257425743,5.433292079207922
600423.SH,20090317,9.45,9.87,9.41,9.84,9.44,0.4,4.2373,53678.87,52023.307,2.145,5.804950495049504,5.574876237623761,5.822648514851484,5.551278877887789
600423.SH,20090318,9.93,10.37,9.87,10.15,9.84,0.31,3.1504,93515.05,94380.191,2.145,5.9878300330033,5.858044554455446,6.117615511551155,5.822648514851484
600423.SH,20090319,10.2,10.5,10.12,10.41,10.15,0.26,2.5616,82072.58,84743.256,2.145,6.141212871287129,6.017326732673267,6.194306930693069,5.97013201320132
600423.SH,20090320,10.45,10.73,10.25,10.6,10.41,0.19,1.8252,118395.39,124364.547,2.145,6.253300330033003,6.164810231023102,6.329991749174917,6.046823432343235
600423.SH,20090323,10.59,11.06,10.52,10.89,10.6,0.29,2.7358,159676.93,171444.37,2.145,6.424381188118812,6.24740099009901,6.5246699669967,6.206105610561056
600423.SH,20090324,11.07,11.31,10.81,10.9,10.89,0.01,0.0918,115629.0,127159.016,2.145,6.430280528052806,6.530569306930693,6.672153465346534,6.377186468646865
600423.SH,20090325,10.82,10.89,10.21,10.28,10.9,-0.62,-5.6881,84761.78,90113.04,2.145,6.064521452145214,6.383085808580858,6.424381188118812,6.023226072607262
600423.SH,20090326,10.27,10.62,10.23,10.62,10.28,0.34,3.3074,57492.16,60032.0,2.145,6.26509900990099,6.0586221122112205,6.26509900990099,6.035024752475248
600423.SH,20090327,10.64,10.72,10.42,10.46,10.62,-0.16,-1.5066,73668.95,77753.536,2.145,6.170709570957096,6.276897689768977,6.324092409240925,6.147112211221121
600423.SH,20090330,10.46,10.75,10.43,10.57,10.46,0.11,1.0516,61197.72,64807.715,2.145,6.235602310231023,6.170709570957096,6.341790429042904,6.153011551155116
600423.SH,20090331,10.3,10.56,10.18,10.54,10.57,-0.03,-0.2838,53263.76,55334.982,2.145,6.2179042904290425,6.076320132013202,6.22970297029703,6.00552805280528
600423.SH,20090401,10.63,10.98,10.63,10.81,10.54,0.27,2.5617,113648.21,122893.923,2.145,6.377186468646865,6.270998349834984,6.477475247524752,6.270998349834984
600423.SH,20090402,10.9,11.12,10.81,10.84,10.81,0.03,0.2775,138442.55,152251.71,2.145,6.394884488448844,6.430280528052806,6.56006600660066,6.377186468646865
600423.SH,20090403,10.97,11.6,10.97,11.55,10.84,0.71,6.5498,228444.85,258965.353,2.145,6.813737623762377,6.47157590759076,6.843234323432342,6.47157590759076
600423.SH,20090407,11.61,11.72,11.31,11.42,11.55,-0.13,-1.1255,122891.67,140532.853,2.145,6.737046204620461,6.849133663366336,6.914026402640264,6.672153465346534
600423.SH,20090408,11.41,11.41,10.69,10.7,11.42,-0.72,-6.3047,103984.8,114246.581,2.145,6.312293729372937,6.731146864686469,6.731146864686469,6.306394389438943
600423.SH,20090409,10.68,11.17,10.61,11.14,10.7,0.44,4.1121,91553.99,99508.082,2.145,6.571864686468647,6.30049504950495,6.589562706270627,6.259199669966996
600423.SH,20090410,10.88,11.36,10.6,11.14,11.14,0.0,0.0,243229.96,267777.443,2.145,6.571864686468647,6.418481848184819,6.701650165016502,6.253300330033003
600423.SH,20090413,11.12,11.45,10.79,11.26,11.14,0.12,1.0772,174087.31,192661.316,2.145,6.642656765676567,6.56006600660066,6.754744224422442,6.365387788778877
600423.SH,20090414,11.17,11.6,11.05,11.56,11.26,0.3,2.6643,164953.23,187748.951,2.145,6.81963696369637,6.589562706270627,6.843234323432342,6.518770627062707
600423.SH,20090415,11.28,11.28,10.77,11.04,11.56,-0.52,-4.4983,195816.85,215298.211,2.145,6.512871287128712,6.654455445544554,6.654455445544554,6.3535891089108905
600423.SH,20090416,11.04,11.2,10.81,11.16,11.04,0.12,1.087,119467.49,131702.092,2.145,6.583663366336634,6.512871287128712,6.607260726072607,6.377186468646865
600423.SH,20090417,11.09,11.35,10.83,11.06,11.16,-0.1,-0.8961,88355.07,97226.198,2.145,6.5246699669967,6.542367986798679,6.695750825082508,6.388985148514852
600423.SH,20090420,10.97,11.25,10.87,11.21,11.06,0.15,1.3562,102018.84,113639.142,2.145,6.613160066006601,6.47157590759076,6.636757425742575,6.412582508250824
600423.SH,20090421,11.2,11.28,10.9,11.13,11.21,-0.08,-0.7136,96748.35,107096.124,2.145,6.565965346534654,6.607260726072607,6.654455445544554,6.430280528052806
600423.SH,20090422,11.25,11.78,10.7,10.72,11.13,-0.41,-3.6837,221631.75,251568.437,2.145,6.324092409240925,6.636757425742575,6.949422442244225,6.312293729372937
600423.SH,20090423,10.57,10.59,9.95,10.29,10.72,-0.43,-4.0112,94850.13,96829.422,2.145,6.070420792079207,6.235602310231023,6.24740099009901,5.869843234323432
600423.SH,20090424,10.42,10.49,9.7,9.78,10.29,-0.51,-4.9563,101480.15,101617.652,2.145,5.769554455445544,6.147112211221121,6.188407590759075,5.722359735973597
600423.SH,20090427,9.79,9.87,9.38,9.39,9.78,-0.39,-3.9877,73262.52,69462.528,2.145,5.5394801980198025,5.775453795379538,5.822648514851484,5.533580858085808
600423.SH,20090428,9.37,9.58,9.32,9.57,9.39,0.18,1.9169,33227.0,31569.332,2.145,5.645668316831683,5.527681518151815,5.6515676567656765,5.498184818481849
600423.SH,20090429,9.71,9.79,9.48,9.72,9.57,0.15,1.5674,52151.51,50345.769,2.145,5.734158415841585,5.728259075907591,5.775453795379538,5.592574257425743
600423.SH,20090430,9.8,10.12,8.78,9.88,9.72,0.16,1.6461,88311.7,87631.729,2.145,5.828547854785479,5.781353135313531,5.97013201320132,5.179620462046204
600423.SH,20090504,10.04,10.33,9.95,10.16,9.88,0.28,2.834,96394.65,97636.454,2.145,5.993729372937294,5.9229372937293725,6.094018151815181,5.869843234323432
600423.SH,20090505,10.18,10.42,10.02,10.36,10.16,0.2,1.9685,94358.27,96363.845,2.145,6.111716171617161,6.00552805280528,6.147112211221121,5.911138613861386
600423.SH,20090506,10.37,10.53,10.25,10.4,10.36,0.04,0.3861,121301.72,126055.176,2.145,6.135313531353135,6.117615511551155,6.212004950495049,6.046823432343235
600423.SH,20090507,10.4,10.48,9.99,10.09,10.4,-0.31,-2.9808,75227.07,76399.823,2.145,5.95243399339934,6.135313531353135,6.182508250825083,5.893440594059406
600423.SH,20090508,9.99,10.21,9.7,9.84,10.09,-0.25,-2.4777,64283.79,63559.664,2.145,5.804950495049504,5.893440594059406,6.023226072607262,5.722359735973597
600423.SH,20090511,9.92,9.98,9.55,9.55,9.84,-0.29,-2.9472,53667.43,51948.018,2.145,5.633869636963697,5.852145214521452,5.887541254125412,5.633869636963697
600423.SH,20090512,9.41,9.81,9.41,9.8,9.55,0.25,2.6178,34860.23,33713.512,2.145,5.781353135313531,5.551278877887789,5.787252475247525,5.551278877887789
600423.SH,20090513,9.81,10.2,9.81,10.11,9.8,0.31,3.1633,68734.73,69105.016,2.145,5.964232673267326,5.787252475247525,6.017326732673267,5.787252475247525
600423.SH,20090514,10.02,10.05,9.78,9.91,10.11,-0.2,-1.9782,57074.7,56522.451,2.145,5.846245874587458,5.911138613861386,5.928836633663367,5.769554455445544
600423.SH,20090515,9.98,10.14,9.89,10.04,9.91,0.13,1.3118,49173.71,49334.717,2.145,5.9229372937293725,5.887541254125412,5.981930693069308,5.834447194719472
600423.SH,20090518,10.03,10.35,9.78,10.26,10.04,0.22,2.1912,53267.06,54009.059,2.145,6.052722772277227,5.917037953795379,6.105816831683168,5.769554455445544
600423.SH,20090519,10.38,10.48,10.24,10.35,10.26,0.09,0.8772,119470.15,123436.248,2.145,6.105816831683168,6.123514851485148,6.182508250825083,6.040924092409241
600423.SH,20090520,10.3,10.49,10.17,10.33,10.35,-0.02,-0.1932,70943.78,73405.277,2.145,6.094018151815181,6.076320132013202,6.188407590759075,5.999628712871287
600423.SH,20090521,10.28,10.29,9.9,10.06,10.33,-0.27,-2.6137,59219.32,59427.327,2.145,5.93473597359736,6.064521452145214,6.070420792079207,5.840346534653466
600423.SH,20090522,10.06,10.06,9.78,9.84,10.06,-0.22,-2.1869,39386.28,38963.216,2.145,5.804950495049504,5.93473597359736,5.93473597359736,5.769554455445544
600423.SH,20090525,9.54,9.83,9.35,9.62,9.84,-0.22,-2.2358,60586.85,57643.866,2.145,5.67516501650165,5.627970297029702,5.799051155115512,5.5158828382838285
600423.SH,20090526,9.62,9.8,9.61,9.65,9.62,0.03,0.3119,35701.06,34614.519,2.145,5.69286303630363,5.67516501650165,5.781353135313531,5.669265676567656
600423.SH,20090527,9.73,9.73,9.44,9.46,9.65,-0.19,-1.9689,43296.15,41242.837,2.145,5.580775577557756,5.740057755775577,5.740057755775577,5.568976897689769
600423.SH,20090601,9.59,9.72,9.5,9.7,9.46,0.24,2.537,42343.5,40718.229,2.145,5.722359735973597,5.65746699669967,5.734158415841585,5.604372937293729
600423.SH,20090602,9.75,10.15,9.71,10.04,9.7,0.34,3.5052,96350.88,96248.266,2.145,5.9229372937293725,5.751856435643564,5.9878300330033,5.728259075907591
600423.SH,20090603,10.1,10.24,9.99,10.01,10.04,-0.03,-0.2988,70411.01,71258.936,2.145,5.905239273927393,5.958333333333333,6.040924092409241,5.893440594059406
600423.SH,20090604,10.09,10.09,9.7,9.85,10.01,-0.16,-1.5984,48935.43,48203.238,2.145,5.810849834983498,5.95243399339934,5.95243399339934,5.722359735973597
600423.SH,20090605,9.87,10.17,9.71,9.93,9.85,0.08,0.8122,71112.69,70743.853,2.145,5.858044554455446,5.822648514851484,5.999628712871287,5.728259075907591
600423.SH,20090608,9.91,10.08,9.75,9.81,9.93,-0.12,-1.2085,36469.93,36204.405,2.145,5.787252475247525,5.846245874587458,5.9465346534653465,5.751856435643564
600423.SH,20090609,9.8,9.85,9.6,9.8,9.81,-0.01,-0.1019,27777.16,26980.135,2.145,5.781353135313531,5.781353135313531,5.810849834983498,5.663366336633663
600423.SH,20090610,9.82,10.05,9.8,10.03,9.8,0.23,2.3469,85881.65,85475.438,2.145,5.917037953795379,5.793151815181518,5.928836633663367,5.781353135313531
600423.SH,20090611,10.01,10.28,9.96,10.15,10.03,0.12,1.1964,86596.15,87974.043,2.145,5.9878300330033,5.905239273927393,6.064521452145214,5.875742574257425
600423.SH,20090612,10.1,10.13,9.7,9.83,10.15,-0.32,-3.1527,43618.59,43321.932,2.145,5.799051155115512,5.958333333333333,5.976031353135314,5.722359735973597
600423.SH,20090615,9.81,9.85,9.62,9.79,9.83,-0.04,-0.4069,38888.02,37817.259,2.145,5.775453795379538,5.787252475247525,5.810849834983498,5.67516501650165
600423.SH,20090616,9.67,9.75,9.48,9.53,9.79,-0.26,-2.6558,80760.95,77037.157,2.145,5.622070957095709,5.704661716171617,5.751856435643564,5.592574257425743
600423.SH,20090617,9.53,9.63,9.37,9.62,9.53,0.09,0.9444,82615.23,78292.596,2.145,5.67516501650165,5.622070957095709,5.681064356435645,5.527681518151815
600423.SH,20090618,9.6,9.65,9.55,9.61,9.62,-0.01,-0.104,43602.4,41833.834,2.145,5.669265676567656,5.663366336633663,5.69286303630363,5.633869636963697
600423.SH,20090619,9.62,9.71,9.59,9.7,9.61,0.09,0.9365,43656.16,42130.595,2.145,5.722359735973597,5.67516501650165,5.728259075907591,5.65746699669967
600423.SH,20090622,9.78,9.79,9.53,9.58,9.7,-0.12,-1.2371,40256.24,38980.011,2.145,5.6515676567656765,5.769554455445544,5.775453795379538,5.622070957095709
600423.SH,20090623,9.56,9.7,9.5,9.61,9.58,0.03,0.3132,33289.81,31989.637,2.145,5.669265676567656,5.639768976897689,5.722359735973597,5.604372937293729
600423.SH,20090624,9.61,9.75,9.58,9.72,9.61,0.11,1.1446,35155.43,34006.524,2.145,5.734158415841585,5.669265676567656,5.751856435643564,5.6515676567656765
600423.SH,20090625,9.72,9.8,9.61,9.64,9.72,-0.08,-0.823,38015.71,36806.527,2.145,5.686963696369637,5.734158415841585,5.781353135313531,5.669265676567656
600423.SH,20090626,9.7,9.7,9.45,9.5,9.64,-0.14,-1.4523,64460.77,61319.319,2.145,5.604372937293729,5.722359735973597,5.722359735973597,5.574876237623761
600423.SH,20090630,9.52,9.58,9.35,9.45,9.5,-0.05,-0.5263,42349.78,39957.996,2.145,5.574876237623761,5.616171617161716,5.6515676567656765,5.5158828382838285
600423.SH,20090701,9.46,9.48,9.38,9.41,9.45,-0.04,-0.4233,39059.58,36721.88,2.145,5.551278877887789,5.580775577557756,5.592574257425743,5.533580858085808
600423.SH,20090702,9.42,9.48,9.36,9.46,9.41,0.05,0.5313,42772.58,40264.437,2.145,5.580775577557756,5.557178217821782,5.592574257425743,5.521782178217821
600423.SH,20090703,9.44,9.46,9.36,9.43,9.46,-0.03,-0.3171,43399.3,40808.28,2.145,5.563077557755776,5.568976897689769,5.580775577557756,5.521782178217821
600423.SH,20090706,9.4,9.6,9.35,9.55,9.43,0.12,1.2725,68575.92,64910.795,2.145,5.633869636963697,5.545379537953795,5.663366336633663,5.5158828382838285
600423.SH,20090707,9.48,9.6,9.36,9.51,9.55,-0.04,-0.4188,53629.66,50783.824,2.145,5.610272277227723,5.592574257425743,5.663366336633663,5.521782178217821
600423.SH,20090708,9.45,9.7,9.44,9.66,9.51,0.15,1.5773,73784.01,71002.982,2.145,5.698762376237624,5.574876237623761,5.722359735973597,5.568976897689769
600423.SH,20090709,9.66,9.81,9.56,9.79,9.66,0.13,1.3458,79092.05,76658.512,2.145,5.775453795379538,5.698762376237624,5.787252475247525,5.639768976897689
600423.SH,20090710,9.79,10.18,9.72,10.08,9.79,0.29,2.9622,146800.59,147714.23,2.145,5.9465346534653465,5.775453795379538,6.00552805280528,5.734158415841585
600423.SH,20090713,10.06,10.2,9.95,9.98,10.08,-0.1,-0.9921,99266.21,100172.543,2.145,5.887541254125412,5.93473597359736,6.017326732673267,5.869843234323432
600423.SH,20090714,10.0,10.13,9.99,10.05,9.98,0.07,0.7014,62111.41,62361.302,2.145,5.928836633663367,5.899339933993399,5.976031353135314,5.893440594059406
600423.SH,20090715,10.03,10.15,9.95,10.15,10.05,0.1,0.995,98004.75,98586.117,2.145,5.9878300330033,5.917037953795379,5.9878300330033,5.869843234323432
600423.SH,20090716,10.23,10.34,10.0,10.02,10.15,-0.13,-1.2808,92186.52,93988.734,2.145,5.911138613861386,6.035024752475248,6.099917491749175,5.899339933993399
600423.SH,20090717,10.09,10.1,9.93,10.02,10.02,0.0,0.0,56567.71,56603.38,2.145,5.911138613861386,5.95243399339934,5.958333333333333,5.858044554455446
600423.SH,20090720,10.08,10.49,10.05,10.45,10.02,0.43,4.2914,124469.8,128627.349,2.145,6.164810231023102,5.9465346534653465,6.188407590759075,5.928836633663367
600423.SH,20090721,10.51,10.58,10.15,10.3,10.45,-0.15,-1.4354,111060.08,114815.269,2.145,6.076320132013202,6.200206270627062,6.241501650165016,5.9878300330033
600423.SH,20090722,10.38,11.26,10.32,11.09,10.3,0.79,7.6699,227462.65,248091.106,2.145,6.542367986798679,6.123514851485148,6.642656765676567,6.088118811881189
600423.SH,20090723,11.06,11.45,10.92,11.24,11.09,0.15,1.3526,198418.94,222892.549,2.145,6.630858085808581,6.5246699669967,6.754744224422442,6.442079207920792
600423.SH,20090724,11.28,11.35,10.68,10.97,11.24,-0.27,-2.4021,109754.58,120969.253,2.145,6.47157590759076,6.654455445544554,6.695750825082508,6.30049504950495
600423.SH,20090727,10.95,11.18,10.86,11.09,10.97,0.12,1.0939,112205.01,123516.522,2.145,6.542367986798679,6.459777227722771,6.59546204620462,6.406683168316831
600423.SH,20090728,11.05,11.43,10.78,11.4,11.09,0.31,2.7953,106584.92,118195.984,2.145,6.725247524752475,6.518770627062707,6.742945544554456,6.359488448844884
600423.SH,20090729,11.23,11.3,10.26,10.43,11.4,-0.97,-8.5088,105881.56,114460.791,2.145,6.153011551155116,6.624958745874587,6.666254125412541,6.052722772277227
600423.SH,20090730,10.49,10.75,10.2,10.67,10.43,0.24,2.3011,69179.04,72655.514,2.145,6.294595709570957,6.188407590759075,6.341790429042904,6.017326732673267
600423.SH,20090731,10.7,11.26,10.61,11.11,10.67,0.44,4.1237,85080.13,93267.215,2.145,6.554166666666666,6.312293729372937,6.642656765676567,6.259199669966996
600423.SH,20090803,11.11,12.22,11.0,12.22,11.11,1.11,9.991,225898.21,267778.097,2.145,7.208993399339934,6.554166666666666,7.208993399339934,6.4892739273927385
600423.SH,20090804,12.26,12.86,12.03,12.34,12.22,0.12,0.982,245655.89,307114.408,2.145,7.279785478547855,7.232590759075907,7.586551155115511,7.096905940594059
600423.SH,20090805,12.24,12.41,11.78,12.04,12.34,-0.3,-2.4311,119377.63,143565.495,2.145,7.102805280528052,7.22079207920792,7.321080858085809,6.949422442244225
600423.SH,20090806,12.15,12.6,12.09,12.18,12.04,0.14,1.1628,138898.81,171401.411,2.145,7.18539603960396,7.16769801980198,7.433168316831683,7.13230198019802
600423.SH,20090807,12.0,12.4,11.5,11.67,12.18,-0.51,-4.1872,122558.17,146020.276,2.145,6.884529702970297,7.079207920792079,7.315181518151816,6.784240924092409
600423.SH,20090810,11.9,12.05,11.36,11.7,11.67,0.03,0.2571,69610.25,81467.873,2.145,6.902227722772277,7.020214521452146,7.108704620462047,6.701650165016502
600423.SH,20090811,11.71,11.87,11.54,11.68,11.7,-0.02,-0.1709,48052.2,56238.514,2.145,6.89042904290429,6.908127062706271,7.002516501650165,6.807838283828382
600423.SH,20090812,11.7,11.7,10.72,10.78,11.68,-0.9,-7.7055,108265.91,119351.333,2.145,6.359488448844884,6.902227722772277,6.902227722772277,6.324092409240925
600423.SH,20090813,10.73,10.9,10.57,10.82,10.78,0.04,0.3711,65058.43,69940.744,2.145,6.383085808580858,6.329991749174917,6.430280528052806,6.235602310231023
600423.SH,20090814,10.82,10.82,10.0,10.11,10.82,-0.71,-6.5619,69003.85,71517.385,2.145,5.964232673267326,6.383085808580858,6.383085808580858,5.899339933993399
600423.SH,20090817,10.0,10.13,9.5,9.53,10.11,-0.58,-5.7369,59330.68,58370.558,2.145,5.622070957095709,5.899339933993399,5.976031353135314,5.604372937293729
600423.SH,20090818,9.56,9.89,9.44,9.82,9.53,0.29,3.043,51490.56,49847.656,2.145,5.793151815181518,5.639768976897689,5.834447194719472,5.568976897689769
600423.SH,20090819,9.82,9.86,9.01,9.08,9.82,-0.74,-7.5356,73548.52,69222.975,2.145,5.356600660066007,5.793151815181518,5.816749174917492,5.315305280528053
600423.SH,20090820,9.08,9.46,9.05,9.38,9.08,0.3,3.304,52124.56,48134.336,2.145,5.533580858085808,5.356600660066007,5.580775577557756,5.338902640264027
600423.SH,20090821,9.28,9.56,9.22,9.51,9.38,0.13,1.3859,58459.61,54906.043,2.145,5.610272277227723,5.474587458745875,5.639768976897689,5.439191419141914
600423.SH,20090824,9.52,9.75,9.35,9.69,9.51,0.18,1.8927,70696.78,67624.418,2.145,5.716460396039603,5.616171617161716,5.751856435643564,5.5158828382838285
600423.SH,20090825,9.58,9.67,8.99,9.57,9.69,-0.12,-1.2384,75974.73,70324.765,2.145,5.645668316831683,5.6515676567656765,5.704661716171617,5.303506600660066
600423.SH,20090826,9.44,10.13,9.34,10.04,9.57,0.47,4.9112,83056.74,81055.29,2.145,5.9229372937293725,5.568976897689769,5.976031353135314,5.509983498349834
600423.SH,20090827,9.88,10.1,9.78,10.04,10.04,0.0,0.0,100081.44,99695.3,2.145,5.9229372937293725,5.828547854785479,5.958333333333333,5.769554455445544
600423.SH,20090828,9.98,10.34,9.51,10.1,10.04,0.06,0.5976,108109.45,107320.724,2.145,5.958333333333333,5.887541254125412,6.099917491749175,5.610272277227723
600423.SH,20090831,10.09,10.09,9.43,9.46,10.1,-0.64,-6.3366,97566.94,95189.93,2.145,5.580775577557756,5.95243399339934,5.95243399339934,5.563077557755776
600423.SH,20090901,9.3,9.77,9.21,9.48,9.46,0.02,0.2114,33091.63,31325.04,2.145,5.592574257425743,5.486386138613862,5.763655115511551,5.433292079207922
600423.SH,20090902,9.52,9.75,9.12,9.23,9.48,-0.25,-2.6371,84172.27,79461.421,2.145,5.445090759075908,5.616171617161716,5.751856435643564,5.38019801980198
600423.SH,20090903,9.25,9.63,9.11,9.57,9.23,0.34,3.6836,75507.72,71506.291,2.145,5.645668316831683,5.456889438943894,5.681064356435645,5.374298679867986
600423.SH,20090904,9.55,9.77,9.41,9.61,9.57,0.04,0.418,65261.43,62593.069,2.145,5.669265676567656,5.633869636963697,5.763655115511551,5.551278877887789
600423.SH,20090907,9.65,9.8,9.54,9.64,9.61,0.03,0.3122,59203.54,57134.592,2.145,5.686963696369637,5.69286303630363,5.781353135313531,5.627970297029702
600423.SH,20090908,9.62,10.08,9.45,9.81,9.64,0.17,1.7635,65361.13,63775.361,2.145,5.787252475247525,5.67516501650165,5.9465346534653465,5.574876237623761
600423.SH,20090909,9.79,9.9,9.5,9.8,9.81,-0.01,-0.1019,67432.35,65518.669,2.145,5.781353135313531,5.775453795379538,5.840346534653466,5.604372937293729
600423.SH,20090910,9.75,9.93,9.63,9.9,9.8,0.1,1.0204,62750.83,61564.698,2.145,5.840346534653466,5.751856435643564,5.858044554455446,5.681064356435645
600423.SH,20090911,9.98,10.19,9.92,10.02,9.9,0.12,1.2121,95055.58,95553.923,2.145,5.911138613861386,5.887541254125412,6.011427392739273,5.852145214521452
600423.SH,20090914,10.02,10.37,9.93,10.35,10.02,0.33,3.2934,93590.19,95455.213,2.145,6.105816831683168,5.911138613861386,6.117615511551155,5.858044554455446
600423.SH,20090915,10.28,10.35,10.13,10.27,10.35,-0.08,-0.7729,69380.14,71080.9,2.145,6.0586221122112205,6.064521452145214,6.105816831683168,5.976031353135314
600423.SH,20090916,10.24,10.27,9.95,10.03,10.27,-0.24,-2.3369,70615.28,71116.278,2.145,5.917037953795379,6.040924092409241,6.0586221122112205,5.869843234323432
600423.SH,20090917,10.07,10.47,10.05,10.39,10.03,0.36,3.5892,75153.31,77612.136,2.145,6.129414191419143,5.940635313531352,6.176608910891089,5.928836633663367
600423.SH,20090918,10.39,10.6,9.87,9.98,10.39,-0.41,-3.9461,98968.2,101519.114,2.145,5.887541254125412,6.129414191419143,6.253300330033003,5.822648514851484
600423.SH,20090921,9.82,9.96,9.5,9.86,9.98,-0.12,-1.2024,56584.31,54894.743,2.145,5.816749174917492,5.793151815181518,5.875742574257425,5.604372937293729
600423.SH,20090922,9.84,10.05,9.55,9.66,9.86,-0.2,-2.0284,46760.21,45677.545,2.145,5.698762376237624,5.804950495049504,5.928836633663367,5.633869636963697
600423.SH,20090923,9.52,9.74,9.44,9.62,9.66,-0.04,-0.4141,37743.43,36121.07,2.145,5.67516501650165,5.616171617161716,5.745957095709572,5.568976897689769
600423.SH,20090924,9.5,9.7,9.26,9.65,9.62,0.03,0.3119,32284.16,30724.026,2.145,5.69286303630363,5.604372937293729,5.722359735973597,5.462788778877887
600423.SH,20090925,9.61,9.65,9.45,9.55,9.65,-0.1,-1.0363,19381.67,18529.898,2.145,5.633869636963697,5.669265676567656,5.69286303630363,5.574876237623761
600423.SH,20090928,9.56,9.65,9.08,9.13,9.55,-0.42,-4.3979,25365.19,23732.163,2.145,5.386097359735974,5.639768976897689,5.69286303630363,5.356600660066007
600423.SH,20090929,9.02,9.2,8.8,9.18,9.13,0.05,0.5476,39029.85,35332.134,2.145,5.41559405940594,5.321204620462046,5.427392739273927,5.191419141914191
600423.SH,20090930,9.13,9.27,9.1,9.18,9.18,0.0,0.0,17981.82,16503.026,2.145,5.41559405940594,5.386097359735974,5.4686881188118805,5.368399339933993
600423.SH,20091009,9.24,9.5,9.22,9.48,9.18,0.3,3.268,26434.19,24855.106,2.145,5.592574257425743,5.450990099009901,5.604372937293729,5.439191419141914
600423.SH,20091012,9.48,9.55,9.34,9.49,9.48,0.01,0.1055,22462.27,21200.089,2.145,5.598473597359736,5.592574257425743,5.633869636963697,5.509983498349834
600423.SH,20091013,9.41,9.64,9.41,9.57,9.49,0.08,0.843,21864.55,20884.228,2.145,5.645668316831683,5.551278877887789,5.686963696369637,5.551278877887789
600423.SH,20091014,9.64,9.7,9.55,9.59,9.57,0.02,0.209,33962.23,32689.921,2.145,5.65746699669967,5.686963696369637,5.722359735973597,5.633869636963697
600423.SH,20091015,9.63,9.7,9.54,9.63,9.59,0.04,0.4171,39015.87,37468.588,2.145,5.681064356435645,5.681064356435645,5.722359735973597,5.627970297029702
600423.SH,20091016,9.63,9.66,9.34,9.49,9.63,-0.14,-1.4538,27925.2,26442.666,2.145,5.598473597359736,5.681064356435645,5.698762376237624,5.509983498349834
600423.SH,20091019,9.45,9.72,9.4,9.71,9.49,0.22,2.3182,39307.37,37723.794,2.145,5.728259075907591,5.574876237623761,5.734158415841585,5.545379537953795
600423.SH,20091020,9.71,9.89,9.71,9.88,9.71,0.17,1.7508,50960.9,49909.359,2.145,5.828547854785479,5.728259075907591,5.834447194719472,5.728259075907591
600423.SH,20091021,9.86,9.9,9.72,9.74,9.88,-0.14,-1.417,43889.61,43041.277,2.145,5.745957095709572,5.816749174917492,5.840346534653466,5.734158415841585
600423.SH,20091022,9.74,9.95,9.7,9.91,9.74,0.17,1.7454,40637.39,39941.95,2.145,5.846245874587458,5.745957095709572,5.869843234323432,5.722359735973597
600423.SH,20091023,9.95,10.12,9.89,10.09,9.91,0.18,1.8163,63734.41,63952.356,2.145,5.95243399339934,5.869843234323432,5.97013201320132,5.834447194719472
600423.SH,20091026,10.11,10.14,9.8,9.88,10.09,-0.21,-2.0813,42097.7,41693.048,2.145,5.828547854785479,5.964232673267326,5.981930693069308,5.781353135313531
600423.SH,20091027,9.8,9.85,9.52,9.58,9.88,-0.3,-3.0364,49412.07,47696.619,2.145,5.6515676567656765,5.781353135313531,5.810849834983498,5.616171617161716
600423.SH,20091028,9.5,9.65,9.39,9.57,9.58,-0.01,-0.1044,32841.54,31249.542,2.145,5.645668316831683,5.604372937293729,5.69286303630363,5.5394801980198025
600423.SH,20091029,9.45,9.67,9.32,9.59,9.57,0.02,0.209,45290.05,43109.384,2.145,5.65746699669967,5.574876237623761,5.704661716171617,5.498184818481849
600423.SH,20091030,9.68,9.85,9.55,9.67,9.59,0.08,0.8342,39132.28,38079.905,2.145,5.704661716171617,5.71056105610561,5.810849834983498,5.633869636963697
600423.SH,20091102,9.5,10.4,9.4,10.28,9.67,0.61,6.3082,127334.36,128843.503,2.145,6.064521452145214,5.604372937293729,6.135313531353135,5.545379537953795
600423.SH,20091103,10.4,11.27,10.4,10.75,10.28,0.47,4.572,193923.95,208820.599,2.145,6.341790429042904,6.135313531353135,6.648556105610561,6.135313531353135
600423.SH,20091104,10.7,11.08,10.59,10.87,10.75,0.12,1.1163,119124.95,129189.314,2.145,6.412582508250824,6.312293729372937,6.536468646864686,6.24740099009901
600423.SH,20091105,10.75,10.96,10.64,10.78,10.87,-0.09,-0.828,68609.02,74011.815,2.145,6.359488448844884,6.341790429042904,6.465676567656766,6.276897689768977
600423.SH,20091106,10.87,11.15,10.73,10.83,10.78,0.05,0.4638,69403.76,75901.186,2.145,6.388985148514852,6.412582508250824,6.57776402640264,6.329991749174917
600423.SH,20091109,10.78,11.0,10.71,10.95,10.83,0.12,1.108,58001.56,63049.467,2.145,6.459777227722771,6.359488448844884,6.4892739273927385,6.318193069306931
600423.SH,20091110,10.91,11.18,10.8,10.93,10.95,-0.02,-0.1826,58628.32,64260.373,2.145,6.447978547854785,6.436179867986798,6.59546204620462,6.371287128712871
600423.SH,20091111,11.0,11.0,10.72,10.93,10.93,0.0,0.0,54161.52,58648.94,2.145,6.447978547854785,6.4892739273927385,6.4892739273927385,6.324092409240925
600423.SH,20091112,11.0,11.33,10.91,11.03,10.93,0.1,0.9149,110764.39,123047.478,2.145,6.506971947194719,6.4892739273927385,6.683952145214521,6.436179867986798
600423.SH,20091113,10.93,11.09,10.65,10.95,11.03,-0.08,-0.7253,65260.74,70827.937,2.145,6.459777227722771,6.447978547854785,6.542367986798679,6.282797029702971
600423.SH,20091116,11.03,11.45,11.03,11.3,10.95,0.35,3.1963,111666.9,126211.684,2.145,6.666254125412541,6.506971947194719,6.754744224422442,6.506971947194719
600423.SH,20091117,11.4,11.7,11.29,11.59,11.3,0.29,2.5664,87079.13,100595.063,2.145,6.83733498349835,6.725247524752475,6.902227722772277,6.660354785478547
600423.SH,20091118,11.58,11.64,11.3,11.6,11.59,0.01,0.0863,78156.55,89863.832,2.145,6.843234323432342,6.831435643564356,6.866831683168317,6.666254125412541
600423.SH,20091119,11.58,11.87,11.58,11.74,11.6,0.14,1.2069,85046.25,99518.751,2.145,6.925825082508251,6.831435643564356,7.002516501650165,6.831435643564356
600423.SH,20091120,11.65,11.73,11.41,11.62,11.74,-0.12,-1.0221,89900.5,103754.498,2.145,6.8550330033003295,6.87273102310231,6.919925742574257,6.731146864686469
600423.SH,20091123,11.59,12.6,11.53,12.31,11.62,0.69,5.938,194961.32,239264.119,2.145,7.262087458745875,6.83733498349835,7.433168316831683,6.801938943894388
600423.SH,20091124,12.34,12.81,11.9,12.37,12.31,0.06,0.4874,229307.9,286514.806,2.145,7.297483498349834,7.279785478547855,7.557054455445544,7.020214521452146
600423.SH,20091125,12.55,13.61,12.55,13.61,12.37,1.24,10.0243,200433.29,270802.264,2.145,8.029001650165016,7.403671617161716,8.029001650165016,7.403671617161716
600423.SH,20091126,14.4,14.8,13.68,14.17,13.61,0.56,4.1146,412632.85,589637.91,2.145,8.359364686468647,8.495049504950495,8.731023102310232,8.070297029702969
600423.SH,20100104,13.61,14.88,13.61,14.51,14.17,0.34,2.4,273637.12,391082.18,2.145,8.559942244224422,8.029001650165016,8.778217821782178,8.029001650165016
600423.SH,20100105,14.22,15.38,14.2,15.24,14.51,0.73,5.03,108029.56,161644.749,2.145,8.99059405940594,8.388861386138615,9.073184818481849,8.377062706270626
600423.SH,20100106,15.24,15.3,14.72,15.08,15.24,-0.16,-1.05,45838.34,68935.415,2.145,8.896204620462047,8.99059405940594,9.0259900990099,8.683828382838284
600423.SH,20100107,14.98,15.03,14.52,14.69,15.08,-0.39,-2.59,53355.3,78892.059,2.145,8.666130363036304,8.837211221122113,8.866707920792079,8.565841584158415
600423.SH,20100108,14.6,15.04,14.29,14.74,14.69,0.05,0.34,55879.43,82502.352,2.145,8.69562706270627,8.613036303630363,8.87260726072607,8.430156765676568
600423.SH,20100111,14.75,16.21,14.63,16.21,14.74,1.47,9.97,81939.4,129189.241,2.145,9.5628300330033,8.701526402640264,9.5628300330033,8.630734323432343
600423.SH,20100112,16.21,16.21,15.6,15.89,16.21,-0.32,-1.97,53012.63,83804.962,2.145,9.374051155115511,9.5628300330033,9.5628300330033,9.2029702970297
600423.SH,20100113,15.6,16.04,15.36,15.68,15.89,-0.21,-1.32,40718.01,64008.404,2.145,9.25016501650165,9.2029702970297,9.462541254125412,9.061386138613862
600423.SH,20100114,15.87,15.9,15.3,15.57,15.68,-0.11,-0.7,48770.06,75695.063,2.145,9.185272277227725,9.362252475247525,9.379950495049505,9.0259900990099
600423.SH,20100115,15.58,15.75,15.33,15.46,15.57,-0.11,-0.71,48775.43,75630.215,2.145,9.120379537953797,9.191171617161716,9.291460396039604,9.04368811881188
600423.SH,20100118,15.3,16.05,15.29,15.86,15.46,0.4,2.59,67032.71,105767.481,2.145,9.356353135313531,9.0259900990099,9.468440594059404,9.020090759075908
600423.SH,20100119,15.91,15.91,15.1,15.37,15.86,-0.49,-3.09,44540.59,68599.611,2.145,9.067285478547854,9.385849834983498,9.385849834983498,8.908003300330032
600423.SH,20100120,15.39,15.95,14.51,14.82,15.37,-0.55,-3.58,54805.98,84917.068,2.145,8.742821782178218,9.07908415841584,9.40944719471947,8.559942244224422
600423.SH,20100121,14.6,14.89,14.28,14.54,14.82,-0.28,-1.89,65581.58,94372.838,2.145,8.577640264026401,8.613036303630363,8.784117161716171,8.424257425742573
600423.SH,20100122,14.43,14.84,14.03,14.28,14.54,-0.26,-1.79,68894.13,100444.02,2.145,8.424257425742573,8.512747524752475,8.754620462046205,8.276773927392739
600423.SH,20100125,14.2,14.58,14.05,14.38,14.28,0.1,0.7,27515.65,39415.587,2.145,8.483250825082509,8.377062706270626,8.601237623762376,8.288572607260726
600423.SH,20100126,14.38,14.51,13.6,13.92,14.38,-0.46,-3.2,42424.51,59882.71,2.145,8.211881188118811,8.483250825082509,8.559942244224422,8.023102310231023
600423.SH,20100127,13.92,14.53,13.85,14.28,13.92,0.36,2.59,30339.82,42974.331,2.145,8.424257425742573,8.211881188118811,8.57174092409241,8.170585808580858
600423.SH,20100128,14.38,14.78,14.25,14.75,14.28,0.47,3.29,40803.08,59581.846,2.145,8.701526402640264,8.483250825082509,8.719224422442243,8.406559405940595
600423.SH,20100129,14.8,15.28,14.68,14.78,14.75,0.03,0.2,39733.66,59404.425,2.145,8.719224422442243,8.731023102310232,9.014191419141913,8.660231023102309
600423.SH,20100201,14.83,14.95,14.25,14.41,14.78,-0.37,-2.5,13577.57,19617.089,2.145,8.500948844884489,8.748721122112212,8.819513201320131,8.406559405940595
600423.SH,20100202,14.51,14.79,13.65,13.71,14.41,-0.7,-4.86,43336.38,60403.454,2.145,8.08799504950495,8.559942244224422,8.725123762376237,8.052599009900991
600423.SH,20100203,13.71,13.9,13.08,13.86,13.71,0.15,1.09,73865.38,99003.87,2.145,8.17648514851485,8.08799504950495,8.200082508250825,7.716336633663366
600423.SH,20100204,13.73,14.5,13.73,14.09,13.86,0.23,1.66,64668.76,90568.051,2.145,8.3121699669967,8.099793729372937,8.554042904290428,8.099793729372937
600423.SH,20100205,13.87,14.25,13.17,13.5,14.09,-0.59,-4.19,69993.04,95767.348,2.145,7.964108910891088,8.182384488448845,8.406559405940595,7.769430693069307
600423.SH,20100208,13.36,13.88,13.21,13.8,13.5,0.3,2.22,26310.68,35934.707,2.145,8.141089108910892,7.881518151815182,8.188283828382838,7.793028052805281
600423.SH,20100209,13.68,14.01,13.5,13.52,13.8,-0.28,-2.03,16288.38,22532.121,2.145,7.975907590759076,8.070297029702969,8.264975247524752,7.964108910891088
600423.SH,20100210,13.61,13.9,13.5,13.74,13.52,0.22,1.63,17939.24,24567.015,2.145,8.10569306930693,8.029001650165016,8.200082508250825,7.964108910891088
600423.SH,20100211,13.74,13.95,13.65,13.89,13.74,0.15,1.09,12092.1,16744.618,2.145,8.194183168316831,8.10569306930693,8.229579207920791,8.052599009900991
600423.SH,20100212,14.0,14.08,13.88,14.05,13.89,0.16,1.15,8004.2,11205.901,2.145,8.288572607260726,8.25907590759076,8.306270627062705,8.188283828382838
600423.SH,20100222,14.0,14.49,14.0,14.19,14.05,0.14,1.0,13629.4,19455.565,2.145,8.371163366336633,8.25907590759076,8.548143564356435,8.25907590759076
600423.SH,20100223,14.19,14.5,13.86,14.35,14.19,0.16,1.13,14056.36,19990.303,2.145,8.465552805280527,8.371163366336633,8.554042904290428,8.17648514851485
600423.SH,20100224,14.46,14.97,14.35,14.86,14.35,0.51,3.55,25729.03,37896.402,2.145,8.766419141914191,8.530445544554457,8.83131188118812,8.465552805280527
600423.SH,20100225,14.78,15.0,14.67,14.84,14.86,-0.02,-0.13,25249.89,37500.047,2.145,8.754620462046205,8.719224422442243,8.849009900990097,8.654331683168317
600423.SH,20100226,14.85,14.91,14.57,14.65,14.84,-0.19,-1.28,22464.47,32999.123,2.145,8.64253300330033,8.760519801980198,8.795915841584158,8.595338283828383
600423.SH,20100301,14.61,15.21,14.57,15.01,14.65,0.36,2.46,32939.53,49492.293,2.145,8.854909240924092,8.618935643564356,8.97289603960396,8.595338283828383
600423.SH,20100302,15.02,15.17,14.7,14.75,15.01,-0.26,-1.73,17284.82,25634.355,2.145,8.701526402640264,8.860808580858086,8.949298679867987,8.672029702970296
600423.SH,20100303,14.75,15.3,14.71,15.2,14.75,0.45,3.05,36429.83,55104.318,2.145,8.966996699669966,8.701526402640264,9.0259900990099,8.67792904290429
600423.SH,20100304,15.22,15.22,14.46,14.48,15.2,-0.72,-4.74,28031.97,41448.565,2.145,8.542244224422442,8.978795379537955,8.978795379537955,8.530445544554457
600423.SH,20100305,14.65,14.7,14.21,14.42,14.48,-0.06,-0.41,13954.82,20145.891,2.145,8.506848184818482,8.64253300330033,8.672029702970296,8.38296204620462
600423.SH,20100308,14.67,14.73,14.33,14.69,14.42,0.27,1.87,16007.08,23360.351,2.145,8.666130363036304,8.654331683168317,8.689727722772277,8.45375412541254
600423.SH,20100309,14.68,15.5,14.4,14.91,14.69,0.22,1.5,23044.18,34138.226,2.145,8.795915841584158,8.660231023102309,9.14397689768977,8.495049504950495
600423.SH,20100310,14.9,14.98,14.46,14.5,14.91,-0.41,-2.75,21311.16,31265.286,2.145,8.554042904290428,8.790016501650165,8.837211221122113,8.530445544554457
600423.SH,20100311,14.56,14.67,14.32,14.56,14.5,0.06,0.41,9320.66,13505.686,2.145,8.58943894389439,8.58943894389439,8.654331683168317,8.447854785478548
600423.SH,20100312,14.58,14.75,13.8,13.95,14.56,-0.61,-4.19,23066.84,32907.324,2.145,8.229579207920791,8.601237623762376,8.701526402640264,8.141089108910892
600423.SH,20100315,13.98,14.04,13.13,13.19,13.95,-0.76,-5.45,54004.81,71845.504,2.145,7.781229372937293,8.247277227722773,8.282673267326732,7.7458333333333345
600423.SH,20100316,13.2,13.44,12.61,13.0,13.19,-0.19,-1.44,60214.21,77566.167,2.145,7.669141914191419,7.7871287128712865,7.928712871287128,7.439067656765676
600423.SH,20100317,12.96,13.33,12.76,13.21,13.0,0.21,1.62,54215.57,70937.632,2.145,7.793028052805281,7.645544554455446,7.863820132013202,7.527557755775577
600423.SH,20100318,13.28,13.7,13.19,13.58,13.21,0.37,2.8,42476.66,57079.487,2.145,8.011303630363036,7.834323432343234,8.082095709570956,7.781229372937293
600423.SH,20100319,13.65,13.69,13.35,13.59,13.58,0.01,0.07,18934.98,25562.039,2.145,8.01720297029703,8.052599009900991,8.076196369636964,7.875618811881187
600423.SH,20100322,13.51,14.05,13.43,13.98,13.59,0.39,2.87,37027.85,51233.78,2.145,8.247277227722773,7.970008250825082,8.288572607260726,7.922813531353135
600423.SH,20100323,13.9,14.09,13.82,13.85,13.98,-0.13,-0.93,22795.64,31748.107,2.145,8.170585808580858,8.200082508250825,8.3121699669967,8.152887788778878
600423.SH,20100324,13.98,14.08,13.43,13.6,13.85,-0.25,-1.81,22395.37,30817.527,2.145,8.023102310231023,8.247277227722773,8.306270627062705,7.922813531353135
600423.SH,20100325,13.53,13.85,13.47,13.66,13.6,0.06,0.44,23851.81,32496.664,2.145,8.058498349834982,7.981806930693069,8.170585808580858,7.946410891089109
600423.SH,20100326,13.67,14.09,13.41,14.06,13.66,0.4,2.93,27982.07,38657.106,2.145,8.294471947194719,8.064397689768978,8.3121699669967,7.911014851485148
600423.SH,20100329,14.1,14.58,13.87,14.3,14.06,0.24,1.71,47921.41,68557.875,2.145,8.436056105610561,8.318069306930692,8.601237623762376,8.182384488448845
600423.SH,20100330,14.35,14.7,14.35,14.69,14.3,0.39,2.73,44753.98,65115.929,2.145,8.666130363036304,8.465552805280527,8.672029702970296,8.465552805280527
600423.SH,20100331,14.7,15.11,14.3,14.66,14.69,-0.03,-0.2,71295.28,105034.725,2.145,8.648432343234324,8.672029702970296,8.913902640264027,8.436056105610561
600423.SH,20100401,14.76,14.76,14.45,14.64,14.66,-0.02,-0.14,46931.09,68401.484,2.145,8.636633663366338,8.707425742574257,8.707425742574257,8.524546204620462
600423.SH,20100402,14.65,14.79,14.4,14.73,14.64,0.09,0.61,32545.06,47426.476,2.145,8.689727722772277,8.64253300330033,8.725123762376237,8.495049504950495
600423.SH,20100406,14.9,15.02,14.65,14.89,14.73,0.16,1.09,33853.86,50187.564,2.145,8.784117161716171,8.790016501650165,8.860808580858086,8.64253300330033
600423.SH,20100407,14.9,14.96,14.5,14.95,14.89,0.06,0.4,29561.21,43880.229,2.145,8.819513201320131,8.790016501650165,8.825412541254126,8.554042904290428
600423.SH,20100408,14.88,15.15,14.88,14.99,14.95,0.04,0.27,51637.25,77534.824,2.145,8.843110561056106,8.778217821782178,8.9375,8.778217821782178
600423.SH,20100409,15.14,15.14,14.71,14.84,14.99,-0.15,-1.0,26033.92,38650.136,2.145,8.754620462046205,8.931600660066007,8.931600660066007,8.67792904290429
600423.SH,20100412,14.86,15.06,14.65,14.68,14.84,-0.16,-1.08,37970.98,56349.331,2.145,8.660231023102309,8.766419141914191,8.884405940594059,8.64253300330033
600423.SH,20100413,14.7,14.8,14.0,14.25,14.68,-0.43,-2.93,39752.57,56956.031,2.145,8.406559405940595,8.672029702970296,8.731023102310232,8.25907590759076
600423.SH,20100414,14.26,14.59,14.25,14.41,14.25,0.16,1.12,25419.72,36693.585,2.145,8.500948844884489,8.412458745874586,8.60713696369637,8.406559405940595
600423.SH,20100415,14.6,15.21,14.6,14.84,14.41,0.43,2.98,85969.16,128699.877,2.145,8.754620462046205,8.613036303630363,8.97289603960396,8.613036303630363
600423.SH,20100416,14.84,14.99,14.59,14.95,14.84,0.11,0.74,35699.66,52806.695,2.145,8.819513201320131,8.754620462046205,8.843110561056106,8.60713696369637
600423.SH,20100419,14.93,15.15,14.55,14.63,14.95,-0.32,-2.14,49983.23,74690.495,2.145,8.630734323432343,8.807714521452144,8.9375,8.583539603960396
600423.SH,20100420,14.65,14.8,14.06,14.33,14.63,-0.3,-2.05,23373.65,33488.367,2.145,8.45375412541254,8.64253300330033,8.731023102310232,8.294471947194719
600423.SH,20100421,14.33,15.05,14.33,15.03,14.33,0.7,4.88,38595.51,56549.297,2.145,8.866707920792079,8.45375412541254,8.878506600660067,8.45375412541254
600423.SH,20100422,15.08,16.08,14.82,15.79,15.03,0.76,5.06,108078.52,168791.362,2.145,9.315057755775577,8.896204620462047,9.486138613861383,8.742821782178218
600423.SH,20100423,15.52,15.9,15.21,15.58,15.79,-0.21,-1.33,55853.39,86809.433,2.145,9.191171617161716,9.155775577557757,9.379950495049505,8.97289603960396
600423.SH,20100426,15.66,15.9,15.51,15.76,15.58,0.18,1.16,47548.56,74675.822,2.145,9.297359735973597,9.238366336633662,9.379950495049505,9.14987623762376
600423.SH,20100427,15.77,15.77,14.51,14.95,15.76,-0.81,-5.14,55076.89,82594.545,2.145,8.819513201320131,9.30325907590759,9.30325907590759,8.559942244224422
600423.SH,20100428,14.77,15.45,14.61,15.12,14.95,0.17,1.14,52997.29,80372.036,2.145,8.91980198019802,8.71332508250825,9.114480198019802,8.618935643564356
600423.SH,20100429,15.1,15.18,14.51,14.53,15.12,-0.59,-3.9,37667.81,55721.04,2.145,8.57174092409241,8.908003300330032,8.955198019801978,8.559942244224422
600423.SH,20100430,14.53,14.54,13.19,13.4,14.53,-1.13,-7.78,54513.19,73923.502,2.145,7.9051155115511555,8.57174092409241,8.577640264026401,7.781229372937293
600423.SH,20100504,13.1,13.8,13.03,13.49,13.4,0.09,0.67,18216.93,24697.361,2.145,7.958209570957096,7.728135313531353,8.141089108910892,7.686839933993399
600423.SH,20100505,13.08,13.85,13.08,13.79,13.49,0.3,2.22,36471.05,49146.937,2.145,8.135189768976897,7.716336633663366,8.170585808580858,7.716336633663366
600423.SH,20100506,13.74,13.74,13.3,13.31,13.79,-0.48,-3.48,22428.83,30312.781,2.145,7.852021452145215,8.10569306930693,8.10569306930693,7.846122112211221
600423.SH,20100507,12.99,13.25,12.6,12.67,13.31,-0.64,-4.81,35637.36,45884.037,2.145,7.474463696369637,7.663242574257425,7.816625412541254,7.433168316831683
600423.SH,20100510,12.8,13.0,12.07,12.44,12.67,-0.23,-1.82,29736.58,36786.49,2.145,7.338778877887788,7.551155115511552,7.669141914191419,7.120503300330033
600423.SH,20100511,13.0,13.08,12.3,12.45,12.44,0.01,0.08,45521.96,57946.435,2.145,7.344678217821782,7.669141914191419,7.716336633663366,7.256188118811881
600423.SH,20100513,12.5,12.86,12.38,12.86,12.45,0.41,3.29,42145.05,53148.85,2.145,7.586551155115511,7.374174917491749,7.586551155115511,7.303382838283829
600423.SH,20100514,12.88,13.31,12.71,13.0,12.86,0.14,1.09,42993.51,55849.501,2.145,7.669141914191419,7.598349834983498,7.852021452145215,7.498061056105612
600423.SH,20100517,13.38,13.6,12.59,12.62,13.0,-0.38,-2.92,70233.24,92160.949,2.145,7.444966996699667,7.893316831683169,8.023102310231023,7.42726897689769
600423.SH,20100518,12.7,13.13,12.63,13.03,12.62,0.41,3.25,68883.46,88739.808,2.145,7.686839933993399,7.492161716171616,7.7458333333333345,7.450866336633664
600423.SH,20100519,13.02,13.33,12.7,13.23,13.03,0.2,1.53,54618.38,71095.949,2.145,7.804826732673267,7.680940594059406,7.863820132013202,7.492161716171616
600423.SH,20100520,13.13,13.36,13.01,13.09,13.23,-0.14,-1.06,31891.16,42013.812,2.145,7.72223597359736,7.7458333333333345,7.881518151815182,7.675041254125412
600423.SH,20100521,12.78,13.57,12.65,13.49,13.09,0.4,3.06,79182.99,105670.392,2.145,7.958209570957096,7.5393564356435645,8.005404290429043,7.46266501650165
600423.SH,20100524,13.65,14.12,13.52,14.0,13.49,0.51,3.78,77163.86,106935.273,2.145,8.25907590759076,8.052599009900991,8.329867986798678,7.975907590759076
600423.SH,20100525,13.85,14.07,13.69,13.77,14.0,-0.23,-1.64,52880.49,73194.854,2.145,8.12339108910891,8.170585808580858,8.300371287128712,8.076196369636964
600423.SH,20100526,9.16,9.38,9.11,9.21,9.11,0.1,1.1,26052.07,24049.824,3.242,8.211996699669967,8.167414741474147,8.363575357535753,8.122832783278326
600423.SH,20100527,9.15,9.25,8.8,9.2,9.21,-0.01,-0.11,75090.71,67683.439,3.242,8.203080308030803,8.158498349834984,8.247662266226621,7.846424642464247
600423.SH,20100528,9.3,9.38,9.08,9.12,9.2,-0.08,-0.87,76504.58,70737.311,3.242,8.131749174917491,8.292244224422442,8.363575357535753,8.096083608360836
600423.SH,20100531,9.04,9.11,8.58,8.59,9.12,-0.53,-5.81,100297.71,88733.979,3.242,7.659180418041803,8.06041804180418,8.122832783278326,7.65026402640264
600423.SH,20100601,8.53,8.8,8.17,8.36,8.59,-0.23,-2.68,90038.19,76066.803,3.242,7.454103410341033,7.60568206820682,7.846424642464247,7.28469196919692
600423.SH,20100602,8.32,8.52,8.15,8.5,8.36,0.14,1.67,53156.89,44265.648,3.242,7.578932893289329,7.418437843784378,7.596765676567656,7.266859185918592
600423.SH,20100603,8.52,8.59,8.26,8.28,8.5,-0.22,-2.59,60464.89,51151.702,3.242,7.382772277227723,7.596765676567656,7.659180418041803,7.364939493949395
600423.SH,20100604,8.2,8.32,8.09,8.24,8.28,-0.04,-0.48,42265.84,34635.215,3.242,7.347106710671067,7.31144114411441,7.418437843784378,7.213360836083608
600423.SH,20100607,8.11,8.23,8.01,8.14,8.24,-0.1,-1.21,43779.02,35481.396,3.242,7.257942794279428,7.231193619361936,7.338190319031903,7.142029702970296
600423.SH,20100608,8.15,8.47,8.15,8.46,8.14,0.32,3.93,80989.1,67613.351,3.242,7.543267326732673,7.266859185918592,7.552183718371838,7.266859185918592
600423.SH,20100609,8.7,9.31,8.7,9.28,8.46,0.82,9.69,240578.29,217931.53,3.242,8.274411441144114,7.757260726072606,8.301160616061606,7.757260726072606
600423.SH,20100610,9.1,9.27,9.01,9.12,9.28,-0.16,-1.72,123047.49,112636.599,3.242,8.131749174917491,8.113916391639163,8.265495049504949,8.033668866886687
600423.SH,20100611,9.21,9.5,9.12,9.19,9.12,0.07,0.77,124640.14,115788.825,3.242,8.194163916391638,8.211996699669967,8.47057205720572,8.131749174917491
600423.SH,20100617,9.29,9.36,8.9,8.93,9.19,-0.26,-2.83,89634.47,81328.51,3.242,7.962337733773377,8.283327832783277,8.345742574257425,7.935588558855885
600423.SH,20100618,8.88,9.16,8.84,8.92,8.93,-0.01,-0.11,70123.99,63025.338,3.242,7.953421342134213,7.917755775577558,8.167414741474147,7.882090209020902
600423.SH,20100621,8.78,9.25,8.78,9.21,8.92,0.29,3.25,80752.78,73322.812,3.242,8.211996699669967,7.828591859185918,8.247662266226621,7.828591859185918
600423.SH,20100622,9.23,9.28,9.09,9.1,9.21,-0.11,-1.19,65257.43,59784.372,3.242,8.113916391639163,8.229829482948295,8.274411441144114,8.105
600423.SH,20100623,9.01,9.27,8.93,9.21,9.1,0.11,1.21,78140.19,71370.663,3.242,8.211996699669967,8.033668866886687,8.265495049504949,7.962337733773377
600423.SH,20100624,9.25,9.25,8.88,9.0,9.21,-0.21,-2.28,89692.62,81105.419,3.242,8.024752475247524,8.247662266226621,8.247662266226621,7.917755775577558
600423.SH,20100625,8.89,9.0,8.52,8.68,9.0,-0.32,-3.56,78601.72,68479.939,3.242,7.739427942794279,7.926672167216722,8.024752475247524,7.596765676567656
600423.SH,20100628,8.65,8.78,8.57,8.65,8.68,-0.03,-0.35,37212.18,32380.679,3.242,7.712678767876788,7.712678767876788,7.828591859185918,7.641347634763476
600423.SH,20100629,8.67,8.73,8.15,8.18,8.65,-0.47,-5.43,70915.7,59188.233,3.242,7.293608360836083,7.730511551155115,7.7840099009901,7.266859185918592
600423.SH,20100630,8.1,8.28,8.03,8.21,8.18,0.03,0.37,36357.0,29716.338,3.242,7.320357535753576,7.222277227722771,7.382772277227723,7.159862486248624
600423.SH,20100701,8.21,8.35,8.15,8.25,8.21,0.04,0.49,40718.37,33635.955,3.242,7.356023102310231,7.320357535753576,7.445187018701869,7.266859185918592
600423.SH,20100702,8.28,8.28,7.67,8.14,8.25,-0.11,-1.33,91306.74,72410.696,3.242,7.257942794279428,7.382772277227723,7.382772277227723,6.838872387238724
600423.SH,20100705,7.98,8.15,7.81,8.08,8.14,-0.06,-0.74,49769.53,39679.651,3.242,7.204444444444444,7.115280528052805,7.266859185918592,6.963701870187018
600423.SH,20100706,8.14,8.6,8.14,8.57,8.08,0.49,6.06,111563.62,94445.321,3.242,7.641347634763476,7.257942794279428,7.668096809680968,7.257942794279428
600423.SH,20100707,8.6,8.67,8.45,8.65,8.57,0.08,0.93,74815.23,63979.483,3.242,7.712678767876788,7.668096809680968,7.730511551155115,7.534350935093508
600423.SH,20100708,8.7,8.7,8.43,8.52,8.65,-0.13,-1.5,47850.82,40864.572,3.242,7.596765676567656,7.757260726072606,7.757260726072606,7.516518151815181
600423.SH,20100709,8.51,8.95,8.5,8.83,8.52,0.31,3.64,93212.19,81493.458,3.242,7.873173817381738,7.587849284928493,7.980170517051705,7.578932893289329
600423.SH,20100712,8.82,8.91,8.7,8.85,8.83,0.02,0.23,68111.72,60134.588,3.242,7.891006600660065,7.864257425742575,7.94450495049505,7.757260726072606
600423.SH,20100713,8.75,8.87,8.58,8.62,8.85,-0.23,-2.6,66797.34,58036.098,3.242,7.685929592959295,7.801842684268426,7.908839383938393,7.65026402640264
600423.SH,20100714,8.66,8.82,8.52,8.62,8.62,0.0,0.0,84208.15,73124.507,3.242,7.685929592959295,7.721595159515951,7.864257425742575,7.596765676567656
600423.SH,20100715,8.68,8.8,8.5,8.6,8.62,-0.02,-0.23,78828.48,68269.469,3.242,7.668096809680968,7.739427942794279,7.846424642464247,7.578932893289329
600423.SH,20100716,8.64,8.75,8.5,8.73,8.6,0.13,1.51,70559.59,60976.195,3.242,7.7840099009901,7.703762376237623,7.801842684268426,7.578932893289329
600423.SH,20100719,8.67,9.03,8.57,9.0,8.73,0.27,3.09,136468.84,120173.65,3.242,8.024752475247524,7.730511551155115,8.051501650165017,7.641347634763476
600423.SH,20100720,8.95,9.37,8.95,9.27,9.0,0.27,3.0,190967.37,175308.805,3.242,8.265495049504949,7.980170517051705,8.354658965896588,7.980170517051705
600423.SH,20100721,9.23,9.37,9.15,9.21,9.27,-0.06,-0.65,147507.16,136376.431,3.242,8.211996699669967,8.229829482948295,8.354658965896588,8.158498349834984
600423.SH,20100722,9.15,9.35,9.09,9.27,9.21,0.06,0.65,78220.01,72136.431,3.242,8.265495049504949,8.158498349834984,8.336826182618262,8.105
600423.SH,20100723,9.33,9.8,9.27,9.5,9.27,0.23,2.48,191965.42,183785.982,3.242,8.47057205720572,8.318993399339934,8.738063806380639,8.265495049504949
600423.SH,20100726,9.59,9.7,9.4,9.62,9.5,0.12,1.26,95065.64,90843.205,3.242,8.577568756875687,8.550819581958196,8.648899889988998,8.38140814081408
600423.SH,20100727,9.58,9.6,9.41,9.42,9.62,-0.2,-2.08,79536.55,75438.365,3.242,8.399240924092409,8.541903190319031,8.559735973597359,8.390324532453246
600423.SH,20100728,9.38,9.65,9.31,9.63,9.42,0.21,2.23,85260.52,81261.091,3.242,8.586485148514852,8.363575357535753,8.60431793179318,8.301160616061606
600423.SH,20100729,9.61,9.89,9.4,9.79,9.63,0.16,1.66,137832.45,132814.522,3.242,8.729147414741472,8.568652365236524,8.818311331133113,8.38140814081408
600423.SH,20100730,9.77,10.06,9.52,10.03,9.79,0.24,2.45,174098.45,170447.771,3.242,8.943140814081408,8.711314631463145,8.969889988998899,8.488404840484048
600423.SH,20100802,10.0,10.38,9.9,10.26,10.03,0.23,2.29,164493.49,167668.141,3.242,9.14821782178218,8.916391639163917,9.255214521452146,8.827227722772278
600423.SH,20100803,10.25,10.38,9.83,9.88,10.26,-0.38,-3.7,132780.42,133984.743,3.242,8.809394939493949,9.139301430143014,9.255214521452146,8.76481298129813
600423.SH,20100804,9.78,10.1,9.73,10.09,9.88,0.21,2.13,129516.54,128239.417,3.242,8.99663916391639,8.72023102310231,9.005555555555555,8.67564906490649
600423.SH,20100805,10.1,10.56,10.05,10.38,10.09,0.29,2.87,153168.49,158091.146,3.242,9.255214521452146,9.005555555555555,9.415709570957096,8.960973597359736
600423.SH,20100806,10.34,10.55,10.19,10.51,10.38,0.13,1.25,100879.37,105104.5,3.242,9.371127612761276,9.21954895489549,9.406793179317932,9.085803080308027
600423.SH,20100809,10.37,10.37,10.08,10.27,10.51,-0.24,-2.28,260360.73,265859.772,3.242,9.15713421342134,9.24629812981298,9.24629812981298,8.987722772277229
600423.SH,20100810,10.3,10.3,9.57,9.6,10.27,-0.67,-6.52,215909.87,213321.357,3.242,8.559735973597359,9.183883388338836,9.183883388338836,8.532986798679868
600423.SH,20100812,9.65,9.9,9.4,9.76,9.6,0.16,1.67,149645.15,144244.643,3.242,8.702398239823982,8.60431793179318,8.827227722772278,8.38140814081408
600423.SH,20100813,9.6,9.85,9.51,9.8,9.76,0.04,0.41,76491.4,74024.902,3.242,8.738063806380639,8.559735973597359,8.782645764576458,8.479488448844883
600423.SH,20100816,9.85,10.25,9.81,10.16,9.8,0.36,3.67,187674.49,189270.796,3.242,9.05905390539054,8.782645764576458,9.139301430143014,8.746980198019802
600423.SH,20100817,10.16,10.25,10.06,10.15,10.16,-0.01,-0.1,95414.71,96688.385,3.242,9.050137513751377,9.05905390539054,9.139301430143014,8.969889988998899
600423.SH,20100818,10.13,10.2,9.9,10.0,10.15,-0.15,-1.48,82252.33,82579.151,3.242,8.916391639163917,9.032304730473047,9.094719471947194,8.827227722772278
600423.SH,20100819,10.0,10.28,10.0,10.07,10.0,0.07,0.7,122293.8,124062.818,3.242,8.978806380638064,8.916391639163917,9.166050605060503,8.916391639163917
600423.SH,20100820,10.14,10.15,9.5,9.62,10.07,-0.45,-4.47,122433.79,119918.134,3.242,8.577568756875687,9.04122112211221,9.050137513751377,8.47057205720572
600423.SH,20100823,9.59,9.68,9.44,9.56,9.62,-0.06,-0.62,70631.09,67481.301,3.242,8.524070407040703,8.550819581958196,8.63106710671067,8.417073707370736
600423.SH,20100824,9.56,9.8,9.41,9.74,9.56,0.18,1.88,83177.71,80134.22,3.242,8.684565456545656,8.524070407040703,8.738063806380639,8.390324532453246
600423.SH,20100825,9.69,9.77,9.5,9.65,9.74,-0.09,-0.92,68733.12,65978.233,3.242,8.60431793179318,8.639983498349835,8.711314631463145,8.47057205720572
600423.SH,20100826,9.58,9.92,9.56,9.74,9.65,0.09,0.93,81298.38,79382.764,3.242,8.684565456545656,8.541903190319031,8.845060506050604,8.524070407040703
600423.SH,20100827,9.8,9.94,9.6,9.88,9.74,0.14,1.44,64424.65,62969.859,3.242,8.809394939493949,8.738063806380639,8.862893289328932,8.559735973597359
600423.SH,20100830,9.9,10.15,9.81,10.06,9.88,0.18,1.82,106057.47,106371.199,3.242,8.969889988998899,8.827227722772278,9.050137513751377,8.746980198019802
600423.SH,20100831,10.03,10.25,9.92,10.11,10.06,0.05,0.5,95216.76,96047.199,3.242,9.01447194719472,8.943140814081408,9.139301430143014,8.845060506050604
600423.SH,20100901,10.2,10.23,9.68,9.84,10.11,-0.27,-2.67,102386.33,101977.471,3.242,8.773729372937293,9.094719471947194,9.121468646864686,8.63106710671067
600423.SH,20100902,9.88,10.07,9.75,9.91,9.84,0.07,0.71,86626.88,85853.254,3.242,8.836144114411441,8.809394939493949,8.978806380638064,8.693481848184819
600423.SH,20100903,9.93,10.15,9.81,10.1,9.91,0.19,1.92,125339.52,125746.94,3.242,9.005555555555555,8.853976897689767,9.050137513751377,8.746980198019802
600423.SH,20100906,10.25,10.25,9.98,10.0,10.1,-0.1,-0.99,124648.32,125593.493,3.242,8.916391639163917,9.139301430143014,9.139301430143014,8.898558855885588
600423.SH,20100907,10.06,10.41,9.97,10.32,10.0,0.32,3.2,208589.88,212859.303,3.242,9.20171617161716,8.969889988998899,9.281963696369637,8.889642464246425
600423.SH,20100908,10.23,10.62,10.12,10.49,10.32,0.17,1.65,204954.29,213275.246,3.242,9.353294829482948,9.121468646864686,9.469207920792078,9.023388338833882
600423.SH,20100909,10.5,10.67,10.23,10.4,10.49,-0.09,-0.86,188030.72,196174.86,3.242,9.273047304730472,9.362211221122111,9.5137898789879,9.121468646864686
600423.SH,20100910,10.32,10.5,10.05,10.39,10.4,-0.01,-0.1,126384.24,129976.47,3.242,9.26413091309131,9.20171617161716,9.362211221122111,8.960973597359736
600423.SH,20100913,10.48,10.85,10.29,10.81,10.39,0.42,4.04,219058.1,233489.09,3.242,9.638619361936192,9.344378437843783,9.674284928492847,9.17496699669967
600423.SH,20100914,10.85,11.15,10.7,10.88,10.81,0.07,0.65,207331.11,226557.833,3.242,9.701034103410342,9.674284928492847,9.941776677667766,9.54053905390539
600423.SH,20100915,10.88,10.88,10.45,10.56,10.88,-0.32,-2.94,122617.39,130781.542,3.242,9.415709570957096,9.701034103410342,9.701034103410342,9.31762926292629
600423.SH,20100916,10.56,10.62,9.99,10.15,10.56,-0.41,-3.88,129466.65,132020.209,3.242,9.050137513751377,9.415709570957096,9.469207920792078,8.907475247524753
600423.SH,20100917,10.11,10.32,10.08,10.17,10.15,0.02,0.2,64485.13,65807.559,3.242,9.067970297029705,9.01447194719472,9.20171617161716,8.987722772277229
600423.SH,20100920,10.16,10.42,9.96,10.06,10.17,-0.11,-1.08,88183.48,89846.583,3.242,8.969889988998899,9.05905390539054,9.290880088008802,8.880726072607262
600423.SH,20100921,10.06,10.19,9.75,9.99,10.06,-0.07,-0.7,77248.04,76787.45,3.242,8.907475247524753,8.969889988998899,9.085803080308027,8.693481848184819
600423.SH,20100927,10.0,10.24,9.96,10.2,9.99,0.21,2.1,40739.04,41291.916,3.242,9.094719471947194,8.916391639163917,9.13038503850385,8.880726072607262
600423.SH,20100928,10.2,10.23,9.8,10.0,10.2,-0.2,-1.96,53974.23,54125.301,3.242,8.916391639163917,9.094719471947194,9.121468646864686,8.738063806380639
600423.SH,20100929,9.97,10.15,9.83,9.9,10.0,-0.1,-1.0,59198.23,58837.78,3.242,8.827227722772278,8.889642464246425,9.050137513751377,8.76481298129813
600423.SH,20100930,9.85,10.03,9.7,9.97,9.9,0.07,0.71,86153.8,84727.739,3.242,8.889642464246425,8.782645764576458,8.943140814081408,8.648899889988998
600423.SH,20101008,10.04,10.34,10.01,10.21,9.97,0.24,2.41,82667.17,84383.581,3.242,9.10363586358636,8.952057205720571,9.21954895489549,8.925308030803079
600423.SH,20101011,10.31,11.14,10.21,10.94,10.21,0.73,7.15,232377.72,251477.93,3.242,9.754532453245323,9.192799779977998,9.932860286028603,9.10363586358636
600423.SH,20101012,10.85,11.18,10.71,10.91,10.94,-0.03,-0.27,153031.43,167458.483,3.242,9.727783278327834,9.674284928492847,9.968525852585255,9.549455445544554
600423.SH,20101013,10.93,11.45,10.81,11.37,10.91,0.46,4.22,199648.19,224819.495,3.242,10.137937293729372,9.74561606160616,10.209268426842684,9.638619361936192
600423.SH,20101014,11.39,11.42,10.92,10.95,11.37,-0.42,-3.69,171335.05,190426.675,3.242,9.763448844884488,10.1557700770077,10.182519251925193,9.736699669966995
600423.SH,20101015,10.96,11.32,10.63,11.29,10.95,0.34,3.11,167672.09,184166.592,3.242,10.06660616061606,9.772365236523653,10.093355335533554,9.478124312431245
600423.SH,20101018,11.3,11.84,10.71,11.54,11.29,0.25,2.21,231534.2,263560.842,3.242,10.289515951595158,10.075522552255224,10.557007700770075,9.549455445544554
600423.SH,20101019,11.55,11.88,11.21,11.6,11.54,0.06,0.52,181483.41,209967.238,3.242,10.343014301430143,10.298432343234325,10.592673267326733,9.995275027502752
600423.SH,20101020,11.3,11.71,11.12,11.46,11.6,-0.14,-1.21,138083.85,157119.313,3.242,10.218184818481848,10.075522552255224,10.441094609460947,9.915027502750275
600423.SH,20101021,11.45,11.86,11.4,11.54,11.46,0.08,0.7,183538.38,213607.169,3.242,10.289515951595158,10.209268426842684,10.574840484048403,10.164686468646863
600423.SH,20101022,11.56,12.18,11.56,11.99,11.54,0.45,3.9,206060.57,244592.489,3.242,10.690753575357537,10.307348734873486,10.86016501650165,10.307348734873486
600423.SH,20101025,12.08,12.66,12.0,12.61,11.99,0.62,5.17,254588.48,314412.251,3.242,11.243569856985696,10.77100110011001,11.288151815181518,10.699669966996698
600423.SH,20101026,12.65,13.27,12.2,12.41,12.61,-0.2,-1.59,313528.94,400311.988,3.242,11.06524202420242,11.279235423542351,11.832051705170516,10.877997799779978
600423.SH,20101027,12.25,12.5,11.74,11.81,12.41,-0.6,-4.83,169212.44,204311.411,3.242,10.530258525852586,10.922579757975797,11.145489548954895,10.467843784378438
600423.SH,20101028,11.8,12.2,11.68,11.86,11.81,0.05,0.42,108047.17,128664.947,3.242,10.574840484048403,10.52134213421342,10.877997799779978,10.414345434543456
600423.SH,20101029,11.9,12.0,11.55,11.72,11.86,-0.14,-1.18,98848.76,115896.063,3.242,10.45001100110011,10.61050605060506,10.699669966996698,10.298432343234325
600423.SH,20101101,11.73,12.25,11.73,12.2,11.72,0.48,4.1,100228.45,121467.861,3.242,10.877997799779978,10.458927392739277,10.922579757975797,10.458927392739277
600423.SH,20101102,12.25,12.61,12.0,12.35,12.2,0.15,1.23,172851.62,213955.595,3.242,11.011743674367436,10.922579757975797,11.243569856985696,10.699669966996698
600423.SH,20101103,12.36,12.44,12.02,12.05,12.35,-0.3,-2.43,73307.98,89293.513,3.242,10.744251925192518,11.0206600660066,11.091991199119912,10.717502750275028
600423.SH,20101104,12.05,12.25,11.99,12.12,12.05,0.07,0.58,82033.95,99269.894,3.242,10.806666666666665,10.744251925192518,10.922579757975797,10.690753575357537
600423.SH,20101105,12.2,12.6,12.08,12.55,12.12,0.43,3.55,154446.7,190478.266,3.242,11.190071507150716,10.877997799779978,11.234653465346533,10.77100110011001
600423.SH,20101108,12.6,12.89,12.41,12.78,12.55,0.23,1.83,138402.89,175569.092,3.242,11.395148514851485,11.234653465346533,11.493228822882289,11.06524202420242
600423.SH,20101109,12.75,12.78,12.35,12.39,12.78,-0.39,-3.05,108797.18,135591.303,3.242,11.047409240924091,11.368399339933994,11.395148514851485,11.011743674367436
600423.SH,20101110,12.38,12.49,12.15,12.26,12.39,-0.13,-1.05,82435.57,101280.061,3.242,10.93149614961496,11.03849284928493,11.136573157315732,10.83341584158416
600423.SH,20101111,12.11,12.4,12.0,12.03,12.26,-0.23,-1.88,195687.13,238878.824,3.242,10.72641914191419,10.797750275027502,11.056325632563256,10.699669966996698
600423.SH,20101112,11.92,11.93,10.83,10.83,12.03,-1.2,-9.98,202039.95,227017.57,3.242,9.65645214521452,10.628338833883388,10.637255225522551,9.65645214521452
600423.SH,20101115,10.86,11.14,10.48,11.06,10.83,0.23,2.12,111250.36,119821.816,3.242,9.861529152915292,9.683201320132014,9.932860286028603,9.344378437843783
600423.SH,20101116,11.0,11.05,10.4,10.53,11.06,-0.53,-4.79,87907.57,94453.784,3.242,9.388960396039602,9.808030803080309,9.852612761276127,9.273047304730472
600423.SH,20101117,10.41,10.63,10.09,10.14,10.53,-0.39,-3.7,69487.42,72064.935,3.242,9.04122112211221,9.281963696369637,9.478124312431245,8.99663916391639
600423.SH,20101118,10.3,10.39,10.03,10.3,10.14,0.16,1.58,56444.83,57850.826,3.242,9.183883388338836,9.183883388338836,9.26413091309131,8.943140814081408
600423.SH,20101119,10.36,10.55,10.17,10.53,10.3,0.23,2.23,71121.39,73902.724,3.242,9.388960396039602,9.237381738173816,9.406793179317932,9.067970297029705
600423.SH,20101122,10.49,10.69,10.35,10.5,10.53,-0.03,-0.28,73726.09,77695.627,3.242,9.362211221122111,9.353294829482948,9.531622662266226,9.228465346534652
600423.SH,20101123,10.5,10.52,10.08,10.22,10.5,-0.28,-2.67,49629.31,50824.012,3.242,9.112552255225522,9.362211221122111,9.38004400440044,8.987722772277229
600423.SH,20101124,10.16,10.52,10.12,10.5,10.22,0.28,2.74,45569.21,47464.528,3.242,9.362211221122111,9.05905390539054,9.38004400440044,9.023388338833882
600423.SH,20101125,10.54,10.8,10.54,10.74,10.5,0.24,2.29,72545.54,77636.336,3.242,9.576204620462043,9.397876787678769,9.62970297029703,9.397876787678769
600423.SH,20101126,10.69,10.83,10.52,10.64,10.74,-0.1,-0.93,61615.18,65811.305,3.242,9.487040704070408,9.531622662266226,9.65645214521452,9.38004400440044
600423.SH,20101129,10.59,10.65,10.37,10.47,10.64,-0.17,-1.6,47369.27,49646.916,3.242,9.335462046204622,9.442458745874587,9.495957095709572,9.24629812981298
600423.SH,20101130,10.45,10.64,9.91,10.1,10.47,-0.37,-3.53,81157.4,82542.682,3.242,9.005555555555555,9.31762926292629,9.487040704070408,8.836144114411441
600423.SH,20101201,10.06,10.33,10.0,10.31,10.1,0.21,2.08,57424.31,58405.985,3.242,9.192799779977998,8.969889988998899,9.210632563256326,8.916391639163917
600423.SH,20101202,10.38,10.55,10.28,10.29,10.31,-0.02,-0.19,64733.59,67303.588,3.242,9.17496699669967,9.255214521452146,9.406793179317932,9.166050605060503
600423.SH,20101203,10.28,10.38,9.92,10.05,10.29,-0.24,-2.33,66219.35,66604.333,3.242,8.960973597359736,9.166050605060503,9.255214521452146,8.845060506050604
600423.SH,20101206,10.04,10.12,9.82,9.89,10.05,-0.16,-1.59,32990.13,32804.789,3.242,8.818311331133113,8.952057205720571,9.023388338833882,8.755896589658965
600423.SH,20101207,9.94,10.02,9.75,9.98,9.89,0.09,0.91,35902.15,35511.223,3.242,8.898558855885588,8.862893289328932,8.934224422442243,8.693481848184819
600423.SH,20101208,9.99,10.06,9.8,9.84,9.98,-0.14,-1.4,38367.14,38146.32,3.242,8.773729372937293,8.907475247524753,8.969889988998899,8.738063806380639
600423.SH,20101209,9.85,9.87,9.65,9.84,9.84,0.0,0.0,40553.26,39489.956,3.242,8.773729372937293,8.782645764576458,8.800478547854786,8.60431793179318
600423.SH,20101210,9.9,9.93,9.77,9.89,9.84,0.05,0.51,64193.6,63236.602,3.242,8.818311331133113,8.827227722772278,8.853976897689767,8.711314631463145
600423.SH,20101213,9.92,10.19,9.83,10.18,9.89,0.29,2.93,100328.07,100564.689,3.242,9.076886688668866,8.845060506050604,9.085803080308027,8.76481298129813
600423.SH,20101215,10.19,10.67,10.18,10.46,10.18,0.28,2.75,138818.39,145326.979,3.242,9.326545654565455,9.085803080308027,9.5137898789879,9.076886688668866
600423.SH,20101216,10.5,10.52,10.27,10.32,10.46,-0.14,-1.34,46474.36,48098.559,3.242,9.20171617161716,9.362211221122111,9.38004400440044,9.15713421342134
600423.SH,20101217,10.32,10.35,10.22,10.31,10.32,-0.01,-0.1,29310.98,30126.962,3.242,9.192799779977998,9.20171617161716,9.228465346534652,9.112552255225522
600423.SH,20101220,10.43,10.57,10.1,10.38,10.31,0.07,0.68,69368.89,71866.246,3.242,9.255214521452146,9.299796479647965,9.42462596259626,9.005555555555555
600423.SH,20101221,10.4,10.55,10.21,10.46,10.38,0.08,0.77,74263.37,77567.255,3.242,9.326545654565455,9.273047304730472,9.406793179317932,9.10363586358636
600423.SH,20101222,10.48,10.59,10.4,10.52,10.46,0.06,0.57,81799.48,85782.561,3.242,9.38004400440044,9.344378437843783,9.442458745874587,9.273047304730472
600423.SH,20101223,10.54,10.54,10.2,10.2,10.52,-0.32,-3.04,50282.92,51870.37,3.242,9.094719471947194,9.397876787678769,9.397876787678769,9.094719471947194
600423.SH,20101224,10.2,10.24,9.85,9.94,10.2,-0.26,-2.55,48490.2,48362.024,3.242,8.862893289328932,9.094719471947194,9.13038503850385,8.782645764576458
600423.SH,20101227,9.89,10.18,9.63,9.68,9.94,-0.26,-2.62,48844.17,48339.523,3.242,8.63106710671067,8.818311331133113,9.076886688668866,8.586485148514852
600423.SH,20101228,9.58,9.68,9.45,9.49,9.68,-0.19,-1.96,34061.8,32501.588,3.242,8.461655665566557,8.541903190319031,8.63106710671067,8.4259900990099
600423.SH,20101229,9.5,9.9,9.37,9.66,9.49,0.17,1.79,44898.33,42958.834,3.242,8.613234323432343,8.47057205720572,8.827227722772278,8.354658965896588
600423.SH,20101230,9.79,9.93,9.61,9.75,9.66,0.09,0.93,46607.24,45274.862,3.242,8.693481848184819,8.729147414741472,8.853976897689767,8.568652365236524
600423.SH,20101231,9.67,9.81,9.55,9.78,9.75,0.03,0.31,100529.69,96983.974,3.242,8.72023102310231,8.622150715071507,8.746980198019802,8.51515401540154
600423.SH,20110104,9.8,9.89,9.65,9.86,9.78,0.08,0.82,67687.82,66233.724,3.242,8.79156215621562,8.738063806380639,8.818311331133113,8.60431793179318
600423.SH,20110105,9.86,9.95,9.76,9.91,9.86,0.05,0.51,47282.51,46701.75,3.242,8.836144114411441,8.79156215621562,8.871809680968097,8.702398239823982
600423.SH,20110106,9.88,9.93,9.78,9.78,9.91,-0.13,-1.31,40584.8,39864.504,3.242,8.72023102310231,8.809394939493949,8.853976897689767,8.72023102310231
600423.SH,20110107,9.78,9.93,9.72,9.84,9.78,0.06,0.61,47132.71,46421.362,3.242,8.773729372937293,8.72023102310231,8.853976897689767,8.666732673267328
600423.SH,20110110,9.77,9.95,9.51,9.61,9.84,-0.23,-2.34,41635.84,40551.281,3.242,8.568652365236524,8.711314631463145,8.871809680968097,8.479488448844883
600423.SH,20110111,9.54,9.78,9.46,9.78,9.61,0.17,1.77,49497.69,47630.065,3.242,8.72023102310231,8.506237623762376,8.72023102310231,8.434906490649066
600423.SH,20110112,9.81,9.86,9.71,9.85,9.78,0.07,0.72,30026.52,29431.577,3.242,8.782645764576458,8.746980198019802,8.79156215621562,8.657816281628163
600423.SH,20110113,9.91,10.3,9.83,10.24,9.85,0.39,3.96,120663.9,121384.05,3.242,9.13038503850385,8.836144114411441,9.183883388338836,8.76481298129813
600423.SH,20110114,10.16,10.22,9.98,10.0,10.24,-0.24,-2.34,58726.07,59127.729,3.242,8.916391639163917,9.05905390539054,9.112552255225522,8.898558855885588
600423.SH,20110117,9.91,10.17,9.7,9.73,10.0,-0.27,-2.7,64830.07,64525.729,3.242,8.67564906490649,8.836144114411441,9.067970297029705,8.648899889988998
600423.SH,20110118,9.58,9.9,9.51,9.77,9.73,0.04,0.41,37827.44,36920.272,3.242,8.711314631463145,8.541903190319031,8.827227722772278,8.479488448844883
600423.SH,20110119,9.71,10.12,9.7,10.11,9.77,0.34,3.48,50830.38,50778.352,3.242,9.01447194719472,8.657816281628163,9.023388338833882,8.648899889988998
600423.SH,20110120,10.12,10.12,9.7,9.77,10.11,-0.34,-3.36,50646.78,50134.328,3.242,8.711314631463145,9.023388338833882,9.023388338833882,8.648899889988998
600423.SH,20110121,9.86,10.12,9.73,10.0,9.77,0.23,2.35,53872.7,53546.147,3.242,8.916391639163917,8.79156215621562,9.023388338833882,8.67564906490649
600423.SH,20110124,10.05,10.09,9.75,9.8,10.0,-0.2,-2.0,33465.06,33028.707,3.242,8.738063806380639,8.960973597359736,8.99663916391639,8.693481848184819
600423.SH,20110125,9.81,9.99,9.5,9.54,9.8,-0.26,-2.65,39851.44,38682.702,3.242,8.506237623762376,8.746980198019802,8.907475247524753,8.47057205720572
600423.SH,20110126,9.54,9.69,9.5,9.64,9.54,0.1,1.05,23202.37,22277.402,3.242,8.595401540154015,8.506237623762376,8.639983498349835,8.47057205720572
600423.SH,20110127,9.59,9.9,9.55,9.85,9.64,0.21,2.18,31338.51,30656.831,3.242,8.782645764576458,8.550819581958196,8.827227722772278,8.51515401540154
600423.SH,20110128,9.86,9.95,9.78,9.95,9.85,0.1,1.02,32862.21,32447.272,3.242,8.871809680968097,8.79156215621562,8.871809680968097,8.72023102310231
600423.SH,20110131,9.94,10.23,9.83,10.15,9.95,0.2,2.01,55786.01,56039.466,3.242,9.050137513751377,8.862893289328932,9.121468646864686,8.76481298129813
600423.SH,20110201,10.15,10.24,9.92,10.05,10.15,-0.1,-0.99,47747.43,48300.79,3.242,8.960973597359736,9.050137513751377,9.13038503850385,8.845060506050604
600423.SH,20110209,9.99,10.67,9.93,10.54,10.05,0.49,4.88,134293.56,140326.285,3.242,9.397876787678769,8.907475247524753,9.5137898789879,8.853976897689767
600423.SH,20110210,10.57,10.96,10.46,10.88,10.54,0.34,3.23,152826.35,165309.657,3.242,9.701034103410342,9.42462596259626,9.772365236523653,9.326545654565455
600423.SH,20110211,10.86,11.03,10.72,10.9,10.88,0.02,0.18,85967.03,93238.435,3.242,9.71886688668867,9.683201320132014,9.8347799779978,9.55837183718372
600423.SH,20110214,10.9,11.06,10.81,10.96,10.9,0.06,0.55,104771.59,114337.503,3.242,9.772365236523653,9.71886688668867,9.861529152915292,9.638619361936192
600423.SH,20110215,10.92,11.17,10.75,10.77,10.96,-0.19,-1.73,130439.74,142948.86,3.242,9.602953795379538,9.736699669966995,9.959609460946096,9.58512101210121
600423.SH,20110216,10.65,11.07,10.65,11.06,10.77,0.29,2.69,114989.85,125436.993,3.242,9.861529152915292,9.495957095709572,9.870445544554457,9.495957095709572
600423.SH,20110217,11.1,11.18,10.86,11.0,11.06,-0.06,-0.54,70332.5,77173.514,3.242,9.808030803080309,9.897194719471946,9.968525852585255,9.683201320132014
600423.SH,20110218,11.0,11.0,10.79,10.85,11.0,-0.15,-1.36,57060.67,62086.252,3.242,9.674284928492847,9.808030803080309,9.808030803080309,9.620786578657864
600423.SH,20110221,10.76,11.26,10.73,11.25,10.85,0.4,3.69,123157.8,136537.653,3.242,10.030940594059404,9.594037403740373,10.039856985698568,9.567288228822884
600423.SH,20110222,11.29,11.37,10.88,10.92,11.25,-0.33,-2.93,129255.88,143571.815,3.242,9.736699669966995,10.06660616061606,10.137937293729372,9.701034103410342
600423.SH,20110223,10.81,11.09,10.81,11.04,10.92,0.12,1.1,68770.21,75408.811,3.242,9.843696369636962,9.638619361936192,9.888278327832785,9.638619361936192
600423.SH,20110224,11.0,11.46,10.95,11.35,11.04,0.31,2.81,134788.01,151970.948,3.242,10.120104510451045,9.808030803080309,10.218184818481848,9.763448844884488
600423.SH,20110225,11.35,11.45,11.08,11.32,11.35,-0.03,-0.26,79711.82,89490.972,3.242,10.093355335533554,10.120104510451045,10.209268426842684,9.87936193619362
600423.SH,20110228,11.23,11.46,11.23,11.36,11.32,0.04,0.35,81491.34,92566.318,3.242,10.129020902090208,10.013107810781078,10.218184818481848,10.013107810781078
600423.SH,20110301,11.4,11.65,11.15,11.28,11.36,-0.08,-0.7,120833.24,137194.834,3.242,10.057689768976896,10.164686468646863,10.387596259625962,9.941776677667766
600423.SH,20110302,11.14,11.23,10.85,11.04,11.28,-0.24,-2.13,80428.0,88701.586,3.242,9.843696369636962,9.932860286028603,10.013107810781078,9.674284928492847
600423.SH,20110303,11.03,11.13,10.75,10.77,11.04,-0.27,-2.45,76450.99,83642.296,3.242,9.602953795379538,9.8347799779978,9.923943894389438,9.58512101210121
600423.SH,20110304,10.79,10.98,10.77,10.94,10.77,0.17,1.58,61316.67,66809.192,3.242,9.754532453245323,9.620786578657864,9.79019801980198,9.602953795379538
600423.SH,20110307,11.01,11.26,10.91,11.21,10.94,0.27,2.47,78982.62,88136.851,3.242,9.995275027502752,9.816947194719472,10.039856985698568,9.727783278327834
600423.SH,20110308,11.28,11.29,11.1,11.22,11.21,0.01,0.09,62011.32,69375.71,3.242,10.004191419141916,10.057689768976896,10.06660616061606,9.897194719471946
600423.SH,20110309,11.3,11.47,11.21,11.43,11.22,0.21,1.87,105062.29,119167.134,3.242,10.191435643564356,10.075522552255224,10.227101210121011,9.995275027502752
600423.SH,20110310,11.26,11.26,10.75,10.97,11.43,-0.46,-4.02,122646.48,134652.447,3.242,9.781281628162816,10.039856985698568,10.039856985698568,9.58512101210121
600423.SH,20110311,10.86,11.0,10.8,10.82,10.97,-0.15,-1.37,60867.18,66208.802,3.242,9.647535753575358,9.683201320132014,9.808030803080309,9.62970297029703
600423.SH,20110314,10.69,11.15,10.65,11.08,10.82,0.26,2.4,76443.86,83213.243,3.242,9.87936193619362,9.531622662266226,9.941776677667766,9.495957095709572
600423.SH,20110315,11.4,11.4,10.76,11.22,11.08,0.14,1.26,98744.95,109206.122,3.242,10.004191419141916,10.164686468646863,10.164686468646863,9.594037403740373
600423.SH,20110316,11.1,11.41,10.9,11.24,11.22,0.02,0.18,176669.03,199862.274,3.242,10.022024202420242,9.897194719471946,10.173602860286028,9.71886688668867
600423.SH,20110317,11.26,11.26,10.75,10.82,11.24,-0.42,-3.74,106191.43,116877.989,3.242,9.647535753575358,10.039856985698568,10.039856985698568,9.58512101210121
600423.SH,20110318,10.98,10.98,10.68,10.77,10.82,-0.05,-0.46,89432.59,96439.312,3.242,9.602953795379538,9.79019801980198,9.79019801980198,9.522706270627063
600423.SH,20110321,10.75,10.8,10.45,10.57,10.77,-0.2,-1.86,67476.93,71472.17,3.242,9.42462596259626,9.58512101210121,9.62970297029703,9.31762926292629
600423.SH,20110322,10.6,10.68,10.5,10.65,10.57,0.08,0.76,39075.0,41306.802,3.242,9.495957095709572,9.451375137513752,9.522706270627063,9.362211221122111
600423.SH,20110323,10.66,10.69,10.53,10.65,10.65,0.0,0.0,51159.51,54310.853,3.242,9.495957095709572,9.504873487348734,9.531622662266226,9.388960396039602
600423.SH,20110324,10.65,10.81,10.63,10.75,10.65,0.1,0.94,71000.78,76264.407,3.242,9.58512101210121,9.495957095709572,9.638619361936192,9.478124312431245
600423.SH,20110325,10.72,11.03,10.63,10.91,10.75,0.16,1.49,89250.33,96792.096,3.242,9.727783278327834,9.55837183718372,9.8347799779978,9.478124312431245
600423.SH,20110328,10.95,11.03,10.75,10.82,10.91,-0.09,-0.82,66004.99,71718.713,3.242,9.647535753575358,9.763448844884488,9.8347799779978,9.58512101210121
600423.SH,20110329,10.8,10.9,10.5,10.88,10.82,0.06,0.55,102228.84,109776.203,3.242,9.701034103410342,9.62970297029703,9.71886688668867,9.362211221122111
600423.SH,20110331,10.8,10.8,10.54,10.56,10.88,-0.32,-2.94,60897.44,64892.765,3.242,9.415709570957096,9.62970297029703,9.62970297029703,9.397876787678769
600423.SH,20110401,10.52,10.72,10.51,10.68,10.56,0.12,1.14,26536.52,28248.299,3.242,9.522706270627063,9.38004400440044,9.55837183718372,9.371127612761276
600423.SH,20110406,10.69,10.76,10.63,10.71,10.68,0.03,0.28,34525.83,36952.985,3.242,9.549455445544554,9.531622662266226,9.594037403740373,9.478124312431245
600423.SH,20110407,10.7,10.93,10.6,10.9,10.71,0.19,1.77,74234.53,80649.639,3.242,9.71886688668867,9.54053905390539,9.74561606160616,9.451375137513752
600423.SH,20110408,10.9,10.93,10.76,10.89,10.9,-0.01,-0.09,51085.13,55398.09,3.242,9.709950495049505,9.71886688668867,9.74561606160616,9.594037403740373
600423.SH,20110411,10.9,11.16,10.8,10.84,10.89,-0.05,-0.46,101241.49,111216.025,3.242,9.665368536853684,9.71886688668867,9.950693069306933,9.62970297029703
600423.SH,20110412,10.8,10.87,10.57,10.67,10.84,-0.17,-1.57,84320.39,90211.347,3.242,9.5137898789879,9.62970297029703,9.692117711771177,9.42462596259626
600423.SH,20110413,10.6,10.81,10.4,10.8,10.67,0.13,1.22,60301.73,63808.41,3.242,9.62970297029703,9.451375137513752,9.638619361936192,9.273047304730472
600423.SH,20110414,10.76,11.17,10.7,11.17,10.8,0.37,3.43,243571.65,268771.712,3.242,9.959609460946096,9.594037403740373,9.959609460946096,9.54053905390539
600423.SH,20110415,11.2,11.45,11.05,11.37,11.17,0.2,1.79,264016.58,298331.957,3.242,10.137937293729372,9.986358635863583,10.209268426842684,9.852612761276127
600423.SH,20110418,11.5,11.68,11.17,11.29,11.37,-0.08,-0.7,269357.09,307213.866,3.242,10.06660616061606,10.253850385038504,10.414345434543456,9.959609460946096
600423.SH,20110419,11.39,12.15,11.22,11.71,11.29,0.42,3.72,376748.04,437460.103,3.242,10.441094609460947,10.1557700770077,10.83341584158416,10.004191419141916
600423.SH,20110420,11.58,11.64,11.1,11.22,11.71,-0.49,-4.18,168768.87,190994.856,3.242,10.004191419141916,10.325181518151815,10.3786798679868,9.897194719471946
600423.SH,20110421,11.23,11.3,11.1,11.24,11.22,0.02,0.18,92999.13,103961.767,3.242,10.022024202420242,10.013107810781078,10.075522552255224,9.897194719471946
600423.SH,20110422,11.21,11.37,10.95,11.0,11.24,-0.24,-2.14,94411.93,104969.385,3.242,9.808030803080309,9.995275027502752,10.137937293729372,9.763448844884488
600423.SH,20110425,10.7,10.7,9.9,9.9,11.0,-1.1,-10.0,204553.75,206305.477,3.242,8.827227722772278,9.54053905390539,9.54053905390539,8.827227722772278
600423.SH,20110426,9.71,10.03,9.66,9.92,9.9,0.02,0.2,64008.65,63081.026,3.242,8.845060506050604,8.657816281628163,8.943140814081408,8.613234323432343
600423.SH,20110427,9.95,9.98,9.56,9.65,9.92,-0.27,-2.72,52909.08,51558.12,3.242,8.60431793179318,8.871809680968097,8.898558855885588,8.524070407040703
600423.SH,20110428,9.72,9.87,9.37,9.38,9.65,-0.27,-2.8,43748.7,41801.21,3.242,8.363575357535753,8.666732673267328,8.800478547854786,8.354658965896588
600423.SH,20110429,9.35,9.6,9.33,9.49,9.38,0.11,1.17,33748.03,32087.426,3.242,8.461655665566557,8.336826182618262,8.559735973597359,8.318993399339934
600423.SH,20110503,9.52,9.66,9.38,9.59,9.49,0.1,1.05,38537.36,36714.974,3.242,8.550819581958196,8.488404840484048,8.613234323432343,8.363575357535753
600423.SH,20110504,9.57,9.57,9.19,9.23,9.59,-0.36,-3.75,48333.52,45382.783,3.242,8.229829482948295,8.532986798679868,8.532986798679868,8.194163916391638
600423.SH,20110505,9.2,9.3,9.16,9.29,9.23,0.06,0.65,22189.56,20510.944,3.242,8.283327832783277,8.203080308030803,8.292244224422442,8.167414741474147
600423.SH,20110506,9.27,9.36,9.1,9.28,9.29,-0.01,-0.11,28550.07,26311.352,3.242,8.274411441144114,8.265495049504949,8.345742574257425,8.113916391639163
600423.SH,20110509,9.3,9.49,9.3,9.37,9.28,0.09,0.97,31371.43,29486.292,3.242,8.354658965896588,8.292244224422442,8.461655665566557,8.292244224422442
600423.SH,20110510,9.45,9.56,9.32,9.54,9.37,0.17,1.81,45107.47,42759.792,3.242,8.506237623762376,8.4259900990099,8.524070407040703,8.31007700770077
600423.SH,20110511,9.5,9.59,9.43,9.48,9.54,-0.06,-0.63,43443.49,41257.825,3.242,8.452739273927394,8.47057205720572,8.550819581958196,8.408157315731573
600423.SH,20110512,9.39,9.69,9.25,9.39,9.48,-0.09,-0.95,51040.79,48403.846,3.242,8.372491749174918,8.372491749174918,8.639983498349835,8.247662266226621
600423.SH,20110513,9.34,9.47,9.26,9.45,9.39,0.06,0.64,34571.28,32415.723,3.242,8.4259900990099,8.327909790979097,8.443822882288229,8.256578657865786
600423.SH,20110516,9.44,9.57,9.34,9.45,9.45,0.0,0.0,38433.42,36326.596,3.242,8.4259900990099,8.417073707370736,8.532986798679868,8.327909790979097
600423.SH,20110517,9.42,9.55,9.39,9.51,9.45,0.06,0.63,46670.45,44239.174,3.242,8.479488448844883,8.399240924092409,8.51515401540154,8.372491749174918
600423.SH,20110518,9.5,9.52,9.42,9.48,9.51,-0.03,-0.32,28558.54,27039.054,3.242,8.452739273927394,8.47057205720572,8.488404840484048,8.399240924092409
600423.SH,20110519,9.45,9.52,9.34,9.39,9.48,-0.09,-0.95,29801.75,28108.882,3.242,8.372491749174918,8.4259900990099,8.488404840484048,8.327909790979097
600423.SH,20110520,9.39,9.4,9.2,9.28,9.39,-0.11,-1.17,31529.25,29292.48,3.242,8.274411441144114,8.372491749174918,8.38140814081408,8.203080308030803
600423.SH,20110523,9.26,9.26,8.76,8.77,9.28,-0.51,-5.5,50021.46,44886.509,3.242,7.819675467546754,8.256578657865786,8.256578657865786,7.810759075907589
600423.SH,20110524,8.75,8.78,8.6,8.66,8.77,-0.11,-1.25,33438.71,28999.798,3.242,7.721595159515951,7.801842684268426,7.828591859185918,7.668096809680968
600423.SH,20110525,8.66,8.78,8.51,8.55,8.66,-0.11,-1.27,28436.29,24536.711,3.242,7.623514851485148,7.721595159515951,7.828591859185918,7.587849284928493
600423.SH,20110526,8.62,8.7,8.51,8.53,8.55,-0.02,-0.23,24961.53,21442.276,3.242,7.60568206820682,7.685929592959295,7.757260726072606,7.587849284928493
600423.SH,20110527,8.5,8.55,8.15,8.18,8.53,-0.35,-4.1,40483.66,33595.015,3.242,7.293608360836083,7.578932893289329,7.623514851485148,7.266859185918592
600423.SH,20110530,8.18,8.26,7.98,8.02,8.18,-0.16,-1.96,37482.26,30478.522,3.242,7.150946094609461,7.293608360836083,7.364939493949395,7.115280528052805
600423.SH,20110531,8.05,8.31,8.02,8.29,8.02,0.27,3.37,38544.33,31460.926,3.242,7.391688668866886,7.177695269526953,7.409521452145214,7.150946094609461
600423.SH,20110601,8.38,8.55,8.21,8.53,8.29,0.24,2.9,58128.36,48577.438,3.242,7.60568206820682,7.471936193619362,7.623514851485148,7.320357535753576
600423.SH,20110602,8.36,8.42,8.14,8.3,8.53,-0.23,-2.7,33942.8,28131.083,3.242,7.400605060506051,7.454103410341033,7.507601760176017,7.257942794279428
600423.SH,20110603,8.23,8.41,8.23,8.32,8.3,0.02,0.24,19966.41,16674.016,3.242,7.418437843784378,7.338190319031903,7.498685368536853,7.338190319031903
600423.SH,20110607,8.33,8.41,8.28,8.4,8.32,0.08,0.96,19398.89,16221.096,3.242,7.48976897689769,7.427354235423541,7.498685368536853,7.382772277227723
600423.SH,20110608,8.4,8.45,8.21,8.42,8.4,0.02,0.24,22089.65,18448.412,3.242,7.507601760176017,7.48976897689769,7.534350935093508,7.320357535753576
600423.SH,20110609,8.4,8.4,8.15,8.19,8.42,-0.23,-2.73,22730.76,18781.467,3.242,7.302524752475247,7.48976897689769,7.48976897689769,7.266859185918592
600423.SH,20110610,8.19,8.29,8.05,8.24,8.19,0.05,0.61,17611.61,14397.834,3.242,7.347106710671067,7.302524752475247,7.391688668866886,7.177695269526953
600423.SH,20110613,8.2,8.95,8.13,8.85,8.24,0.61,7.4,90233.65,77979.038,3.242,7.891006600660065,7.31144114411441,7.980170517051705,7.249026402640265
600423.SH,20110614,8.75,8.96,8.67,8.88,8.85,0.03,0.34,59653.45,52854.737,3.242,7.917755775577558,7.801842684268426,7.98908690869087,7.730511551155115
600423.SH,20110615,8.87,8.93,8.76,8.89,8.88,0.01,0.11,33094.49,29328.418,3.242,7.926672167216722,7.908839383938393,7.962337733773377,7.810759075907589
600423.SH,20110616,8.75,8.82,8.53,8.54,8.89,-0.35,-3.94,33611.04,29200.515,3.242,7.614598459845983,7.801842684268426,7.864257425742575,7.60568206820682
600423.SH,20110617,8.43,8.59,8.34,8.45,8.54,-0.09,-1.05,23177.62,19622.523,3.242,7.534350935093508,7.516518151815181,7.659180418041803,7.436270627062706
600423.SH,20110620,8.41,8.5,8.31,8.43,8.45,-0.02,-0.24,19743.62,16614.803,3.242,7.516518151815181,7.498685368536853,7.578932893289329,7.409521452145214
600423.SH,20110621,8.43,8.7,8.37,8.68,8.43,0.25,2.97,22294.02,19043.264,3.242,7.739427942794279,7.516518151815181,7.757260726072606,7.463019801980198
600423.SH,20110622,8.72,8.74,8.46,8.67,8.68,-0.01,-0.12,22252.48,19180.029,3.242,7.730511551155115,7.775093509350935,7.792926292629263,7.543267326732673
600423.SH,20110623,8.63,9.01,8.52,8.89,8.67,0.22,2.54,45908.81,40701.916,3.242,7.926672167216722,7.6948459845984605,8.033668866886687,7.596765676567656
600423.SH,20110624,8.78,9.1,8.72,8.94,8.89,0.05,0.56,54645.55,48573.969,3.242,7.97125412541254,7.828591859185918,8.113916391639163,7.775093509350935
600423.SH,20110627,8.9,9.12,8.85,9.07,8.94,0.13,1.45,40190.33,36140.48,3.242,8.087167216721673,7.935588558855885,8.131749174917491,7.891006600660065
600423.SH,20110628,9.05,9.06,8.93,9.01,9.07,-0.06,-0.66,19036.52,17099.742,3.242,8.033668866886687,8.069334433443345,8.078250825082508,7.962337733773377
600423.SH,20110629,9.01,9.1,8.8,8.82,9.01,-0.19,-2.11,30801.55,27574.485,3.242,7.864257425742575,8.033668866886687,8.113916391639163,7.846424642464247
600423.SH,20110630,8.81,9.05,8.8,8.88,8.82,0.06,0.68,21365.29,19051.842,3.242,7.917755775577558,7.85534103410341,8.069334433443345,7.846424642464247
600423.SH,20110701,8.91,9.35,8.88,9.31,8.88,0.43,4.84,86046.49,78774.909,3.242,8.301160616061606,7.94450495049505,8.336826182618262,7.917755775577558
600423.SH,20110704,9.28,10.04,9.23,9.77,9.31,0.46,4.94,145501.84,139697.417,3.242,8.711314631463145,8.274411441144114,8.952057205720571,8.229829482948295
600423.SH,20110705,9.68,9.68,9.48,9.57,9.77,-0.2,-2.05,102117.28,97497.364,3.242,8.532986798679868,8.63106710671067,8.63106710671067,8.452739273927394
600423.SH,20110706,9.52,9.52,9.36,9.48,9.57,-0.09,-0.94,46550.03,43872.374,3.242,8.452739273927394,8.488404840484048,8.488404840484048,8.345742574257425
600423.SH,20110707,9.46,9.56,9.4,9.43,9.48,-0.05,-0.53,35818.93,33905.248,3.242,8.408157315731573,8.434906490649066,8.524070407040703,8.38140814081408
600423.SH,20110708,9.44,9.51,9.37,9.5,9.43,0.07,0.74,28758.93,27219.611,3.242,8.47057205720572,8.417073707370736,8.479488448844883,8.354658965896588
600423.SH,20110711,9.48,9.66,9.4,9.62,9.5,0.12,1.26,39426.05,37723.616,3.242,8.577568756875687,8.452739273927394,8.613234323432343,8.38140814081408
600423.SH,20110712,9.5,9.54,9.36,9.48,9.62,-0.14,-1.46,32939.61,31170.118,3.242,8.452739273927394,8.47057205720572,8.506237623762376,8.345742574257425
600423.SH,20110713,9.53,9.71,9.53,9.6,9.48,0.12,1.27,43776.36,42146.716,3.242,8.559735973597359,8.49732123212321,8.657816281628163,8.49732123212321
600423.SH,20110714,9.63,9.65,9.33,9.45,9.6,-0.15,-1.56,50901.88,48187.875,3.242,8.4259900990099,8.586485148514852,8.60431793179318,8.318993399339934
600423.SH,20110715,9.51,9.6,9.43,9.58,9.45,0.13,1.38,33983.64,32380.888,3.242,8.541903190319031,8.479488448844883,8.559735973597359,8.408157315731573
600423.SH,20110718,9.58,9.63,9.37,9.41,9.58,-0.17,-1.77,41803.51,39545.658,3.242,8.390324532453246,8.541903190319031,8.586485148514852,8.354658965896588
600423.SH,20110719,9.37,9.37,9.12,9.23,9.41,-0.18,-1.91,37075.14,34275.144,3.242,8.229829482948295,8.354658965896588,8.354658965896588,8.131749174917491
600423.SH,20110720,9.3,9.32,9.14,9.28,9.23,0.05,0.54,21374.71,19717.9,3.242,8.274411441144114,8.292244224422442,8.31007700770077,8.149581958195819
600423.SH,20110721,9.29,9.37,9.17,9.26,9.28,-0.02,-0.22,21184.41,19681.617,3.242,8.256578657865786,8.283327832783277,8.354658965896588,8.176331133113312
600423.SH,20110722,9.26,9.54,9.26,9.37,9.26,0.11,1.19,33505.47,31615.936,3.242,8.354658965896588,8.256578657865786,8.506237623762376,8.256578657865786
600423.SH,20110725,9.39,9.39,8.68,8.87,9.37,-0.5,-5.34,44922.98,40216.284,3.242,7.908839383938393,8.372491749174918,8.372491749174918,7.739427942794279
600423.SH,20110727,8.91,9.04,8.76,8.99,8.87,0.12,1.35,24262.3,21640.433,3.242,8.01583608360836,7.94450495049505,8.06041804180418,7.810759075907589
600423.SH,20110728,8.81,8.96,8.66,8.77,8.99,-0.22,-2.45,27685.52,24273.944,3.242,7.819675467546754,7.85534103410341,7.98908690869087,7.721595159515951
600423.SH,20110729,8.78,8.82,8.66,8.72,8.77,-0.05,-0.57,15767.65,13743.843,3.242,7.775093509350935,7.828591859185918,7.864257425742575,7.721595159515951
600423.SH,20110801,8.7,8.86,8.58,8.85,8.72,0.13,1.49,13517.45,11871.264,3.242,7.891006600660065,7.757260726072606,7.89992299229923,7.65026402640264
600423.SH,20110802,8.8,8.86,8.68,8.86,8.85,0.01,0.11,12442.46,10919.194,3.242,7.89992299229923,7.846424642464247,7.89992299229923,7.739427942794279
600423.SH,20110803,8.74,8.91,8.7,8.87,8.86,0.01,0.11,11533.82,10202.316,3.242,7.908839383938393,7.792926292629263,7.94450495049505,7.757260726072606
600423.SH,20110804,8.87,9.11,8.83,8.95,8.87,0.08,0.9,22697.12,20436.217,3.242,7.980170517051705,7.908839383938393,8.122832783278326,7.873173817381738
600423.SH,20110805,8.71,9.08,8.65,8.89,8.95,-0.06,-0.67,32709.6,28926.889,3.242,7.926672167216722,7.766177117711772,8.096083608360836,7.712678767876788
600423.SH,20110808,8.76,9.4,8.25,8.75,8.89,-0.14,-1.57,62473.28,54314.385,3.242,7.801842684268426,7.810759075907589,8.38140814081408,7.356023102310231
600423.SH,20110809,8.41,8.8,8.31,8.62,8.75,-0.13,-1.49,50280.88,42860.933,3.242,7.685929592959295,7.498685368536853,7.846424642464247,7.409521452145214
600423.SH,20110810,8.69,8.79,8.62,8.67,8.62,0.05,0.58,27782.68,24170.804,3.242,7.730511551155115,7.748344334433443,7.837508250825081,7.685929592959295
600423.SH,20110811,8.42,8.77,8.4,8.76,8.67,0.09,1.04,21900.11,18924.636,3.242,7.810759075907589,7.507601760176017,7.819675467546754,7.48976897689769
600423.SH,20110812,8.83,8.98,8.75,8.86,8.76,0.1,1.14,25528.8,22663.888,3.242,7.89992299229923,7.873173817381738,8.006919691969197,7.801842684268426
600423.SH,20110815,8.85,9.05,8.85,9.02,8.86,0.16,1.81,27920.76,25062.364,3.242,8.042585258525852,7.891006600660065,8.069334433443345,7.891006600660065
600423.SH,20110816,9.04,9.06,8.88,8.97,9.02,-0.05,-0.55,22364.58,20018.996,3.242,7.9980033003300335,8.06041804180418,8.078250825082508,7.917755775577558
600423.SH,20110817,8.92,9.04,8.91,8.95,8.97,-0.02,-0.22,20775.57,18672.726,3.242,7.980170517051705,7.953421342134213,8.06041804180418,7.94450495049505
600423.SH,20110818,9.0,9.3,8.95,9.1,8.95,0.15,1.68,65570.61,59958.452,3.242,8.113916391639163,8.024752475247524,8.292244224422442,7.980170517051705
600423.SH,20110819,8.85,9.0,8.81,8.94,9.1,-0.16,-1.76,27545.13,24493.238,3.242,7.97125412541254,7.891006600660065,8.024752475247524,7.85534103410341
600423.SH,20110822,8.95,9.02,8.58,8.63,8.94,-0.31,-3.47,26905.69,23681.946,3.242,7.6948459845984605,7.980170517051705,8.042585258525852,7.65026402640264
600423.SH,20110823,8.68,8.79,8.47,8.77,8.63,0.14,1.62,19701.44,17042.275,3.242,7.819675467546754,7.739427942794279,7.837508250825081,7.552183718371838
600423.SH,20110824,8.77,8.84,8.66,8.71,8.77,-0.06,-0.68,15016.01,13154.288,3.242,7.766177117711772,7.819675467546754,7.882090209020902,7.721595159515951
600423.SH,20110825,8.75,8.95,8.71,8.94,8.71,0.23,2.64,23560.97,20857.19,3.242,7.97125412541254,7.801842684268426,7.980170517051705,7.766177117711772
600423.SH,20110826,8.95,9.18,8.9,9.09,8.94,0.15,1.68,41068.91,37336.668,3.242,8.105,7.980170517051705,8.185247524752475,7.935588558855885
600423.SH,20110829,9.09,9.14,8.96,9.07,9.09,-0.02,-0.22,30085.0,27244.651,3.242,8.087167216721673,8.105,8.149581958195819,7.98908690869087
600423.SH,20110830,9.13,9.15,8.92,8.94,9.07,-0.13,-1.43,30954.91,28055.526,3.242,7.97125412541254,8.140665566556656,8.158498349834984,7.953421342134213
600423.SH,20110831,9.2,9.76,9.14,9.18,8.94,0.24,2.68,86204.11,80365.216,3.242,8.185247524752475,8.203080308030803,8.702398239823982,8.149581958195819
600423.SH,20110901,9.17,9.46,9.11,9.28,9.18,0.1,1.09,73313.41,68369.73,3.242,8.274411441144114,8.176331133113312,8.434906490649066,8.122832783278326
600423.SH,20110902,9.14,9.17,8.98,9.01,9.28,-0.27,-2.91,40348.23,36513.461,3.242,8.033668866886687,8.149581958195819,8.176331133113312,8.006919691969197
600423.SH,20110905,8.88,8.88,8.65,8.71,9.01,-0.3,-3.33,31408.57,27458.679,3.242,7.766177117711772,7.917755775577558,7.917755775577558,7.712678767876788
600423.SH,20110906,8.62,8.68,8.56,8.59,8.71,-0.12,-1.38,21131.52,18171.004,3.242,7.659180418041803,7.685929592959295,7.739427942794279,7.632431243124313
600423.SH,20110907,8.7,9.08,8.68,9.04,8.59,0.45,5.24,51683.83,46240.76,3.242,8.06041804180418,7.757260726072606,8.096083608360836,7.739427942794279
600423.SH,20110908,9.08,9.26,8.99,9.03,9.04,-0.01,-0.11,62490.37,57098.899,3.242,8.051501650165017,8.096083608360836,8.256578657865786,8.01583608360836
600423.SH,20110909,9.01,9.29,9.01,9.11,9.03,0.08,0.89,35599.35,32573.137,3.242,8.122832783278326,8.033668866886687,8.283327832783277,8.033668866886687
600423.SH,20110913,9.01,9.45,8.93,9.35,9.11,0.24,2.63,88371.51,82243.996,3.242,8.336826182618262,8.033668866886687,8.4259900990099,7.962337733773377
600423.SH,20110914,9.39,9.57,9.21,9.55,9.35,0.2,2.14,82514.96,77662.063,3.242,8.51515401540154,8.372491749174918,8.532986798679868,8.211996699669967
600423.SH,20110915,9.5,9.52,9.27,9.29,9.55,-0.26,-2.72,57380.58,53904.044,3.242,8.283327832783277,8.47057205720572,8.488404840484048,8.265495049504949
600423.SH,20110916,9.35,9.66,9.32,9.47,9.29,0.18,1.94,79305.1,75735.877,3.242,8.443822882288229,8.336826182618262,8.613234323432343,8.31007700770077
600423.SH,20110919,9.44,9.44,9.16,9.18,9.47,-0.29,-3.06,52432.53,48573.348,3.242,8.185247524752475,8.417073707370736,8.417073707370736,8.167414741474147
600423.SH,20110920,9.16,9.48,9.13,9.46,9.18,0.28,3.05,53064.52,49434.579,3.242,8.434906490649066,8.167414741474147,8.452739273927394,8.140665566556656
600423.SH,20110921,9.42,9.66,9.22,9.61,9.46,0.15,1.59,77555.03,73756.679,3.242,8.568652365236524,8.399240924092409,8.613234323432343,8.220913091309132
600423.SH,20110922,9.46,9.93,9.36,9.38,9.61,-0.23,-2.39,103332.23,99772.964,3.242,8.363575357535753,8.434906490649066,8.853976897689767,8.345742574257425
600423.SH,20110923,9.2,9.42,9.0,9.16,9.38,-0.22,-2.35,61312.63,56371.714,3.242,8.167414741474147,8.203080308030803,8.399240924092409,8.024752475247524
600423.SH,20110926,9.13,9.33,9.12,9.18,9.16,0.02,0.22,40653.49,37450.688,3.242,8.185247524752475,8.140665566556656,8.318993399339934,8.131749174917491
600423.SH,20110927,9.21,9.36,8.88,9.01,9.18,-0.17,-1.85,54845.54,49790.153,3.242,8.033668866886687,8.211996699669967,8.345742574257425,7.917755775577558
600423.SH,20110928,9.05,9.14,8.47,8.64,9.01,-0.37,-4.11,56454.16,49810.15,3.242,7.703762376237623,8.069334433443345,8.149581958195819,7.552183718371838
600423.SH,20110929,8.58,8.63,8.25,8.33,8.64,-0.31,-3.59,39353.19,33150.504,3.242,7.427354235423541,7.65026402640264,7.6948459845984605,7.356023102310231
600423.SH,20110930,8.38,8.4,8.17,8.29,8.33,-0.04,-0.48,23629.14,19592.667,3.242,7.391688668866886,7.471936193619362,7.48976897689769,7.28469196919692
600423.SH,20111010,8.35,8.47,8.26,8.32,8.29,0.03,0.36,13967.95,11653.389,3.242,7.418437843784378,7.445187018701869,7.552183718371838,7.364939493949395
600423.SH,20111011,8.52,8.62,8.28,8.38,8.32,0.06,0.72,23321.33,19734.869,3.242,7.471936193619362,7.596765676567656,7.685929592959295,7.382772277227723
600423.SH,20111012,8.27,8.68,8.22,8.64,8.38,0.26,3.1,29364.83,25032.236,3.242,7.703762376237623,7.373855885588558,7.739427942794279,7.32927392739274
600423.SH,20111013,8.6,8.68,8.56,8.67,8.64,0.03,0.35,28121.16,24255.695,3.242,7.730511551155115,7.668096809680968,7.739427942794279,7.632431243124313
600423.SH,20111014,8.6,8.69,8.5,8.59,8.67,-0.08,-0.92,22646.5,19491.89,3.242,7.659180418041803,7.668096809680968,7.748344334433443,7.578932893289329
600423.SH,20111017,8.59,8.7,8.52,8.61,8.59,0.02,0.23,19847.34,17089.915,3.242,7.677013201320131,7.659180418041803,7.757260726072606,7.596765676567656
600423.SH,20111018,8.52,8.58,8.24,8.26,8.61,-0.35,-4.07,19623.46,16414.85,3.242,7.364939493949395,7.596765676567656,7.65026402640264,7.347106710671067
600423.SH,20111019,8.3,8.36,8.2,8.32,8.26,0.06,0.73,14935.44,12347.406,3.242,7.418437843784378,7.400605060506051,7.454103410341033,7.31144114411441
600423.SH,20111020,8.38,8.38,8.0,8.16,8.32,-0.16,-1.92,22959.47,18568.352,3.242,7.275775577557756,7.471936193619362,7.471936193619362,7.133113311331133
600423.SH,20111021,8.17,8.17,7.71,7.79,8.16,-0.37,-4.53,26356.76,20729.257,3.242,6.94586908690869,7.28469196919692,7.28469196919692,6.874537953795379
600423.SH,20111024,7.77,7.91,7.55,7.89,7.79,0.1,1.28,20746.34,16095.139,3.242,7.03503300330033,6.928036303630362,7.052865786578658,6.731875687568757
600423.SH,20111025,7.88,8.2,7.79,8.19,7.89,0.3,3.8,31046.08,24977.664,3.242,7.302524752475247,7.026116611661165,7.31144114411441,6.94586908690869
600423.SH,20111026,8.08,8.21,8.06,8.08,8.19,-0.11,-1.34,31174.43,25316.508,3.242,7.204444444444444,7.204444444444444,7.320357535753576,7.186611661166117
600423.SH,20111027,8.11,8.14,8.05,8.12,8.08,0.04,0.5,22216.71,17981.319,3.242,7.240110011001099,7.231193619361936,7.257942794279428,7.177695269526953
600423.SH,20111028,8.14,8.26,8.13,8.21,8.12,0.09,1.11,30270.26,24824.154,3.242,7.320357535753576,7.257942794279428,7.364939493949395,7.249026402640265
600423.SH,20111031,8.18,8.25,8.1,8.24,8.21,0.03,0.37,28178.66,23029.256,3.242,7.347106710671067,7.293608360836083,7.356023102310231,7.222277227722771
600423.SH,20111101,8.17,8.27,8.13,8.18,8.24,-0.06,-0.73,19036.08,15611.051,3.242,7.293608360836083,7.28469196919692,7.373855885588558,7.249026402640265
600423.SH,20111102,8.09,8.39,7.92,8.38,8.18,0.2,2.45,40211.46,32943.994,3.242,7.471936193619362,7.213360836083608,7.480852585258527,7.061782178217821
600423.SH,20111103,8.4,8.48,8.27,8.34,8.38,-0.04,-0.48,48714.23,40962.264,3.242,7.436270627062706,7.48976897689769,7.561100110011002,7.373855885588558
600423.SH,20111104,8.4,8.44,8.32,8.42,8.34,0.08,0.96,34592.39,29025.016,3.242,7.507601760176017,7.48976897689769,7.525434543454344,7.418437843784378
600423.SH,20111107,8.42,8.42,8.3,8.33,8.42,-0.09,-1.07,18593.71,15552.639,3.242,7.427354235423541,7.507601760176017,7.507601760176017,7.400605060506051
600423.SH,20111108,8.33,8.41,8.12,8.14,8.33,-0.19,-2.28,34198.5,28322.319,3.242,7.257942794279428,7.427354235423541,7.498685368536853,7.240110011001099
600423.SH,20111109,8.18,8.27,8.02,8.27,8.14,0.13,1.6,30165.63,24611.391,3.242,7.373855885588558,7.293608360836083,7.373855885588558,7.150946094609461
600423.SH,20111110,8.16,8.26,8.12,8.18,8.27,-0.09,-1.09,31498.88,25812.79,3.242,7.293608360836083,7.275775577557756,7.364939493949395,7.240110011001099
600423.SH,20111111,8.16,8.24,8.14,8.18,8.18,0.0,0.0,23195.56,19012.097,3.242,7.293608360836083,7.275775577557756,7.347106710671067,7.257942794279428
600423.SH,20111114,8.38,8.85,8.37,8.55,8.18,0.37,4.52,121212.2,103970.409,3.242,7.623514851485148,7.471936193619362,7.891006600660065,7.463019801980198
600423.SH,20111115,8.42,8.66,8.38,8.63,8.55,0.08,0.94,61109.21,52142.331,3.242,7.6948459845984605,7.507601760176017,7.721595159515951,7.471936193619362
600423.SH,20111116,8.61,8.63,8.24,8.3,8.63,-0.33,-3.82,52327.55,43987.949,3.242,7.400605060506051,7.677013201320131,7.6948459845984605,7.347106710671067
600423.SH,20111117,8.31,8.4,8.22,8.23,8.3,-0.07,-0.84,26756.93,22228.645,3.242,7.338190319031903,7.409521452145214,7.48976897689769,7.32927392739274
600423.SH,20111118,8.15,8.24,7.99,8.01,8.23,-0.22,-2.67,27423.3,22166.657,3.242,7.142029702970296,7.266859185918592,7.347106710671067,7.124196919691969
600423.SH,20111121,8.05,8.2,8.01,8.17,8.01,0.16,2.0,17907.24,14488.773,3.242,7.28469196919692,7.177695269526953,7.31144114411441,7.142029702970296
600423.SH,20111122,8.09,8.23,7.98,8.23,8.17,0.06,0.73,30090.13,24396.568,3.242,7.338190319031903,7.213360836083608,7.338190319031903,7.115280528052805
600423.SH,20111123,8.2,8.22,8.1,8.16,8.23,-0.07,-0.85,16694.12,13622.866,3.242,7.275775577557756,7.31144114411441,7.32927392739274,7.222277227722771
600423.SH,20111124,8.11,8.15,8.01,8.11,8.16,-0.05,-0.61,14589.44,11786.623,3.242,7.231193619361936,7.231193619361936,7.266859185918592,7.142029702970296
600423.SH,20111125,8.08,8.17,8.03,8.06,8.11,-0.05,-0.62,13238.27,10739.94,3.242,7.186611661166117,7.204444444444444,7.28469196919692,7.159862486248624
600423.SH,20111128,8.16,8.16,7.99,8.06,8.06,0.0,0.0,22774.34,18332.528,3.242,7.186611661166117,7.275775577557756,7.275775577557756,7.124196919691969
600423.SH,20111129,8.12,8.17,8.06,8.15,8.06,0.09,1.12,25025.67,20327.929,3.242,7.266859185918592,7.240110011001099,7.28469196919692,7.186611661166117
600423.SH,20111130,8.15,8.15,7.6,7.64,8.15,-0.51,-6.26,39446.81,30845.569,3.242,6.812123212321231,7.266859185918592,7.266859185918592,6.776457645764576
600423.SH,20111201,7.88,7.91,7.71,7.73,7.64,0.09,1.18,24207.29,18897.771,3.242,6.892370737073708,7.026116611661165,7.052865786578658,6.874537953795379
600423.SH,20111202,7.7,7.74,7.47,7.51,7.73,-0.22,-2.85,20164.39,15182.576,3.242,6.696210121012101,6.865621562156216,6.901287128712871,6.660544554455445
600423.SH,20111205,7.51,7.63,7.18,7.22,7.51,-0.29,-3.86,16784.48,12286.635,3.242,6.437634763476347,6.696210121012101,6.803206820682068,6.401969196919692
600423.SH,20111206,7.25,7.31,7.18,7.29,7.22,0.07,0.97,7981.14,5790.907,3.242,6.500049504950495,6.464383938393839,6.517882288228822,6.401969196919692
600423.SH,20111207,7.35,7.37,7.24,7.31,7.29,0.02,0.27,5788.29,4220.323,3.242,6.517882288228822,6.553547854785478,6.571380638063807,6.455467546754676
600423.SH,20111208,7.29,7.38,7.17,7.3,7.31,-0.01,-0.14,11429.88,8315.942,3.242,6.508965896589658,6.500049504950495,6.58029702970297,6.393052805280528
600423.SH,20111209,7.29,7.36,7.22,7.34,7.3,0.04,0.55,9517.81,6971.375,3.242,6.544631463146314,6.500049504950495,6.562464246424642,6.437634763476347
600423.SH,20111212,7.28,7.49,7.28,7.35,7.34,0.01,0.14,12398.41,9159.092,3.242,6.553547854785478,6.491133113311332,6.678377337733773,6.491133113311332
600423.SH,20111213,7.29,7.3,7.14,7.2,7.35,-0.15,-2.04,16007.63,11520.842,3.242,6.41980198019802,6.500049504950495,6.508965896589658,6.366303630363037
600423.SH,20111214,7.16,7.26,7.11,7.17,7.2,-0.03,-0.42,12010.45,8655.594,3.242,6.393052805280528,6.3841364136413645,6.473300330033003,6.339554455445545
600423.SH,20111215,7.12,7.18,6.78,6.97,7.17,-0.2,-2.79,17172.47,11932.059,3.242,6.214724972497249,6.348470847084708,6.401969196919692,6.045313531353135
600423.SH,20111216,6.95,7.55,6.81,7.45,6.97,0.48,6.89,21198.81,15301.4,3.242,6.642711771177117,6.1968921892189215,6.731875687568757,6.072062706270627
600423.SH,20111219,7.42,7.8,7.21,7.56,7.45,0.11,1.48,31660.85,23573.155,3.242,6.74079207920792,6.615962596259626,6.954785478547854,6.428718371837183
600423.SH,20111220,7.41,7.73,7.31,7.34,7.56,-0.22,-2.91,56632.91,42465.928,3.242,6.544631463146314,6.607046204620462,6.892370737073708,6.517882288228822
600423.SH,20111221,7.34,7.45,6.95,6.97,7.34,-0.37,-5.04,22003.0,15822.25,3.242,6.214724972497249,6.544631463146314,6.642711771177117,6.1968921892189215
600423.SH,20111222,6.95,7.07,6.65,6.72,6.97,-0.25,-3.59,23897.42,16141.362,3.242,5.991815181518152,6.1968921892189215,6.303888888888889,5.929400440044004
600423.SH,20111223,6.7,6.86,6.66,6.75,6.72,0.03,0.45,10645.72,7205.354,3.242,6.018564356435644,5.973982398239824,6.116644664466446,5.938316831683168
600423.SH,20111226,6.75,6.87,6.66,6.66,6.75,-0.09,-1.33,8764.49,5909.819,3.242,5.938316831683168,6.018564356435644,6.12556105610561,5.938316831683168
600423.SH,20111227,6.66,6.66,6.35,6.38,6.66,-0.28,-4.2,17461.84,11327.606,3.242,5.6886578657865785,5.938316831683168,5.938316831683168,5.661908690869087
600423.SH,20111228,6.4,6.44,6.22,6.29,6.38,-0.09,-1.41,11682.27,7366.086,3.242,5.608410341034103,5.706490649064907,5.742156215621562,5.545995599559956
600423.SH,20111229,6.29,6.35,6.21,6.26,6.29,-0.03,-0.48,10830.05,6805.162,3.242,5.581661166116611,5.608410341034103,5.661908690869087,5.537079207920792
600423.SH,20111230,6.33,6.41,6.29,6.36,6.26,0.1,1.6,10059.65,6411.341,3.242,5.670825082508252,5.644075907590759,5.71540704070407,5.608410341034103
600423.SH,20120104,6.45,6.48,6.2,6.21,6.36,-0.15,-2.36,9475.37,5969.919,3.242,5.537079207920792,5.751072607260726,5.777821782178218,5.528162816281628
600423.SH,20120105,6.21,6.21,5.79,5.8,6.21,-0.41,-6.6,20426.59,12218.999,3.242,5.171507150715072,5.537079207920792,5.537079207920792,5.162590759075908
600423.SH,20120106,5.75,5.85,5.53,5.74,5.8,-0.06,-1.03,17299.04,9851.473,3.242,5.118008800880088,5.126925192519252,5.21608910891089,4.930764576457646
600423.SH,20120109,5.73,6.0,5.67,5.98,5.74,0.24,4.18,20561.9,12036.109,3.242,5.332002200220022,5.109092409240924,5.349834983498349,5.055594059405941
600423.SH,20120110,5.98,6.26,5.91,6.2,5.98,0.22,3.68,42497.72,26023.368,3.242,5.528162816281628,5.332002200220022,5.581661166116611,5.269587458745874
600423.SH,20120111,6.27,6.32,6.12,6.18,6.2,-0.02,-0.32,28725.39,17827.389,3.242,5.5103300330033,5.590577557755776,5.635159515951596,5.456831683168317
600423.SH,20120112,6.18,6.31,6.15,6.21,6.18,0.03,0.49,24060.14,14982.609,3.242,5.537079207920792,5.5103300330033,5.626243124312431,5.4835808580858085
600423.SH,20120113,6.26,6.26,5.9,5.94,6.21,-0.27,-4.35,22803.56,13747.451,3.242,5.296336633663366,5.581661166116611,5.581661166116611,5.260671067106711
600423.SH,20120116,5.89,5.93,5.68,5.68,5.94,-0.26,-4.38,14805.64,8556.694,3.242,5.064510451045104,5.251754675467546,5.287420242024202,5.064510451045104
600423.SH,20120117,5.8,6.04,5.67,6.03,5.68,0.35,6.16,27019.81,15932.539,3.242,5.376584158415842,5.171507150715072,5.385500550055005,5.055594059405941
600423.SH,20120118,6.08,6.14,5.91,5.92,6.03,-0.11,-1.82,19999.69,12082.033,3.242,5.278503850385039,5.421166116611661,5.474664466446645,5.269587458745874
600423.SH,20120119,5.89,6.07,5.87,6.01,5.92,0.09,1.52,13172.41,7894.289,3.242,5.358751375137514,5.251754675467546,5.412249724972497,5.233921892189219
600423.SH,20120120,6.06,6.15,6.02,6.12,6.01,0.11,1.83,18730.07,11425.933,3.242,5.456831683168317,5.403333333333332,5.4835808580858085,5.367667766776677
600423.SH,20120130,6.15,6.2,6.04,6.09,6.12,-0.03,-0.49,16223.24,9947.289,3.242,5.430082508250825,5.4835808580858085,5.528162816281628,5.385500550055005
600423.SH,20120131,6.08,6.13,6.0,6.07,6.09,-0.02,-0.33,11972.93,7235.179,3.242,5.412249724972497,5.421166116611661,5.46574807480748,5.349834983498349
600423.SH,20120201,6.09,6.16,6.03,6.1,6.07,0.03,0.49,14308.4,8730.929,3.242,5.438998899889989,5.430082508250825,5.492497249724972,5.376584158415842
600423.SH,20120202,6.1,6.25,6.1,6.24,6.1,0.14,2.3,18383.01,11357.888,3.242,5.563828382838284,5.438998899889989,5.572744774477448,5.438998899889989
600423.SH,20120203,6.25,6.34,6.2,6.32,6.24,0.08,1.28,31573.15,19818.053,3.242,5.635159515951596,5.572744774477448,5.652992299229922,5.528162816281628
600423.SH,20120206,6.31,6.43,6.3,6.38,6.32,0.06,0.95,29332.95,18673.26,3.242,5.6886578657865785,5.626243124312431,5.733239823982397,5.617326732673266
600423.SH,20120207,6.35,6.35,6.15,6.18,6.38,-0.2,-3.13,18538.38,11524.553,3.242,5.5103300330033,5.661908690869087,5.661908690869087,5.4835808580858085
600423.SH,20120208,6.2,6.37,6.15,6.34,6.18,0.16,2.59,20857.02,13099.701,3.242,5.652992299229922,5.528162816281628,5.679741474147415,5.4835808580858085
600423.SH,20120209,6.34,6.47,6.34,6.37,6.34,0.03,0.47,25267.41,16207.565,3.242,5.679741474147415,5.652992299229922,5.768905390539053,5.652992299229922
600423.SH,20120210,6.37,6.56,6.36,6.49,6.37,0.12,1.88,36800.59,23837.622,3.242,5.786738173817382,5.679741474147415,5.849152915291528,5.670825082508252
600423.SH,20120213,6.44,6.56,6.37,6.52,6.49,0.03,0.46,29393.13,19043.87,3.242,5.813487348734872,5.742156215621562,5.849152915291528,5.679741474147415
600423.SH,20120214,6.5,6.61,6.48,6.52,6.52,0.0,0.0,33121.65,21691.881,3.242,5.813487348734872,5.7956545654565454,5.8937348734873485,5.777821782178218
600423.SH,20120215,6.53,6.65,6.45,6.64,6.52,0.12,1.84,33909.82,22245.037,3.242,5.92048404840484,5.822403740374038,5.929400440044004,5.751072607260726
600423.SH,20120216,6.58,6.8,6.57,6.78,6.64,0.14,2.11,55518.49,37199.827,3.242,6.045313531353135,5.866985698569857,6.063146314631463,5.858069306930693
600423.SH,20120217,6.76,6.79,6.61,6.69,6.78,-0.09,-1.33,27688.81,18500.79,3.242,5.96506600660066,6.027480748074807,6.054229922992299,5.8937348734873485
600423.SH,20120220,6.78,6.8,6.58,6.59,6.69,-0.1,-1.49,32034.34,21350.897,3.242,5.875902090209021,6.045313531353135,6.063146314631463,5.866985698569857
600423.SH,20120221,6.57,6.68,6.5,6.68,6.59,0.09,1.37,30194.27,19929.93,3.242,5.956149614961496,5.858069306930693,5.956149614961496,5.7956545654565454
600423.SH,20120222,6.68,6.8,6.64,6.77,6.68,0.09,1.35,46866.39,31566.15,3.242,6.036397139713971,5.956149614961496,6.063146314631463,5.92048404840484
600423.SH,20120223,6.77,6.79,6.67,6.76,6.77,-0.01,-0.15,38054.19,25633.918,3.242,6.027480748074807,6.036397139713971,6.054229922992299,5.947233223322332
600423.SH,20120224,6.74,6.89,6.74,6.88,6.76,0.12,1.78,58151.26,39661.884,3.242,6.134477447744775,6.009647964796479,6.143393839383938,6.009647964796479
600423.SH,20120227,6.89,7.03,6.83,6.88,6.88,0.0,0.0,62861.98,43617.728,3.242,6.134477447744775,6.143393839383938,6.268223322332234,6.0898954895489545
600423.SH,20120228,6.86,6.87,6.69,6.79,6.88,-0.09,-1.31,31927.4,21652.568,3.242,6.054229922992299,6.116644664466446,6.12556105610561,5.96506600660066
600423.SH,20120229,6.8,6.84,6.7,6.74,6.79,-0.05,-0.74,23435.41,15895.27,3.242,6.009647964796479,6.063146314631463,6.098811881188119,5.973982398239824
600423.SH,20120301,6.75,6.9,6.7,6.82,6.74,0.08,1.19,23706.07,16135.082,3.242,6.080979097909791,6.018564356435644,6.152310231023103,5.973982398239824
600423.SH,20120302,6.82,6.98,6.81,6.97,6.82,0.15,2.2,42807.63,29656.136,3.242,6.214724972497249,6.080979097909791,6.223641364136414,6.072062706270627
600423.SH,20120305,6.97,7.37,6.92,7.26,6.97,0.29,4.16,84912.93,61064.888,3.242,6.473300330033003,6.214724972497249,6.571380638063807,6.17014301430143
600423.SH,20120306,7.22,7.32,7.06,7.24,7.26,-0.02,-0.28,69214.44,49852.656,3.242,6.455467546754676,6.437634763476347,6.526798679867986,6.2949724972497245
600423.SH,20120307,7.1,7.52,7.08,7.49,7.24,0.25,3.45,78840.35,57902.918,3.242,6.678377337733773,6.33063806380638,6.7051265126512645,6.312805280528052
600423.SH,20120308,7.49,8.24,7.42,7.96,7.49,0.47,6.28,235395.51,186590.481,3.242,7.0974477447744775,6.678377337733773,7.347106710671067,6.615962596259626
600423.SH,20120309,7.8,8.0,7.67,7.78,7.96,-0.18,-2.26,198754.97,155048.381,3.242,6.936952695269527,6.954785478547854,7.133113311331133,6.838872387238724
600423.SH,20120312,7.68,7.85,7.48,7.66,7.78,-0.12,-1.54,81677.84,62221.817,3.242,6.829955995599559,6.847788778877888,6.9993674367436745,6.66946094609461
600423.SH,20120313,7.65,7.76,7.54,7.72,7.66,0.06,0.78,52304.6,40080.191,3.242,6.883454345434544,6.821039603960396,6.919119911991199,6.722959295929593
600423.SH,20120314,7.8,7.81,7.13,7.21,7.72,-0.51,-6.61,88325.79,66406.89,3.242,6.428718371837183,6.954785478547854,6.963701870187018,6.357387238723872
600423.SH,20120315,7.21,7.28,6.9,6.99,7.21,-0.22,-3.05,44284.25,31167.092,3.242,6.232557755775577,6.428718371837183,6.491133113311332,6.152310231023103
600423.SH,20120316,7.07,7.24,7.0,7.19,6.99,0.2,2.86,32188.39,22938.797,3.242,6.410885588558855,6.303888888888889,6.455467546754676,6.241474147414741
600423.SH,20120319,7.21,7.33,7.12,7.3,7.19,0.11,1.53,30140.2,21770.2,3.242,6.508965896589658,6.428718371837183,6.535715071507151,6.348470847084708
600423.SH,20120320,7.28,7.46,7.25,7.26,7.3,-0.04,-0.55,39847.76,29262.563,3.242,6.473300330033003,6.491133113311332,6.651628162816282,6.464383938393839
600423.SH,20120321,7.28,7.42,7.15,7.29,7.26,0.03,0.41,27256.41,19831.883,3.242,6.500049504950495,6.491133113311332,6.615962596259626,6.375220022002201
600423.SH,20120322,7.29,7.3,7.12,7.16,7.29,-0.13,-1.78,23187.38,16652.285,3.242,6.3841364136413645,6.500049504950495,6.508965896589658,6.348470847084708
600423.SH,20120323,7.16,7.17,6.9,6.93,7.16,-0.23,-3.21,20660.62,14503.305,3.242,6.179059405940594,6.3841364136413645,6.393052805280528,6.152310231023103
600423.SH,20120326,6.9,7.03,6.85,6.95,6.93,0.02,0.29,12642.11,8771.102,3.242,6.1968921892189215,6.152310231023103,6.268223322332234,6.107728272827282
600423.SH,20120327,6.99,7.05,6.91,6.98,6.95,0.03,0.43,9517.11,6647.397,3.242,6.223641364136414,6.232557755775577,6.286056105610561,6.161226622662266
600423.SH,20120328,6.88,6.95,6.66,6.7,6.98,-0.28,-4.01,18642.64,12631.443,3.242,5.973982398239824,6.134477447744775,6.1968921892189215,5.938316831683168
600423.SH,20120329,6.65,6.76,6.56,6.59,6.7,-0.11,-1.64,24057.48,15986.134,3.242,5.875902090209021,5.929400440044004,6.027480748074807,5.849152915291528
600423.SH,20120330,6.58,6.67,6.36,6.41,6.59,-0.18,-2.73,17948.15,11673.631,3.242,5.71540704070407,5.866985698569857,5.947233223322332,5.670825082508252
600423.SH,20120405,6.4,6.6,6.4,6.59,6.41,0.18,2.81,22336.41,14560.984,3.242,5.875902090209021,5.706490649064907,5.884818481848184,5.706490649064907
600423.SH,20120406,6.59,6.67,6.49,6.65,6.59,0.06,0.91,32376.05,21342.247,3.242,5.929400440044004,5.875902090209021,5.947233223322332,5.786738173817382
600423.SH,20120409,6.62,6.62,6.4,6.41,6.65,-0.24,-3.61,22663.8,14752.291,3.242,5.71540704070407,5.902651265126513,5.902651265126513,5.706490649064907
600423.SH,20120410,6.43,6.53,6.35,6.51,6.41,0.1,1.56,19077.03,12259.94,3.242,5.804570957095709,5.733239823982397,5.822403740374038,5.661908690869087
600423.SH,20120411,6.48,6.61,6.4,6.57,6.51,0.06,0.92,26149.86,17037.505,3.242,5.858069306930693,5.777821782178218,5.8937348734873485,5.706490649064907
600423.SH,20120412,6.6,6.81,6.53,6.81,6.57,0.24,3.65,29249.03,19547.578,3.242,6.072062706270627,5.884818481848184,6.072062706270627,5.822403740374038
600423.SH,20120413,6.82,6.98,6.75,6.88,6.81,0.07,1.03,29624.78,20364.078,3.242,6.134477447744775,6.080979097909791,6.223641364136414,6.018564356435644
600423.SH,20120416,6.86,6.87,6.73,6.83,6.88,-0.05,-0.73,17478.23,11883.342,3.242,6.0898954895489545,6.116644664466446,6.12556105610561,6.000731573157316
600423.SH,20120417,6.81,6.88,6.71,6.74,6.83,-0.09,-1.32,21745.52,14800.072,3.242,6.009647964796479,6.072062706270627,6.134477447744775,5.982898789878988
600423.SH,20120418,6.85,7.06,6.85,7.02,6.74,0.28,4.15,49965.36,34781.343,3.242,6.259306930693069,6.107728272827282,6.2949724972497245,6.107728272827282
600423.SH,20120419,6.92,7.15,6.92,7.1,7.02,0.08,1.14,44695.57,31523.384,3.242,6.33063806380638,6.17014301430143,6.375220022002201,6.17014301430143
600423.SH,20120420,7.05,7.13,7.02,7.11,7.1,0.01,0.14,36536.93,25864.214,3.242,6.339554455445545,6.286056105610561,6.357387238723872,6.259306930693069
600423.SH,20120423,7.11,7.18,6.94,6.96,7.11,-0.15,-2.11,31076.43,21868.645,3.242,6.205808580858085,6.339554455445545,6.401969196919692,6.187975797579759
600423.SH,20120424,6.93,7.02,6.62,6.78,6.96,-0.18,-2.59,38527.62,26187.454,3.242,6.045313531353135,6.179059405940594,6.259306930693069,5.902651265126513
600423.SH,20120425,6.76,6.96,6.73,6.91,6.78,0.13,1.92,38272.15,26205.818,3.242,6.161226622662266,6.027480748074807,6.205808580858085,6.000731573157316
600423.SH,20120426,6.92,7.01,6.86,6.95,6.91,0.04,0.58,37124.29,25730.488,3.242,6.1968921892189215,6.17014301430143,6.250390539053906,6.116644664466446
600423.SH,20120427,6.91,7.13,6.91,7.0,6.95,0.05,0.72,49153.69,34545.37,3.242,6.241474147414741,6.161226622662266,6.357387238723872,6.161226622662266
600423.SH,20120502,7.13,7.18,7.0,7.1,7.0,0.1,1.43,56487.3,40078.155,3.242,6.33063806380638,6.357387238723872,6.401969196919692,6.241474147414741
600423.SH,20120503,7.11,7.24,7.06,7.22,7.1,0.12,1.69,63162.33,45280.49,3.242,6.437634763476347,6.339554455445545,6.455467546754676,6.2949724972497245
600423.SH,20120504,7.25,7.42,7.19,7.39,7.22,0.17,2.35,85688.16,63007.365,3.242,6.589213421342134,6.464383938393839,6.615962596259626,6.410885588558855
600423.SH,20120507,7.31,7.4,7.23,7.35,7.39,-0.04,-0.54,44170.03,32261.032,3.242,6.553547854785478,6.517882288228822,6.5981298129812975,6.446551155115511
600423.SH,20120508,7.37,7.37,7.16,7.21,7.35,-0.14,-1.9,44698.5,32275.037,3.242,6.428718371837183,6.571380638063807,6.571380638063807,6.3841364136413645
600423.SH,20120509,7.17,7.23,7.01,7.03,7.21,-0.18,-2.5,31389.19,22236.813,3.242,6.268223322332234,6.393052805280528,6.446551155115511,6.250390539053906
600423.SH,20120510,7.03,7.1,7.01,7.08,7.03,0.05,0.71,21519.56,15178.466,3.242,6.312805280528052,6.268223322332234,6.33063806380638,6.250390539053906
600423.SH,20120511,7.09,7.17,7.02,7.03,7.08,-0.05,-0.71,23039.72,16363.919,3.242,6.268223322332234,6.321721672167216,6.393052805280528,6.259306930693069
600423.SH,20120514,7.09,7.13,7.01,7.02,7.03,-0.01,-0.14,28760.18,20357.132,3.242,6.259306930693069,6.321721672167216,6.357387238723872,6.250390539053906
600423.SH,20120515,6.9,6.95,6.77,6.87,7.02,-0.15,-2.14,35527.52,24292.592,3.242,6.12556105610561,6.152310231023103,6.1968921892189215,6.036397139713971
600423.SH,20120516,6.85,6.87,6.65,6.66,6.87,-0.21,-3.06,29754.85,20109.326,3.242,5.938316831683168,6.107728272827282,6.12556105610561,5.929400440044004
600423.SH,20120517,6.68,6.82,6.61,6.8,6.66,0.14,2.1,36370.5,24367.59,3.242,6.063146314631463,5.956149614961496,6.080979097909791,5.8937348734873485
600423.SH,20120518,6.7,6.73,6.48,6.54,6.8,-0.26,-3.82,46254.66,30480.178,3.242,5.831320132013201,5.973982398239824,6.000731573157316,5.777821782178218
600423.SH,20120521,6.54,6.58,6.44,6.58,6.54,0.04,0.61,29013.27,18928.487,3.242,5.866985698569857,5.831320132013201,5.866985698569857,5.742156215621562
600423.SH,20120523,6.65,6.8,6.62,6.77,6.58,0.19,2.89,57459.88,38458.86,3.242,6.036397139713971,5.929400440044004,6.063146314631463,5.902651265126513
600423.SH,20120524,6.7,6.82,6.67,6.72,6.77,-0.05,-0.74,43690.94,29405.334,3.242,5.991815181518152,5.973982398239824,6.080979097909791,5.947233223322332
600423.SH,20120525,6.76,6.81,6.66,6.67,6.72,-0.05,-0.74,46528.76,31297.16,3.242,5.947233223322332,6.027480748074807,6.072062706270627,5.938316831683168
600423.SH,20120528,6.58,6.9,6.5,6.86,6.67,0.19,2.85,38570.3,26015.946,3.242,6.116644664466446,5.866985698569857,6.152310231023103,5.7956545654565454
600423.SH,20120529,6.85,7.45,6.85,7.43,6.86,0.57,8.31,159765.8,115249.639,3.242,6.624878987898789,6.107728272827282,6.642711771177117,6.107728272827282
600423.SH,20120530,7.35,7.35,7.1,7.12,7.43,-0.31,-4.17,176229.62,127938.046,3.242,6.348470847084708,6.553547854785478,6.553547854785478,6.33063806380638
600423.SH,20120531,7.01,7.68,7.0,7.63,7.12,0.51,7.16,238096.19,174925.179,3.242,6.803206820682068,6.250390539053906,6.847788778877888,6.241474147414741
600423.SH,20120601,7.41,7.6,7.35,7.55,7.63,-0.08,-1.05,219025.53,163369.789,3.242,6.731875687568757,6.607046204620462,6.776457645764576,6.553547854785478
600423.SH,20120604,7.38,7.85,7.25,7.75,7.55,0.2,2.65,226019.37,170283.145,3.242,6.910203520352034,6.58029702970297,6.9993674367436745,6.464383938393839
600423.SH,20120605,7.6,7.88,7.5,7.78,7.75,0.03,0.39,290666.4,223447.081,3.242,6.936952695269527,6.776457645764576,7.026116611661165,6.6872937293729375
600423.SH,20120606,7.67,8.14,7.35,7.55,7.78,-0.23,-2.96,245467.22,189158.831,3.242,6.731875687568757,6.838872387238724,7.257942794279428,6.553547854785478
600423.SH,20120607,7.48,7.77,7.22,7.24,7.55,-0.31,-4.11,144125.77,106830.311,3.242,6.455467546754676,6.66946094609461,6.928036303630362,6.437634763476347
600423.SH,20120608,7.3,7.3,6.85,6.88,7.24,-0.36,-4.97,93783.29,66310.532,3.242,6.134477447744775,6.508965896589658,6.508965896589658,6.107728272827282
600423.SH,20120611,6.9,6.99,6.78,6.96,6.88,0.08,1.16,54011.76,37227.306,3.242,6.205808580858085,6.152310231023103,6.232557755775577,6.045313531353135
600423.SH,20120612,6.92,6.93,6.78,6.84,6.96,-0.12,-1.72,44744.44,30641.255,3.242,6.098811881188119,6.17014301430143,6.179059405940594,6.045313531353135
600423.SH,20120613,6.87,7.1,6.81,7.09,6.84,0.25,3.66,66168.54,46213.324,3.242,6.321721672167216,6.12556105610561,6.33063806380638,6.072062706270627
600423.SH,20120614,7.02,7.12,6.89,6.92,7.09,-0.17,-2.4,53247.32,37336.937,3.242,6.17014301430143,6.259306930693069,6.348470847084708,6.143393839383938
600423.SH,20120615,6.94,7.02,6.81,6.97,6.92,0.05,0.72,34184.61,23636.407,3.242,6.214724972497249,6.187975797579759,6.259306930693069,6.072062706270627
600423.SH,20120618,6.95,7.06,6.9,6.97,6.87,0.1,1.46,26547.49,18571.776,3.289,6.304821232123213,6.2867299229923,6.386232123212321,6.241501650165017
600423.SH,20120619,6.9,7.01,6.9,6.95,6.97,-0.02,-0.29,28242.74,19628.514,3.289,6.2867299229923,6.241501650165017,6.341003850385039,6.241501650165017
600423.SH,20120620,7.0,7.0,6.72,6.74,6.95,-0.21,-3.02,48826.9,33313.027,3.289,6.096771177117712,6.331958195819582,6.331958195819582,6.078679867986799
600423.SH,20120621,6.76,6.77,6.55,6.59,6.74,-0.15,-2.23,32784.92,21687.502,3.289,5.961086358635864,6.114862486248625,6.123908140814081,5.924903740374037
600423.SH,20120625,6.61,6.71,6.5,6.56,6.59,-0.03,-0.46,29315.1,19437.625,3.289,5.933949394939494,5.979177667766777,6.069634213421343,5.879675467546755
600423.SH,20120626,6.55,6.63,6.41,6.63,6.56,0.07,1.07,24190.43,15840.53,3.289,5.99726897689769,5.924903740374037,5.99726897689769,5.798264576457646
600423.SH,20120627,6.59,6.68,6.53,6.58,6.63,-0.05,-0.75,18332.88,12131.437,3.289,5.952040704070407,5.961086358635864,6.042497249724972,5.906812431243124
600423.SH,20120628,6.6,6.63,6.28,6.3,6.58,-0.28,-4.26,23052.68,14922.92,3.289,5.698762376237624,5.97013201320132,5.99726897689769,5.680671067106711
600423.SH,20120629,6.3,6.36,6.14,6.35,6.3,0.05,0.79,29925.52,18718.604,3.289,5.743990649064906,5.698762376237624,5.753036303630363,5.554031903190318
600423.SH,20120702,6.43,6.46,6.36,6.4,6.35,0.05,0.79,19286.07,12370.476,3.289,5.789218921892189,5.816355885588559,5.843492849284929,5.753036303630363
600423.SH,20120703,6.44,6.53,6.41,6.46,6.4,0.06,0.94,20046.96,12980.519,3.289,5.843492849284929,5.825401540154016,5.906812431243124,5.798264576457646
600423.SH,20120704,6.48,6.48,6.36,6.39,6.46,-0.07,-1.08,15413.17,9904.146,3.289,5.780173267326733,5.861584158415842,5.861584158415842,5.753036303630363
600423.SH,20120705,6.36,6.37,6.15,6.16,6.39,-0.23,-3.6,22882.67,14232.065,3.289,5.572123212321233,5.753036303630363,5.762081958195819,5.563077557755776
600423.SH,20120706,6.21,6.3,6.03,6.28,6.16,0.12,1.95,24176.15,14876.531,3.289,5.680671067106711,5.617351485148515,5.698762376237624,5.454529702970297
600423.SH,20120709,6.21,6.23,5.95,5.98,6.28,-0.3,-4.78,26103.58,15901.097,3.289,5.409301430143015,5.617351485148515,5.635442794279428,5.382164466446645
600423.SH,20120710,6.0,6.05,5.85,6.05,5.98,0.07,1.17,21066.54,12523.282,3.289,5.47262101210121,5.427392739273928,5.47262101210121,5.291707920792079
600423.SH,20120711,6.02,6.16,5.97,6.15,6.05,0.1,1.65,19852.17,12108.175,3.289,5.563077557755776,5.44548404840484,5.572123212321233,5.400255775577557
600423.SH,20120712,6.15,6.28,6.06,6.23,6.15,0.08,1.3,28964.49,17895.298,3.289,5.635442794279428,5.563077557755776,5.680671067106711,5.4816666666666665
600423.SH,20120713,6.17,6.27,6.16,6.19,6.23,-0.04,-0.64,16873.65,10476.964,3.289,5.599260176017602,5.581168866886689,5.671625412541253,5.572123212321233
600423.SH,20120716,6.2,6.23,5.91,5.94,6.19,-0.25,-4.04,20200.24,12227.826,3.289,5.373118811881188,5.608305830583058,5.635442794279428,5.345981848184819
600423.SH,20120717,5.95,6.09,5.91,6.08,5.94,0.14,2.36,15964.44,9613.172,3.289,5.49975797579758,5.382164466446645,5.508803630363036,5.345981848184819
600423.SH,20120718,6.07,6.2,6.01,6.19,6.08,0.11,1.81,24591.19,15032.391,3.289,5.599260176017602,5.490712321232123,5.608305830583058,5.436438393839384
600423.SH,20120719,6.14,6.3,6.14,6.28,6.19,0.09,1.45,31959.8,19962.895,3.289,5.680671067106711,5.554031903190318,5.698762376237624,5.554031903190318
600423.SH,20120720,6.25,6.35,6.19,6.21,6.28,-0.07,-1.11,22522.01,14121.085,3.289,5.617351485148515,5.653534103410341,5.743990649064906,5.599260176017602
600423.SH,20120723,6.36,6.42,6.22,6.27,6.21,0.06,0.97,44966.69,28378.699,3.289,5.671625412541253,5.753036303630363,5.807310231023102,5.626397139713971
600423.SH,20120724,6.22,6.29,6.12,6.25,6.27,-0.02,-0.32,22815.13,14173.248,3.289,5.653534103410341,5.626397139713971,5.689716721672168,5.535940594059406
600423.SH,20120725,6.21,6.28,6.15,6.19,6.25,-0.06,-0.96,15857.34,9843.484,3.289,5.599260176017602,5.617351485148515,5.680671067106711,5.563077557755776
600423.SH,20120726,6.17,6.24,6.02,6.07,6.19,-0.12,-1.94,21546.44,13182.057,3.289,5.490712321232123,5.581168866886689,5.644488448844885,5.44548404840484
600423.SH,20120727,6.1,6.12,6.0,6.05,6.07,-0.02,-0.33,22276.96,13494.204,3.289,5.47262101210121,5.517849284928492,5.535940594059406,5.427392739273928
600423.SH,20120730,6.08,6.09,5.9,5.95,6.05,-0.1,-1.65,14719.73,8789.231,3.289,5.382164466446645,5.49975797579758,5.508803630363036,5.336936193619362
600423.SH,20120731,5.91,6.04,5.82,5.9,5.95,-0.05,-0.84,24766.15,14691.564,3.289,5.336936193619362,5.345981848184819,5.463575357535754,5.264570957095709
600423.SH,20120801,5.9,6.05,5.88,5.97,5.9,0.07,1.19,18755.33,11201.03,3.289,5.400255775577557,5.336936193619362,5.47262101210121,5.318844884488449
600423.SH,20120802,5.99,6.01,5.85,5.87,5.97,-0.1,-1.68,19069.34,11290.464,3.289,5.309799229922993,5.41834708470847,5.436438393839384,5.291707920792079
600423.SH,20120803,5.9,6.0,5.83,5.99,5.87,0.12,2.04,23461.29,13890.96,3.289,5.41834708470847,5.336936193619362,5.427392739273928,5.273616611661167
600423.SH,20120806,5.95,6.13,5.93,6.13,5.99,0.14,2.34,24840.75,15034.89,3.289,5.544986248624863,5.382164466446645,5.544986248624863,5.364073157315731
600423.SH,20120807,6.13,6.31,6.12,6.26,6.13,0.13,2.12,33783.28,21009.953,3.289,5.662579757975798,5.544986248624863,5.70780803080308,5.535940594059406
600423.SH,20120808,6.22,6.33,6.2,6.28,6.26,0.02,0.32,30946.51,19379.462,3.289,5.680671067106711,5.626397139713971,5.725899339933994,5.608305830583058
600423.SH,20120809,6.23,6.3,6.09,6.24,6.28,-0.04,-0.64,41487.36,25727.264,3.289,5.644488448844885,5.635442794279428,5.698762376237624,5.508803630363036
600423.SH,20120810,6.24,6.3,6.21,6.22,6.24,-0.02,-0.32,24615.66,15372.863,3.289,5.626397139713971,5.644488448844885,5.698762376237624,5.617351485148515
600423.SH,20120813,6.18,6.27,6.1,6.12,6.22,-0.1,-1.61,25499.5,15776.85,3.289,5.535940594059406,5.590214521452145,5.671625412541253,5.517849284928492
600423.SH,20120814,6.12,6.17,5.97,6.16,6.12,0.04,0.65,31684.62,19214.05,3.289,5.572123212321233,5.535940594059406,5.581168866886689,5.400255775577557
600423.SH,20120815,6.18,6.18,6.03,6.05,6.16,-0.11,-1.79,14726.58,8952.321,3.289,5.47262101210121,5.590214521452145,5.590214521452145,5.454529702970297
600423.SH,20120816,6.02,6.07,6.01,6.02,6.05,-0.03,-0.5,11888.79,7169.153,3.289,5.44548404840484,5.44548404840484,5.490712321232123,5.436438393839384
600423.SH,20120817,6.05,6.17,5.97,6.15,6.02,0.13,2.16,19516.37,11836.151,3.289,5.563077557755776,5.47262101210121,5.581168866886689,5.400255775577557
600423.SH,20120820,6.1,6.43,6.06,6.23,6.15,0.08,1.3,46853.71,29151.189,3.289,5.635442794279428,5.517849284928492,5.816355885588559,5.4816666666666665
600423.SH,20120821,6.23,6.27,6.16,6.26,6.23,0.03,0.48,34572.35,21489.812,3.289,5.662579757975798,5.635442794279428,5.671625412541253,5.572123212321233
600423.SH,20120822,6.28,6.28,6.12,6.14,6.26,-0.12,-1.92,19197.05,11868.262,3.289,5.554031903190318,5.680671067106711,5.680671067106711,5.535940594059406
600423.SH,20120823,6.12,6.25,6.12,6.22,6.14,0.08,1.3,21224.76,13150.079,3.289,5.626397139713971,5.535940594059406,5.653534103410341,5.535940594059406
600423.SH,20120824,6.18,6.22,6.03,6.05,6.22,-0.17,-2.73,18262.86,11187.237,3.289,5.47262101210121,5.590214521452145,5.626397139713971,5.454529702970297
600423.SH,20120827,6.0,6.05,5.86,5.89,6.05,-0.16,-2.64,20672.09,12332.652,3.289,5.327890539053905,5.427392739273928,5.47262101210121,5.300753575357536
600423.SH,20120828,5.82,5.98,5.82,5.92,5.89,0.03,0.51,12134.61,7179.249,3.289,5.355027502750275,5.264570957095709,5.409301430143015,5.264570957095709
600423.SH,20120829,5.89,5.95,5.83,5.83,5.92,-0.09,-1.52,14269.93,8407.303,3.289,5.273616611661167,5.327890539053905,5.382164466446645,5.273616611661167
600423.SH,20120830,5.86,5.9,5.71,5.8,5.83,-0.03,-0.51,13199.86,7671.312,3.289,5.246479647964796,5.300753575357536,5.336936193619362,5.165068756875688
600423.SH,20120831,5.73,5.83,5.73,5.81,5.8,0.01,0.17,9362.24,5422.648,3.289,5.255525302530252,5.183160066006601,5.273616611661167,5.183160066006601
600423.SH,20120903,5.83,5.91,5.8,5.89,5.81,0.08,1.38,12446.76,7300.206,3.289,5.327890539053905,5.273616611661167,5.345981848184819,5.246479647964796
600423.SH,20120904,5.9,5.92,5.78,5.79,5.89,-0.1,-1.7,11861.89,6931.498,3.289,5.23743399339934,5.336936193619362,5.355027502750275,5.228388338833884
600423.SH,20120905,5.76,5.83,5.75,5.8,5.79,0.01,0.17,8822.44,5111.044,3.289,5.246479647964796,5.2102970297029705,5.273616611661167,5.201251375137514
600423.SH,20120906,5.78,5.92,5.78,5.88,5.8,0.08,1.38,11154.87,6536.497,3.289,5.318844884488449,5.228388338833884,5.355027502750275,5.228388338833884
600423.SH,20120907,5.93,6.16,5.91,6.07,5.88,0.19,3.23,35169.0,21270.726,3.289,5.490712321232123,5.364073157315731,5.572123212321233,5.345981848184819
600423.SH,20120910,6.11,6.12,6.04,6.09,6.07,0.02,0.33,22009.31,13374.457,3.289,5.508803630363036,5.52689493949395,5.535940594059406,5.463575357535754
600423.SH,20120911,6.08,6.14,5.99,6.12,6.09,0.03,0.49,20466.49,12365.772,3.289,5.535940594059406,5.49975797579758,5.554031903190318,5.41834708470847
600423.SH,20120912,6.12,6.15,6.04,6.14,6.12,0.02,0.33,32117.04,19614.66,3.289,5.554031903190318,5.535940594059406,5.563077557755776,5.463575357535754
600423.SH,20120913,6.11,6.16,6.01,6.01,6.14,-0.13,-2.12,17621.79,10720.726,3.289,5.436438393839384,5.52689493949395,5.572123212321233,5.436438393839384
600423.SH,20120914,6.05,6.09,5.94,6.04,6.01,0.03,0.5,27082.19,16258.723,3.289,5.463575357535754,5.47262101210121,5.508803630363036,5.373118811881188
600423.SH,20120917,6.0,6.03,5.85,5.85,6.04,-0.19,-3.15,19334.74,11456.465,3.289,5.291707920792079,5.427392739273928,5.454529702970297,5.291707920792079
600423.SH,20120918,5.84,5.88,5.8,5.85,5.85,0.0,0.0,9069.99,5300.423,3.289,5.291707920792079,5.282662266226622,5.318844884488449,5.246479647964796
600423.SH,20120919,5.86,5.91,5.83,5.87,5.85,0.02,0.34,8008.71,4695.277,3.289,5.309799229922993,5.300753575357536,5.345981848184819,5.273616611661167
600423.SH,20120920,5.88,5.88,5.65,5.67,5.87,-0.2,-3.41,13546.0,7796.166,3.289,5.128886138613861,5.318844884488449,5.318844884488449,5.110794829482948
600423.SH,20120921,5.6,5.71,5.6,5.67,5.67,0.0,0.0,10456.5,5940.936,3.289,5.128886138613861,5.065566556655665,5.165068756875688,5.065566556655665
600423.SH,20120924,5.69,5.69,5.53,5.64,5.67,-0.03,-0.53,10473.84,5878.553,3.289,5.101749174917491,5.146977447744774,5.146977447744774,5.002246974697471
600423.SH,20120925,5.66,5.67,5.55,5.57,5.64,-0.07,-1.24,9950.13,5575.214,3.289,5.038429592959297,5.119840484048406,5.128886138613861,5.020338283828383
600423.SH,20120926,5.53,5.59,5.39,5.41,5.57,-0.16,-2.87,13221.9,7231.647,3.289,4.893699119911991,5.002246974697471,5.056520902090209,4.875607810781077
600423.SH,20120927,5.3,5.57,5.3,5.52,5.41,0.11,2.03,15460.02,8476.925,3.289,4.9932013201320125,4.794196919691969,5.038429592959297,4.794196919691969
600423.SH,20120928,5.48,5.66,5.46,5.65,5.52,0.13,2.36,16715.24,9356.594,3.289,5.110794829482948,4.9570187018701874,5.119840484048406,4.938927392739274
600423.SH,20121008,5.65,5.67,5.56,5.62,5.65,-0.03,-0.53,10847.25,6075.523,3.289,5.083657865786579,5.110794829482948,5.128886138613861,5.029383938393838
600423.SH,20121009,5.6,5.81,5.6,5.78,5.62,0.16,2.85,19876.39,11411.692,3.289,5.228388338833884,5.065566556655665,5.255525302530252,5.065566556655665
600423.SH,20121010,5.76,5.83,5.74,5.81,5.78,0.03,0.52,17700.25,10248.825,3.289,5.255525302530252,5.2102970297029705,5.273616611661167,5.1922057205720575
600423.SH,20121011,5.81,5.81,5.7,5.71,5.81,-0.1,-1.72,10882.55,6254.903,3.289,5.165068756875688,5.255525302530252,5.255525302530252,5.156023102310232
600423.SH,20121012,5.7,5.88,5.7,5.8,5.71,0.09,1.58,20896.49,12135.833,3.289,5.246479647964796,5.156023102310232,5.318844884488449,5.156023102310232
600423.SH,20121015,5.75,5.97,5.75,5.85,5.8,0.05,0.86,36677.57,21507.15,3.289,5.291707920792079,5.201251375137514,5.400255775577557,5.201251375137514
600423.SH,20121016,5.82,5.89,5.76,5.81,5.85,-0.04,-0.68,19879.81,11589.964,3.289,5.255525302530252,5.264570957095709,5.327890539053905,5.2102970297029705
600423.SH,20121017,5.86,5.94,5.82,5.86,5.81,0.05,0.86,21445.63,12611.56,3.289,5.300753575357536,5.300753575357536,5.373118811881188,5.264570957095709
600423.SH,20121018,5.83,5.9,5.8,5.89,5.86,0.03,0.51,29277.19,17144.406,3.289,5.327890539053905,5.273616611661167,5.336936193619362,5.246479647964796
600423.SH,20121019,5.84,5.91,5.8,5.88,5.89,-0.01,-0.17,16079.9,9412.473,3.289,5.318844884488449,5.282662266226622,5.345981848184819,5.246479647964796
600423.SH,20121022,5.8,5.86,5.78,5.85,5.88,-0.03,-0.51,14500.41,8438.196,3.289,5.291707920792079,5.246479647964796,5.300753575357536,5.228388338833884
600423.SH,20121023,5.85,5.86,5.79,5.84,5.85,-0.01,-0.17,16689.0,9741.717,3.289,5.282662266226622,5.291707920792079,5.300753575357536,5.23743399339934
600423.SH,20121024,5.82,5.87,5.76,5.83,5.84,-0.01,-0.17,11890.58,6935.782,3.289,5.273616611661167,5.264570957095709,5.309799229922993,5.2102970297029705
600423.SH,20121025,5.75,5.83,5.63,5.67,5.83,-0.16,-2.74,24773.74,14218.912,3.289,5.128886138613861,5.201251375137514,5.273616611661167,5.092703520352035
600423.SH,20121026,5.64,5.68,5.49,5.54,5.67,-0.13,-2.29,19818.31,10997.769,3.289,5.011292629262926,5.101749174917491,5.137931793179318,4.966064356435644
600423.SH,20121029,5.54,5.67,5.5,5.58,5.54,0.04,0.72,6618.47,3675.905,3.289,5.047475247524753,5.011292629262926,5.128886138613861,4.9751100110011
600423.SH,20121030,5.63,5.66,5.55,5.56,5.58,-0.02,-0.36,6501.73,3634.765,3.289,5.029383938393838,5.092703520352035,5.119840484048406,5.020338283828383
600423.SH,20121031,5.56,5.57,5.47,5.55,5.56,-0.01,-0.18,10670.57,5886.88,3.289,5.020338283828383,5.029383938393838,5.038429592959297,4.94797304730473
600423.SH,20121101,5.54,5.65,5.54,5.63,5.55,0.08,1.44,16158.87,9065.913,3.289,5.092703520352035,5.011292629262926,5.110794829482948,5.011292629262926
600423.SH,20121102,5.65,5.65,5.57,5.63,5.63,0.0,0.0,11143.6,6258.894,3.289,5.092703520352035,5.110794829482948,5.110794829482948,5.038429592959297
600423.SH,20121105,5.59,5.94,5.59,5.79,5.63,0.16,2.84,45516.94,26334.723,3.289,5.23743399339934,5.056520902090209,5.373118811881188,5.056520902090209
600423.SH,20121106,5.78,5.78,5.6,5.68,5.79,-0.11,-1.9,15575.15,8824.38,3.289,5.137931793179318,5.228388338833884,5.228388338833884,5.065566556655665
600423.SH,20121107,5.71,5.71,5.62,5.63,5.68,-0.05,-0.88,10387.01,5866.354,3.289,5.092703520352035,5.165068756875688,5.165068756875688,5.083657865786579
600423.SH,20121108,5.57,5.57,5.4,5.41,5.63,-0.22,-3.91,20551.05,11236.024,3.289,4.893699119911991,5.038429592959297,5.038429592959297,4.884653465346536
600423.SH,20121109,5.36,5.46,5.36,5.43,5.41,0.02,0.37,12253.59,6632.126,3.289,4.911790429042904,4.848470847084709,4.938927392739274,4.848470847084709
600423.SH,20121112,5.4,5.51,5.4,5.5,5.43,0.07,1.29,10923.69,5982.4,3.289,4.9751100110011,4.884653465346536,4.984155665566556,4.884653465346536
600423.SH,20121113,5.5,5.5,5.35,5.36,5.5,-0.14,-2.55,10876.16,5880.572,3.289,4.848470847084709,4.9751100110011,4.9751100110011,4.839425192519252
600423.SH,20121114,5.34,5.4,5.33,5.38,5.36,0.02,0.37,6740.61,3617.154,3.289,4.866562156215622,4.830379537953795,4.884653465346536,4.82133388338834
600423.SH,20121115,5.34,5.38,5.29,5.3,5.38,-0.08,-1.49,8254.1,4408.014,3.289,4.794196919691969,4.830379537953795,4.866562156215622,4.785151265126513
600423.SH,20121116,5.26,5.34,5.24,5.32,5.3,0.02,0.38,6027.31,3176.957,3.289,4.812288228822883,4.758014301430142,4.830379537953795,4.73992299229923
600423.SH,20121119,5.32,5.34,5.24,5.32,5.32,0.0,0.0,5072.0,2683.576,3.289,4.812288228822883,4.812288228822883,4.830379537953795,4.73992299229923
600423.SH,20121120,5.4,5.73,5.39,5.42,5.32,0.1,1.88,22790.91,12467.16,3.289,4.902744774477448,4.884653465346536,5.183160066006601,4.875607810781077
600423.SH,20121121,5.42,5.63,5.32,5.49,5.42,0.07,1.29,19915.07,10818.055,3.289,4.966064356435644,4.902744774477448,5.092703520352035,4.812288228822883
600423.SH,20121122,5.49,5.72,5.45,5.6,5.49,0.11,2.0,45115.91,25249.843,3.289,5.065566556655665,4.966064356435644,5.174114411441144,4.929881738173818
600423.SH,20121123,5.63,5.7,5.55,5.6,5.6,0.0,0.0,22725.18,12750.426,3.289,5.065566556655665,5.092703520352035,5.156023102310232,5.020338283828383
600423.SH,20121126,5.59,5.62,5.44,5.47,5.6,-0.13,-2.32,15653.5,8644.258,3.289,4.94797304730473,5.056520902090209,5.083657865786579,4.920836083608361
600423.SH,20121127,5.45,5.45,5.05,5.14,5.47,-0.33,-6.03,24398.6,12672.929,3.289,4.649466446644664,4.929881738173818,4.929881738173818,4.568055555555556
600423.SH,20121128,5.06,5.15,4.96,5.13,5.14,-0.01,-0.19,9015.29,4573.357,3.289,4.640420792079207,4.577101210121012,4.658512101210122,4.486644664466446
600423.SH,20121129,5.08,5.16,5.01,5.05,5.13,-0.08,-1.56,6444.99,3278.406,3.289,4.568055555555556,4.595192519251925,4.667557755775578,4.531872937293729
600423.SH,20121130,5.05,5.12,5.03,5.08,5.05,0.03,0.59,8114.85,4118.379,3.289,4.595192519251925,4.568055555555556,4.631375137513752,4.549964246424643
600423.SH,20121203,5.09,5.12,4.9,4.9,5.08,-0.18,-3.54,9570.04,4789.972,3.289,4.432370737073708,4.604238173817381,4.631375137513752,4.432370737073708
600423.SH,20121204,4.92,4.96,4.8,4.95,4.9,0.05,1.02,10288.65,5009.151,3.289,4.477599009900991,4.4504620462046205,4.486644664466446,4.341914191419142
600423.SH,20121205,4.92,5.15,4.91,5.07,4.95,0.12,2.42,22225.42,11266.813,3.289,4.586146864686469,4.4504620462046205,4.658512101210122,4.441416391639164
600423.SH,20121206,5.08,5.11,5.04,5.08,5.07,0.01,0.2,8310.19,4210.951,3.289,4.595192519251925,4.595192519251925,4.622329482948295,4.559009900990099
600423.SH,20121207,5.09,5.25,5.06,5.24,5.08,0.16,3.15,26600.6,13770.281,3.289,4.73992299229923,4.604238173817381,4.748968646864687,4.577101210121012
600423.SH,20121210,5.25,5.34,5.18,5.31,5.24,0.07,1.34,25556.74,13451.605,3.289,4.803242574257426,4.748968646864687,4.830379537953795,4.68564906490649
600423.SH,20121211,5.29,5.29,5.2,5.2,5.31,-0.11,-2.07,22131.51,11605.525,3.289,4.703740374037404,4.785151265126513,4.785151265126513,4.703740374037404
600423.SH,20121212,5.2,5.3,5.14,5.18,5.2,-0.02,-0.38,19438.9,10107.822,3.289,4.68564906490649,4.703740374037404,4.794196919691969,4.649466446644664
600423.SH,20121213,5.17,5.21,5.08,5.09,5.18,-0.09,-1.74,13223.75,6800.889,3.289,4.604238173817381,4.676603410341034,4.71278602860286,4.595192519251925
600423.SH,20121214,5.09,5.3,5.06,5.29,5.09,0.2,3.93,36969.18,19347.598,3.289,4.785151265126513,4.604238173817381,4.794196919691969,4.577101210121012
600423.SH,20121217,5.28,5.43,5.26,5.42,5.29,0.13,2.46,43336.49,23179.32,3.289,4.902744774477448,4.776105610561057,4.911790429042904,4.758014301430142
600423.SH,20121218,5.42,5.49,5.35,5.37,5.42,-0.05,-0.92,45998.73,24890.26,3.289,4.857516501650165,4.902744774477448,4.966064356435644,4.839425192519252
600423.SH,20121219,5.32,5.41,5.32,5.38,5.37,0.01,0.19,18585.94,9976.818,3.289,4.866562156215622,4.812288228822883,4.893699119911991,4.812288228822883
600423.SH,20121220,5.34,5.4,5.29,5.39,5.38,0.01,0.19,18640.55,9960.283,3.289,4.875607810781077,4.830379537953795,4.884653465346536,4.785151265126513
600423.SH,20121221,5.4,5.47,5.33,5.38,5.39,-0.01,-0.19,19238.66,10382.561,3.289,4.866562156215622,4.884653465346536,4.94797304730473,4.82133388338834
600423.SH,20121224,5.33,5.41,5.33,5.36,5.38,-0.02,-0.37,9616.4,5162.028,3.289,4.848470847084709,4.82133388338834,4.893699119911991,4.82133388338834
600423.SH,20121225,5.36,5.55,5.33,5.51,5.36,0.15,2.8,39418.24,21530.15,3.289,4.984155665566556,4.848470847084709,5.020338283828383,4.82133388338834
600423.SH,20121226,5.5,5.58,5.48,5.55,5.51,0.04,0.73,31627.84,17484.556,3.289,5.020338283828383,4.9751100110011,5.047475247524753,4.9570187018701874
600423.SH,20121227,5.57,5.59,5.48,5.5,5.55,-0.05,-0.9,30636.08,16940.732,3.289,4.9751100110011,5.038429592959297,5.056520902090209,4.9570187018701874
600423.SH,20121228,5.47,5.55,5.45,5.55,5.5,0.05,0.91,21435.03,11802.52,3.289,5.020338283828383,4.94797304730473,5.020338283828383,4.929881738173818
600423.SH,20121231,5.55,5.59,5.47,5.54,5.55,-0.01,-0.18,33821.43,18711.263,3.289,5.011292629262926,5.020338283828383,5.056520902090209,4.94797304730473
600423.SH,20130104,5.58,5.59,5.46,5.5,5.54,-0.04,-0.72,34459.07,19034.003,3.289,4.9751100110011,5.047475247524753,5.056520902090209,4.938927392739274
600423.SH,20130107,5.46,5.63,5.45,5.62,5.5,0.12,2.18,39940.31,22153.373,3.289,5.083657865786579,4.938927392739274,5.092703520352035,4.929881738173818
600423.SH,20130108,5.62,5.76,5.58,5.74,5.62,0.12,2.14,59222.56,33640.49,3.289,5.1922057205720575,5.083657865786579,5.2102970297029705,5.047475247524753
600423.SH,20130109,5.71,5.87,5.66,5.72,5.74,-0.02,-0.35,79952.66,46123.17,3.289,5.174114411441144,5.165068756875688,5.309799229922993,5.119840484048406
600423.SH,20130110,5.73,5.76,5.6,5.66,5.72,-0.06,-1.05,44993.14,25586.304,3.289,5.119840484048406,5.183160066006601,5.2102970297029705,5.065566556655665
600423.SH,20130111,5.67,5.7,5.53,5.6,5.66,-0.06,-1.06,42488.78,23796.903,3.289,5.065566556655665,5.128886138613861,5.156023102310232,5.002246974697471
600423.SH,20130114,5.52,5.87,5.52,5.83,5.6,0.23,4.11,61365.13,35139.367,3.289,5.273616611661167,4.9932013201320125,5.309799229922993,4.9932013201320125
600423.SH,20130115,5.88,6.11,5.87,6.01,5.83,0.18,3.09,92745.25,55484.701,3.289,5.436438393839384,5.318844884488449,5.52689493949395,5.309799229922993
600423.SH,20130116,6.0,6.07,5.85,6.03,6.01,0.02,0.33,50916.5,30345.663,3.289,5.454529702970297,5.427392739273928,5.490712321232123,5.291707920792079
600423.SH,20130117,5.97,6.03,5.93,6.0,6.03,-0.03,-0.5,41156.88,24614.12,3.289,5.427392739273928,5.400255775577557,5.454529702970297,5.364073157315731
600423.SH,20130118,5.99,6.04,5.93,6.0,6.0,0.0,0.0,39292.75,23536.413,3.289,5.427392739273928,5.41834708470847,5.463575357535754,5.364073157315731
600423.SH,20130121,5.97,6.07,5.91,6.04,6.0,0.04,0.67,90366.54,54310.651,3.289,5.463575357535754,5.400255775577557,5.490712321232123,5.345981848184819
600423.SH,20130122,6.0,6.03,5.76,5.82,6.04,-0.22,-3.64,67206.21,39687.548,3.289,5.264570957095709,5.427392739273928,5.454529702970297,5.2102970297029705
600423.SH,20130123,5.79,5.88,5.75,5.84,5.82,0.02,0.34,30364.34,17632.139,3.289,5.282662266226622,5.23743399339934,5.318844884488449,5.201251375137514
600423.SH,20130124,5.85,5.95,5.68,5.73,5.84,-0.11,-1.88,60374.53,35268.674,3.289,5.183160066006601,5.291707920792079,5.382164466446645,5.137931793179318
600423.SH,20130125,5.7,5.76,5.65,5.71,5.73,-0.02,-0.35,33275.93,18975.714,3.289,5.165068756875688,5.156023102310232,5.2102970297029705,5.110794829482948
600423.SH,20130128,5.74,5.83,5.7,5.82,5.71,0.11,1.93,26547.7,15329.354,3.289,5.264570957095709,5.1922057205720575,5.273616611661167,5.156023102310232
600423.SH,20130129,5.83,5.86,5.78,5.83,5.82,0.01,0.17,34815.39,20267.16,3.289,5.273616611661167,5.273616611661167,5.300753575357536,5.228388338833884
600423.SH,20130130,5.84,5.86,5.73,5.82,5.83,-0.01,-0.17,31691.21,18370.752,3.289,5.264570957095709,5.282662266226622,5.300753575357536,5.183160066006601
600423.SH,20130131,5.8,5.89,5.75,5.87,5.82,0.05,0.86,35242.02,20533.286,3.289,5.309799229922993,5.246479647964796,5.327890539053905,5.201251375137514
600423.SH,20130201,5.85,5.91,5.83,5.87,5.87,0.0,0.0,39736.96,23361.403,3.289,5.309799229922993,5.291707920792079,5.345981848184819,5.273616611661167
600423.SH,20130204,5.89,5.92,5.77,5.78,5.87,-0.09,-1.53,35112.7,20499.837,3.289,5.228388338833884,5.327890539053905,5.355027502750275,5.219342684268426
600423.SH,20130205,5.75,5.94,5.75,5.94,5.78,0.16,2.77,38346.6,22568.746,3.289,5.373118811881188,5.201251375137514,5.373118811881188,5.201251375137514
600423.SH,20130206,5.95,5.96,5.89,5.93,5.94,-0.01,-0.17,27124.04,16094.203,3.289,5.364073157315731,5.382164466446645,5.391210121012102,5.327890539053905
600423.SH,20130207,5.93,5.94,5.85,5.88,5.93,-0.05,-0.84,24133.57,14199.575,3.289,5.318844884488449,5.364073157315731,5.373118811881188,5.291707920792079
600423.SH,20130208,5.88,5.98,5.86,5.96,5.88,0.08,1.36,26412.37,15712.824,3.289,5.391210121012102,5.318844884488449,5.409301430143015,5.300753575357536
600423.SH,20130218,5.99,6.15,5.96,6.08,5.96,0.12,2.01,47667.88,28761.093,3.289,5.49975797579758,5.41834708470847,5.563077557755776,5.391210121012102
600423.SH,20130219,6.13,6.18,6.01,6.1,6.08,0.02,0.33,67425.03,41101.766,3.289,5.517849284928492,5.544986248624863,5.590214521452145,5.436438393839384
600423.SH,20130220,6.08,6.16,6.05,6.14,6.1,0.04,0.66,61969.02,37850.909,3.289,5.554031903190318,5.49975797579758,5.572123212321233,5.47262101210121
600423.SH,20130221,6.14,6.15,5.91,5.96,6.14,-0.18,-2.93,47049.34,28275.882,3.289,5.391210121012102,5.554031903190318,5.563077557755776,5.345981848184819
600423.SH,20130222,5.95,5.98,5.85,5.85,5.96,-0.11,-1.85,25255.53,14954.87,3.289,5.291707920792079,5.382164466446645,5.409301430143015,5.291707920792079
600423.SH,20130225,5.85,5.95,5.84,5.9,5.85,0.05,0.85,16651.81,9790.908,3.289,5.336936193619362,5.291707920792079,5.382164466446645,5.282662266226622
600423.SH,20130226,5.88,5.93,5.72,5.77,5.9,-0.13,-2.2,21829.81,12767.438,3.289,5.219342684268426,5.318844884488449,5.364073157315731,5.174114411441144
600423.SH,20130227,5.8,5.84,5.71,5.77,5.77,0.0,0.0,18625.49,10758.953,3.289,5.219342684268426,5.246479647964796,5.282662266226622,5.165068756875688
600423.SH,20130228,5.82,5.89,5.75,5.88,5.77,0.11,1.91,20813.26,12145.423,3.289,5.318844884488449,5.264570957095709,5.327890539053905,5.201251375137514
600423.SH,20130301,5.88,5.95,5.79,5.94,5.88,0.06,1.02,25590.88,15018.527,3.289,5.373118811881188,5.318844884488449,5.382164466446645,5.23743399339934
600423.SH,20130304,5.91,5.93,5.75,5.82,5.94,-0.12,-2.02,31064.33,18179.825,3.289,5.264570957095709,5.345981848184819,5.364073157315731,5.201251375137514
600423.SH,20130305,5.78,5.9,5.78,5.9,5.82,0.08,1.37,27832.36,16297.914,3.289,5.336936193619362,5.228388338833884,5.336936193619362,5.228388338833884
600423.SH,20130306,5.9,6.03,5.88,6.03,5.9,0.13,2.2,51919.57,30959.72,3.289,5.454529702970297,5.336936193619362,5.454529702970297,5.318844884488449
600423.SH,20130307,6.05,6.06,5.95,5.96,6.03,-0.07,-1.16,38028.99,22779.463,3.289,5.391210121012102,5.47262101210121,5.4816666666666665,5.382164466446645
600423.SH,20130308,5.93,5.98,5.86,5.88,5.96,-0.08,-1.34,20523.27,12153.574,3.289,5.318844884488449,5.364073157315731,5.409301430143015,5.300753575357536
600423.SH,20130311,5.87,5.96,5.81,5.89,5.88,0.01,0.17,21759.15,12784.008,3.289,5.327890539053905,5.309799229922993,5.391210121012102,5.255525302530252
600423.SH,20130312,5.91,5.91,5.64,5.71,5.89,-0.18,-3.06,29558.07,17017.74,3.289,5.165068756875688,5.345981848184819,5.345981848184819,5.101749174917491
600423.SH,20130313,5.68,5.71,5.54,5.57,5.71,-0.14,-2.45,26522.94,14889.85,3.289,5.038429592959297,5.137931793179318,5.165068756875688,5.011292629262926
600423.SH,20130314,5.68,5.83,5.58,5.62,5.57,0.05,0.9,39452.43,22547.246,3.289,5.083657865786579,5.137931793179318,5.273616611661167,5.047475247524753
600423.SH,20130315,5.59,5.7,5.47,5.59,5.62,-0.03,-0.53,26702.45,14931.775,3.289,5.056520902090209,5.056520902090209,5.156023102310232,4.94797304730473
600423.SH,20130318,5.57,5.57,5.46,5.5,5.59,-0.09,-1.61,19596.26,10796.951,3.289,4.9751100110011,5.038429592959297,5.038429592959297,4.938927392739274
600423.SH,20130319,5.5,5.55,5.46,5.52,5.5,0.02,0.36,14394.74,7917.529,3.289,4.9932013201320125,4.9751100110011,5.020338283828383,4.938927392739274
600423.SH,20130320,5.52,5.76,5.48,5.73,5.52,0.21,3.8,38463.17,21775.547,3.289,5.183160066006601,4.9932013201320125,5.2102970297029705,4.9570187018701874
600423.SH,20130321,5.7,5.8,5.69,5.77,5.73,0.04,0.7,27951.02,16059.502,3.289,5.219342684268426,5.156023102310232,5.246479647964796,5.146977447744774
600423.SH,20130322,5.73,5.8,5.68,5.77,5.77,0.0,0.0,20086.84,11559.888,3.289,5.219342684268426,5.183160066006601,5.246479647964796,5.137931793179318
600423.SH,20130325,5.74,6.09,5.73,6.05,5.77,0.28,4.85,118499.38,70046.257,3.289,5.47262101210121,5.1922057205720575,5.508803630363036,5.183160066006601
600423.SH,20130326,6.0,6.62,5.92,6.25,6.05,0.2,3.31,207610.13,128869.038,3.289,5.653534103410341,5.427392739273928,5.988223322332233,5.355027502750275
600423.SH,20130327,6.15,6.43,6.11,6.13,6.25,-0.12,-1.92,136145.06,84673.056,3.289,5.544986248624863,5.563077557755776,5.816355885588559,5.52689493949395
600423.SH,20130328,6.06,6.24,5.88,5.92,6.13,-0.21,-3.43,69514.54,41584.241,3.289,5.355027502750275,5.4816666666666665,5.644488448844885,5.318844884488449
600423.SH,20130329,5.96,5.96,5.76,5.8,5.92,-0.12,-2.03,41007.04,23925.37,3.289,5.246479647964796,5.391210121012102,5.391210121012102,5.2102970297029705
600423.SH,20130401,5.83,5.93,5.8,5.87,5.8,0.07,1.21,22459.32,13128.936,3.289,5.309799229922993,5.273616611661167,5.364073157315731,5.246479647964796
600423.SH,20130402,5.83,5.94,5.65,5.7,5.87,-0.17,-2.9,36886.28,21210.029,3.289,5.156023102310232,5.273616611661167,5.373118811881188,5.110794829482948
600423.SH,20130403,5.7,5.77,5.6,5.74,5.7,0.04,0.7,25209.03,14370.074,3.289,5.1922057205720575,5.156023102310232,5.219342684268426,5.065566556655665
600423.SH,20130408,5.72,5.72,5.55,5.69,5.74,-0.05,-0.87,22578.01,12744.468,3.289,5.146977447744774,5.174114411441144,5.174114411441144,5.020338283828383
600423.SH,20130409,5.69,5.75,5.67,5.74,5.69,0.05,0.88,16496.27,9449.468,3.289,5.1922057205720575,5.146977447744774,5.201251375137514,5.128886138613861
600423.SH,20130410,5.7,5.78,5.59,5.64,5.74,-0.1,-1.74,20051.95,11343.714,3.289,5.101749174917491,5.156023102310232,5.228388338833884,5.056520902090209
600423.SH,20130411,5.65,5.72,5.61,5.62,5.64,-0.02,-0.35,23607.49,13339.75,3.289,5.083657865786579,5.110794829482948,5.174114411441144,5.074612211221122
600423.SH,20130412,5.57,5.57,5.36,5.37,5.62,-0.25,-4.45,55024.02,29939.628,3.289,4.857516501650165,5.038429592959297,5.038429592959297,4.848470847084709
600423.SH,20130415,5.22,5.25,4.99,5.05,5.37,-0.32,-5.96,56919.74,28941.046,3.289,4.568055555555556,4.7218316831683165,4.748968646864687,4.513781628162817
600423.SH,20130416,5.0,5.08,4.93,5.06,5.05,0.01,0.2,27979.54,14001.75,3.289,4.577101210121012,4.522827282728273,4.595192519251925,4.459507700770077
600423.SH,20130417,5.05,5.07,5.01,5.05,5.06,-0.01,-0.2,26006.65,13095.099,3.289,4.568055555555556,4.568055555555556,4.586146864686469,4.531872937293729
600423.SH,20130418,5.04,5.12,4.97,5.11,5.05,0.06,1.19,42464.3,21509.469,3.289,4.622329482948295,4.559009900990099,4.631375137513752,4.495690319031903
600423.SH,20130419,5.07,5.2,5.07,5.17,5.11,0.06,1.17,53495.81,27517.437,3.289,4.676603410341034,4.586146864686469,4.703740374037404,4.586146864686469
600423.SH,20130422,5.15,5.15,5.06,5.09,5.17,-0.08,-1.55,36944.99,18813.881,3.289,4.604238173817381,4.658512101210122,4.658512101210122,4.577101210121012
600423.SH,20130423,5.09,5.14,4.99,5.0,5.09,-0.09,-1.77,45928.22,23208.655,3.289,4.522827282728273,4.604238173817381,4.649466446644664,4.513781628162817
600423.SH,20130424,5.0,5.05,4.95,5.05,5.0,0.05,1.0,26174.63,13119.103,3.289,4.568055555555556,4.522827282728273,4.568055555555556,4.477599009900991
600423.SH,20130425,5.04,5.05,4.95,4.95,5.05,-0.1,-1.98,21702.9,10853.015,3.289,4.477599009900991,4.559009900990099,4.568055555555556,4.477599009900991
600423.SH,20130426,4.95,4.98,4.73,4.74,4.95,-0.21,-4.24,33140.0,16087.199,3.289,4.287640264026403,4.477599009900991,4.50473597359736,4.278594609460947
600423.SH,20130502,4.72,4.78,4.69,4.74,4.74,0.0,0.0,13894.82,6557.525,3.289,4.287640264026403,4.269548954895489,4.323822882288229,4.24241199119912
600423.SH,20130503,4.76,4.84,4.76,4.8,4.74,0.06,1.27,21054.01,10117.811,3.289,4.341914191419142,4.305731573157316,4.378096809680968,4.305731573157316
600423.SH,20130506,4.83,4.85,4.81,4.84,4.8,0.04,0.83,17914.2,8651.377,3.289,4.378096809680968,4.369051155115511,4.387142464246424,4.3509598459845975
600423.SH,20130507,4.84,4.88,4.83,4.83,4.84,-0.01,-0.21,26654.5,12941.657,3.289,4.369051155115511,4.378096809680968,4.414279427942794,4.369051155115511
600423.SH,20130508,4.85,4.9,4.83,4.88,4.83,0.05,1.04,24918.73,12143.498,3.289,4.414279427942794,4.387142464246424,4.432370737073708,4.369051155115511
600423.SH,20130509,4.9,4.91,4.83,4.85,4.88,-0.03,-0.61,22601.86,10996.879,3.289,4.387142464246424,4.432370737073708,4.441416391639164,4.369051155115511
600423.SH,20130510,4.86,4.95,4.82,4.93,4.85,0.08,1.65,22861.72,11185.74,3.289,4.459507700770077,4.396188118811882,4.477599009900991,4.360005500550056
600423.SH,20130513,4.91,5.01,4.88,4.99,4.93,0.06,1.22,33706.57,16702.01,3.289,4.513781628162817,4.441416391639164,4.531872937293729,4.414279427942794
600423.SH,20130514,4.95,4.98,4.92,4.96,4.99,-0.03,-0.6,23341.34,11548.64,3.289,4.486644664466446,4.477599009900991,4.50473597359736,4.4504620462046205
600423.SH,20130515,4.96,5.08,4.92,5.05,4.96,0.09,1.81,60985.69,30556.18,3.289,4.568055555555556,4.486644664466446,4.595192519251925,4.4504620462046205
600423.SH,20130516,5.03,5.56,5.0,5.56,5.05,0.51,10.1,198905.7,105886.916,3.289,5.029383938393838,4.549964246424643,5.029383938393838,4.522827282728273
600423.SH,20130517,5.56,6.07,5.42,5.97,5.56,0.41,7.37,246914.05,140657.622,3.289,5.400255775577557,5.029383938393838,5.490712321232123,4.902744774477448
600423.SH,20130520,5.75,5.97,5.6,5.63,5.97,-0.34,-5.7,270896.95,154391.712,3.289,5.092703520352035,5.201251375137514,5.400255775577557,5.065566556655665
600423.SH,20130521,5.6,5.6,5.47,5.5,5.63,-0.13,-2.31,116772.39,64342.441,3.289,4.9751100110011,5.065566556655665,5.065566556655665,4.94797304730473
600423.SH,20130522,5.51,5.59,5.49,5.51,5.5,0.01,0.18,75995.7,42115.494,3.289,4.984155665566556,4.984155665566556,5.056520902090209,4.966064356435644
600423.SH,20130523,5.51,5.55,5.39,5.4,5.51,-0.11,-2.0,55471.81,30261.774,3.289,4.884653465346536,4.984155665566556,5.020338283828383,4.875607810781077
600423.SH,20130524,5.4,5.47,5.34,5.47,5.4,0.07,1.3,46785.01,25300.963,3.289,4.94797304730473,4.884653465346536,4.94797304730473,4.830379537953795
600423.SH,20130527,5.47,5.47,5.36,5.38,5.47,-0.09,-1.65,43900.1,23706.936,3.289,4.866562156215622,4.94797304730473,4.94797304730473,4.848470847084709
600423.SH,20130528,5.4,5.44,5.36,5.44,5.38,0.06,1.12,43103.33,23330.616,3.289,4.920836083608361,4.884653465346536,4.920836083608361,4.848470847084709
600423.SH,20130529,5.44,5.47,5.39,5.42,5.44,-0.02,-0.37,33662.85,18248.881,3.289,4.902744774477448,4.920836083608361,4.94797304730473,4.875607810781077
600423.SH,20130530,5.42,5.42,5.32,5.34,5.42,-0.08,-1.48,48600.27,26019.077,3.289,4.830379537953795,4.902744774477448,4.902744774477448,4.812288228822883
600423.SH,20130531,5.33,5.41,5.33,5.35,5.34,0.01,0.19,32942.96,17695.314,3.289,4.839425192519252,4.82133388338834,4.893699119911991,4.82133388338834
600423.SH,20130603,5.32,5.43,5.32,5.37,5.35,0.02,0.37,27413.6,14764.698,3.289,4.857516501650165,4.812288228822883,4.911790429042904,4.812288228822883
600423.SH,20130604,5.35,5.37,5.13,5.16,5.37,-0.21,-3.91,50653.08,26448.759,3.289,4.667557755775578,4.839425192519252,4.857516501650165,4.640420792079207
600423.SH,20130605,5.12,5.17,5.1,5.16,5.16,0.0,0.0,23142.96,11883.761,3.289,4.667557755775578,4.631375137513752,4.676603410341034,4.613283828382839
600423.SH,20130606,5.14,5.15,5.0,5.03,5.16,-0.13,-2.52,22455.31,11414.773,3.289,4.549964246424643,4.649466446644664,4.658512101210122,4.522827282728273
600423.SH,20130607,5.03,5.08,4.98,5.02,5.03,-0.01,-0.2,21761.64,10917.774,3.289,4.540918591859186,4.549964246424643,4.595192519251925,4.50473597359736
600423.SH,20130613,4.99,4.99,4.78,4.87,5.02,-0.15,-2.99,20785.87,10098.418,3.289,4.405233773377338,4.513781628162817,4.513781628162817,4.323822882288229
600423.SH,20130614,4.85,4.95,4.85,4.92,4.87,0.05,1.03,16488.34,8077.308,3.289,4.4504620462046205,4.387142464246424,4.477599009900991,4.387142464246424
600423.SH,20130617,4.93,4.96,4.87,4.94,4.92,0.02,0.41,13970.06,6876.034,3.289,4.468553355335534,4.459507700770077,4.486644664466446,4.405233773377338
600423.SH,20130618,4.94,4.96,4.88,4.95,4.94,0.01,0.2,14229.0,7000.433,3.289,4.477599009900991,4.468553355335534,4.486644664466446,4.414279427942794
600423.SH,20130619,4.95,4.95,4.78,4.85,4.95,-0.1,-2.02,22527.97,10901.785,3.289,4.387142464246424,4.477599009900991,4.477599009900991,4.323822882288229
600423.SH,20130620,4.84,4.84,4.7,4.73,4.85,-0.12,-2.47,19257.26,9192.665,3.289,4.278594609460947,4.378096809680968,4.378096809680968,4.251457645764576
600423.SH,20130621,4.54,4.82,4.54,4.73,4.73,0.0,0.0,21999.66,10261.437,3.289,4.278594609460947,4.106727172717272,4.360005500550056,4.106727172717272
600423.SH,20130624,4.7,4.7,4.3,4.35,4.73,-0.38,-8.03,25443.95,11415.921,3.289,3.934859735973597,4.251457645764576,4.251457645764576,3.889631463146314
600423.SH,20130625,4.29,4.35,3.9,4.21,4.29,-0.08,-1.86,25562.32,10652.719,3.335,3.861482398239824,3.934859735973597,3.989892739273927,3.577145214521452
600423.SH,20130626,4.22,4.26,4.16,4.22,4.21,0.01,0.24,12900.87,5436.762,3.335,3.870654565456545,3.870654565456545,3.907343234323432,3.815621562156216
600423.SH,20130627,4.22,4.28,4.02,4.06,4.22,-0.16,-3.79,21158.95,8798.501,3.335,3.7238998899889983,3.870654565456545,3.925687568756876,3.687211221122112
600423.SH,20130628,4.05,4.12,4.01,4.06,4.06,0.0,0.0,14332.2,5828.053,3.335,3.7238998899889983,3.7147277227722766,3.778932893289329,3.67803905390539
600423.SH,20130701,4.06,4.17,4.04,4.13,4.06,0.07,1.72,16469.46,6763.85,3.335,3.78810506050605,3.7238998899889983,3.824793729372937,3.7055555555555553
600423.SH,20130702,4.13,4.2,4.11,4.17,4.13,0.04,0.97,16093.95,6694.879,3.335,3.824793729372937,3.78810506050605,3.852310231023102,3.769760726072608
600423.SH,20130703,4.13,4.19,4.05,4.13,4.17,-0.04,-0.96,14761.08,6063.37,3.335,3.78810506050605,3.78810506050605,3.843138063806381,3.7147277227722766
600423.SH,20130704,4.13,4.24,4.07,4.21,4.13,0.08,1.94,20514.57,8562.069,3.335,3.861482398239824,3.78810506050605,3.888998899889989,3.733072057205721
600423.SH,20130705,4.22,4.41,4.19,4.39,4.21,0.18,4.28,36992.88,15932.588,3.335,4.026581408140814,3.870654565456545,4.044925742574257,3.843138063806381
600423.SH,20130708,4.31,4.35,4.15,4.17,4.39,-0.22,-5.01,27377.57,11646.692,3.335,3.824793729372937,3.95320407040704,3.989892739273927,3.806449394939494
600423.SH,20130709,4.17,4.25,4.09,4.23,4.17,0.06,1.44,13692.35,5710.035,3.335,3.8798267326732674,3.824793729372937,3.898171067106712,3.751416391639164
600423.SH,20130710,4.18,4.32,4.14,4.29,4.23,0.06,1.42,23358.32,9907.981,3.335,3.934859735973597,3.8339658965896586,3.962376237623763,3.797277227722772
600423.SH,20130711,4.29,4.45,4.25,4.36,4.29,0.07,1.63,44387.84,19355.385,3.335,3.9990649064906494,3.934859735973597,4.081614411441144,3.898171067106712
600423.SH,20130712,4.37,4.4,4.26,4.27,4.36,-0.09,-2.06,24804.52,10751.554,3.335,3.9165154015401535,4.00823707370737,4.035753575357536,3.907343234323432
600423.SH,20130715,4.26,4.35,4.23,4.27,4.27,0.0,0.0,22697.3,9722.269,3.335,3.9165154015401535,3.907343234323432,3.989892739273927,3.8798267326732674
600423.SH,20130716,4.28,4.33,4.22,4.33,4.27,0.06,1.41,28222.78,12037.72,3.335,3.971548404840484,3.925687568756876,3.971548404840484,3.870654565456545
600423.SH,20130717,4.32,4.34,4.2,4.23,4.33,-0.1,-2.31,19967.31,8530.441,3.335,3.8798267326732674,3.962376237623763,3.980720572057205,3.852310231023102
600423.SH,20130718,4.23,4.23,4.07,4.1,4.23,-0.13,-3.07,28824.06,11923.005,3.335,3.760588558855885,3.8798267326732674,3.8798267326732674,3.733072057205721
600423.SH,20130719,4.1,4.14,3.96,3.97,4.1,-0.13,-3.17,26610.5,10817.637,3.335,3.641350385038504,3.760588558855885,3.797277227722772,3.632178217821782
600423.SH,20130722,3.98,4.03,3.96,4.03,3.97,0.06,1.51,15748.96,6301.345,3.335,3.696383388338834,3.650522552255225,3.696383388338834,3.632178217821782
600423.SH,20130723,4.06,4.17,4.06,4.13,4.03,0.1,2.48,29904.94,12340.415,3.335,3.78810506050605,3.7238998899889983,3.824793729372937,3.7238998899889983
600423.SH,20130724,4.14,4.16,4.07,4.14,4.13,0.01,0.24,19449.69,8014.438,3.335,3.797277227722772,3.797277227722772,3.815621562156216,3.733072057205721
600423.SH,20130725,4.14,4.16,4.09,4.13,4.14,-0.01,-0.24,18609.3,7687.635,3.335,3.78810506050605,3.797277227722772,3.815621562156216,3.751416391639164
600423.SH,20130726,4.1,4.11,4.02,4.09,4.13,-0.04,-0.97,12475.09,5075.76,3.335,3.751416391639164,3.760588558855885,3.769760726072608,3.687211221122112
600423.SH,20130729,4.13,4.13,4.0,4.01,4.09,-0.08,-1.96,13652.26,5531.555,3.335,3.67803905390539,3.78810506050605,3.78810506050605,3.6688668866886687
600423.SH,20130730,4.03,4.07,3.97,4.01,4.01,0.0,0.0,15967.07,6409.213,3.335,3.67803905390539,3.696383388338834,3.733072057205721,3.641350385038504
600423.SH,20130731,4.04,4.09,4.03,4.05,4.01,0.04,1.0,16767.68,6791.83,3.335,3.7147277227722766,3.7055555555555553,3.751416391639164,3.696383388338834
600423.SH,20130801,4.04,4.2,4.04,4.16,4.05,0.11,2.72,33869.55,14041.94,3.335,3.815621562156216,3.7055555555555553,3.852310231023102,3.7055555555555553
600423.SH,20130802,4.16,4.18,4.11,4.16,4.16,0.0,0.0,26866.92,11151.546,3.335,3.815621562156216,3.815621562156216,3.8339658965896586,3.769760726072608
600423.SH,20130805,4.16,4.2,4.14,4.19,4.16,0.03,0.72,24479.05,10227.795,3.335,3.843138063806381,3.815621562156216,3.852310231023102,3.797277227722772
600423.SH,20130806,4.18,4.27,4.17,4.25,4.19,0.06,1.43,33106.05,13996.381,3.335,3.898171067106712,3.8339658965896586,3.9165154015401535,3.824793729372937
600423.SH,20130807,4.25,4.28,4.21,4.23,4.25,-0.02,-0.47,25719.82,10888.817,3.335,3.8798267326732674,3.898171067106712,3.925687568756876,3.861482398239824
600423.SH,20130808,4.23,4.28,4.19,4.27,4.23,0.04,0.95,22679.52,9586.206,3.335,3.9165154015401535,3.8798267326732674,3.925687568756876,3.843138063806381
600423.SH,20130809,4.28,4.32,4.23,4.32,4.27,0.05,1.17,38917.49,16655.383,3.335,3.962376237623763,3.925687568756876,3.962376237623763,3.8798267326732674
600423.SH,20130812,4.31,4.45,4.29,4.41,4.32,0.09,2.08,48331.98,21132.101,3.335,4.044925742574257,3.95320407040704,4.081614411441144,3.934859735973597
600423.SH,20130813,4.41,4.45,4.38,4.41,4.41,0.0,0.0,31506.86,13881.716,3.335,4.044925742574257,4.044925742574257,4.081614411441144,4.017409240924092
600423.SH,20130814,4.41,4.49,4.36,4.38,4.41,-0.03,-0.68,37517.14,16552.808,3.335,4.017409240924092,4.044925742574257,4.118303080308031,3.9990649064906494
600423.SH,20130815,4.36,4.44,4.35,4.35,4.38,-0.03,-0.68,28551.0,12502.792,3.335,3.989892739273927,3.9990649064906494,4.072442244224423,3.989892739273927
600423.SH,20130816,4.31,4.4,4.26,4.27,4.35,-0.08,-1.84,46522.62,19992.711,3.335,3.9165154015401535,3.95320407040704,4.035753575357536,3.907343234323432
600423.SH,20130819,4.26,4.32,4.22,4.29,4.27,0.02,0.47,20147.68,8612.027,3.335,3.934859735973597,3.907343234323432,3.962376237623763,3.870654565456545
600423.SH,20130820,4.28,4.33,4.25,4.28,4.29,-0.01,-0.23,25229.33,10819.498,3.335,3.925687568756876,3.925687568756876,3.971548404840484,3.898171067106712
600423.SH,20130821,4.26,4.37,4.26,4.37,4.28,0.09,2.1,35359.44,15336.244,3.335,4.00823707370737,3.907343234323432,4.00823707370737,3.907343234323432
600423.SH,20130822,4.46,4.46,4.37,4.42,4.37,0.05,1.14,44668.53,19742.423,3.335,4.054097909790979,4.090786578657866,4.090786578657866,4.00823707370737
600423.SH,20130823,4.49,4.49,4.23,4.27,4.42,-0.15,-3.39,42849.88,18537.052,3.335,3.9165154015401535,4.118303080308031,4.118303080308031,3.8798267326732674
600423.SH,20130826,4.29,4.36,4.27,4.27,4.27,0.0,0.0,80006.33,34401.13,3.335,3.9165154015401535,3.934859735973597,3.9990649064906494,3.9165154015401535
600423.SH,20130827,4.28,4.34,4.27,4.33,4.27,0.06,1.41,45576.83,19607.625,3.335,3.971548404840484,3.925687568756876,3.980720572057205,3.9165154015401535
600423.SH,20130828,4.29,4.32,4.24,4.29,4.33,-0.04,-0.92,38229.23,16358.512,3.335,3.934859735973597,3.934859735973597,3.962376237623763,3.888998899889989
600423.SH,20130829,4.28,4.32,4.26,4.31,4.29,0.02,0.47,27702.34,11882.576,3.335,3.95320407040704,3.925687568756876,3.962376237623763,3.907343234323432
600423.SH,20130830,4.31,4.37,4.29,4.31,4.31,0.0,0.0,43411.65,18811.228,3.335,3.95320407040704,3.95320407040704,4.00823707370737,3.934859735973597
600423.SH,20130902,4.3,4.45,4.27,4.44,4.31,0.13,3.02,62488.59,27369.158,3.335,4.072442244224423,3.9440319031903184,4.081614411441144,3.9165154015401535
600423.SH,20130903,4.43,4.46,4.38,4.45,4.44,0.01,0.23,60382.07,26746.642,3.335,4.081614411441144,4.0632700770077,4.090786578657866,4.017409240924092
600423.SH,20130904,4.6,4.78,4.52,4.53,4.45,0.08,1.8,141606.01,65607.055,3.335,4.1549917491749175,4.219196919691969,4.384295929592959,4.145819581958195
600423.SH,20130905,4.55,4.61,4.45,4.47,4.53,-0.06,-1.32,53811.97,24197.627,3.335,4.099958745874587,4.17333608360836,4.228369086908691,4.081614411441144
600423.SH,20130906,4.48,4.49,4.4,4.45,4.47,-0.02,-0.45,36524.12,16246.512,3.335,4.081614411441144,4.10913091309131,4.118303080308031,4.035753575357536
600423.SH,20130909,4.43,4.49,4.42,4.48,4.45,0.03,0.67,40548.88,18085.585,3.335,4.10913091309131,4.0632700770077,4.118303080308031,4.054097909790979
600423.SH,20130910,4.48,4.54,4.45,4.53,4.48,0.05,1.12,44979.71,20200.064,3.335,4.1549917491749175,4.10913091309131,4.164163916391639,4.081614411441144
600423.SH,20130911,4.54,4.61,4.52,4.59,4.53,0.06,1.32,65844.41,30126.871,3.335,4.210024752475247,4.164163916391639,4.228369086908691,4.145819581958195
600423.SH,20130912,4.6,4.63,4.53,4.6,4.59,0.01,0.22,38606.55,17703.665,3.335,4.219196919691969,4.219196919691969,4.246713421342133,4.1549917491749175
600423.SH,20130913,4.61,4.61,4.48,4.52,4.6,-0.08,-1.74,40555.8,18360.762,3.335,4.145819581958195,4.228369086908691,4.228369086908691,4.10913091309131
600423.SH,20130916,4.53,4.54,4.45,4.48,4.52,-0.04,-0.89,26552.37,11921.913,3.335,4.10913091309131,4.1549917491749175,4.164163916391639,4.081614411441144
600423.SH,20130917,4.49,4.52,4.42,4.43,4.48,-0.05,-1.12,40101.74,17910.681,3.335,4.0632700770077,4.118303080308031,4.145819581958195,4.054097909790979
600423.SH,20130918,4.42,4.52,4.42,4.51,4.43,0.08,1.81,54186.08,24252.253,3.335,4.136647414741474,4.054097909790979,4.145819581958195,4.054097909790979
600423.SH,20130923,4.53,4.63,4.52,4.57,4.51,0.06,1.33,49402.88,22597.092,3.335,4.191680418041805,4.1549917491749175,4.246713421342133,4.145819581958195
600423.SH,20130924,4.57,4.59,4.5,4.58,4.57,0.01,0.22,25191.29,11436.049,3.335,4.2008525852585255,4.191680418041805,4.210024752475247,4.127475247524752
600423.SH,20130925,4.57,4.64,4.51,4.58,4.58,0.0,0.0,46123.82,21030.096,3.335,4.2008525852585255,4.191680418041805,4.255885588558855,4.136647414741474
600423.SH,20130926,4.58,4.64,4.53,4.58,4.58,0.0,0.0,63766.74,29300.701,3.335,4.2008525852585255,4.2008525852585255,4.255885588558855,4.1549917491749175
600423.SH,20130927,4.56,4.67,4.54,4.61,4.58,0.03,0.66,63250.33,29282.514,3.335,4.228369086908691,4.182508250825082,4.28340209020902,4.164163916391639
600423.SH,20130930,4.63,4.64,4.48,4.5,4.61,-0.11,-2.39,47170.1,21382.096,3.335,4.127475247524752,4.246713421342133,4.255885588558855,4.10913091309131
600423.SH,20131008,4.48,4.57,4.44,4.56,4.5,0.06,1.33,28303.19,12782.588,3.335,4.182508250825082,4.10913091309131,4.191680418041805,4.072442244224423
600423.SH,20131009,4.54,4.56,4.5,4.55,4.56,-0.01,-0.22,34380.56,15589.965,3.335,4.17333608360836,4.164163916391639,4.182508250825082,4.127475247524752
600423.SH,20131010,4.56,4.66,4.53,4.61,4.55,0.06,1.32,62060.73,28559.564,3.335,4.228369086908691,4.182508250825082,4.2742299229923,4.1549917491749175
600423.SH,20131011,4.6,4.93,4.56,4.73,4.61,0.12,2.6,120443.89,57147.811,3.335,4.338435093509351,4.219196919691969,4.521878437843784,4.182508250825082
600423.SH,20131014,4.73,4.8,4.71,4.79,4.73,0.06,1.27,62472.49,29778.239,3.335,4.393468096809681,4.338435093509351,4.402640264026402,4.3200907590759074
600423.SH,20131015,4.78,4.85,4.73,4.8,4.79,0.01,0.21,54632.08,26225.246,3.335,4.402640264026402,4.384295929592959,4.44850110011001,4.338435093509351
600423.SH,20131016,4.79,4.79,4.62,4.69,4.8,-0.11,-2.29,57450.17,26923.153,3.335,4.301746424642465,4.393468096809681,4.393468096809681,4.2375412541254125
600423.SH,20131017,4.71,4.82,4.68,4.79,4.69,0.1,2.13,49290.9,23507.391,3.335,4.393468096809681,4.3200907590759074,4.420984598459846,4.292574257425742
600423.SH,20131018,4.8,4.98,4.76,4.87,4.79,0.08,1.67,103030.46,50155.419,3.335,4.466845434543455,4.402640264026402,4.567739273927392,4.365951595159515
600423.SH,20131021,4.9,4.96,4.83,4.9,4.87,0.03,0.62,66569.79,32531.896,3.335,4.494361936193619,4.494361936193619,4.549394939493949,4.430156765676567
600423.SH,20131022,4.9,5.03,4.85,4.97,4.9,0.07,1.43,108887.01,53923.225,3.335,4.558567106710671,4.494361936193619,4.613600110011001,4.44850110011001
600423.SH,20131023,4.97,4.97,4.7,4.74,4.97,-0.23,-4.63,73749.63,35537.941,3.335,4.347607260726073,4.558567106710671,4.558567106710671,4.310918591859186
600423.SH,20131024,4.75,4.8,4.6,4.64,4.74,-0.1,-2.11,41777.39,19520.463,3.335,4.255885588558855,4.3567794279427945,4.402640264026402,4.219196919691969
600423.SH,20131025,4.67,4.67,4.5,4.51,4.64,-0.13,-2.8,35257.52,16092.777,3.335,4.136647414741474,4.28340209020902,4.28340209020902,4.127475247524752
600423.SH,20131028,4.56,4.57,4.42,4.48,4.51,-0.03,-0.67,26617.7,11949.425,3.335,4.10913091309131,4.182508250825082,4.191680418041805,4.054097909790979
600423.SH,20131029,4.44,4.51,4.19,4.3,4.48,-0.18,-4.02,44924.07,19440.282,3.335,3.9440319031903184,4.072442244224423,4.136647414741474,3.843138063806381
600423.SH,20131030,4.3,4.36,4.26,4.35,4.3,0.05,1.16,22772.46,9835.999,3.335,3.989892739273927,3.9440319031903184,3.9990649064906494,3.907343234323432
600423.SH,20131031,4.32,4.44,4.19,4.43,4.35,0.08,1.84,50596.87,21713.952,3.335,4.0632700770077,3.962376237623763,4.072442244224423,3.843138063806381
600423.SH,20131101,4.37,4.58,4.33,4.55,4.43,0.12,2.71,56587.42,25332.494,3.335,4.17333608360836,4.00823707370737,4.2008525852585255,3.971548404840484
600423.SH,20131104,4.53,4.66,4.48,4.62,4.55,0.07,1.54,43881.45,20106.273,3.335,4.2375412541254125,4.1549917491749175,4.2742299229923,4.10913091309131
600423.SH,20131105,4.63,4.67,4.55,4.61,4.62,-0.01,-0.22,26827.44,12359.667,3.335,4.228369086908691,4.246713421342133,4.28340209020902,4.17333608360836
600423.SH,20131106,4.59,4.79,4.56,4.66,4.61,0.05,1.08,74856.55,35038.562,3.335,4.2742299229923,4.210024752475247,4.393468096809681,4.182508250825082
600423.SH,20131107,4.66,4.73,4.59,4.62,4.66,-0.04,-0.86,51556.52,24064.905,3.335,4.2375412541254125,4.2742299229923,4.338435093509351,4.210024752475247
600423.SH,20131108,4.63,4.7,4.43,4.64,4.62,0.02,0.43,82034.42,37441.735,3.335,4.255885588558855,4.246713421342133,4.310918591859186,4.0632700770077
600423.SH,20131111,4.61,4.74,4.56,4.71,4.64,0.07,1.51,71389.69,33493.965,3.335,4.3200907590759074,4.228369086908691,4.347607260726073,4.182508250825082
600423.SH,20131112,4.7,4.81,4.67,4.74,4.71,0.03,0.64,96812.2,46023.367,3.335,4.347607260726073,4.310918591859186,4.411812431243123,4.28340209020902
600423.SH,20131113,4.74,4.79,4.61,4.71,4.74,-0.03,-0.63,68570.33,32315.286,3.335,4.3200907590759074,4.347607260726073,4.393468096809681,4.228369086908691
600423.SH,20131114,4.69,4.79,4.62,4.73,4.71,0.02,0.4246,97632.95,46173.035,3.335,4.338435093509351,4.301746424642465,4.393468096809681,4.2375412541254125
600423.SH,20131115,4.76,4.88,4.67,4.68,4.73,-0.05,-1.06,118920.37,56356.056,3.335,4.292574257425742,4.365951595159515,4.476017601760176,4.28340209020902
600423.SH,20131118,4.63,4.7,4.55,4.67,4.68,-0.01,-0.21,67743.3,31335.119,3.335,4.28340209020902,4.246713421342133,4.310918591859186,4.17333608360836
600423.SH,20131119,4.67,4.68,4.58,4.63,4.67,-0.04,-0.86,40276.88,18638.717,3.335,4.246713421342133,4.28340209020902,4.292574257425742,4.2008525852585255
600423.SH,20131120,4.6,4.78,4.6,4.75,4.63,0.12,2.59,70458.1,33245.72,3.335,4.3567794279427945,4.219196919691969,4.384295929592959,4.219196919691969
600423.SH,20131121,4.75,4.77,4.7,4.73,4.75,-0.02,-0.42,56887.11,26921.086,3.335,4.338435093509351,4.3567794279427945,4.375123762376237,4.310918591859186
600423.SH,20131122,4.75,4.84,4.74,4.81,4.73,0.08,1.69,108887.93,52224.656,3.335,4.411812431243123,4.3567794279427945,4.4393289328932894,4.347607260726073
600423.SH,20131125,4.81,4.82,4.65,4.66,4.81,-0.15,-3.12,57958.15,27451.581,3.335,4.2742299229923,4.411812431243123,4.420984598459846,4.265057755775578
600423.SH,20131126,4.63,4.66,4.52,4.54,4.66,-0.12,-2.58,55019.57,25248.315,3.335,4.164163916391639,4.246713421342133,4.2742299229923,4.145819581958195
600423.SH,20131127,4.59,4.59,4.49,4.57,4.54,0.03,0.66,37895.33,17207.109,3.335,4.191680418041805,4.210024752475247,4.210024752475247,4.118303080308031
600423.SH,20131128,4.58,4.64,4.53,4.61,4.57,0.04,0.88,43484.44,20006.367,3.335,4.228369086908691,4.2008525852585255,4.255885588558855,4.1549917491749175
600423.SH,20131129,4.61,4.62,4.54,4.55,4.61,-0.06,-1.3,31584.77,14440.248,3.335,4.17333608360836,4.228369086908691,4.2375412541254125,4.164163916391639
600423.SH,20131202,4.47,4.47,4.18,4.3,4.55,-0.25,-5.49,67550.45,29356.239,3.335,3.9440319031903184,4.099958745874587,4.099958745874587,3.8339658965896586
600423.SH,20131203,4.28,4.39,4.27,4.39,4.3,0.09,2.09,21741.67,9448.42,3.335,4.026581408140814,3.925687568756876,4.026581408140814,3.9165154015401535
600423.SH,20131204,4.4,4.46,4.36,4.43,4.39,0.04,0.91,34840.19,15438.549,3.335,4.0632700770077,4.035753575357536,4.090786578657866,3.9990649064906494
600423.SH,20131205,4.42,4.46,4.4,4.43,4.43,0.0,0.0,24903.04,11037.366,3.335,4.0632700770077,4.054097909790979,4.090786578657866,4.035753575357536
600423.SH,20131206,4.42,4.45,4.4,4.45,4.43,0.02,0.45,22106.35,9795.785,3.335,4.081614411441144,4.054097909790979,4.081614411441144,4.035753575357536
600423.SH,20131209,4.45,4.53,4.43,4.51,4.45,0.06,1.35,26520.29,11906.06,3.335,4.136647414741474,4.081614411441144,4.1549917491749175,4.0632700770077
600423.SH,20131210,4.54,4.54,4.43,4.45,4.51,-0.06,-1.33,26728.21,11936.154,3.335,4.081614411441144,4.164163916391639,4.164163916391639,4.0632700770077
600423.SH,20131211,4.46,4.46,4.31,4.34,4.45,-0.11,-2.47,31892.0,13913.254,3.335,3.980720572057205,4.090786578657866,4.090786578657866,3.95320407040704
600423.SH,20131212,4.34,4.4,4.33,4.38,4.34,0.04,0.92,15061.07,6578.757,3.335,4.017409240924092,3.980720572057205,4.035753575357536,3.971548404840484
600423.SH,20131213,4.37,4.4,4.34,4.37,4.38,-0.01,-0.23,15779.17,6895.019,3.335,4.00823707370737,4.00823707370737,4.035753575357536,3.980720572057205
600423.SH,20131216,4.37,4.38,4.28,4.31,4.37,-0.06,-1.37,17415.46,7536.407,3.335,3.95320407040704,4.00823707370737,4.017409240924092,3.925687568756876
600423.SH,20131217,4.31,4.33,4.23,4.28,4.31,-0.03,-0.7,16026.7,6841.903,3.335,3.925687568756876,3.95320407040704,3.971548404840484,3.8798267326732674
600423.SH,20131218,4.28,4.3,4.24,4.26,4.28,-0.02,-0.47,16095.11,6862.912,3.335,3.907343234323432,3.925687568756876,3.9440319031903184,3.888998899889989
600423.SH,20131219,4.29,4.29,4.24,4.25,4.26,-0.01,-0.23,11641.43,4959.837,3.335,3.898171067106712,3.934859735973597,3.934859735973597,3.888998899889989
600423.SH,20131220,4.25,4.27,4.18,4.21,4.25,-0.04,-0.94,14258.18,6003.936,3.335,3.861482398239824,3.898171067106712,3.9165154015401535,3.8339658965896586
600423.SH,20131223,4.21,4.22,4.12,4.13,4.21,-0.08,-1.9,22584.14,9371.354,3.335,3.78810506050605,3.861482398239824,3.870654565456545,3.778932893289329
600423.SH,20131224,4.12,4.19,4.11,4.16,4.13,0.03,0.73,26557.7,11007.361,3.335,3.815621562156216,3.778932893289329,3.843138063806381,3.769760726072608
600423.SH,20131225,4.13,4.17,4.12,4.17,4.16,0.01,0.24,21728.88,8994.65,3.335,3.824793729372937,3.78810506050605,3.824793729372937,3.778932893289329
600423.SH,20131226,4.16,4.16,4.07,4.07,4.17,-0.1,-2.4,19118.15,7849.129,3.335,3.733072057205721,3.815621562156216,3.815621562156216,3.733072057205721
600423.SH,20131227,4.07,4.15,4.07,4.12,4.07,0.05,1.23,13369.21,5494.494,3.335,3.778932893289329,3.733072057205721,3.806449394939494,3.733072057205721
600423.SH,20131230,4.13,4.16,4.11,4.12,4.12,0.0,0.0,15412.15,6359.682,3.335,3.778932893289329,3.78810506050605,3.815621562156216,3.769760726072608
600423.SH,20131231,4.13,4.16,4.1,4.14,4.12,0.02,0.49,11940.14,4936.186,3.335,3.797277227722772,3.78810506050605,3.815621562156216,3.760588558855885
600423.SH,20140102,4.14,4.24,4.13,4.23,4.14,0.09,2.17,36127.73,15191.564,3.335,3.8798267326732674,3.797277227722772,3.888998899889989,3.78810506050605
600423.SH,20140103,4.22,4.22,4.18,4.19,4.23,-0.04,-0.95,18070.13,7578.534,3.335,3.843138063806381,3.870654565456545,3.870654565456545,3.8339658965896586
600423.SH,20140106,4.17,4.22,4.12,4.15,4.19,-0.04,-0.95,25861.3,10748.95,3.335,3.806449394939494,3.824793729372937,3.870654565456545,3.778932893289329
600423.SH,20140107,4.15,4.23,4.12,4.22,4.15,0.07,1.69,28883.88,12121.433,3.335,3.870654565456545,3.806449394939494,3.8798267326732674,3.778932893289329
600423.SH,20140108,4.22,4.31,4.18,4.21,4.22,-0.01,-0.24,14167.14,5985.924,3.335,3.861482398239824,3.870654565456545,3.95320407040704,3.8339658965896586
600423.SH,20140109,4.21,4.23,4.11,4.17,4.21,-0.04,-0.95,18255.58,7601.494,3.335,3.824793729372937,3.861482398239824,3.8798267326732674,3.769760726072608
600423.SH,20140110,4.17,4.27,4.1,4.22,4.17,0.05,1.2,25727.87,10715.787,3.335,3.870654565456545,3.824793729372937,3.9165154015401535,3.760588558855885
600423.SH,20140113,4.22,4.24,4.19,4.23,4.22,0.01,0.24,16428.8,6916.846,3.335,3.8798267326732674,3.870654565456545,3.888998899889989,3.843138063806381
600423.SH,20140114,4.24,4.36,4.19,4.28,4.23,0.05,1.18,53070.95,22730.209,3.335,3.925687568756876,3.888998899889989,3.9990649064906494,3.843138063806381
600423.SH,20140115,4.3,4.32,4.23,4.29,4.28,0.01,0.23,21615.08,9235.509,3.335,3.934859735973597,3.9440319031903184,3.962376237623763,3.8798267326732674
600423.SH,20140116,4.3,4.32,4.25,4.28,4.29,-0.01,-0.23,15412.92,6608.916,3.335,3.925687568756876,3.9440319031903184,3.962376237623763,3.898171067106712
600423.SH,20140117,4.25,4.34,4.19,4.28,4.28,0.0,0.0,56916.8,24233.024,3.335,3.925687568756876,3.898171067106712,3.980720572057205,3.843138063806381
600423.SH,20140120,4.26,4.32,4.18,4.26,4.28,-0.02,-0.47,55634.52,23519.647,3.335,3.907343234323432,3.907343234323432,3.962376237623763,3.8339658965896586
600423.SH,20140121,4.27,4.45,4.2,4.4,4.26,0.14,3.29,104432.77,45343.206,3.335,4.035753575357536,3.9165154015401535,4.081614411441144,3.852310231023102
600423.SH,20140122,4.4,4.63,4.35,4.49,4.4,0.09,2.05,205357.36,92404.389,3.335,4.118303080308031,4.035753575357536,4.246713421342133,3.989892739273927
600423.SH,20140123,4.47,4.52,4.26,4.4,4.49,-0.09,-2.0,137345.0,60064.652,3.335,4.035753575357536,4.099958745874587,4.145819581958195,3.907343234323432
600423.SH,20140124,4.33,4.38,4.29,4.35,4.4,-0.05,-1.14,58770.44,25444.193,3.335,3.989892739273927,3.971548404840484,4.017409240924092,3.934859735973597
600423.SH,20140127,4.31,4.36,4.23,4.23,4.35,-0.12,-2.76,47617.54,20384.27,3.335,3.8798267326732674,3.95320407040704,3.9990649064906494,3.8798267326732674
600423.SH,20140128,4.2,4.25,4.11,4.13,4.23,-0.1,-2.36,45399.89,18889.985,3.335,3.78810506050605,3.852310231023102,3.898171067106712,3.769760726072608
600423.SH,20140129,4.13,4.15,4.08,4.14,4.13,0.01,0.24,22922.13,9456.466,3.335,3.797277227722772,3.78810506050605,3.806449394939494,3.742244224422442
600423.SH,20140130,4.13,4.16,4.1,4.12,4.14,-0.02,-0.48,15514.75,6401.466,3.335,3.778932893289329,3.78810506050605,3.815621562156216,3.760588558855885
600423.SH,20140207,4.13,4.15,4.08,4.13,4.12,0.01,0.24,21582.81,8865.794,3.335,3.78810506050605,3.78810506050605,3.806449394939494,3.742244224422442
600423.SH,20140210,4.2,4.21,4.13,4.2,4.13,0.07,1.69,33501.47,14017.377,3.335,3.852310231023102,3.852310231023102,3.861482398239824,3.78810506050605
600423.SH,20140211,4.2,4.25,4.18,4.24,4.2,0.04,0.95,49372.19,20795.92,3.335,3.888998899889989,3.852310231023102,3.898171067106712,3.8339658965896586
600423.SH,20140212,4.24,4.29,4.2,4.26,4.24,0.02,0.47,39550.05,16794.182,3.335,3.907343234323432,3.888998899889989,3.934859735973597,3.852310231023102
600423.SH,20140213,4.26,4.28,4.2,4.2,4.26,-0.06,-1.41,41845.39,17770.761,3.335,3.852310231023102,3.907343234323432,3.925687568756876,3.852310231023102
600423.SH,20140214,4.19,4.25,4.17,4.25,4.2,0.05,1.19,33223.37,13986.622,3.335,3.898171067106712,3.843138063806381,3.898171067106712,3.824793729372937
600423.SH,20140217,4.27,4.3,4.24,4.3,4.25,0.05,1.18,42519.04,18180.062,3.335,3.9440319031903184,3.9165154015401535,3.9440319031903184,3.888998899889989
600423.SH,20140218,4.3,4.36,4.25,4.34,4.3,0.04,0.93,66418.4,28607.445,3.335,3.980720572057205,3.9440319031903184,3.9990649064906494,3.898171067106712
600423.SH,20140219,4.33,4.36,4.29,4.32,4.34,-0.02,-0.46,38276.96,16529.89,3.335,3.962376237623763,3.971548404840484,3.9990649064906494,3.934859735973597
600423.SH,20140220,4.33,4.34,4.28,4.28,4.32,-0.04,-0.93,45879.21,19794.875,3.335,3.925687568756876,3.971548404840484,3.980720572057205,3.925687568756876
600423.SH,20140221,4.29,4.3,4.19,4.21,4.28,-0.07,-1.64,34911.75,14771.185,3.335,3.861482398239824,3.934859735973597,3.9440319031903184,3.843138063806381
600423.SH,20140224,4.21,4.21,4.08,4.14,4.21,-0.07,-1.66,37194.57,15377.29,3.335,3.797277227722772,3.861482398239824,3.861482398239824,3.742244224422442
600423.SH,20140225,4.11,4.16,3.99,4.03,4.14,-0.11,-2.66,37173.23,15273.156,3.335,3.696383388338834,3.769760726072608,3.815621562156216,3.6596947194719474
600423.SH,20140226,4.02,4.07,3.99,4.07,4.03,0.04,0.99,29329.31,11822.96,3.335,3.733072057205721,3.687211221122112,3.733072057205721,3.6596947194719474
600423.SH,20140227,4.07,4.07,3.95,3.96,4.07,-0.11,-2.7,32855.6,13222.391,3.335,3.632178217821782,3.733072057205721,3.733072057205721,3.6230060506050608
600423.SH,20140228,3.96,4.03,3.94,4.02,3.96,0.06,1.52,20402.91,8142.835,3.335,3.687211221122112,3.632178217821782,3.696383388338834,3.6138338833883386
600423.SH,20140303,4.02,4.09,3.99,4.08,4.02,0.06,1.49,26175.73,10616.362,3.335,3.742244224422442,3.687211221122112,3.751416391639164,3.6596947194719474
600423.SH,20140304,4.06,4.1,4.02,4.08,4.08,0.0,0.0,26893.02,10909.275,3.335,3.742244224422442,3.7238998899889983,3.760588558855885,3.687211221122112
600423.SH,20140305,4.09,4.09,4.04,4.05,4.08,-0.03,-0.74,14819.28,6022.21,3.335,3.7147277227722766,3.751416391639164,3.751416391639164,3.7055555555555553
600423.SH,20140306,4.03,4.06,4.01,4.05,4.05,0.0,0.0,14167.24,5707.581,3.335,3.7147277227722766,3.696383388338834,3.7238998899889983,3.67803905390539
600423.SH,20140307,4.04,4.09,4.0,4.04,4.05,-0.01,-0.25,26839.6,10827.511,3.335,3.7055555555555553,3.7055555555555553,3.751416391639164,3.6688668866886687
600423.SH,20140310,4.02,4.04,3.87,3.91,4.04,-0.13,-3.22,23980.9,9446.4,3.335,3.5863173817381737,3.687211221122112,3.7055555555555553,3.5496287128712867
600423.SH,20140311,3.9,3.93,3.87,3.9,3.91,-0.01,-0.26,18308.15,7131.933,3.335,3.577145214521452,3.577145214521452,3.604661716171617,3.5496287128712867
600423.SH,20140312,3.9,3.94,3.88,3.92,3.9,0.02,0.51,18193.51,7101.0,3.335,3.5954895489548955,3.577145214521452,3.6138338833883386,3.558800880088009
600423.SH,20140313,3.92,3.97,3.9,3.95,3.92,0.03,0.77,18044.97,7116.244,3.335,3.6230060506050608,3.5954895489548955,3.641350385038504,3.577145214521452
600423.SH,20140314,3.94,4.0,3.92,3.98,3.95,0.03,0.76,18353.86,7278.31,3.335,3.650522552255225,3.6138338833883386,3.6688668866886687,3.5954895489548955
600423.SH,20140317,3.97,4.04,3.97,4.02,3.98,0.04,1.01,17379.91,6960.427,3.335,3.687211221122112,3.641350385038504,3.7055555555555553,3.641350385038504
600423.SH,20140318,4.03,4.05,3.99,4.0,4.02,-0.02,-0.5,16096.58,6463.953,3.335,3.6688668866886687,3.696383388338834,3.7147277227722766,3.6596947194719474
600423.SH,20140319,4.01,4.01,3.95,4.01,4.0,0.01,0.25,20943.63,8339.908,3.335,3.67803905390539,3.67803905390539,3.67803905390539,3.6230060506050608
600423.SH,20140320,3.99,4.02,3.92,3.93,4.01,-0.08,-2.0,19450.36,7744.963,3.335,3.604661716171617,3.6596947194719474,3.687211221122112,3.5954895489548955
600423.SH,20140321,3.91,4.01,3.9,3.99,3.93,0.06,1.53,25098.7,9945.652,3.335,3.6596947194719474,3.5863173817381737,3.67803905390539,3.577145214521452
600423.SH,20140324,3.99,4.06,3.99,4.04,3.99,0.05,1.25,30048.29,12125.051,3.335,3.7055555555555553,3.6596947194719474,3.7238998899889983,3.6596947194719474
600423.SH,20140325,4.03,4.1,4.02,4.06,4.04,0.02,0.5,23274.09,9449.043,3.335,3.7238998899889983,3.696383388338834,3.760588558855885,3.687211221122112
600423.SH,20140326,4.02,4.05,4.0,4.03,4.06,-0.03,-0.74,25741.98,10345.104,3.335,3.696383388338834,3.687211221122112,3.7147277227722766,3.6688668866886687
600423.SH,20140327,4.01,4.03,3.95,3.98,4.03,-0.05,-1.24,21524.24,8598.768,3.335,3.650522552255225,3.67803905390539,3.696383388338834,3.6230060506050608
600423.SH,20140328,3.99,3.99,3.91,3.96,3.98,-0.02,-0.5,23569.36,9296.695,3.335,3.632178217821782,3.6596947194719474,3.6596947194719474,3.5863173817381737
600423.SH,20140331,3.95,3.96,3.9,3.93,3.96,-0.03,-0.76,23972.41,9411.351,3.335,3.604661716171617,3.6230060506050608,3.632178217821782,3.577145214521452
600423.SH,20140401,3.91,4.01,3.91,3.99,3.93,0.06,1.53,26005.7,10322.984,3.335,3.6596947194719474,3.5863173817381737,3.67803905390539,3.5863173817381737
600423.SH,20140402,3.99,4.01,3.96,4.0,3.99,0.01,0.25,28100.94,11187.3,3.335,3.6688668866886687,3.6596947194719474,3.67803905390539,3.632178217821782
600423.SH,20140403,4.0,4.01,3.96,3.96,4.0,-0.04,-1.0,19829.36,7899.337,3.335,3.632178217821782,3.6688668866886687,3.67803905390539,3.632178217821782
600423.SH,20140404,3.97,4.0,3.94,3.99,3.96,0.03,0.76,17932.71,7132.485,3.335,3.6596947194719474,3.641350385038504,3.6688668866886687,3.6138338833883386
600423.SH,20140408,3.98,4.04,3.97,4.03,3.99,0.04,1.0,25477.07,10235.26,3.335,3.696383388338834,3.650522552255225,3.7055555555555553,3.641350385038504
600423.SH,20140409,4.04,4.06,4.0,4.04,4.03,0.01,0.25,24163.72,9728.492,3.335,3.7055555555555553,3.7055555555555553,3.7238998899889983,3.6688668866886687
600423.SH,20140410,4.04,4.06,4.0,4.04,4.04,0.0,0.0,30256.44,12197.618,3.335,3.7055555555555553,3.7055555555555553,3.7238998899889983,3.6688668866886687
600423.SH,20140411,4.02,4.04,4.0,4.02,4.04,-0.02,-0.5,27226.92,10934.257,3.335,3.687211221122112,3.687211221122112,3.7055555555555553,3.6688668866886687
600423.SH,20140414,4.01,4.05,4.0,4.03,4.02,0.01,0.25,20316.8,8191.441,3.335,3.696383388338834,3.67803905390539,3.7147277227722766,3.6688668866886687
600423.SH,20140415,4.03,4.06,4.0,4.02,4.03,-0.01,-0.25,22092.06,8878.714,3.335,3.687211221122112,3.696383388338834,3.7238998899889983,3.6688668866886687
600423.SH,20140416,4.01,4.04,4.0,4.03,4.02,0.01,0.25,17429.51,7013.819,3.335,3.696383388338834,3.67803905390539,3.7055555555555553,3.6688668866886687
600423.SH,20140417,4.04,4.06,4.02,4.04,4.03,0.01,0.25,24028.3,9699.729,3.335,3.7055555555555553,3.7055555555555553,3.7238998899889983,3.687211221122112
600423.SH,20140418,4.04,4.06,4.01,4.05,4.04,0.01,0.25,25879.61,10447.005,3.335,3.7147277227722766,3.7055555555555553,3.7238998899889983,3.67803905390539
600423.SH,20140421,4.04,4.05,3.98,4.0,4.05,-0.05,-1.23,24071.08,9668.003,3.335,3.6688668866886687,3.7055555555555553,3.7147277227722766,3.650522552255225
600423.SH,20140422,4.0,4.01,3.93,3.99,4.0,-0.01,-0.25,23043.78,9155.102,3.335,3.6596947194719474,3.6688668866886687,3.67803905390539,3.604661716171617
600423.SH,20140423,3.98,3.99,3.94,3.97,3.99,-0.02,-0.5,15088.08,5987.336,3.335,3.641350385038504,3.650522552255225,3.6596947194719474,3.6138338833883386
600423.SH,20140424,3.97,4.01,3.94,3.95,3.97,-0.02,-0.5,22333.09,8863.73,3.335,3.6230060506050608,3.641350385038504,3.67803905390539,3.6138338833883386
600423.SH,20140425,3.95,3.95,3.78,3.83,3.95,-0.12,-3.04,39039.8,15118.531,3.335,3.5129400440044,3.6230060506050608,3.6230060506050608,3.467079207920792
600423.SH,20140428,3.82,3.85,3.67,3.68,3.83,-0.15,-3.92,30793.47,11469.91,3.335,3.3753575357535754,3.5037678767876783,3.531284378437844,3.3661853685368537
600423.SH,20140429,3.7,3.72,3.65,3.72,3.68,0.04,1.09,17382.33,6409.716,3.335,3.412046204620462,3.393701870187019,3.412046204620462,3.3478410341034097
600423.SH,20140430,3.71,3.74,3.69,3.72,3.72,0.0,0.0,16661.63,6177.735,3.335,3.412046204620462,3.4028740374037403,3.4303905390539056,3.3845297029702968
600423.SH,20140505,3.72,3.78,3.68,3.78,3.72,0.06,1.61,20246.56,7578.926,3.335,3.467079207920792,3.412046204620462,3.467079207920792,3.3753575357535754
600423.SH,20140506,3.77,3.8,3.73,3.77,3.78,-0.01,-0.26,13359.57,5029.393,3.335,3.4579070407040704,3.4579070407040704,3.4854235423542352,3.421218371837184
600423.SH,20140507,3.75,3.8,3.72,3.73,3.77,-0.04,-1.06,10588.48,3985.404,3.335,3.421218371837184,3.439562706270627,3.4854235423542352,3.412046204620462
600423.SH,20140508,3.74,3.78,3.71,3.72,3.73,-0.01,-0.27,10468.16,3919.657,3.335,3.412046204620462,3.4303905390539056,3.467079207920792,3.4028740374037403
600423.SH,20140509,3.74,3.74,3.7,3.73,3.72,0.01,0.27,7923.39,2944.944,3.335,3.421218371837184,3.4303905390539056,3.4303905390539056,3.393701870187019
600423.SH,20140512,3.75,3.85,3.74,3.82,3.73,0.09,2.41,34246.08,13042.949,3.335,3.5037678767876783,3.439562706270627,3.531284378437844,3.4303905390539056
600423.SH,20140513,3.83,3.89,3.81,3.83,3.82,0.01,0.26,22084.04,8514.385,3.335,3.5129400440044,3.5129400440044,3.56797304730473,3.494595709570957
600423.SH,20140514,3.84,3.84,3.8,3.83,3.83,0.0,0.0,6589.0,2517.828,3.335,3.5129400440044,3.522112211221122,3.522112211221122,3.4854235423542352
600423.SH,20140515,3.84,3.84,3.75,3.77,3.83,-0.06,-1.57,15555.4,5899.62,3.335,3.4579070407040704,3.522112211221122,3.522112211221122,3.439562706270627
600423.SH,20140516,3.74,3.81,3.73,3.79,3.77,0.02,0.53,10779.98,4076.033,3.335,3.476251375137513,3.4303905390539056,3.494595709570957,3.421218371837184
600423.SH,20140519,3.75,3.79,3.74,3.77,3.79,-0.02,-0.53,8797.12,3307.687,3.335,3.4579070407040704,3.439562706270627,3.476251375137513,3.4303905390539056
600423.SH,20140520,3.79,3.8,3.77,3.8,3.77,0.03,0.8,7857.02,2976.317,3.335,3.4854235423542352,3.476251375137513,3.4854235423542352,3.4579070407040704
600423.SH,20140521,3.8,3.84,3.75,3.83,3.8,0.03,0.79,10390.9,3944.808,3.335,3.5129400440044,3.4854235423542352,3.522112211221122,3.439562706270627
600423.SH,20140522,3.83,3.85,3.78,3.8,3.83,-0.03,-0.78,8501.12,3244.619,3.335,3.4854235423542352,3.5129400440044,3.531284378437844,3.467079207920792
600423.SH,20140523,3.81,3.85,3.77,3.83,3.8,0.03,0.79,8671.08,3303.213,3.335,3.5129400440044,3.494595709570957,3.531284378437844,3.4579070407040704
600423.SH,20140526,3.84,3.85,3.81,3.84,3.83,0.01,0.26,7778.56,2979.636,3.335,3.522112211221122,3.522112211221122,3.531284378437844,3.494595709570957
600423.SH,20140527,3.83,3.85,3.81,3.84,3.84,0.0,0.0,6011.03,2301.862,3.335,3.522112211221122,3.5129400440044,3.531284378437844,3.494595709570957
600423.SH,20140528,3.85,3.91,3.81,3.89,3.84,0.05,1.3,32934.23,12765.021,3.335,3.56797304730473,3.531284378437844,3.5863173817381737,3.494595709570957
600423.SH,20140529,3.87,3.88,3.82,3.84,3.89,-0.05,-1.29,12450.27,4796.159,3.335,3.522112211221122,3.5496287128712867,3.558800880088009,3.5037678767876783
600423.SH,20140530,3.82,3.84,3.8,3.81,3.84,-0.03,-0.78,10179.8,3887.605,3.335,3.494595709570957,3.5037678767876783,3.522112211221122,3.4854235423542352
600423.SH,20140603,3.83,4.03,3.8,3.88,3.81,0.07,1.84,90808.18,35686.013,3.335,3.558800880088009,3.5129400440044,3.696383388338834,3.4854235423542352
600423.SH,20140604,3.88,3.94,3.8,3.92,3.88,0.04,1.03,80808.54,31262.476,3.335,3.5954895489548955,3.558800880088009,3.6138338833883386,3.4854235423542352
600423.SH,20140605,3.92,3.95,3.86,3.89,3.92,-0.03,-0.77,70197.6,27343.219,3.335,3.56797304730473,3.5954895489548955,3.6230060506050608,3.540456545654565
600423.SH,20140606,3.87,3.87,3.82,3.82,3.89,-0.07,-1.8,34382.69,13202.567,3.335,3.5037678767876783,3.5496287128712867,3.5496287128712867,3.5037678767876783
600423.SH,20140609,3.81,3.85,3.81,3.82,3.82,0.0,0.0,14125.47,5405.082,3.335,3.5037678767876783,3.494595709570957,3.531284378437844,3.494595709570957
600423.SH,20140610,3.83,3.87,3.82,3.84,3.82,0.02,0.52,19648.57,7540.896,3.335,3.522112211221122,3.5129400440044,3.5496287128712867,3.5037678767876783
600423.SH,20140611,3.84,3.89,3.83,3.87,3.84,0.03,0.78,23637.52,9149.774,3.335,3.5496287128712867,3.522112211221122,3.56797304730473,3.5129400440044
600423.SH,20140612,3.86,3.87,3.83,3.84,3.87,-0.03,-0.78,15925.25,6118.978,3.335,3.522112211221122,3.540456545654565,3.5496287128712867,3.5129400440044
600423.SH,20140613,3.84,3.88,3.83,3.85,3.84,0.01,0.26,17043.4,6576.635,3.335,3.531284378437844,3.522112211221122,3.558800880088009,3.5129400440044
600423.SH,20140616,3.86,3.87,3.84,3.85,3.85,0.0,0.0,17446.05,6719.291,3.335,3.531284378437844,3.540456545654565,3.5496287128712867,3.522112211221122
600423.SH,20140617,3.85,3.85,3.81,3.82,3.85,-0.03,-0.78,22077.67,8438.982,3.335,3.5037678767876783,3.531284378437844,3.531284378437844,3.494595709570957
600423.SH,20140618,3.81,3.83,3.75,3.77,3.82,-0.05,-1.31,17848.67,6766.028,3.335,3.4579070407040704,3.494595709570957,3.5129400440044,3.439562706270627
600423.SH,20140619,3.79,3.79,3.65,3.68,3.77,-0.09,-2.39,18924.53,7042.686,3.335,3.3753575357535754,3.476251375137513,3.476251375137513,3.3478410341034097
600423.SH,20140620,3.7,3.73,3.65,3.71,3.68,0.03,0.82,12357.06,4561.146,3.335,3.4028740374037403,3.393701870187019,3.421218371837184,3.3478410341034097
600423.SH,20140623,3.72,3.74,3.69,3.71,3.71,0.0,0.0,8396.47,3121.76,3.335,3.4028740374037403,3.412046204620462,3.4303905390539056,3.3845297029702968
600423.SH,20140624,3.7,3.77,3.69,3.76,3.71,0.05,1.35,17992.33,6723.379,3.335,3.448734873487348,3.393701870187019,3.4579070407040704,3.3845297029702968
600423.SH,20140625,3.76,3.76,3.69,3.73,3.76,-0.03,-0.8,17203.19,6400.742,3.335,3.421218371837184,3.448734873487348,3.448734873487348,3.3845297029702968
600423.SH,20140626,3.73,3.77,3.72,3.77,3.73,0.04,1.07,16656.62,6251.815,3.335,3.4579070407040704,3.421218371837184,3.4579070407040704,3.412046204620462
600423.SH,20140627,3.76,3.81,3.74,3.79,3.77,0.02,0.53,26809.57,10151.408,3.335,3.476251375137513,3.448734873487348,3.494595709570957,3.4303905390539056
600423.SH,20140630,3.8,3.84,3.78,3.84,3.79,0.05,1.32,25968.47,9915.822,3.335,3.522112211221122,3.4854235423542352,3.522112211221122,3.467079207920792
600423.SH,20140701,3.83,3.88,3.82,3.84,3.84,0.0,0.0,29282.26,11289.14,3.335,3.522112211221122,3.5129400440044,3.558800880088009,3.5037678767876783
600423.SH,20140702,3.84,3.87,3.83,3.86,3.84,0.02,0.52,21239.97,8185.517,3.335,3.540456545654565,3.522112211221122,3.5496287128712867,3.5129400440044
600423.SH,20140703,3.86,3.89,3.84,3.87,3.86,0.01,0.26,21090.06,8172.022,3.335,3.5496287128712867,3.540456545654565,3.56797304730473,3.522112211221122
600423.SH,20140704,3.86,3.89,3.85,3.87,3.87,0.0,0.0,16143.35,6247.366,3.335,3.5496287128712867,3.540456545654565,3.56797304730473,3.531284378437844
600423.SH,20140707,3.87,3.89,3.84,3.86,3.87,-0.01,-0.26,15436.81,5963.401,3.335,3.540456545654565,3.5496287128712867,3.56797304730473,3.522112211221122
600423.SH,20140708,3.85,3.88,3.84,3.87,3.86,0.01,0.26,18120.72,6991.504,3.335,3.5496287128712867,3.531284378437844,3.558800880088009,3.522112211221122
600423.SH,20140709,3.86,3.89,3.79,3.81,3.87,-0.06,-1.55,22566.62,8675.454,3.335,3.494595709570957,3.540456545654565,3.56797304730473,3.476251375137513
600423.SH,20140710,3.82,3.92,3.79,3.88,3.81,0.07,1.84,39351.9,15210.75,3.335,3.558800880088009,3.5037678767876783,3.5954895489548955,3.476251375137513
600423.SH,20140711,3.88,3.9,3.85,3.89,3.88,0.01,0.26,32245.98,12515.038,3.335,3.56797304730473,3.558800880088009,3.577145214521452,3.531284378437844
600423.SH,20140714,3.93,3.97,3.89,3.95,3.89,0.06,1.54,38744.56,15237.856,3.335,3.6230060506050608,3.604661716171617,3.641350385038504,3.56797304730473
600423.SH,20140715,3.91,4.02,3.91,4.01,3.95,0.06,1.52,41887.93,16682.402,3.335,3.67803905390539,3.5863173817381737,3.687211221122112,3.5863173817381737
600423.SH,20140716,4.0,4.02,3.93,3.95,4.01,-0.06,-1.5,29114.35,11556.642,3.335,3.6230060506050608,3.6688668866886687,3.687211221122112,3.604661716171617
600423.SH,20140717,3.95,3.96,3.9,3.93,3.95,-0.02,-0.51,21203.05,8323.903,3.335,3.604661716171617,3.6230060506050608,3.632178217821782,3.577145214521452
600423.SH,20140718,3.91,3.99,3.91,3.98,3.93,0.05,1.27,29560.19,11713.437,3.335,3.650522552255225,3.5863173817381737,3.6596947194719474,3.5863173817381737
600423.SH,20140721,3.97,4.0,3.94,3.94,3.98,-0.04,-1.01,13046.84,5168.503,3.335,3.6138338833883386,3.641350385038504,3.6688668866886687,3.6138338833883386
600423.SH,20140722,3.92,3.99,3.92,3.97,3.94,0.03,0.76,18238.3,7240.381,3.335,3.641350385038504,3.5954895489548955,3.6596947194719474,3.5954895489548955
600423.SH,20140723,3.98,4.02,3.96,3.99,3.97,0.02,0.5,24372.83,9720.532,3.335,3.6596947194719474,3.650522552255225,3.687211221122112,3.632178217821782
600423.SH,20140724,4.02,4.03,3.98,4.0,3.99,0.01,0.25,29856.25,11959.888,3.335,3.6688668866886687,3.687211221122112,3.696383388338834,3.650522552255225
600423.SH,20140725,4.0,4.08,4.0,4.06,4.0,0.06,1.5,36886.95,14912.231,3.335,3.7238998899889983,3.6688668866886687,3.742244224422442,3.6688668866886687
600423.SH,20140728,4.07,4.13,4.07,4.1,4.06,0.04,0.99,49224.91,20203.917,3.335,3.760588558855885,3.733072057205721,3.78810506050605,3.733072057205721
600423.SH,20140729,4.1,4.13,4.08,4.11,4.1,0.01,0.24,35656.33,14628.886,3.335,3.769760726072608,3.760588558855885,3.78810506050605,3.742244224422442
600423.SH,20140730,4.11,4.14,4.1,4.12,4.11,0.01,0.24,31169.12,12840.636,3.335,3.778932893289329,3.769760726072608,3.797277227722772,3.760588558855885
600423.SH,20140731,4.12,4.18,4.09,4.15,4.12,0.03,0.73,44418.2,18381.014,3.335,3.806449394939494,3.778932893289329,3.8339658965896586,3.751416391639164
600423.SH,20140801,4.12,4.21,4.11,4.11,4.15,-0.04,-0.96,70906.29,29561.59,3.335,3.769760726072608,3.778932893289329,3.861482398239824,3.769760726072608
600423.SH,20140804,4.1,4.2,4.1,4.19,4.11,0.08,1.95,42963.22,17887.663,3.335,3.843138063806381,3.760588558855885,3.852310231023102,3.760588558855885
600423.SH,20140805,4.18,4.28,4.17,4.24,4.19,0.05,1.19,63073.93,26738.406,3.335,3.888998899889989,3.8339658965896586,3.925687568756876,3.824793729372937
600423.SH,20140806,4.24,4.27,4.22,4.26,4.24,0.02,0.47,31816.0,13504.705,3.335,3.907343234323432,3.888998899889989,3.9165154015401535,3.870654565456545
600423.SH,20140807,4.26,4.26,4.16,4.17,4.26,-0.09,-2.11,43474.62,18314.689,3.335,3.824793729372937,3.907343234323432,3.907343234323432,3.815621562156216
600423.SH,20140808,4.15,4.22,4.15,4.22,4.17,0.05,1.2,24470.48,10260.229,3.335,3.870654565456545,3.806449394939494,3.870654565456545,3.806449394939494
600423.SH,20140811,4.23,4.3,4.23,4.3,4.22,0.08,1.9,37987.43,16211.87,3.335,3.9440319031903184,3.8798267326732674,3.9440319031903184,3.8798267326732674
600423.SH,20140812,4.3,4.3,4.26,4.28,4.3,-0.02,-0.47,25565.8,10943.393,3.335,3.925687568756876,3.9440319031903184,3.9440319031903184,3.907343234323432
600423.SH,20140813,4.28,4.34,4.25,4.34,4.28,0.06,1.4,44552.45,19156.022,3.335,3.980720572057205,3.925687568756876,3.980720572057205,3.898171067106712
600423.SH,20140814,4.32,4.37,4.26,4.27,4.34,-0.07,-1.61,42953.31,18575.651,3.335,3.9165154015401535,3.962376237623763,4.00823707370737,3.907343234323432
600423.SH,20140815,4.27,4.35,4.27,4.31,4.27,0.04,0.94,38971.88,16810.926,3.335,3.95320407040704,3.9165154015401535,3.989892739273927,3.9165154015401535
600423.SH,20140818,4.31,4.39,4.31,4.38,4.31,0.07,1.62,44036.67,19216.335,3.335,4.017409240924092,3.95320407040704,4.026581408140814,3.95320407040704
600423.SH,20140819,4.41,4.42,4.33,4.42,4.38,0.04,0.91,61940.84,27126.889,3.335,4.054097909790979,4.044925742574257,4.054097909790979,3.971548404840484
600423.SH,20140820,4.4,4.54,4.38,4.51,4.42,0.09,2.04,117599.41,52641.634,3.335,4.136647414741474,4.035753575357536,4.164163916391639,4.017409240924092
600423.SH,20140821,4.5,4.61,4.45,4.53,4.51,0.02,0.44,72048.87,32552.747,3.335,4.1549917491749175,4.127475247524752,4.228369086908691,4.081614411441144
600423.SH,20140822,4.53,4.58,4.47,4.55,4.53,0.02,0.44,56346.54,25475.901,3.335,4.17333608360836,4.1549917491749175,4.2008525852585255,4.099958745874587
600423.SH,20140825,4.54,4.58,4.47,4.54,4.55,-0.01,-0.22,41541.73,18785.601,3.335,4.164163916391639,4.164163916391639,4.2008525852585255,4.099958745874587
600423.SH,20140826,4.53,4.53,4.34,4.44,4.54,-0.1,-2.2,75658.15,33602.668,3.335,4.072442244224423,4.1549917491749175,4.1549917491749175,3.980720572057205
600423.SH,20140827,4.41,4.57,4.4,4.57,4.44,0.13,2.93,67514.3,30395.299,3.335,4.191680418041805,4.044925742574257,4.191680418041805,4.035753575357536
600423.SH,20140828,4.55,4.76,4.46,4.47,4.57,-0.1,-2.19,196124.3,91054.182,3.335,4.099958745874587,4.17333608360836,4.365951595159515,4.090786578657866
600423.SH,20140829,4.43,4.72,4.39,4.71,4.47,0.24,5.37,133211.09,61293.072,3.335,4.3200907590759074,4.0632700770077,4.329262926292629,4.026581408140814
600423.SH,20140901,4.71,5.18,4.7,5.1,4.71,0.39,8.28,296773.37,147370.687,3.335,4.677805280528052,4.3200907590759074,4.751182618261826,4.310918591859186
600423.SH,20140902,5.1,5.51,5.03,5.38,5.1,0.28,5.49,260496.69,137553.194,3.335,4.934625962596259,4.677805280528052,5.053864136413641,4.613600110011001
600423.SH,20140903,5.32,5.46,5.19,5.25,5.38,-0.13,-2.42,213992.04,113142.453,3.335,4.815387788778877,4.8795929592959295,5.008003300330032,4.760354785478548
600423.SH,20140904,5.28,5.28,5.17,5.24,5.25,-0.01,-0.19,115037.47,60174.006,3.335,4.806215621562156,4.842904290429043,4.842904290429043,4.742010451045104
600423.SH,20140905,5.25,5.4,5.2,5.39,5.24,0.15,2.86,141924.59,75280.558,3.335,4.943798129812981,4.815387788778877,4.952970297029703,4.769526952695269
600423.SH,20140909,5.38,5.39,5.21,5.36,5.39,-0.03,-0.56,91333.37,48408.168,3.335,4.9162816281628166,4.934625962596259,4.943798129812981,4.778699119911991
600423.SH,20140910,5.3,5.33,5.24,5.3,5.36,-0.06,-1.12,67770.7,35744.247,3.335,4.861248624862486,4.861248624862486,4.888765126512651,4.806215621562156
600423.SH,20140911,5.3,5.83,5.26,5.67,5.3,0.37,6.98,197390.34,109924.202,3.335,5.200618811881188,4.861248624862486,5.347373487348735,4.824559955995599
600423.SH,20140912,5.66,5.83,5.57,5.72,5.67,0.05,0.88,114471.18,65462.687,3.335,5.246479647964796,5.191446644664467,5.347373487348735,5.108897139713972
600423.SH,20140915,5.68,6.07,5.68,5.93,5.72,0.21,3.67,140546.91,82625.095,3.335,5.439095159515952,5.209790979097909,5.567505500550054,5.209790979097909
600423.SH,20140916,5.9,5.97,5.66,5.67,5.93,-0.26,-4.38,111782.4,64934.326,3.335,5.200618811881188,5.411578657865786,5.475783828382838,5.191446644664467
600423.SH,20140917,5.65,5.91,5.43,5.79,5.67,0.12,2.12,96861.11,55307.635,3.335,5.310684818481849,5.182274477447745,5.420750825082508,4.980486798679868
600423.SH,20140918,5.79,5.83,5.66,5.73,5.79,-0.06,-1.04,49372.93,28344.423,3.335,5.255651815181519,5.310684818481849,5.347373487348735,5.191446644664467
600423.SH,20140919,5.77,5.94,5.68,5.81,5.73,0.08,1.4,78621.84,45771.056,3.335,5.329029152915291,5.292340484048403,5.448267326732673,5.209790979097909
600423.SH,20140922,5.8,5.83,5.66,5.72,5.81,-0.09,-1.55,87143.62,50050.687,3.335,5.246479647964796,5.31985698569857,5.347373487348735,5.191446644664467
600423.SH,20140923,5.72,5.91,5.71,5.83,5.72,0.11,1.92,71655.14,41791.671,3.335,5.347373487348735,5.246479647964796,5.420750825082508,5.237307480748075
600423.SH,20140924,5.8,5.96,5.78,5.84,5.83,0.01,0.17,79582.98,46547.545,3.335,5.356545654565456,5.31985698569857,5.466611661166116,5.301512651265126
600423.SH,20140925,5.85,5.91,5.77,5.85,5.84,0.01,0.17,85418.24,49736.05,3.335,5.365717821782178,5.365717821782178,5.420750825082508,5.292340484048403
600423.SH,20140926,5.84,5.89,5.8,5.85,5.85,0.0,0.0,49703.42,29025.517,3.335,5.365717821782178,5.356545654565456,5.4024064906490645,5.31985698569857
600423.SH,20140929,5.85,5.88,5.7,5.8,5.85,-0.05,-0.85,107687.61,62152.282,3.335,5.31985698569857,5.365717821782178,5.393234323432343,5.228135313531353
600423.SH,20140930,5.78,5.83,5.75,5.77,5.8,-0.03,-0.52,53513.84,30887.1,3.335,5.292340484048403,5.301512651265126,5.347373487348735,5.273996149614961
600423.SH,20141008,5.78,5.86,5.73,5.85,5.77,0.08,1.39,84789.51,49172.322,3.335,5.365717821782178,5.301512651265126,5.3748899889989,5.255651815181519
600423.SH,20141009,5.85,6.15,5.85,6.14,5.85,0.29,4.96,138916.08,83913.7,3.335,5.631710671067106,5.365717821782178,5.640882838283828,5.365717821782178
600423.SH,20141010,6.15,6.25,6.04,6.1,6.14,-0.04,-0.65,103560.62,63744.321,3.335,5.59502200220022,5.640882838283828,5.732604510451045,5.53998899889989
600423.SH,20141013,6.13,6.17,5.95,6.08,6.1,-0.02,-0.33,65458.1,39558.386,3.335,5.576677667766777,5.622538503850384,5.659227172717271,5.457439493949395
600423.SH,20141014,6.04,6.1,5.9,5.96,6.08,-0.12,-1.97,57173.66,34269.07,3.335,5.466611661166116,5.53998899889989,5.59502200220022,5.411578657865786
600423.SH,20141015,5.97,6.01,5.88,5.98,5.96,0.02,0.34,47846.13,28432.19,3.335,5.48495599559956,5.475783828382838,5.512472497249725,5.393234323432343
600423.SH,20141016,5.99,5.99,5.67,5.68,5.98,-0.3,-5.02,106756.62,62215.764,3.335,5.209790979097909,5.494128162816281,5.494128162816281,5.200618811881188
600423.SH,20141017,5.63,5.7,5.34,5.45,5.68,-0.23,-4.05,114541.22,62897.036,3.335,4.998831133113312,5.1639301430143005,5.228135313531353,4.897937293729372
600423.SH,20141020,5.47,5.55,5.41,5.47,5.45,0.02,0.37,45977.47,25222.814,3.335,5.017175467546754,5.017175467546754,5.090552805280527,4.9621424642464245
600423.SH,20141021,5.48,5.58,5.43,5.44,5.47,-0.03,-0.55,47671.32,26309.685,3.335,4.98965896589659,5.026347634763476,5.1180693069306935,4.980486798679868
600423.SH,20141022,5.47,5.52,5.31,5.38,5.44,-0.06,-1.1,46090.25,25045.612,3.335,4.934625962596259,5.017175467546754,5.063036303630362,4.870420792079207
600423.SH,20141023,5.35,5.4,5.06,5.24,5.38,-0.14,-2.6,82816.36,43157.447,3.335,4.806215621562156,4.907109460946095,4.952970297029703,4.6411166116611655
600423.SH,20141024,5.24,5.35,5.18,5.24,5.24,0.0,0.0,46623.49,24532.602,3.335,4.806215621562156,4.806215621562156,4.907109460946095,4.751182618261826
600423.SH,20141027,5.2,5.37,5.2,5.34,5.24,0.1,1.91,49182.54,25965.408,3.335,4.897937293729372,4.769526952695269,4.925453795379538,4.769526952695269
600423.SH,20141028,5.34,5.56,5.34,5.53,5.34,0.19,3.56,55460.15,30350.496,3.335,5.072208470847085,4.897937293729372,5.09972497249725,4.897937293729372
600423.SH,20141029,5.57,5.61,5.51,5.53,5.53,0.0,0.0,72047.8,40021.772,3.335,5.072208470847085,5.108897139713972,5.145585808580858,5.053864136413641
600423.SH,20141030,5.55,5.61,5.49,5.52,5.53,-0.01,-0.18,52346.01,29098.878,3.335,5.063036303630362,5.090552805280527,5.145585808580858,5.035519801980198
600423.SH,20141031,5.6,5.6,5.47,5.53,5.52,0.01,0.18,51453.87,28455.578,3.335,5.072208470847085,5.136413641364136,5.136413641364136,5.017175467546754
600423.SH,20141103,5.55,5.9,5.55,5.82,5.53,0.29,5.24,98647.24,56853.025,3.335,5.338201320132013,5.090552805280527,5.411578657865786,5.090552805280527
600423.SH,20141104,5.86,6.23,5.85,6.05,5.82,0.23,3.95,158180.88,96412.831,3.335,5.549161166116611,5.3748899889989,5.714260176017603,5.365717821782178
600423.SH,20141105,6.05,6.18,5.91,5.92,6.05,-0.13,-2.15,71370.8,42784.144,3.335,5.429922992299229,5.549161166116611,5.668399339933993,5.420750825082508
600423.SH,20141106,5.91,6.06,5.87,6.05,5.92,0.13,2.2,50031.35,29929.16,3.335,5.549161166116611,5.420750825082508,5.558333333333333,5.384062156215622
600423.SH,20141107,6.18,6.18,5.89,5.91,6.05,-0.14,-2.31,52797.53,31953.168,3.335,5.420750825082508,5.668399339933993,5.668399339933993,5.4024064906490645
600423.SH,20141110,5.88,5.98,5.81,5.9,5.91,-0.01,-0.17,55898.16,32878.95,3.335,5.411578657865786,5.393234323432343,5.48495599559956,5.329029152915291
600423.SH,20141111,5.87,5.91,5.46,5.55,5.9,-0.35,-5.93,85676.47,48543.798,3.335,5.090552805280527,5.384062156215622,5.420750825082508,5.008003300330032
600423.SH,20141112,5.54,5.85,5.49,5.84,5.55,0.29,5.23,54465.3,30970.72,3.335,5.356545654565456,5.081380638063807,5.365717821782178,5.035519801980198
600423.SH,20141113,5.8,5.88,5.63,5.69,5.84,-0.15,-2.57,53694.12,30698.368,3.335,5.218963146314631,5.31985698569857,5.393234323432343,5.1639301430143005
600423.SH,20141114,5.61,5.68,5.56,5.63,5.69,-0.06,-1.05,36912.41,20731.377,3.335,5.1639301430143005,5.145585808580858,5.209790979097909,5.09972497249725
600423.SH,20141117,5.67,5.77,5.59,5.69,5.63,0.06,1.07,27845.63,15836.767,3.335,5.218963146314631,5.200618811881188,5.292340484048403,5.127241474147414
600423.SH,20141118,5.69,5.77,5.67,5.71,5.69,0.02,0.35,24739.99,14129.638,3.335,5.237307480748075,5.218963146314631,5.292340484048403,5.200618811881188
600423.SH,20141119,5.7,5.85,5.67,5.84,5.71,0.13,2.28,44546.96,25662.848,3.335,5.356545654565456,5.228135313531353,5.365717821782178,5.200618811881188
600423.SH,20141120,5.84,5.9,5.77,5.85,5.84,0.01,0.17,35008.0,20513.994,3.335,5.365717821782178,5.356545654565456,5.411578657865786,5.292340484048403
600423.SH,20141121,5.88,5.95,5.81,5.84,5.85,-0.01,-0.17,33279.62,19548.695,3.335,5.356545654565456,5.393234323432343,5.457439493949395,5.329029152915291
600423.SH,20141124,5.89,5.9,5.8,5.83,5.84,-0.01,-0.17,58039.37,33925.558,3.335,5.347373487348735,5.4024064906490645,5.411578657865786,5.31985698569857
600423.SH,20141125,5.85,5.95,5.83,5.89,5.83,0.06,1.03,51742.26,30470.697,3.335,5.4024064906490645,5.365717821782178,5.457439493949395,5.347373487348735
600423.SH,20141126,5.93,5.93,5.84,5.88,5.89,-0.01,-0.17,46568.38,27388.815,3.335,5.393234323432343,5.439095159515952,5.439095159515952,5.356545654565456
600423.SH,20141127,5.89,5.95,5.87,5.94,5.88,0.06,1.02,73924.57,43665.14,3.335,5.448267326732673,5.4024064906490645,5.457439493949395,5.384062156215622
600423.SH,20141128,5.94,5.95,5.75,5.83,5.94,-0.11,-1.85,88642.58,51853.525,3.335,5.347373487348735,5.448267326732673,5.457439493949395,5.273996149614961
600423.SH,20141201,5.84,5.86,5.71,5.76,5.83,-0.07,-1.2,59508.28,34377.908,3.335,5.2831683168316825,5.356545654565456,5.3748899889989,5.237307480748075
600423.SH,20141202,5.75,5.85,5.74,5.84,5.76,0.08,1.39,54726.58,31796.335,3.335,5.356545654565456,5.273996149614961,5.365717821782178,5.26482398239824
600423.SH,20141203,5.83,5.86,5.76,5.83,5.84,-0.01,-0.17,51764.22,30037.454,3.335,5.347373487348735,5.347373487348735,5.3748899889989,5.2831683168316825
600423.SH,20141204,5.84,6.2,5.8,6.2,5.83,0.37,6.35,163934.75,100111.499,3.335,5.686743674367436,5.356545654565456,5.686743674367436,5.31985698569857
600423.SH,20141205,6.2,6.21,5.68,5.89,6.2,-0.31,-5.0,145185.59,86055.086,3.335,5.4024064906490645,5.686743674367436,5.695915841584157,5.209790979097909
600423.SH,20141208,5.88,5.88,5.76,5.82,5.89,-0.07,-1.19,73225.31,42494.302,3.335,5.338201320132013,5.393234323432343,5.393234323432343,5.2831683168316825
600423.SH,20141209,5.87,5.87,5.41,5.44,5.82,-0.38,-6.53,114587.9,64540.397,3.335,4.98965896589659,5.384062156215622,5.384062156215622,4.9621424642464245
600423.SH,20141210,5.44,5.71,5.32,5.7,5.44,0.26,4.78,61461.48,33958.663,3.335,5.228135313531353,4.98965896589659,5.237307480748075,4.8795929592959295
600423.SH,20141211,5.66,5.69,5.58,5.68,5.7,-0.02,-0.35,40505.7,22820.419,3.335,5.209790979097909,5.191446644664467,5.218963146314631,5.1180693069306935
600423.SH,20141212,5.68,5.81,5.63,5.7,5.68,0.02,0.35,45312.26,25891.064,3.335,5.228135313531353,5.209790979097909,5.329029152915291,5.1639301430143005
600423.SH,20141215,5.68,5.8,5.55,5.75,5.7,0.05,0.88,56624.53,32100.378,3.335,5.273996149614961,5.209790979097909,5.31985698569857,5.090552805280527
600423.SH,20141216,5.72,5.8,5.7,5.74,5.75,-0.01,-0.17,76771.66,44127.447,3.335,5.26482398239824,5.246479647964796,5.31985698569857,5.228135313531353
600423.SH,20141217,5.74,5.75,5.5,5.54,5.74,-0.2,-3.48,76508.04,42610.749,3.335,5.081380638063807,5.26482398239824,5.273996149614961,5.044691969196919
600423.SH,20141218,5.54,5.95,5.46,5.95,5.54,0.41,7.4,148263.97,85233.72,3.335,5.457439493949395,5.081380638063807,5.457439493949395,5.008003300330032
600423.SH,20150320,6.55,6.55,6.55,6.55,5.95,0.6,10.08,2412.47,1580.168,3.335,6.007769526952695,6.007769526952695,6.007769526952695,6.007769526952695
600423.SH,20150323,7.21,7.21,7.21,7.21,6.55,0.66,10.08,3487.83,2514.725,3.335,6.613132563256325,6.613132563256325,6.613132563256325,6.613132563256325
600423.SH,20150324,7.93,7.93,7.93,7.93,7.21,0.72,9.99,5535.22,4389.429,3.335,7.273528602860285,7.273528602860285,7.273528602860285,7.273528602860285
600423.SH,20150325,8.72,8.72,8.72,8.72,7.93,0.79,9.96,61266.95,53424.78,3.335,7.998129812981299,7.998129812981299,7.998129812981299,7.998129812981299
600423.SH,20150326,9.4,9.59,9.01,9.59,8.72,0.87,9.98,658063.39,613122.362,3.335,8.796108360836083,8.621837183718371,8.796108360836083,8.264122662266226
600423.SH,20150327,9.2,9.33,8.99,9.19,9.59,-0.4,-4.17,291727.28,267077.348,3.335,8.429221672167216,8.438393839383938,8.557632013201319,8.245778327832783
600423.SH,20150330,9.2,9.21,9.0,9.15,9.19,-0.04,-0.44,215875.03,196624.076,3.335,8.392533003300331,8.438393839383938,8.44756600660066,8.254950495049505
600423.SH,20150331,9.06,9.27,9.06,9.15,9.15,0.0,0.0,181473.72,166091.031,3.335,8.392533003300331,8.309983498349835,8.50259900990099,8.309983498349835
600423.SH,20150401,9.15,9.18,9.04,9.18,9.15,0.03,0.33,166417.41,151752.516,3.335,8.420049504950494,8.392533003300331,8.420049504950494,8.29163916391639
600423.SH,20150402,9.17,10.09,9.13,9.55,9.18,0.37,4.03,359672.18,346513.984,3.335,8.759419691969198,8.410877337733773,9.254716721672166,8.374188668866887
600423.SH,20150403,9.26,9.71,9.24,9.58,9.55,0.03,0.31,185385.44,173883.301,3.335,8.786936193619361,8.493426842684267,8.906174367436744,8.475082508250825
600423.SH,20150407,9.58,10.33,9.46,10.16,9.58,0.58,6.05,299463.32,296456.059,3.335,9.31892189218922,8.786936193619361,9.474848734873486,8.676870187018702
600423.SH,20150408,10.19,10.19,9.64,9.75,10.16,-0.41,-4.04,240912.29,236922.549,3.335,8.94286303630363,9.346438393839383,9.346438393839383,8.841969196919692
600423.SH,20150409,9.77,9.83,9.03,9.23,9.75,-0.52,-5.33,184995.97,172696.113,3.335,8.465910341034103,8.961207370737073,9.016240374037404,8.282466996699668
600423.SH,20150410,9.28,9.45,9.25,9.42,9.23,0.19,2.06,128228.16,120072.702,3.335,8.640181518151815,8.51177117711771,8.667698019801978,8.484254675467547
600423.SH,20150413,9.38,9.69,9.24,9.51,9.42,0.09,0.96,174442.28,164792.231,3.335,8.722731023102309,8.60349284928493,8.8878300330033,8.475082508250825
600423.SH,20150414,9.51,9.55,9.3,9.41,9.51,-0.1,-1.05,136252.95,128383.019,3.335,8.631009350935093,8.722731023102309,8.759419691969198,8.530115511551156
600423.SH,20150415,9.4,9.41,8.95,8.96,9.41,-0.45,-4.78,134774.36,123623.777,3.335,8.21826182618262,8.621837183718371,8.631009350935093,8.209089658965896
600423.SH,20150416,8.89,9.23,8.72,9.14,8.96,0.18,2.01,97194.46,88085.26,3.335,8.38336083608361,8.154056655665567,8.465910341034103,7.998129812981299
600423.SH,20150417,9.2,9.45,9.14,9.21,9.14,0.07,0.77,164201.27,152438.101,3.335,8.44756600660066,8.438393839383938,8.667698019801978,8.38336083608361
600423.SH,20150420,8.9,9.15,8.9,9.0,9.21,-0.21,-2.28,140306.34,126544.503,3.335,8.254950495049505,8.163228822882289,8.392533003300331,8.163228822882289
600423.SH,20150421,8.95,9.68,8.95,9.54,9.0,0.54,6.0,251071.75,236442.567,3.335,8.750247524752474,8.209089658965896,8.878657865786579,8.209089658965896
600423.SH,20150422,9.57,10.42,9.57,10.21,9.54,0.67,7.02,368237.17,371598.471,3.335,9.364782728272829,8.777764026402641,9.557398239823982,8.777764026402641
600423.SH,20150423,10.21,10.49,9.9,10.4,10.21,0.19,1.86,297790.04,303104.487,3.335,9.53905390539054,9.364782728272829,9.621603410341034,9.080445544554456
600423.SH,20150424,10.13,10.57,10.03,10.41,10.4,0.01,0.1,207595.95,214692.657,3.335,9.548226072607262,9.291405390539056,9.694980748074808,9.199683718371835
600423.SH,20150427,10.57,10.57,10.21,10.5,10.41,0.09,0.86,238334.51,249263.791,3.335,9.630775577557754,9.694980748074808,9.694980748074808,9.364782728272829
600423.SH,20150428,10.4,10.49,9.85,9.87,10.5,-0.63,-6.0,265049.96,266012.887,3.335,9.052929042904289,9.53905390539054,9.621603410341034,9.034584708470849
600423.SH,20150429,9.88,10.09,9.85,9.98,9.87,0.11,1.11,89158.56,88821.249,3.335,9.15382288228823,9.062101210121012,9.254716721672166,9.034584708470849
600423.SH,20150430,9.98,10.08,9.85,9.99,9.98,0.01,0.1,93394.4,93058.349,3.335,9.162995049504952,9.15382288228823,9.245544554455444,9.034584708470849
600423.SH,20150504,9.99,10.03,9.75,10.0,9.99,0.01,0.1,118283.86,117116.544,3.335,9.172167216721672,9.162995049504952,9.199683718371835,8.94286303630363
600423.SH,20150505,10.0,10.1,9.79,9.96,10.0,-0.04,-0.4,157112.35,156256.212,3.335,9.135478547854785,9.172167216721672,9.263888888888888,8.979551705170515
600423.SH,20150506,9.97,10.02,9.75,9.81,9.96,-0.15,-1.51,106462.51,105612.863,3.335,8.99789603960396,9.144650715071506,9.190511551155115,8.94286303630363
600423.SH,20150507,9.81,9.81,9.15,9.39,9.81,-0.42,-4.28,182722.13,172925.031,3.335,8.61266501650165,8.99789603960396,8.99789603960396,8.392533003300331
600423.SH,20150508,9.48,9.74,9.39,9.57,9.39,0.18,1.92,75015.08,71354.94,3.335,8.777764026402641,8.695214521452145,8.93369086908691,8.61266501650165
600423.SH,20150511,9.65,10.16,9.5,10.15,9.57,0.58,6.06,123544.49,121643.62,3.335,9.309749724972498,8.851141364136414,9.31892189218922,8.713558855885589
600423.SH,20150512,10.07,11.17,9.95,11.17,10.15,1.02,10.05,193800.36,207681.703,3.335,10.245310781078109,9.236372387238724,10.245310781078109,9.12630638063806
600423.SH,20150513,11.8,12.29,11.66,12.29,11.17,1.12,10.03,195475.48,234358.249,3.335,11.272593509350935,10.823157315731573,11.272593509350935,10.69474697469747
600423.SH,20150514,12.97,13.32,11.78,11.85,12.29,-0.44,-3.58,361644.78,447777.164,3.335,10.86901815181518,11.896300880088008,12.217326732673268,10.804812981298127
600423.SH,20150515,11.65,12.32,11.18,11.85,11.85,0.0,0.0,205111.85,239768.686,3.335,10.86901815181518,10.685574807480748,11.3001100110011,10.254482948294829
600423.SH,20150518,11.6,11.83,11.32,11.38,11.85,-0.47,-3.97,138254.79,159088.56,3.335,10.437926292629262,10.63971397139714,10.850673817381738,10.382893289328932
600423.SH,20150519,11.26,11.69,11.25,11.39,11.38,0.01,0.09,134722.21,153876.829,3.335,10.447098459845984,10.3278602860286,10.722263476347631,10.31868811881188
600423.SH,20150520,11.42,11.95,11.25,11.65,11.39,0.26,2.28,259833.95,300101.157,3.335,10.685574807480748,10.47461496149615,10.960739823982395,10.31868811881188
600423.SH,20150521,11.64,11.64,11.27,11.54,11.65,-0.11,-0.94,186420.31,212569.429,3.335,10.584680968096809,10.676402640264026,10.676402640264026,10.337032453245325
600423.SH,20150522,11.65,12.3,11.41,12.28,11.54,0.74,6.41,286581.66,340493.458,3.335,11.263421342134212,10.685574807480748,11.281765676567655,10.465442794279427
600423.SH,20150525,12.06,12.68,11.92,12.38,12.28,0.1,0.81,248433.84,305443.435,3.335,11.355143014301431,11.061633663366337,11.63030803080308,10.933223322332232
600423.SH,20150526,12.38,13.26,12.13,13.15,12.38,0.77,6.22,288351.73,364434.235,3.335,12.061399889988998,11.355143014301431,12.162293729372935,11.125838833883387
600423.SH,20150527,13.15,13.15,12.41,12.76,13.15,-0.39,-2.97,237988.25,303305.052,3.335,11.703685368536853,12.061399889988998,12.061399889988998,11.382659515951596
600423.SH,20150528,12.65,13.0,11.55,11.6,12.76,-1.16,-9.09,203253.05,251576.504,3.335,10.63971397139714,11.602791529152915,11.923817381738171,10.59385313531353
600423.SH,20150529,11.35,12.2,11.03,11.94,11.6,0.34,2.93,210516.52,246243.271,3.335,10.951567656765675,10.410409790979095,11.19004400440044,10.116900440044004
600423.SH,20150601,12.23,12.54,12.02,12.45,11.94,0.51,4.27,165409.56,204666.891,3.335,11.419348184818482,11.217560506050605,11.501897689768976,11.02494499449945
600423.SH,20150602,12.52,12.74,12.32,12.64,12.45,0.19,1.53,146506.71,184078.995,3.335,11.593619361936192,11.483553355335532,11.685341034103413,11.3001100110011
600423.SH,20150603,12.7,13.58,12.68,13.26,12.64,0.62,4.91,232372.57,306813.026,3.335,12.162293729372935,11.648652365236522,12.45580308030803,11.63030803080308
600423.SH,20150604,13.23,13.25,12.1,13.0,13.26,-0.26,-1.96,166626.69,213549.511,3.335,11.923817381738171,12.134777227722772,12.153121562156215,11.098322332233222
600423.SH,20150605,13.54,13.55,12.92,13.49,13.0,0.49,3.77,262559.52,350256.836,3.335,12.373253575357536,12.419114411441145,12.428286578657866,11.8504400440044
600423.SH,20150608,13.5,14.3,13.13,14.29,13.49,0.8,5.93,491589.13,680088.963,3.335,13.107026952695268,12.382425742574258,13.116199119911991,12.043055555555556
600423.SH,20150609,14.0,14.39,13.83,14.01,14.29,-0.28,-1.96,222329.72,313541.268,3.335,12.850206270627062,12.84103410341034,13.198748624862487,12.685107260726072
600423.SH,20150610,13.99,14.26,13.56,13.94,14.01,-0.07,-0.5,190180.79,265862.319,3.335,12.78600110011001,12.83186193619362,13.079510451045104,12.437458745874586
600423.SH,20150611,13.81,14.4,13.7,14.24,13.94,0.3,2.15,169464.4,239693.707,3.335,13.06116611661166,12.666762926292629,13.207920792079207,12.56586908690869
600423.SH,20150612,14.23,14.38,14.06,14.17,14.24,-0.07,-0.49,146366.7,207813.484,3.335,12.996960946094609,13.05199394939494,13.189576457645764,12.896067106710673
600423.SH,20150615,14.17,14.36,13.78,14.12,14.17,-0.05,-0.35,178537.92,250718.028,3.335,12.951100110011,12.996960946094609,13.17123212321232,12.639246424642463
600423.SH,20150616,13.9,13.99,12.86,13.07,14.12,-1.05,-7.44,180148.16,241947.782,3.335,11.988022552255226,12.749312431243125,12.83186193619362,11.795407040704069
600423.SH,20150617,12.91,13.07,11.82,12.99,13.07,-0.08,-0.61,136139.45,171540.8,3.335,11.914645214521451,11.84126787678768,11.988022552255226,10.841501650165016
600423.SH,20150618,12.96,13.02,12.08,12.1,12.99,-0.89,-6.85,120756.62,152189.88,3.335,11.098322332233222,11.887128712871288,11.942161716171617,11.07997799779978
600423.SH,20150619,11.85,12.3,11.18,11.19,12.1,-0.91,-7.52,109881.73,128727.867,3.335,10.26365511551155,10.86901815181518,11.281765676567655,10.254482948294829
600423.SH,20150623,11.25,11.6,10.3,11.17,11.19,-0.02,-0.18,114165.16,126552.236,3.335,10.245310781078109,10.31868811881188,10.63971397139714,9.447332233223324
600423.SH,20150624,11.47,11.6,10.81,11.48,11.17,0.31,2.78,183115.02,206148.256,3.335,10.52964796479648,10.520475797579758,10.63971397139714,9.915112761276127
600423.SH,20150625,11.42,11.59,10.83,10.98,11.48,-0.5,-4.36,145486.61,163408.602,3.335,10.071039603960395,10.47461496149615,10.630541804180416,9.933457095709567
600423.SH,20150626,10.54,10.78,9.84,9.84,10.93,-1.09,-9.97,139212.15,140665.982,3.35,9.066006600660064,9.71094609460946,9.932068206820682,9.066006600660064
600423.SH,20150629,9.91,10.12,8.86,8.86,9.84,-0.98,-9.96,185724.21,169407.593,3.35,8.163091309130913,9.130500550055006,9.323982398239824,8.163091309130913
600423.SH,20150630,8.08,8.98,7.97,8.82,8.86,-0.04,-0.45,320818.96,269925.48,3.35,8.126237623762377,7.444444444444445,8.273652365236524,7.343096809680968
600423.SH,20150701,8.58,9.1,7.94,7.94,8.82,-0.88,-9.98,253714.68,221005.196,3.35,7.315456545654566,7.9051155115511555,8.384213421342134,7.315456545654566
600423.SH,20150702,7.7,7.95,7.15,7.15,7.94,-0.79,-9.95,257754.27,189563.388,3.35,6.587596259625963,7.094334433443344,7.3246699669967,6.587596259625963
600423.SH,20150703,6.95,7.12,6.44,6.44,7.15,-0.71,-9.93,213024.86,141184.218,3.35,5.933443344334433,6.403327832783279,6.55995599559956,5.933443344334433
600423.SH,20150706,7.06,7.07,5.8,5.81,6.44,-0.63,-9.78,390346.9,245668.741,3.35,5.352997799779978,6.504675467546754,6.513888888888888,5.343784378437843
600423.SH,20150707,5.56,5.62,5.23,5.23,5.81,-0.58,-9.98,183595.11,98289.914,3.35,4.818619361936194,5.122662266226622,5.177942794279428,4.818619361936194
600423.SH,20150708,4.71,4.84,4.71,4.71,5.23,-0.52,-9.94,274084.03,129265.001,3.35,4.339521452145215,4.339521452145215,4.459295929592959,4.339521452145215
600423.SH,20150709,4.6,5.18,4.6,5.18,4.71,0.47,9.98,276075.81,138615.473,3.35,4.772552255225522,4.238173817381737,4.772552255225522,4.238173817381737
600423.SH,20150710,5.46,5.7,5.31,5.7,5.18,0.52,10.04,140688.8,78949.866,3.35,5.251650165016502,5.0305280528052805,5.251650165016502,4.892326732673267
600423.SH,20150713,6.27,6.27,6.21,6.27,5.7,0.57,10.0,95329.98,59721.245,3.35,5.776815181518152,5.776815181518152,5.776815181518152,5.721534653465346
600423.SH,20150714,6.83,6.9,6.56,6.88,6.27,0.61,9.73,528670.54,361939.648,3.35,6.33883388338834,6.292766776677668,6.357260726072608,6.044004400440044
600423.SH,20150715,6.5,6.71,6.19,6.19,6.88,-0.69,-10.03,360159.63,229793.224,3.35,5.703107810781079,5.988723872387239,6.182205720572057,5.703107810781079
600423.SH,20150716,5.78,6.63,5.6,6.36,6.19,0.17,2.75,289443.78,179839.933,3.35,5.85973597359736,5.325357535753576,6.108498349834983,5.159515951595159
600423.SH,20150717,6.36,6.97,6.18,6.79,6.36,0.43,6.76,310983.14,205426.999,3.35,6.255913091309131,5.85973597359736,6.421754675467546,5.693894389438944
600423.SH,20150720,6.71,7.06,6.6,6.9,6.79,0.11,1.62,332834.17,227973.448,3.35,6.357260726072608,6.182205720572057,6.504675467546754,6.080858085808581
600423.SH,20150721,6.65,7.38,6.56,7.29,6.9,0.39,5.65,387835.88,270242.225,3.35,6.716584158415841,6.126925192519253,6.799504950495049,6.044004400440044
600423.SH,20150722,7.16,7.74,7.11,7.37,7.29,0.08,1.1,384054.85,284381.065,3.35,6.790291529152916,6.5968096809680965,7.131188118811881,6.550742574257425
600423.SH,20150723,7.32,8.11,7.23,8.1,7.37,0.73,9.91,372431.17,286918.859,3.35,7.462871287128712,6.744224422442245,7.472084708470846,6.661303630363037
600423.SH,20150724,7.94,8.46,7.63,7.77,8.1,-0.33,-4.07,376324.93,302846.219,3.35,7.158828382838284,7.315456545654566,7.794554455445546,7.029840484048405
600423.SH,20150727,7.48,7.73,6.99,6.99,7.77,-0.78,-10.04,261920.08,192157.986,3.35,6.440181518151816,6.891639163916392,7.121974697469748,6.440181518151816
600423.SH,20150728,6.3,7.09,6.29,6.33,6.99,-0.66,-9.44,258422.58,167546.411,3.35,5.832095709570957,5.804455445544554,6.532315731573157,5.7952420242024205
600423.SH,20150729,6.5,6.87,6.31,6.83,6.33,0.5,7.9,277215.61,182402.642,3.35,6.292766776677668,5.988723872387239,6.329620462046205,5.8136688668866885
600423.SH,20150730,6.8,7.25,6.6,6.75,6.83,-0.08,-1.17,258192.15,181311.083,3.35,6.219059405940594,6.265126512651265,6.679730473047305,6.080858085808581
600423.SH,20150731,6.55,6.89,6.51,6.72,6.75,-0.03,-0.44,161823.36,108227.43,3.35,6.191419141914191,6.0347909790979095,6.348047304730472,5.997937293729373
600423.SH,20150803,6.5,6.71,6.05,6.11,6.72,-0.61,-9.08,167280.59,105172.915,3.35,5.629400440044005,5.988723872387239,6.182205720572057,5.574119911991199
600423.SH,20150804,6.12,6.66,6.12,6.66,6.11,0.55,9.0,159614.13,102514.082,3.35,6.136138613861386,5.638613861386139,6.136138613861386,5.638613861386139
600423.SH,20150805,6.68,6.82,6.45,6.74,6.66,0.08,1.2,209194.82,139650.562,3.35,6.20984598459846,6.154565456545655,6.283553355335534,5.942656765676568
600423.SH,20150806,6.56,6.85,6.51,6.72,6.74,-0.02,-0.3,151203.5,101391.527,3.35,6.191419141914191,6.044004400440044,6.311193619361935,5.997937293729373
600423.SH,20150807,6.74,7.2,6.74,7.12,6.72,0.4,5.95,231542.24,161863.727,3.35,6.55995599559956,6.20984598459846,6.633663366336633,6.20984598459846
600423.SH,20150810,7.18,7.56,7.14,7.49,7.12,0.37,5.2,219532.87,161912.077,3.35,6.900852585258526,6.615236523652365,6.965346534653465,6.5783828382838285
600423.SH,20150811,7.44,7.68,7.38,7.46,7.49,-0.03,-0.4,206712.06,154861.886,3.35,6.873212321232123,6.854785478547855,7.075907590759075,6.799504950495049
600423.SH,20150812,7.35,7.48,7.25,7.27,7.46,-0.19,-2.55,197557.54,145243.281,3.35,6.698157315731573,6.771864686468646,6.891639163916392,6.679730473047305
600423.SH,20150813,7.2,7.64,7.14,7.6,7.27,0.33,4.54,221490.45,163517.803,3.35,7.002200220022003,6.633663366336633,7.039053905390539,6.5783828382838285
600423.SH,20150814,7.64,7.9,7.52,7.67,7.6,0.07,0.92,301457.92,232918.982,3.35,7.066694169416942,7.039053905390539,7.278602860286029,6.928492849284928
600423.SH,20150817,7.69,8.07,7.55,8.04,7.67,0.37,4.82,250561.73,195827.681,3.35,7.407590759075907,7.085121012101211,7.43523102310231,6.956133113311331
600423.SH,20150818,8.07,8.19,7.24,7.24,8.04,-0.8,-9.95,287888.47,221622.88,3.35,6.670517051705171,7.43523102310231,7.54579207920792,6.670517051705171
600423.SH,20150819,6.9,7.38,6.52,7.35,7.24,0.11,1.52,240832.11,167919.276,3.35,6.771864686468646,6.357260726072608,6.799504950495049,6.007150715071506
600423.SH,20150820,7.23,7.39,6.99,7.01,7.35,-0.34,-4.63,168536.31,121160.91,3.35,6.458608360836084,6.661303630363037,6.808718371837183,6.440181518151816
600423.SH,20150821,6.82,6.94,6.36,6.4,7.01,-0.61,-8.7,154423.13,103201.119,3.35,5.896589658965897,6.283553355335534,6.394114411441144,5.85973597359736
600423.SH,20150824,6.1,6.17,5.76,5.76,6.4,-0.64,-10.0,152522.66,88755.721,3.35,5.306930693069306,5.62018701870187,5.684680968096809,5.306930693069306
600423.SH,20150825,5.22,5.46,5.18,5.18,5.76,-0.58,-10.07,193726.28,101240.661,3.35,4.772552255225522,4.809405940594059,5.0305280528052805,4.772552255225522
600423.SH,20150826,5.23,5.48,4.83,5.02,5.18,-0.16,-3.09,189898.86,98268.663,3.35,4.625137513751375,4.818619361936194,5.048954895489549,4.4500825082508255
600423.SH,20150827,5.16,5.52,5.07,5.52,5.02,0.5,9.96,216490.27,114012.343,3.35,5.085808580858085,4.754125412541255,5.085808580858085,4.671204620462047
600423.SH,20150828,5.6,5.89,5.5,5.87,5.52,0.35,6.34,171088.29,96724.937,3.35,5.408278327832783,5.159515951595159,5.426705170517051,5.067381738173817
600423.SH,20150831,5.83,5.83,5.51,5.53,5.87,-0.34,-5.79,117311.3,66209.598,3.35,5.09502200220022,5.3714246424642464,5.3714246424642464,5.076595159515952
600423.SH,20150901,5.55,5.55,5.03,5.08,5.53,-0.45,-8.14,101981.54,53509.521,3.35,4.68041804180418,5.113448844884489,5.113448844884489,4.63435093509351
600423.SH,20150902,4.88,5.32,4.75,4.94,5.08,-0.14,-2.76,113421.21,57305.673,3.35,4.551430143014303,4.496149614961496,4.901540154015402,4.376375137513751
600423.SH,20150907,5.06,5.33,5.06,5.17,4.94,0.23,4.66,94378.77,48911.285,3.35,4.763338833883388,4.661991199119912,4.910753575357536,4.661991199119912
600423.SH,20150908,5.18,5.53,5.1,5.5,5.17,0.33,6.38,96372.15,51127.258,3.35,5.067381738173817,4.772552255225522,5.09502200220022,4.698844884488449
600423.SH,20150909,5.49,5.78,5.48,5.69,5.5,0.19,3.45,141649.55,79902.435,3.35,5.242436743674368,5.058168316831683,5.325357535753576,5.048954895489549
600423.SH,20150910,5.6,5.66,5.5,5.51,5.69,-0.18,-3.16,89091.0,49712.437,3.35,5.076595159515952,5.159515951595159,5.2147964796479656,5.067381738173817
600423.SH,20150911,5.5,5.66,5.46,5.65,5.51,0.14,2.54,81858.73,45482.719,3.35,5.205583058305831,5.067381738173817,5.2147964796479656,5.0305280528052805
600423.SH,20150914,5.7,5.71,5.09,5.11,5.65,-0.54,-9.56,124870.21,66457.276,3.35,4.708058305830583,5.251650165016502,5.260863586358635,4.6896314631463145
600423.SH,20150915,5.0,5.2,4.9,4.93,5.11,-0.18,-3.52,92034.0,46482.185,3.35,4.542216721672167,4.606710671067106,4.790979097909792,4.514576457645765
600423.SH,20150916,5.01,5.42,4.97,5.35,4.93,0.42,8.52,99466.39,51602.186,3.35,4.929180418041804,4.615924092409241,4.993674367436744,4.579070407040704
600423.SH,20150917,5.26,5.48,5.16,5.17,5.35,-0.18,-3.36,134648.5,71441.724,3.35,4.763338833883388,4.846259625962595,5.048954895489549,4.754125412541255
600423.SH,20150918,5.18,5.26,5.12,5.23,5.17,0.06,1.16,69323.94,35914.336,3.35,4.818619361936194,4.772552255225522,4.846259625962595,4.717271727172718
600423.SH,20150921,5.15,5.45,5.13,5.44,5.23,0.21,4.02,67687.92,36055.91,3.35,5.012101210121012,4.74491199119912,5.021314631463146,4.726485148514851
600423.SH,20150922,5.42,5.58,5.4,5.47,5.44,0.03,0.55,94320.71,51855.844,3.35,5.039741474147415,4.993674367436744,5.141089108910891,4.975247524752476
600423.SH,20150923,5.41,5.65,5.37,5.49,5.47,0.02,0.37,126854.48,69937.193,3.35,5.058168316831683,4.984460946094609,5.205583058305831,4.947607260726072
600423.SH,20150924,5.5,6.04,5.5,6.04,5.49,0.55,10.02,262577.54,154714.108,3.35,5.564906490649065,5.067381738173817,5.564906490649065,5.067381738173817
600423.SH,20150925,6.0,6.38,5.88,6.05,6.04,0.01,0.17,350172.89,215346.301,3.35,5.574119911991199,5.528052805280528,5.878162816281629,5.417491749174918
600423.SH,20150928,5.92,6.08,5.86,5.9,6.05,-0.15,-2.48,161971.7,96313.488,3.35,5.435918591859186,5.454345434543455,5.601760176017602,5.399064906490649
600423.SH,20150929,5.8,5.83,5.55,5.63,5.9,-0.27,-4.58,159189.45,89758.953,3.35,5.187156215621562,5.343784378437843,5.3714246424642464,5.113448844884489
600423.SH,20150930,5.68,5.71,5.55,5.65,5.63,0.02,0.36,85880.63,48267.466,3.35,5.205583058305831,5.233223322332233,5.260863586358635,5.113448844884489
600423.SH,20151008,5.86,5.96,5.73,5.83,5.65,0.18,3.19,142973.16,83274.51,3.35,5.3714246424642464,5.399064906490649,5.491199119911991,5.279290429042905
600423.SH,20151009,5.79,6.06,5.73,5.92,5.83,0.09,1.54,133901.66,78726.426,3.35,5.454345434543455,5.33457095709571,5.583333333333333,5.279290429042905
600423.SH,20151012,5.95,6.35,5.94,6.32,5.92,0.4,6.76,215718.14,132671.709,3.35,5.822882288228823,5.481985698569857,5.850522552255225,5.4727722772277225
600423.SH,20151013,6.25,6.44,6.15,6.3,6.32,-0.02,-0.32,167587.49,105452.952,3.35,5.804455445544554,5.758388338833883,5.933443344334433,5.666254125412542
600423.SH,20151014,6.25,6.5,6.22,6.43,6.3,0.13,2.06,224075.18,142700.631,3.35,5.924229922992298,5.758388338833883,5.988723872387239,5.73074807480748
600423.SH,20151015,6.35,6.58,6.33,6.58,6.43,0.15,2.33,191015.72,123741.953,3.35,6.062431243124312,5.850522552255225,6.062431243124312,5.832095709570957
600423.SH,20151016,6.6,6.85,6.4,6.81,6.58,0.23,3.5,249204.08,163758.33,3.35,6.274339933993399,6.080858085808581,6.311193619361935,5.896589658965897
600423.SH,20151019,6.72,6.82,6.64,6.7,6.81,-0.11,-1.62,139650.58,93714.007,3.35,6.172992299229922,6.191419141914191,6.283553355335534,6.117711771177118
600423.SH,20151020,6.7,6.86,6.63,6.81,6.7,0.11,1.64,113533.35,76554.382,3.35,6.274339933993399,6.172992299229922,6.320407040704071,6.108498349834983
600423.SH,20151021,6.84,6.95,6.17,6.32,6.81,-0.49,-7.2,199736.19,132147.506,3.35,5.822882288228823,6.301980198019802,6.403327832783279,5.684680968096809
600423.SH,20151022,6.46,6.61,6.32,6.57,6.32,0.25,3.96,117341.71,75836.494,3.35,6.053217821782178,5.951870187018702,6.090071507150716,5.822882288228823
600423.SH,20151023,6.64,6.92,6.54,6.82,6.57,0.25,3.81,170299.51,114562.212,3.35,6.283553355335534,6.117711771177118,6.375687568756876,6.025577557755776
600423.SH,20151026,6.84,6.97,6.76,6.85,6.82,0.03,0.44,182644.45,125277.673,3.35,6.311193619361935,6.301980198019802,6.421754675467546,6.228272827282728
600423.SH,20151027,6.8,7.14,6.69,7.09,6.85,0.24,3.5,279965.82,195161.132,3.35,6.532315731573157,6.265126512651265,6.5783828382838285,6.163778877887789
600423.SH,20151028,7.08,7.18,6.81,6.94,7.09,-0.15,-2.12,165259.89,115525.745,3.35,6.394114411441144,6.523102310231023,6.615236523652365,6.274339933993399
600423.SH,20151029,7.0,7.28,6.86,7.08,6.94,0.14,2.02,168937.54,119650.322,3.35,6.523102310231023,6.449394939493949,6.707370737073708,6.320407040704071
600423.SH,20151030,7.48,7.5,7.05,7.22,7.08,0.14,1.98,245248.58,178062.245,3.35,6.652090209020902,6.891639163916392,6.91006600660066,6.49546204620462
600423.SH,20151102,6.9,7.03,6.75,6.85,7.22,-0.37,-5.12,144603.67,99711.441,3.35,6.311193619361935,6.357260726072608,6.477035203520352,6.219059405940594
600423.SH,20151103,6.84,7.05,6.72,6.8,6.85,-0.05,-0.73,148712.5,102508.898,3.35,6.265126512651265,6.301980198019802,6.49546204620462,6.191419141914191
600423.SH,20151104,6.85,7.01,6.77,7.0,6.8,0.2,2.94,306974.83,212068.069,3.35,6.449394939493949,6.311193619361935,6.458608360836084,6.237486248624863
600423.SH,20151105,7.0,7.07,6.81,6.99,7.0,-0.01,-0.14,261019.72,181114.39,3.35,6.440181518151816,6.449394939493949,6.513888888888888,6.274339933993399
600423.SH,20151106,6.97,7.19,6.93,7.14,6.99,0.15,2.15,225005.39,159596.754,3.35,6.5783828382838285,6.421754675467546,6.6244499449945,6.384900990099009
600423.SH,20151109,7.12,7.24,6.99,7.17,7.14,0.03,0.42,203127.84,144250.998,3.35,6.606023102310231,6.55995599559956,6.670517051705171,6.440181518151816
600423.SH,20151110,7.12,7.3,6.93,7.06,7.17,-0.11,-1.53,243610.98,172640.91,3.35,6.504675467546754,6.55995599559956,6.725797579757975,6.384900990099009
600423.SH,20151111,7.07,7.17,7.02,7.14,7.06,0.08,1.13,172976.93,122940.958,3.35,6.5783828382838285,6.513888888888888,6.606023102310231,6.467821782178217
600423.SH,20151112,7.1,7.35,7.09,7.31,7.14,0.17,2.38,234438.07,168629.46,3.35,6.735011001100109,6.541529152915292,6.771864686468646,6.532315731573157
600423.SH,20151113,7.2,7.45,7.13,7.17,7.31,-0.14,-1.92,192708.07,139975.988,3.35,6.606023102310231,6.633663366336633,6.863998899889989,6.569169416941694
600423.SH,20151116,7.06,7.35,6.95,7.34,7.17,0.17,2.37,165387.83,117904.086,3.35,6.762651265126512,6.504675467546754,6.771864686468646,6.403327832783279
600423.SH,20151117,7.35,7.55,7.26,7.27,7.34,-0.07,-0.95,259818.76,192048.082,3.35,6.698157315731573,6.771864686468646,6.956133113311331,6.688943894389439
600423.SH,20151118,7.28,7.3,7.1,7.16,7.27,-0.11,-1.51,145799.8,105087.272,3.35,6.5968096809680965,6.707370737073708,6.725797579757975,6.541529152915292
600423.SH,20151119,7.17,7.27,7.12,7.27,7.16,0.11,1.54,99800.36,71801.213,3.35,6.698157315731573,6.606023102310231,6.698157315731573,6.55995599559956
600423.SH,20151120,7.27,7.39,7.25,7.36,7.27,0.09,1.24,145680.07,106597.621,3.35,6.781078107810782,6.698157315731573,6.808718371837183,6.679730473047305
600423.SH,20151123,7.32,7.54,7.3,7.39,7.36,0.03,0.41,217453.86,161139.35,3.35,6.808718371837183,6.744224422442245,6.946919691969197,6.725797579757975
600423.SH,20151124,7.36,7.59,7.28,7.58,7.39,0.19,2.57,151571.92,112929.576,3.35,6.983773377337734,6.781078107810782,6.992986798679868,6.707370737073708
600423.SH,20151125,7.55,7.78,7.49,7.78,7.58,0.2,2.64,191545.92,145920.321,3.35,7.168041804180419,6.956133113311331,7.168041804180419,6.900852585258526
600423.SH,20151126,7.79,8.13,7.7,7.9,7.78,0.12,1.54,253813.55,200288.375,3.35,7.278602860286029,7.177255225522552,7.490511551155116,7.094334433443344
600423.SH,20151127,7.84,7.97,7.16,7.28,7.9,-0.62,-7.85,203763.8,156429.328,3.35,6.707370737073708,7.223322332233223,7.343096809680968,6.5968096809680965
600423.SH,20151130,7.3,7.42,6.7,7.21,7.28,-0.07,-0.96,152087.52,108241.732,3.35,6.642876787678768,6.725797579757975,6.836358635863586,6.172992299229922
600423.SH,20151201,7.21,7.29,7.0,7.24,7.21,0.03,0.42,86993.1,62464.041,3.35,6.670517051705171,6.642876787678768,6.716584158415841,6.449394939493949
600423.SH,20151202,7.22,7.3,6.89,7.24,7.24,0.0,0.0,100746.45,72230.076,3.35,6.670517051705171,6.652090209020902,6.725797579757975,6.348047304730472
600423.SH,20151203,7.24,7.51,7.17,7.48,7.24,0.24,3.31,112943.42,82877.383,3.35,6.891639163916392,6.670517051705171,6.9192794279427945,6.606023102310231
600423.SH,20151204,7.43,7.8,7.4,7.68,7.48,0.2,2.67,197623.76,150685.668,3.35,7.075907590759075,6.84557205720572,7.186468646864686,6.817931793179318
600423.SH,20151207,7.65,7.85,7.52,7.84,7.68,0.16,2.08,144327.22,111088.49,3.35,7.223322332233223,7.048267326732673,7.232535753575357,6.928492849284928
600423.SH,20151208,7.76,7.86,7.59,7.6,7.84,-0.24,-3.06,158138.93,122170.29,3.35,7.002200220022003,7.149614961496149,7.241749174917492,6.992986798679868
600423.SH,20151209,7.53,7.84,7.49,7.75,7.6,0.15,1.97,113153.35,86748.151,3.35,7.140401540154016,6.937706270627063,7.223322332233223,6.900852585258526
600423.SH,20151210,7.71,7.97,7.66,7.66,7.75,-0.09,-1.16,100270.59,78104.508,3.35,7.057480748074807,7.103547854785479,7.343096809680968,7.057480748074807
600423.SH,20151211,7.64,7.7,7.32,7.36,7.66,-0.3,-3.92,85043.12,63095.71,3.35,6.781078107810782,7.039053905390539,7.094334433443344,6.744224422442245
600423.SH,20151214,7.2,7.53,7.18,7.51,7.36,0.15,2.04,60273.08,44541.381,3.35,6.9192794279427945,6.633663366336633,6.937706270627063,6.615236523652365
600423.SH,20151215,7.53,7.76,7.53,7.6,7.51,0.09,1.2,69577.1,53154.657,3.35,7.002200220022003,6.937706270627063,7.149614961496149,6.937706270627063
600423.SH,20151216,7.65,7.85,7.59,7.66,7.6,0.06,0.79,77355.31,59741.706,3.35,7.057480748074807,7.048267326732673,7.232535753575357,6.992986798679868
600423.SH,20151217,7.67,7.9,7.67,7.86,7.66,0.2,2.61,115463.08,90128.285,3.35,7.241749174917492,7.066694169416942,7.278602860286029,7.066694169416942
600423.SH,20151218,8.15,8.65,8.15,8.65,7.86,0.79,10.05,226680.56,194473.118,3.35,7.969609460946095,7.508938393839384,7.969609460946095,7.508938393839384
600423.SH,20151221,8.93,9.52,8.83,9.52,8.65,0.87,10.06,601442.42,555235.285,3.35,8.77117711771177,8.227585258525853,8.77117711771177,8.13545104510451
600423.SH,20151222,9.48,9.48,9.14,9.37,9.52,-0.15,-1.58,501824.9,465853.154,3.35,8.632975797579757,8.734323432343235,8.734323432343235,8.421067106710671
600423.SH,20151223,9.26,9.26,8.91,8.97,9.37,-0.4,-4.27,300206.76,273641.394,3.35,8.26443894389439,8.531628162816281,8.531628162816281,8.209158415841584
600423.SH,20151224,8.9,9.15,8.74,9.01,8.97,0.04,0.45,240806.68,215586.618,3.35,8.301292629262926,8.19994499449945,8.430280528052807,8.052530253025303
600423.SH,20151225,8.99,9.1,8.8,8.99,9.01,-0.02,-0.22,157225.35,140846.326,3.35,8.282865786578657,8.282865786578657,8.384213421342134,8.10781078107811
600423.SH,20151228,8.96,9.08,8.32,8.35,8.99,-0.64,-7.12,214018.69,187710.505,3.35,7.693206820682068,8.255225522552257,8.365786578657866,7.665566556655666
600423.SH,20151229,8.46,9.12,8.24,9.11,8.35,0.76,9.1,237529.63,205482.437,3.35,8.393426842684269,7.794554455445546,8.402640264026402,7.591859185918592
600423.SH,20151230,9.1,9.14,8.8,8.9,9.11,-0.21,-2.31,169827.62,152175.729,3.35,8.19994499449945,8.384213421342134,8.421067106710671,8.10781078107811
600423.SH,20151231,8.85,8.93,8.58,8.6,8.9,-0.3,-3.37,105503.38,91941.758,3.35,7.923542354235423,8.153877887788779,8.227585258525853,7.9051155115511555
600423.SH,20160104,8.65,8.66,7.74,7.76,8.6,-0.84,-9.77,90515.38,73706.913,3.35,7.149614961496149,7.969609460946095,7.978822882288229,7.131188118811881
600423.SH,20160105,6.99,7.74,6.99,7.56,7.76,-0.2,-2.58,160118.52,119103.433,3.35,6.965346534653465,6.440181518151816,7.131188118811881,6.440181518151816
600423.SH,20160106,7.52,7.99,7.5,7.92,7.56,0.36,4.76,138761.67,108235.745,3.35,7.297029702970296,6.928492849284928,7.361523652365235,6.91006600660066
600423.SH,20160107,7.8,7.8,7.13,7.13,7.92,-0.79,-9.97,40078.0,29375.104,3.35,6.569169416941694,7.186468646864686,7.186468646864686,6.569169416941694
600423.SH,20160108,7.41,7.51,6.65,7.17,7.13,0.04,0.56,142553.29,103006.123,3.35,6.606023102310231,6.827145214521453,6.9192794279427945,6.126925192519253
600423.SH,20160111,7.0,7.12,6.45,6.45,7.17,-0.72,-10.04,119175.94,80346.058,3.35,5.942656765676568,6.449394939493949,6.55995599559956,5.942656765676568
600423.SH,20160112,6.46,6.6,6.21,6.4,6.45,-0.05,-0.78,63884.19,40986.211,3.35,5.896589658965897,5.951870187018702,6.080858085808581,5.721534653465346
600423.SH,20160113,6.6,6.6,5.98,6.03,6.4,-0.37,-5.78,63967.01,40504.387,3.35,5.555693069306931,6.080858085808581,6.080858085808581,5.509625962596259
600423.SH,20160114,5.77,6.43,5.7,6.27,6.03,0.24,3.98,144506.35,85914.882,3.35,5.776815181518152,5.316144114411441,5.924229922992298,5.251650165016502
600423.SH,20160115,6.21,6.22,5.7,5.8,6.27,-0.47,-7.5,103830.71,62404.744,3.35,5.343784378437843,5.721534653465346,5.73074807480748,5.251650165016502
600423.SH,20160118,5.65,6.05,5.6,5.91,5.8,0.11,1.9,68446.16,40154.168,3.35,5.44513201320132,5.205583058305831,5.574119911991199,5.159515951595159
600423.SH,20160119,5.93,6.2,5.82,6.14,5.91,0.23,3.89,109215.85,66118.654,3.35,5.657040704070407,5.463558855885589,5.712321232123212,5.362211221122112
600423.SH,20160120,6.1,6.43,6.08,6.29,6.14,0.15,2.44,115842.4,72532.653,3.35,5.7952420242024205,5.62018701870187,5.924229922992298,5.601760176017602
600423.SH,20160121,6.15,6.33,5.95,5.96,6.29,-0.33,-5.25,76996.06,47614.263,3.35,5.491199119911991,5.666254125412542,5.832095709570957,5.481985698569857
600423.SH,20160122,6.07,6.14,5.76,6.07,5.96,0.11,1.85,79705.53,47845.429,3.35,5.592546754675468,5.592546754675468,5.657040704070407,5.306930693069306
600423.SH,20160125,6.14,6.26,6.06,6.18,6.07,0.11,1.81,51885.55,31893.777,3.35,5.693894389438944,5.657040704070407,5.767601760176017,5.583333333333333
600423.SH,20160126,6.1,6.15,5.56,5.59,6.18,-0.59,-9.55,98131.52,57315.082,3.35,5.150302530253025,5.62018701870187,5.666254125412542,5.122662266226622
600423.SH,20160127,5.6,5.64,5.17,5.47,5.59,-0.12,-2.15,77501.78,42018.55,3.35,5.039741474147415,5.159515951595159,5.196369636963696,4.763338833883388
600423.SH,20160128,5.42,5.55,5.22,5.25,5.47,-0.22,-4.02,53390.31,28962.58,3.35,4.837046204620463,4.993674367436744,5.113448844884489,4.809405940594059
600423.SH,20160129,5.25,5.48,5.0,5.41,5.25,0.16,3.05,132140.35,70217.824,3.35,4.984460946094609,4.837046204620463,5.048954895489549,4.606710671067106
600423.SH,20160201,5.25,5.38,5.16,5.3,5.41,-0.11,-2.03,98420.86,52002.658,3.35,4.883113311331132,4.837046204620463,4.956820682068207,4.754125412541255
600423.SH,20160202,5.32,5.52,5.29,5.48,5.3,0.18,3.4,114432.08,62206.9,3.35,5.048954895489549,4.901540154015402,5.085808580858085,4.873899889988999
600423.SH,20160203,5.46,5.49,5.3,5.46,5.48,-0.02,-0.37,83229.65,44836.305,3.35,5.0305280528052805,5.0305280528052805,5.058168316831683,4.883113311331132
600423.SH,20160204,5.48,5.74,5.48,5.67,5.46,0.21,3.85,102220.27,57483.136,3.35,5.224009900990098,5.048954895489549,5.288503850385039,5.048954895489549
600423.SH,20160205,5.69,5.85,5.61,5.67,5.67,0.0,0.0,71115.24,40622.977,3.35,5.224009900990098,5.242436743674368,5.389851485148514,5.168729372937294
600423.SH,20160215,5.44,5.71,5.38,5.69,5.67,0.02,0.35,71961.04,39789.119,3.35,5.242436743674368,5.012101210121012,5.260863586358635,4.956820682068207
600423.SH,20160216,5.71,5.97,5.68,5.92,5.69,0.23,4.04,93325.38,54643.914,3.35,5.454345434543455,5.260863586358635,5.500412541254126,5.233223322332233
600423.SH,20160217,5.87,6.05,5.8,6.0,5.92,0.08,1.35,66746.48,39763.856,3.35,5.528052805280528,5.408278327832783,5.574119911991199,5.343784378437843
600423.SH,20160218,6.07,6.09,5.93,5.96,6.0,-0.04,-0.67,74631.18,44895.017,3.35,5.491199119911991,5.592546754675468,5.610973597359735,5.463558855885589
600423.SH,20160219,5.93,6.02,5.88,5.99,5.96,0.03,0.5,65877.57,39290.557,3.35,5.518839383938394,5.463558855885589,5.546479647964795,5.417491749174918
600423.SH,20160222,6.04,6.28,6.03,6.23,5.99,0.24,4.01,165777.43,102544.745,3.35,5.739961496149616,5.564906490649065,5.786028602860286,5.555693069306931
600423.SH,20160223,6.2,6.85,6.19,6.82,6.23,0.59,9.47,245968.62,160300.422,3.35,6.283553355335534,5.712321232123212,6.311193619361935,5.703107810781079
600423.SH,20160224,6.69,6.87,6.55,6.75,6.82,-0.07,-1.03,142166.66,95489.712,3.35,6.219059405940594,6.163778877887789,6.329620462046205,6.0347909790979095
600423.SH,20160225,6.73,7.17,6.15,6.32,6.75,-0.43,-6.37,214075.22,144194.106,3.35,5.822882288228823,6.200632563256326,6.606023102310231,5.666254125412542
600423.SH,20160226,6.4,6.94,6.21,6.7,6.32,0.38,6.01,189182.55,124362.438,3.35,6.172992299229922,5.896589658965897,6.394114411441144,5.721534653465346
600423.SH,20160229,6.63,6.65,6.03,6.2,6.7,-0.5,-7.46,156393.52,97686.119,3.35,5.712321232123212,6.108498349834983,6.126925192519253,5.555693069306931
600423.SH,20160301,6.17,6.35,6.0,6.26,6.2,0.06,0.97,109371.35,67497.777,3.35,5.767601760176017,5.684680968096809,5.850522552255225,5.528052805280528
600423.SH,20160302,6.28,6.73,6.2,6.61,6.26,0.35,5.59,122899.99,79405.803,3.35,6.090071507150716,5.786028602860286,6.200632563256326,5.712321232123212
600423.SH,20160303,6.58,6.7,6.51,6.56,6.61,-0.05,-0.76,99983.34,65946.881,3.35,6.044004400440044,6.062431243124312,6.172992299229922,5.997937293729373
600423.SH,20160304,6.63,7.22,6.56,7.22,6.56,0.66,10.06,402710.12,285739.69,3.35,6.652090209020902,6.108498349834983,6.652090209020902,6.044004400440044
600423.SH,20160307,7.0,7.79,6.83,7.64,7.22,0.42,5.82,408192.25,296286.809,3.35,7.039053905390539,6.449394939493949,7.177255225522552,6.292766776677668
600423.SH,20160308,7.48,7.65,7.12,7.49,7.64,-0.15,-1.96,295139.37,218362.051,3.35,6.900852585258526,6.891639163916392,7.048267326732673,6.55995599559956
600423.SH,20160309,7.29,7.36,7.0,7.04,7.49,-0.45,-6.01,163265.66,117549.395,3.35,6.486248624862486,6.716584158415841,6.781078107810782,6.449394939493949
600423.SH,20160310,6.97,7.27,6.96,7.01,7.04,-0.03,-0.43,84622.18,60079.921,3.35,6.458608360836084,6.421754675467546,6.698157315731573,6.412541254125412
600423.SH,20160311,6.89,7.12,6.89,7.05,7.01,0.04,0.57,65291.72,46035.177,3.35,6.49546204620462,6.348047304730472,6.55995599559956,6.348047304730472
600423.SH,20160314,7.14,7.76,7.11,7.76,7.05,0.71,10.07,133265.54,101214.398,3.35,7.149614961496149,6.5783828382838285,7.149614961496149,6.550742574257425
600423.SH,20160315,7.99,8.1,7.73,7.76,7.76,0.0,0.0,274099.2,215571.162,3.35,7.149614961496149,7.361523652365235,7.462871287128712,7.121974697469748
600423.SH,20160316,7.82,8.31,7.7,7.9,7.76,0.14,1.8,205049.2,164661.448,3.35,7.278602860286029,7.204895489548956,7.656353135313532,7.094334433443344
600423.SH,20160317,7.9,8.25,7.86,8.12,7.9,0.22,2.78,178812.39,144383.939,3.35,7.481298129812981,7.278602860286029,7.601072607260725,7.241749174917492
600423.SH,20160318,8.15,8.28,8.03,8.17,8.12,0.05,0.62,148720.23,121462.147,3.35,7.527365236523653,7.508938393839384,7.628712871287128,7.3983773377337725
600423.SH,20160321,8.26,8.3,8.05,8.22,8.17,0.05,0.61,146480.37,119831.24,3.35,7.573432343234324,7.61028602860286,7.647139713971398,7.416804180418043
600423.SH,20160322,8.1,8.49,8.01,8.2,8.22,-0.02,-0.24,151142.42,125264.989,3.35,7.555005500550054,7.462871287128712,7.822194719471947,7.379950495049504
600423.SH,20160323,8.12,8.22,8.01,8.21,8.2,0.01,0.12,87329.0,70899.124,3.35,7.56421892189219,7.481298129812981,7.573432343234324,7.379950495049504
600423.SH,20160324,8.16,8.47,8.04,8.11,8.21,-0.1,-1.22,105448.47,87094.127,3.35,7.472084708470846,7.518151815181518,7.803767876787679,7.407590759075907
600423.SH,20160325,8.09,8.6,8.05,8.54,8.11,0.43,5.3,131665.41,109636.153,3.35,7.868261826182618,7.453657865786579,7.923542354235423,7.416804180418043
600423.SH,20160328,8.56,9.25,8.56,9.13,8.54,0.59,6.91,234985.41,211442.513,3.35,8.411853685368538,7.886688668866887,8.522414741474147,7.886688668866887
600423.SH,20160329,9.08,9.09,8.55,8.89,9.13,-0.24,-2.63,182780.59,161767.444,3.35,8.190731573157315,8.365786578657866,8.375,7.877475247524753
600423.SH,20160330,8.92,9.29,8.82,9.1,8.89,0.21,2.36,139542.97,126022.273,3.35,8.384213421342134,8.218371837183719,8.559268426842683,8.126237623762377
600423.SH,20160331,9.11,9.16,8.85,9.05,9.1,-0.05,-0.55,131818.35,118761.673,3.35,8.338146314631464,8.393426842684269,8.439493949394938,8.153877887788779
600423.SH,20160401,8.92,9.37,8.85,9.26,9.05,0.21,2.32,131646.95,119934.336,3.35,8.531628162816281,8.218371837183719,8.632975797579757,8.153877887788779
600423.SH,20160405,9.13,9.79,9.1,9.5,9.26,0.24,2.59,167725.17,157766.341,3.35,8.752750275027502,8.411853685368538,9.019939493949392,8.384213421342134
600423.SH,20160406,9.48,9.77,9.35,9.51,9.5,0.01,0.11,133176.48,127334.051,3.35,8.761963696369637,8.734323432343235,9.001512651265127,8.614548954895488
600423.SH,20160407,9.52,9.53,9.04,9.18,9.51,-0.33,-3.47,154283.99,143145.062,3.35,8.457920792079207,8.77117711771177,8.780390539053904,8.328932893289329
600423.SH,20160408,9.11,9.39,9.01,9.21,9.18,0.03,0.33,67836.45,62428.673,3.35,8.485561056105611,8.393426842684269,8.651402640264026,8.301292629262926
600423.SH,20160411,9.2,10.13,9.2,10.0,9.21,0.79,8.58,203520.22,200694.824,3.35,9.213421342134213,8.476347634763474,9.33319581958196,8.476347634763474
600423.SH,20160426,9.39,9.5,9.0,9.04,10.0,-0.96,-9.6,314935.7,286134.527,3.35,8.328932893289329,8.651402640264026,8.752750275027502,8.292079207920793
600423.SH,20160427,8.9,9.17,8.79,8.91,9.04,-0.13,-1.44,272885.84,245633.254,3.35,8.209158415841584,8.19994499449945,8.448707370737074,8.098597359735972
600423.SH,20160428,8.76,8.85,8.1,8.36,8.91,-0.55,-6.17,254723.83,214546.614,3.35,7.702420242024202,8.07095709570957,8.153877887788779,7.462871287128712
600423.SH,20160429,8.29,8.83,8.21,8.67,8.36,0.31,3.71,164483.91,141070.877,3.35,7.988036303630363,7.637926292629262,8.13545104510451,7.56421892189219
600423.SH,20160503,8.78,8.88,8.52,8.76,8.67,0.09,1.04,106995.4,93325.059,3.35,8.07095709570957,8.089383938393839,8.181518151815183,7.849834983498349
600423.SH,20160504,8.75,8.85,8.66,8.78,8.76,0.02,0.23,84961.62,74382.889,3.35,8.089383938393839,8.061743674367436,8.153877887788779,7.978822882288229
600423.SH,20160505,8.77,8.98,8.69,8.83,8.78,0.05,0.57,92838.18,82002.225,3.35,8.13545104510451,8.080170517051705,8.273652365236524,8.006463146314632
600423.SH,20160506,8.82,8.86,8.1,8.12,8.83,-0.71,-8.04,137777.41,116057.691,3.35,7.481298129812981,8.126237623762377,8.163091309130913,7.462871287128712
600423.SH,20160509,8.11,8.11,7.37,7.48,8.12,-0.64,-7.88,158487.87,119790.021,3.35,6.891639163916392,7.472084708470846,7.472084708470846,6.790291529152916
600423.SH,20160510,7.4,8.03,7.01,8.02,7.48,0.54,7.22,184805.32,138333.176,3.35,7.389163916391639,6.817931793179318,7.3983773377337725,6.458608360836084
600423.SH,20160511,7.9,8.5,7.75,8.2,8.02,0.18,2.24,138984.03,112167.953,3.35,7.555005500550054,7.278602860286029,7.831408140814082,7.140401540154016
600423.SH,20160512,8.07,8.45,7.8,8.16,8.2,-0.04,-0.49,117095.82,96602.487,3.35,7.518151815181518,7.43523102310231,7.78534103410341,7.186468646864686
600423.SH,20160513,8.14,8.35,8.01,8.26,8.16,0.1,1.23,79641.43,65506.508,3.35,7.61028602860286,7.49972497249725,7.693206820682068,7.379950495049504
600423.SH,20160516,8.12,8.77,8.1,8.62,8.26,0.36,4.36,99137.4,84441.872,3.35,7.9419691969196915,7.481298129812981,8.080170517051705,7.462871287128712
600423.SH,20160517,8.54,8.7,8.42,8.57,8.62,-0.05,-0.58,60184.5,51503.521,3.35,7.895902090209021,7.868261826182618,8.015676567656765,7.757700770077007
600423.SH,20160518,8.53,8.53,8.1,8.3,8.57,-0.27,-3.15,91852.0,76185.884,3.35,7.647139713971398,7.859048404840483,7.859048404840483,7.462871287128712
600423.SH,20160519,8.3,8.45,8.18,8.41,8.3,0.11,1.33,58103.86,48396.614,3.35,7.748487348734874,7.647139713971398,7.78534103410341,7.536578657865786
600423.SH,20160520,8.37,8.65,8.22,8.6,8.41,0.19,2.26,59135.21,50124.278,3.35,7.923542354235423,7.711633663366335,7.969609460946095,7.573432343234324
600423.SH,20160523,8.58,9.06,8.58,9.03,8.6,0.43,5.0,118951.22,105983.836,3.35,8.319719471947193,7.9051155115511555,8.347359735973598,7.9051155115511555
600423.SH,20160524,9.07,9.41,8.91,9.0,9.03,-0.03,-0.33,116173.92,106053.905,3.35,8.292079207920793,8.356573157315733,8.669829482948295,8.209158415841584
600423.SH,20160525,9.04,9.19,8.85,9.07,9.0,0.07,0.78,68949.52,62136.96,3.35,8.356573157315733,8.328932893289329,8.467134213421343,8.153877887788779
600423.SH,20160526,9.08,9.17,8.71,9.15,9.07,0.08,0.88,71284.35,63640.057,3.35,8.430280528052807,8.365786578657866,8.448707370737074,8.0248899889989
600423.SH,20160527,9.15,9.3,8.94,9.04,9.15,-0.11,-1.2,82922.97,75464.53,3.35,8.328932893289329,8.430280528052807,8.568481848184819,8.236798679867986
600423.SH,20160530,9.2,9.2,8.84,8.96,9.04,-0.08,-0.89,49104.16,44110.295,3.35,8.255225522552257,8.476347634763474,8.476347634763474,8.144664466446645
600423.SH,20160531,8.89,9.25,8.88,9.16,8.96,0.2,2.23,110886.6,100831.9,3.35,8.439493949394938,8.190731573157315,8.522414741474147,8.181518151815183
600423.SH,20160601,9.11,9.24,9.0,9.15,9.16,-0.01,-0.11,91484.13,83479.718,3.35,8.430280528052807,8.393426842684269,8.513201320132014,8.292079207920793
600423.SH,20160602,9.16,9.42,9.01,9.4,9.15,0.25,2.73,88898.22,81865.566,3.35,8.660616061606161,8.439493949394938,8.67904290429043,8.301292629262926
600423.SH,20160603,9.39,9.48,9.14,9.19,9.4,-0.21,-2.23,97032.51,90133.746,3.35,8.467134213421343,8.651402640264026,8.734323432343235,8.421067106710671
600423.SH,20160606,9.1,9.2,8.86,9.01,9.19,-0.18,-1.96,70286.27,63490.444,3.35,8.301292629262926,8.384213421342134,8.476347634763474,8.163091309130913
600423.SH,20160607,8.97,9.0,8.8,8.94,9.01,-0.07,-0.78,51182.65,45608.526,3.35,8.236798679867986,8.26443894389439,8.292079207920793,8.10781078107811
600423.SH,20160608,8.91,9.0,8.74,8.95,8.94,0.01,0.11,45205.9,40097.285,3.35,8.24601210121012,8.209158415841584,8.292079207920793,8.052530253025303
600423.SH,20160613,8.8,9.2,8.7,8.7,8.95,-0.25,-2.79,103860.58,93417.188,3.35,8.015676567656765,8.10781078107811,8.476347634763474,8.015676567656765
600423.SH,20160614,8.55,8.6,8.18,8.42,8.7,-0.28,-3.22,79373.58,66251.2,3.35,7.757700770077007,7.877475247524753,7.923542354235423,7.536578657865786
600423.SH,20160615,8.39,8.6,8.25,8.58,8.42,0.16,1.9,98281.79,83007.568,3.35,7.9051155115511555,7.730060506050606,7.923542354235423,7.601072607260725
600423.SH,20160616,8.6,8.6,8.14,8.22,8.58,-0.36,-4.2,129639.6,107805.084,3.35,7.573432343234324,7.923542354235423,7.923542354235423,7.49972497249725
600423.SH,20160617,8.22,8.39,7.96,7.98,8.22,-0.24,-2.92,105042.79,85932.277,3.35,7.352310231023102,7.573432343234324,7.730060506050606,7.333883388338834
600423.SH,20160620,7.18,7.18,7.18,7.18,7.98,-0.8,-10.03,29682.0,21311.676,3.35,6.615236523652365,6.615236523652365,6.615236523652365,6.615236523652365
600423.SH,20160621,6.46,7.2,6.46,6.9,7.18,-0.28,-3.9,772177.44,512111.621,3.35,6.357260726072608,5.951870187018702,6.633663366336633,5.951870187018702
600423.SH,20160622,6.55,6.76,6.46,6.62,6.9,-0.28,-4.06,405820.26,266525.136,3.35,6.099284928492849,6.0347909790979095,6.228272827282728,5.951870187018702
600423.SH,20160623,6.54,6.69,6.5,6.56,6.62,-0.06,-0.91,214570.25,141306.958,3.35,6.044004400440044,6.025577557755776,6.163778877887789,5.988723872387239
600423.SH,20160624,6.54,6.6,6.17,6.35,6.56,-0.21,-3.2,221675.37,142238.588,3.35,5.850522552255225,6.025577557755776,6.080858085808581,5.684680968096809
600423.SH,20160628,6.32,6.68,6.32,6.64,6.35,0.29,4.57,252809.01,163931.886,3.35,6.117711771177118,5.822882288228823,6.154565456545655,5.822882288228823
600423.SH,20160629,6.6,6.67,6.51,6.62,6.64,-0.02,-0.3,172353.15,113624.381,3.35,6.099284928492849,6.080858085808581,6.14535203520352,5.997937293729373
600423.SH,20160630,6.64,6.71,6.54,6.7,6.62,0.08,1.21,133384.91,88292.742,3.35,6.172992299229922,6.117711771177118,6.182205720572057,6.025577557755776
600423.SH,20160701,6.72,6.78,6.63,6.66,6.7,-0.04,-0.6,120359.43,80486.587,3.35,6.136138613861386,6.191419141914191,6.246699669966997,6.108498349834983
600423.SH,20160704,6.63,6.79,6.57,6.73,6.66,0.07,1.05,157048.95,105037.468,3.35,6.200632563256326,6.108498349834983,6.255913091309131,6.053217821782178
600423.SH,20160705,6.73,6.85,6.7,6.83,6.73,0.1,1.49,156489.11,105932.321,3.35,6.292766776677668,6.200632563256326,6.311193619361935,6.172992299229922
600423.SH,20160706,6.83,6.99,6.7,6.96,6.83,0.13,1.9,158411.77,108851.855,3.35,6.412541254125412,6.292766776677668,6.440181518151816,6.172992299229922
600423.SH,20160707,6.96,7.17,6.9,6.97,6.96,0.01,0.14,182925.75,128548.15,3.35,6.421754675467546,6.412541254125412,6.606023102310231,6.357260726072608
600423.SH,20160708,6.97,7.02,6.87,6.91,6.97,-0.06,-0.86,93700.7,64810.324,3.35,6.366474147414742,6.421754675467546,6.467821782178217,6.329620462046205
600423.SH,20160711,6.95,6.96,6.79,6.82,6.91,-0.09,-1.3,117572.9,80509.292,3.35,6.283553355335534,6.403327832783279,6.412541254125412,6.255913091309131
600423.SH,20160712,6.84,6.85,6.56,6.82,6.82,0.0,0.0,122894.45,82451.334,3.35,6.283553355335534,6.301980198019802,6.311193619361935,6.044004400440044
600423.SH,20160713,6.82,6.86,6.75,6.85,6.82,0.03,0.44,113056.6,77015.479,3.35,6.311193619361935,6.283553355335534,6.320407040704071,6.219059405940594
600423.SH,20160714,6.85,6.85,6.73,6.78,6.85,-0.07,-1.02,108878.03,73804.707,3.35,6.246699669966997,6.311193619361935,6.311193619361935,6.200632563256326
600423.SH,20160715,6.78,6.86,6.77,6.79,6.78,0.01,0.15,75906.93,51644.048,3.35,6.255913091309131,6.246699669966997,6.320407040704071,6.237486248624863
600423.SH,20160718,6.82,6.82,6.65,6.72,6.79,-0.07,-1.03,70121.85,47174.55,3.35,6.191419141914191,6.283553355335534,6.283553355335534,6.126925192519253
600423.SH,20160719,6.72,6.97,6.66,6.89,6.72,0.17,2.53,145451.61,99085.045,3.35,6.348047304730472,6.191419141914191,6.421754675467546,6.136138613861386
600423.SH,20160720,6.87,7.0,6.84,6.9,6.89,0.01,0.15,133489.04,92124.258,3.35,6.357260726072608,6.329620462046205,6.449394939493949,6.301980198019802
600423.SH,20160721,6.91,6.94,6.85,6.89,6.9,-0.01,-0.14,79393.64,54701.68,3.35,6.348047304730472,6.366474147414742,6.394114411441144,6.311193619361935
600423.SH,20160722,6.92,6.94,6.79,6.81,6.89,-0.08,-1.16,66316.15,45346.982,3.35,6.274339933993399,6.375687568756876,6.394114411441144,6.255913091309131
600423.SH,20160725,6.81,6.84,6.71,6.79,6.81,-0.02,-0.29,117768.58,79687.202,3.35,6.255913091309131,6.274339933993399,6.301980198019802,6.182205720572057
600423.SH,20160726,6.8,7.4,6.74,7.21,6.79,0.42,6.19,332706.84,235298.479,3.35,6.642876787678768,6.265126512651265,6.817931793179318,6.20984598459846
600423.SH,20160727,7.21,7.21,6.77,6.78,7.21,-0.43,-5.96,222791.61,155777.58,3.35,6.246699669966997,6.642876787678768,6.642876787678768,6.237486248624863
600423.SH,20160728,6.7,6.79,6.6,6.72,6.78,-0.06,-0.89,115561.5,77386.098,3.35,6.191419141914191,6.172992299229922,6.255913091309131,6.080858085808581
600423.SH,20160729,6.74,6.76,6.63,6.65,6.72,-0.07,-1.04,48217.59,32168.005,3.35,6.126925192519253,6.20984598459846,6.228272827282728,6.108498349834983
600423.SH,20160801,6.62,6.62,6.29,6.5,6.65,-0.15,-2.26,113956.06,73251.743,3.35,5.988723872387239,6.099284928492849,6.099284928492849,5.7952420242024205
600423.SH,20160802,6.5,6.54,6.43,6.52,6.5,0.02,0.31,60301.81,39159.756,3.35,6.007150715071506,5.988723872387239,6.025577557755776,5.924229922992298
600423.SH,20160803,6.51,6.61,6.47,6.54,6.52,0.02,0.31,74331.26,48469.464,3.35,6.025577557755776,5.997937293729373,6.090071507150716,5.961083608360836
600423.SH,20160804,6.55,6.58,6.48,6.55,6.54,0.01,0.15,60317.37,39373.4,3.35,6.0347909790979095,6.0347909790979095,6.062431243124312,5.97029702970297
600423.SH,20160805,6.54,6.64,6.51,6.56,6.55,0.01,0.15,71139.7,46645.11,3.35,6.044004400440044,6.025577557755776,6.117711771177118,5.997937293729373
600423.SH,20160808,6.57,6.61,6.45,6.61,6.56,0.05,0.76,67277.31,44023.263,3.35,6.090071507150716,6.053217821782178,6.090071507150716,5.942656765676568
600423.SH,20160809,6.58,6.7,6.58,6.68,6.61,0.07,1.06,66004.61,43860.017,3.35,6.154565456545655,6.062431243124312,6.172992299229922,6.062431243124312
600423.SH,20160810,6.65,6.85,6.63,6.76,6.68,0.08,1.2,102239.47,68986.422,3.35,6.228272827282728,6.126925192519253,6.311193619361935,6.108498349834983
600423.SH,20160811,6.75,6.83,6.59,6.61,6.76,-0.15,-2.22,73130.56,48955.642,3.35,6.090071507150716,6.219059405940594,6.292766776677668,6.071644664466446
600423.SH,20160812,6.6,6.67,6.49,6.65,6.61,0.04,0.61,81733.99,53727.383,3.35,6.126925192519253,6.080858085808581,6.14535203520352,5.979510451045105
600423.SH,20160815,6.65,6.88,6.63,6.78,6.65,0.13,1.95,156807.21,106330.425,3.35,6.246699669966997,6.126925192519253,6.33883388338834,6.108498349834983
600423.SH,20160816,6.8,6.94,6.76,6.89,6.78,0.11,1.62,118114.53,81165.968,3.35,6.348047304730472,6.265126512651265,6.394114411441144,6.228272827282728
600423.SH,20160817,6.91,6.98,6.83,6.98,6.89,0.09,1.31,118283.55,81817.588,3.35,6.430968096809681,6.366474147414742,6.430968096809681,6.292766776677668
600423.SH,20160818,7.0,7.03,6.9,6.92,6.98,-0.06,-0.86,130295.93,90454.258,3.35,6.375687568756876,6.449394939493949,6.477035203520352,6.357260726072608
600423.SH,20160819,6.9,6.95,6.85,6.94,6.92,0.02,0.29,77473.48,53496.409,3.35,6.394114411441144,6.357260726072608,6.403327832783279,6.311193619361935
600423.SH,20160822,6.94,7.15,6.85,6.88,6.94,-0.06,-0.86,137727.67,96172.268,3.35,6.33883388338834,6.394114411441144,6.587596259625963,6.311193619361935
600423.SH,20160823,6.88,6.94,6.83,6.91,6.88,0.03,0.44,85089.5,58526.15,3.35,6.366474147414742,6.33883388338834,6.394114411441144,6.292766776677668
600423.SH,20160824,6.91,6.93,6.86,6.9,6.91,-0.01,-0.14,62164.85,42848.333,3.35,6.357260726072608,6.366474147414742,6.384900990099009,6.320407040704071
600423.SH,20160825,6.86,6.9,6.74,6.85,6.9,-0.05,-0.72,69309.02,47226.458,3.35,6.311193619361935,6.320407040704071,6.357260726072608,6.20984598459846
600423.SH,20160826,6.83,6.93,6.82,6.9,6.85,0.05,0.73,77385.99,53239.795,3.35,6.357260726072608,6.292766776677668,6.384900990099009,6.283553355335534
600423.SH,20160829,6.97,6.98,6.8,6.91,6.9,0.01,0.14,81895.29,56525.38,3.35,6.366474147414742,6.421754675467546,6.430968096809681,6.265126512651265
600423.SH,20160830,6.91,7.6,6.86,7.6,6.91,0.69,9.99,476299.54,351859.013,3.35,7.002200220022003,6.366474147414742,7.002200220022003,6.320407040704071
600423.SH,20160831,7.59,7.62,7.35,7.52,7.6,-0.08,-1.05,321548.34,239880.349,3.35,6.928492849284928,6.992986798679868,7.020627062706271,6.771864686468646
600423.SH,20160901,7.43,7.74,7.32,7.43,7.52,-0.09,-1.2,333095.6,250566.369,3.35,6.84557205720572,6.84557205720572,7.131188118811881,6.744224422442245
600423.SH,20160902,7.34,7.54,7.25,7.41,7.43,-0.02,-0.27,174177.81,128732.465,3.35,6.827145214521453,6.762651265126512,6.946919691969197,6.679730473047305
600423.SH,20160905,7.34,7.54,7.29,7.38,7.41,-0.03,-0.4,151768.7,112301.329,3.35,6.799504950495049,6.762651265126512,6.946919691969197,6.716584158415841
600423.SH,20160906,7.38,7.6,7.37,7.52,7.38,0.14,1.9,194843.94,145705.79,3.35,6.928492849284928,6.799504950495049,7.002200220022003,6.790291529152916
600423.SH,20160907,7.52,7.63,7.45,7.48,7.52,-0.04,-0.53,173141.25,130601.843,3.35,6.891639163916392,6.928492849284928,7.029840484048405,6.863998899889989
600423.SH,20160908,7.45,7.73,7.44,7.66,7.48,0.18,2.41,169810.49,128930.938,3.35,7.057480748074807,6.863998899889989,7.121974697469748,6.854785478547855
600423.SH,20160909,7.7,8.16,7.66,7.9,7.66,0.24,3.13,284538.75,225940.84,3.35,7.278602860286029,7.094334433443344,7.518151815181518,7.057480748074807
600423.SH,20160912,7.6,7.8,7.39,7.42,7.9,-0.48,-6.08,200919.95,151299.04,3.35,6.836358635863586,7.002200220022003,7.186468646864686,6.808718371837183
600423.SH,20160913,7.46,7.57,7.2,7.56,7.42,0.14,1.89,142051.83,104518.43,3.35,6.965346534653465,6.873212321232123,6.974559955995599,6.633663366336633
600423.SH,20160914,7.42,7.54,7.35,7.39,7.56,-0.17,-2.25,98815.58,73349.445,3.35,6.808718371837183,6.836358635863586,6.946919691969197,6.771864686468646
600423.SH,20160919,7.47,7.76,7.47,7.63,7.39,0.24,3.25,126812.94,96523.759,3.35,7.029840484048405,6.882425742574257,7.149614961496149,6.882425742574257
600423.SH,20160920,7.6,8.06,7.56,7.94,7.63,0.31,4.06,242470.29,190839.22,3.35,7.315456545654566,7.002200220022003,7.426017601760176,6.965346534653465
600423.SH,20160921,7.93,8.13,7.8,8.0,7.94,0.06,0.76,176262.16,140971.039,3.35,7.370737073707371,7.306243124312431,7.490511551155116,7.186468646864686
600423.SH,20160922,8.1,8.15,7.87,7.91,8.0,-0.09,-1.13,175935.2,139727.837,3.35,7.287816281628163,7.462871287128712,7.508938393839384,7.250962596259626
600423.SH,20160923,7.91,8.47,7.86,8.36,7.91,0.45,5.69,255917.6,210315.91,3.35,7.702420242024202,7.287816281628163,7.803767876787679,7.241749174917492
600423.SH,20160926,8.22,8.45,8.03,8.15,8.36,-0.21,-2.51,170813.06,140025.622,3.35,7.508938393839384,7.573432343234324,7.78534103410341,7.3983773377337725
600423.SH,20160927,8.17,8.97,7.6,7.89,8.15,-0.26,-3.19,375804.96,301621.567,3.35,7.269389438943894,7.527365236523653,8.26443894389439,7.002200220022003
600423.SH,20160928,7.78,7.97,7.56,7.92,7.89,0.03,0.38,233638.87,180650.956,3.35,7.297029702970296,7.168041804180419,7.343096809680968,6.965346534653465
600423.SH,20160929,7.85,8.71,7.83,8.56,7.92,0.64,8.08,419684.42,350159.005,3.35,7.886688668866887,7.232535753575357,8.0248899889989,7.214108910891088
600423.SH,20160930,8.49,8.97,8.35,8.65,8.56,0.09,1.05,420213.45,362407.211,3.35,7.969609460946095,7.822194719471947,8.26443894389439,7.693206820682068
600423.SH,20161010,8.62,9.09,8.52,8.92,8.65,0.27,3.12,332233.12,292897.159,3.35,8.218371837183719,7.9419691969196915,8.375,7.849834983498349
600423.SH,20161011,8.9,9.07,8.75,8.9,8.92,-0.02,-0.22,276948.03,246370.211,3.35,8.19994499449945,8.19994499449945,8.356573157315733,8.061743674367436
600423.SH,20161012,8.81,8.88,8.72,8.75,8.9,-0.15,-1.69,134992.94,118747.668,3.35,8.061743674367436,8.117024202420243,8.181518151815183,8.034103410341034
600423.SH,20161013,8.67,9.11,8.67,8.85,8.75,0.1,1.14,213976.44,191170.889,3.35,8.153877887788779,7.988036303630363,8.393426842684269,7.988036303630363
600423.SH,20161014,8.7,8.88,8.63,8.82,8.85,-0.03,-0.34,144782.24,126782.919,3.35,8.126237623762377,8.015676567656765,8.181518151815183,7.951182618261827
600423.SH,20161017,8.76,8.89,8.61,8.66,8.82,-0.16,-1.81,144324.57,126008.944,3.35,7.978822882288229,8.07095709570957,8.190731573157315,7.932755775577557
600423.SH,20161018,8.64,8.79,8.53,8.72,8.66,0.06,0.69,106602.15,92664.999,3.35,8.034103410341034,7.960396039603961,8.098597359735972,7.859048404840483
600423.SH,20161019,8.75,9.04,8.7,8.85,8.72,0.13,1.49,174081.1,154904.263,3.35,8.153877887788779,8.061743674367436,8.328932893289329,8.015676567656765
600423.SH,20161020,8.8,8.95,8.51,8.62,8.85,-0.23,-2.6,198131.43,171810.517,3.35,7.9419691969196915,8.10781078107811,8.24601210121012,7.840621562156215
600423.SH,20161021,8.6,8.65,8.32,8.42,8.62,-0.2,-2.32,128013.5,108443.894,3.35,7.757700770077007,7.923542354235423,7.969609460946095,7.665566556655666
600423.SH,20161024,8.41,8.68,8.41,8.53,8.42,0.11,1.31,96225.69,82449.21,3.35,7.859048404840483,7.748487348734874,7.997249724972497,7.748487348734874
600423.SH,20161025,8.6,8.83,8.6,8.7,8.53,0.17,1.99,135323.6,117859.329,3.35,8.015676567656765,7.923542354235423,8.13545104510451,7.923542354235423
600423.SH,20161026,8.65,9.07,8.65,8.82,8.7,0.12,1.38,188774.99,168242.108,3.35,8.126237623762377,7.969609460946095,8.356573157315733,7.969609460946095
600423.SH,20161027,8.71,9.02,8.71,8.94,8.82,0.12,1.36,131048.59,116488.103,3.35,8.236798679867986,8.0248899889989,8.31050605060506,8.0248899889989
600423.SH,20161028,8.98,9.01,8.75,8.8,8.94,-0.14,-1.57,115663.35,102489.665,3.35,8.10781078107811,8.273652365236524,8.301292629262926,8.061743674367436
600423.SH,20161031,8.82,8.83,8.5,8.72,8.8,-0.08,-0.91,82380.19,71622.089,3.35,8.034103410341034,8.126237623762377,8.13545104510451,7.831408140814082
600423.SH,20161101,8.72,9.34,8.72,9.16,8.72,0.44,5.05,209355.52,188876.653,3.35,8.439493949394938,8.034103410341034,8.605335533553356,8.034103410341034
600423.SH,20161102,9.11,9.79,9.03,9.43,9.16,0.27,2.95,305896.97,288872.212,3.35,8.688256325632562,8.393426842684269,9.019939493949392,8.319719471947193
600423.SH,20161103,9.31,9.55,9.15,9.28,9.43,-0.15,-1.59,236600.26,220960.64,3.35,8.55005500550055,8.577695269526952,8.798817381738175,8.430280528052807
600423.SH,20161104,9.28,9.39,9.04,9.09,9.28,-0.19,-2.05,145494.1,133267.434,3.35,8.375,8.55005500550055,8.651402640264026,8.328932893289329
600423.SH,20161107,9.1,9.29,8.96,9.13,9.09,0.04,0.44,120371.39,110054.648,3.35,8.411853685368538,8.384213421342134,8.559268426842683,8.255225522552257
600423.SH,20161108,9.11,9.7,9.04,9.6,9.13,0.47,5.15,241919.76,226899.635,3.35,8.844884488448844,8.393426842684269,8.937018701870185,8.328932893289329
600423.SH,20161109,9.6,9.98,9.45,9.55,9.6,-0.05,-0.52,328012.03,318832.107,3.35,8.798817381738175,8.844884488448844,9.194994499449944,8.70668316831683
600423.SH,20161110,9.9,10.51,9.71,9.95,9.55,0.4,4.19,439762.74,447617.345,3.35,9.167354235423542,9.12128712871287,9.68330583058306,8.94623212321232
600423.SH,20161111,10.39,10.95,10.1,10.39,9.95,0.44,4.42,558887.53,586967.601,3.35,9.572744774477448,9.572744774477448,10.088696369636963,9.305555555555555
600423.SH,20161114,10.3,11.25,9.9,11.02,10.39,0.63,6.06,615967.81,650812.87,3.35,10.153190319031903,9.48982398239824,10.36509900990099,9.12128712871287
600423.SH,20161115,10.82,11.36,10.75,11.17,11.02,0.15,1.36,381773.76,420697.349,3.35,10.291391639163916,9.968921892189218,10.466446644664464,9.90442794279428
600423.SH,20161116,11.11,11.47,10.74,10.87,11.17,-0.3,-2.69,458584.1,507835.702,3.35,10.014988998899888,10.23611111111111,10.567794279427943,9.895214521452145
600423.SH,20161117,10.8,10.9,10.45,10.72,10.87,-0.15,-1.38,339554.1,362167.886,3.35,9.876787678767878,9.950495049504951,10.042629262926292,9.628025302530252
600423.SH,20161118,10.64,10.95,10.55,10.62,10.72,-0.1,-0.93,334884.16,360943.365,3.35,9.784653465346532,9.803080308030804,10.088696369636963,9.720159515951597
600423.SH,20161121,10.45,10.67,10.18,10.65,10.62,0.03,0.28,251577.56,262202.946,3.35,9.812293729372938,9.628025302530252,9.830720572057206,9.379262926292627
600423.SH,20161122,10.63,10.84,10.45,10.47,10.65,-0.18,-1.69,312209.86,332421.015,3.35,9.64645214521452,9.793866886688669,9.987348734873487,9.628025302530252
600423.SH,20161123,10.42,10.45,10.07,10.21,10.47,-0.26,-2.48,286905.71,292624.94,3.35,9.406903190319031,9.600385038503852,9.628025302530252,9.277915291529151
600423.SH,20161124,10.22,10.3,10.11,10.22,10.21,0.01,0.1,133339.55,136335.289,3.35,9.416116611661169,9.416116611661169,9.48982398239824,9.314768976897687
600423.SH,20161125,10.24,10.41,10.08,10.35,10.22,0.13,1.27,165349.15,170357.497,3.35,9.53589108910891,9.434543454345436,9.591171617161717,9.287128712871286
600423.SH,20161128,10.3,10.44,10.18,10.33,10.35,-0.02,-0.19,167031.83,172004.632,3.35,9.51746424642464,9.48982398239824,9.618811881188115,9.379262926292627
600423.SH,20161129,10.3,10.42,10.05,10.06,10.33,-0.27,-2.61,210127.93,216361.013,3.35,9.26870187018702,9.48982398239824,9.600385038503852,9.259488448844886
600423.SH,20161130,9.85,9.97,9.12,9.9,10.06,-0.16,-1.59,226521.14,216355.991,3.35,9.12128712871287,9.0752200220022,9.185781078107812,8.402640264026402
600423.SH,20161201,9.65,9.77,9.48,9.62,9.9,-0.28,-2.83,436936.2,421384.92,3.35,8.863311331133112,8.890951595159516,9.001512651265127,8.734323432343235
600423.SH,20161202,9.62,9.62,8.9,8.96,9.62,-0.66,-6.86,221924.01,205777.337,3.35,8.255225522552257,8.863311331133112,8.863311331133112,8.19994499449945
600423.SH,20161205,8.85,8.89,8.35,8.69,8.96,-0.27,-3.01,176160.36,152194.658,3.35,8.006463146314632,8.153877887788779,8.190731573157315,7.693206820682068
600423.SH,20161206,8.72,9.15,8.72,9.05,8.69,0.36,4.14,132891.84,119743.669,3.35,8.338146314631464,8.034103410341034,8.430280528052807,8.034103410341034
600423.SH,20161207,9.07,9.08,8.84,8.89,9.05,-0.16,-1.77,169026.19,151185.113,3.35,8.190731573157315,8.356573157315733,8.365786578657866,8.144664466446645
600423.SH,20161208,8.95,9.12,8.8,8.91,8.89,0.02,0.23,173421.98,154968.215,3.35,8.209158415841584,8.24601210121012,8.402640264026402,8.10781078107811
600423.SH,20161209,8.95,9.03,8.76,9.01,8.91,0.1,1.12,152127.61,135511.446,3.35,8.301292629262926,8.24601210121012,8.319719471947193,8.07095709570957
600423.SH,20161212,8.93,9.09,8.4,8.62,9.01,-0.39,-4.33,155709.07,135527.277,3.35,7.9419691969196915,8.227585258525853,8.375,7.739273927392739
600423.SH,20161213,8.53,8.86,8.4,8.82,8.62,0.2,2.32,149059.81,129314.954,3.35,8.126237623762377,7.859048404840483,8.163091309130913,7.739273927392739
600423.SH,20161214,8.7,9.19,8.65,8.95,8.82,0.13,1.47,195623.0,175028.604,3.35,8.24601210121012,8.015676567656765,8.467134213421343,7.969609460946095
600423.SH,20161215,8.84,9.47,8.83,9.34,8.95,0.39,4.36,282381.86,261059.636,3.35,8.605335533553356,8.144664466446645,8.725110011001101,8.13545104510451
600423.SH,20161216,9.29,9.78,9.19,9.49,9.34,0.15,1.61,304334.58,288781.016,3.35,8.743536853685368,8.559268426842683,9.01072607260726,8.467134213421343
600423.SH,20161219,9.31,9.44,9.21,9.27,9.49,-0.22,-2.32,147895.55,137399.128,3.35,8.540841584158416,8.577695269526952,8.697469746974697,8.485561056105611
600423.SH,20161220,9.25,9.4,9.12,9.3,9.27,0.03,0.32,109865.88,101716.83,3.35,8.568481848184819,8.522414741474147,8.660616061606161,8.402640264026402
600423.SH,20161221,9.3,9.44,9.25,9.41,9.3,0.11,1.18,111635.29,104467.883,3.35,8.669829482948295,8.568481848184819,8.697469746974697,8.522414741474147
600423.SH,20161222,9.36,9.52,9.29,9.5,9.41,0.09,0.96,122343.68,115461.161,3.35,8.752750275027502,8.623762376237623,8.77117711771177,8.559268426842683
600423.SH,20161223,9.42,9.65,9.32,9.48,9.5,-0.02,-0.21,139153.03,131779.194,3.35,8.734323432343235,8.67904290429043,8.890951595159516,8.586908690869087
600423.SH,20161226,9.39,9.44,9.1,9.32,9.48,-0.16,-1.69,115533.9,107145.25,3.35,8.586908690869087,8.651402640264026,8.697469746974697,8.384213421342134
600423.SH,20161227,9.3,9.75,9.26,9.64,9.32,0.32,3.43,304496.57,290954.335,3.35,8.881738173817382,8.568481848184819,8.983085808580858,8.531628162816281
600423.SH,20161228,9.53,9.64,9.42,9.46,9.64,-0.18,-1.87,136535.02,129987.927,3.35,8.715896589658966,8.780390539053904,8.881738173817382,8.67904290429043
600423.SH,20161229,9.44,9.46,9.1,9.39,9.46,-0.07,-0.74,154450.57,143720.086,3.35,8.651402640264026,8.697469746974697,8.715896589658966,8.384213421342134
600423.SH,20161230,9.34,9.59,9.28,9.39,9.39,0.0,0.0,168765.23,158996.618,3.35,8.651402640264026,8.605335533553356,8.835671067106711,8.55005500550055
600423.SH,20170103,9.34,9.53,9.2,9.45,9.39,0.06,0.64,132160.94,124126.083,3.35,8.70668316831683,8.605335533553356,8.780390539053904,8.476347634763474
600423.SH,20170104,9.43,9.9,9.42,9.82,9.45,0.37,3.92,278083.04,269601.86,3.35,9.047579757975797,8.688256325632562,9.12128712871287,8.67904290429043
600423.SH,20170105,9.69,10.0,9.62,9.89,9.82,0.07,0.71,276113.94,271008.54,3.35,9.112073707370737,8.927805280528053,9.213421342134213,8.863311331133112
600423.SH,20170106,9.82,9.85,9.49,9.69,9.89,-0.2,-2.02,277567.11,267282.069,3.35,8.927805280528053,9.047579757975797,9.0752200220022,8.743536853685368
600423.SH,20170109,9.59,9.7,9.44,9.69,9.69,0.0,0.0,156240.56,149845.815,3.35,8.927805280528053,8.835671067106711,8.937018701870185,8.697469746974697
600423.SH,20170110,9.64,9.81,9.58,9.65,9.69,-0.04,-0.41,251000.54,243797.957,3.35,8.890951595159516,8.881738173817382,9.038366336633665,8.826457645764577
600423.SH,20170111,9.5,9.95,9.45,9.81,9.65,0.16,1.66,421326.81,409319.575,3.35,9.038366336633665,8.752750275027502,9.167354235423542,8.70668316831683
600423.SH,20170112,9.72,9.85,9.57,9.7,9.81,-0.11,-1.12,208051.49,202146.831,3.35,8.937018701870185,8.955445544554456,9.0752200220022,8.817244224422442
600423.SH,20170113,9.66,9.79,8.73,8.89,9.7,-0.81,-8.35,294852.27,273525.307,3.35,8.190731573157315,8.900165016501651,9.019939493949392,8.04331683168317
600423.SH,20170116,8.73,8.74,8.0,8.11,8.89,-0.78,-8.77,323790.57,266336.985,3.35,7.472084708470846,8.04331683168317,8.052530253025303,7.370737073707371
600423.SH,20170117,8.01,8.22,7.81,8.14,8.11,0.03,0.37,194414.51,157053.576,3.35,7.49972497249725,7.379950495049504,7.573432343234324,7.19568206820682
600423.SH,20170118,8.03,8.26,7.95,8.07,8.14,-0.07,-0.86,135012.5,109862.167,3.35,7.43523102310231,7.3983773377337725,7.61028602860286,7.3246699669967
600423.SH,20170119,8.04,8.11,7.86,8.06,8.07,-0.01,-0.12,112942.08,90440.103,3.35,7.426017601760176,7.407590759075907,7.472084708470846,7.241749174917492
600423.SH,20170120,7.99,8.2,7.9,8.15,8.06,0.09,1.12,157203.87,127628.115,3.35,7.508938393839384,7.361523652365235,7.555005500550054,7.278602860286029
600423.SH,20170123,8.03,8.2,7.98,8.17,8.15,0.02,0.25,119189.94,96719.763,3.35,7.527365236523653,7.3983773377337725,7.555005500550054,7.352310231023102
600423.SH,20170124,8.13,8.18,8.04,8.08,8.17,-0.09,-1.1,109430.95,88650.751,3.35,7.444444444444445,7.490511551155116,7.536578657865786,7.407590759075907
600423.SH,20170125,8.0,8.06,7.45,7.86,8.08,-0.22,-2.72,168915.75,131520.088,3.35,7.241749174917492,7.370737073707371,7.426017601760176,6.863998899889989
600423.SH,20170126,7.83,7.92,7.75,7.9,7.86,0.04,0.51,68428.31,53795.578,3.35,7.278602860286029,7.214108910891088,7.297029702970296,7.140401540154016
600423.SH,20170203,7.95,8.05,7.94,7.99,7.9,0.09,1.14,68630.92,54849.773,3.35,7.361523652365235,7.3246699669967,7.416804180418043,7.315456545654566
600423.SH,20170206,7.96,8.05,7.96,7.98,7.99,-0.01,-0.13,72216.15,57734.591,3.35,7.352310231023102,7.333883388338834,7.416804180418043,7.333883388338834
600423.SH,20170207,8.02,8.03,7.88,7.94,7.98,-0.04,-0.5,83460.91,66250.614,3.35,7.315456545654566,7.389163916391639,7.3983773377337725,7.26017601760176
600423.SH,20170208,7.95,8.05,7.83,8.02,7.94,0.08,1.01,120215.51,95366.173,3.35,7.389163916391639,7.3246699669967,7.416804180418043,7.214108910891088
600423.SH,20170209,8.01,8.18,8.0,8.1,8.02,0.08,1.0,148783.62,120201.711,3.35,7.462871287128712,7.379950495049504,7.536578657865786,7.370737073707371
600423.SH,20170210,8.1,8.12,8.01,8.1,8.1,0.0,0.0,123957.95,100058.754,3.35,7.462871287128712,7.462871287128712,7.481298129812981,7.379950495049504
600423.SH,20170213,8.08,8.44,7.94,8.21,8.1,0.11,1.36,170212.9,138771.551,3.35,7.56421892189219,7.444444444444445,7.776127612761275,7.315456545654566
600423.SH,20170214,8.17,8.34,8.1,8.25,8.21,0.04,0.49,127404.3,104875.215,3.35,7.601072607260725,7.527365236523653,7.683993399339934,7.462871287128712
600423.SH,20170215,8.25,8.28,8.06,8.14,8.25,-0.11,-1.33,93659.93,76590.487,3.35,7.49972497249725,7.601072607260725,7.628712871287128,7.426017601760176
600423.SH,20170216,8.09,8.2,8.08,8.15,8.14,0.01,0.12,82473.19,67092.366,3.35,7.508938393839384,7.453657865786579,7.555005500550054,7.444444444444445
600423.SH,20170217,8.13,8.14,7.79,7.82,8.15,-0.33,-4.05,142532.21,113263.479,3.35,7.204895489548956,7.490511551155116,7.49972497249725,7.177255225522552
600423.SH,20170220,7.82,7.92,7.26,7.35,7.82,-0.47,-6.01,330287.12,246976.989,3.35,6.771864686468646,7.204895489548956,7.297029702970296,6.688943894389439
600423.SH,20170221,7.33,7.64,7.22,7.57,7.35,0.22,2.99,240067.97,178559.6,3.35,6.974559955995599,6.753437843784379,7.039053905390539,6.652090209020902
600423.SH,20170222,7.51,7.6,7.48,7.5,7.57,-0.07,-0.92,114410.32,86095.418,3.35,6.91006600660066,6.9192794279427945,7.002200220022003,6.891639163916392
600423.SH,20170223,7.51,7.88,7.51,7.73,7.5,0.23,3.07,183520.06,141946.329,3.35,7.121974697469748,6.9192794279427945,7.26017601760176,6.9192794279427945
600423.SH,20170224,7.73,7.9,7.73,7.8,7.73,0.07,0.91,103834.1,80929.774,3.35,7.186468646864686,7.121974697469748,7.278602860286029,7.121974697469748
600423.SH,20170227,7.8,7.93,7.75,7.76,7.8,-0.04,-0.51,101355.47,79469.447,3.35,7.149614961496149,7.186468646864686,7.306243124312431,7.140401540154016
600423.SH,20170228,7.72,7.87,7.69,7.84,7.76,0.08,1.03,97042.08,75412.04,3.35,7.223322332233223,7.112761276127612,7.250962596259626,7.085121012101211
600423.SH,20170301,7.85,7.88,7.78,7.8,7.84,-0.04,-0.51,69775.35,54576.949,3.35,7.186468646864686,7.232535753575357,7.26017601760176,7.168041804180419
600423.SH,20170302,7.77,7.79,7.59,7.63,7.8,-0.17,-2.18,99914.93,76868.013,3.35,7.029840484048405,7.158828382838284,7.177255225522552,6.992986798679868
600423.SH,20170303,7.67,7.67,7.5,7.57,7.63,-0.06,-0.79,73321.01,55582.008,3.35,6.974559955995599,7.066694169416942,7.066694169416942,6.91006600660066
600423.SH,20170306,7.55,8.08,7.52,8.07,7.57,0.5,6.61,206857.59,162730.674,3.35,7.43523102310231,6.956133113311331,7.444444444444445,6.928492849284928
600423.SH,20170307,8.01,8.22,7.77,7.84,8.07,-0.23,-2.85,339801.8,271562.877,3.35,7.223322332233223,7.379950495049504,7.573432343234324,7.158828382838284
600423.SH,20170308,7.79,7.84,7.54,7.62,7.84,-0.22,-2.81,293884.47,224355.244,3.35,7.020627062706271,7.177255225522552,7.223322332233223,6.946919691969197
600423.SH,20170309,7.61,7.65,7.52,7.58,7.62,-0.04,-0.52,106233.67,80472.301,3.35,6.983773377337734,7.011413641364136,7.048267326732673,6.928492849284928
600423.SH,20170310,7.61,7.89,7.61,7.65,7.58,0.07,0.92,207893.03,161073.04,3.35,7.048267326732673,7.011413641364136,7.269389438943894,7.011413641364136
600423.SH,20170313,7.58,7.65,7.51,7.6,7.65,-0.05,-0.65,108293.96,82047.505,3.35,7.002200220022003,6.983773377337734,7.048267326732673,6.9192794279427945
600423.SH,20170314,7.63,7.66,7.55,7.57,7.6,-0.03,-0.39,78135.47,59355.136,3.35,6.974559955995599,7.029840484048405,7.057480748074807,6.956133113311331
600423.SH,20170315,7.6,7.64,7.52,7.53,7.57,-0.04,-0.53,88033.54,66611.87,3.35,6.937706270627063,7.002200220022003,7.039053905390539,6.928492849284928
600423.SH,20170316,7.54,7.59,7.48,7.58,7.53,0.05,0.66,167659.39,126210.366,3.35,6.983773377337734,6.946919691969197,6.992986798679868,6.891639163916392
600423.SH,20170317,7.58,7.64,7.52,7.54,7.58,-0.04,-0.53,122659.72,93032.759,3.35,6.946919691969197,6.983773377337734,7.039053905390539,6.928492849284928
600423.SH,20170320,7.55,7.58,7.49,7.55,7.54,0.01,0.13,92619.65,69743.234,3.35,6.956133113311331,6.956133113311331,6.983773377337734,6.900852585258526
600423.SH,20170321,7.54,7.57,7.46,7.48,7.55,-0.07,-0.93,88016.68,66040.86,3.35,6.891639163916392,6.946919691969197,6.974559955995599,6.873212321232123
600423.SH,20170322,7.44,7.45,7.28,7.33,7.48,-0.15,-2.01,132094.71,96954.943,3.35,6.753437843784379,6.854785478547855,6.863998899889989,6.707370737073708
600423.SH,20170323,7.36,7.36,7.23,7.26,7.33,-0.07,-0.96,114642.67,83530.029,3.35,6.688943894389439,6.781078107810782,6.781078107810782,6.661303630363037
600423.SH,20170324,7.42,7.53,7.36,7.41,7.26,0.15,2.07,150458.93,111993.668,3.35,6.827145214521453,6.836358635863586,6.937706270627063,6.781078107810782
600423.SH,20170327,7.42,7.45,7.3,7.33,7.41,-0.08,-1.08,87381.35,64293.252,3.35,6.753437843784379,6.836358635863586,6.863998899889989,6.725797579757975
600423.SH,20170328,7.34,7.38,7.29,7.37,7.33,0.04,0.55,61649.33,45225.197,3.35,6.790291529152916,6.762651265126512,6.799504950495049,6.716584158415841
600423.SH,20170329,7.34,7.37,7.22,7.24,7.37,-0.13,-1.76,93147.14,67716.278,3.35,6.670517051705171,6.762651265126512,6.790291529152916,6.652090209020902
600423.SH,20170330,7.21,7.22,6.8,6.92,7.24,-0.32,-4.42,168543.59,117628.314,3.35,6.375687568756876,6.642876787678768,6.652090209020902,6.265126512651265
600423.SH,20170331,6.91,6.96,6.84,6.87,6.92,-0.05,-0.72,67718.75,46646.912,3.35,6.329620462046205,6.366474147414742,6.412541254125412,6.301980198019802
600423.SH,20170405,6.89,6.99,6.86,6.99,6.87,0.12,1.75,81546.19,56530.238,3.35,6.440181518151816,6.348047304730472,6.440181518151816,6.320407040704071
600423.SH,20170406,7.0,7.12,6.95,7.09,6.99,0.1,1.43,85822.84,60612.147,3.35,6.532315731573157,6.449394939493949,6.55995599559956,6.403327832783279
600423.SH,20170407,7.09,7.15,7.05,7.09,7.09,0.0,0.0,61781.47,43859.353,3.35,6.532315731573157,6.532315731573157,6.587596259625963,6.49546204620462
600423.SH,20170410,7.09,7.09,6.85,6.88,7.09,-0.21,-2.96,98084.26,68070.484,3.35,6.33883388338834,6.532315731573157,6.532315731573157,6.311193619361935
600423.SH,20170411,6.81,6.82,6.54,6.8,6.88,-0.08,-1.16,167997.14,112329.163,3.35,6.265126512651265,6.274339933993399,6.283553355335534,6.025577557755776
600423.SH,20170412,6.72,6.78,6.65,6.68,6.8,-0.12,-1.76,75906.8,50901.594,3.35,6.154565456545655,6.191419141914191,6.246699669966997,6.126925192519253
600423.SH,20170413,6.66,6.72,6.58,6.62,6.68,-0.06,-0.9,75741.29,50438.655,3.35,6.099284928492849,6.136138613861386,6.191419141914191,6.062431243124312
600423.SH,20170414,6.6,6.62,6.39,6.44,6.62,-0.18,-2.72,118405.19,76797.586,3.35,5.933443344334433,6.080858085808581,6.099284928492849,5.887376237623762
600423.SH,20170417,6.41,6.41,6.19,6.24,6.44,-0.2,-3.11,100441.04,63055.83,3.35,5.749174917491749,5.905803080308031,5.905803080308031,5.703107810781079
600423.SH,20170418,6.22,6.28,6.02,6.03,6.24,-0.21,-3.37,74360.76,45836.283,3.35,5.555693069306931,5.73074807480748,5.786028602860286,5.546479647964795
600423.SH,20170419,6.0,6.01,5.76,5.86,6.03,-0.17,-2.82,144996.85,84577.019,3.35,5.399064906490649,5.528052805280528,5.537266226622663,5.306930693069306
600423.SH,20170420,5.86,6.18,5.8,6.09,5.86,0.23,3.92,164960.11,99785.0,3.35,5.610973597359735,5.399064906490649,5.693894389438944,5.343784378437843
600423.SH,20170421,6.05,6.09,5.91,5.97,6.09,-0.12,-1.97,88718.24,53116.949,3.35,5.500412541254126,5.574119911991199,5.610973597359735,5.44513201320132
600423.SH,20170424,5.96,5.98,5.65,5.66,5.97,-0.31,-5.19,76029.58,43836.388,3.35,5.2147964796479656,5.491199119911991,5.509625962596259,5.205583058305831
600423.SH,20170425,5.64,5.99,5.6,5.8,5.66,0.14,2.47,74696.22,43308.727,3.35,5.343784378437843,5.196369636963696,5.518839383938394,5.159515951595159
600423.SH,20170426,5.83,6.02,5.78,5.95,5.8,0.15,2.59,91206.3,54140.828,3.35,5.481985698569857,5.3714246424642464,5.546479647964795,5.325357535753576
600423.SH,20170427,5.91,5.96,5.72,5.93,5.95,-0.02,-0.34,84946.5,49778.521,3.35,5.463558855885589,5.44513201320132,5.491199119911991,5.2700770077007695
600423.SH,20170428,5.94,6.09,5.93,5.96,5.93,0.03,0.51,93379.42,56082.425,3.35,5.491199119911991,5.4727722772277225,5.610973597359735,5.463558855885589
600423.SH,20170503,6.0,6.26,6.0,6.26,5.96,0.3,5.03,91265.03,56460.615,3.35,5.767601760176017,5.528052805280528,5.767601760176017,5.528052805280528
600423.SH,20170504,6.31,6.41,6.09,6.16,6.26,-0.1,-1.6,151498.89,94291.786,3.35,5.6754675467546765,5.8136688668866885,5.905803080308031,5.610973597359735
600423.SH,20170505,6.12,6.2,5.91,5.92,6.16,-0.24,-3.9,80614.17,48636.915,3.35,5.454345434543455,5.638613861386139,5.712321232123212,5.44513201320132
600423.SH,20170508,5.85,5.9,5.67,5.68,5.92,-0.24,-4.05,80972.76,46563.031,3.35,5.233223322332233,5.389851485148514,5.435918591859186,5.224009900990098
600423.SH,20170509,5.7,5.86,5.67,5.85,5.68,0.17,2.99,60392.16,34695.771,3.35,5.389851485148514,5.251650165016502,5.399064906490649,5.224009900990098
600423.SH,20170510,5.82,5.89,5.59,5.61,5.85,-0.24,-4.1,51345.35,29797.195,3.35,5.168729372937294,5.362211221122112,5.426705170517051,5.150302530253025
600423.SH,20170511,5.5,5.52,5.33,5.4,5.61,-0.21,-3.74,86698.96,46829.16,3.35,4.975247524752476,5.067381738173817,5.085808580858085,4.910753575357536
600423.SH,20170512,5.39,5.43,5.19,5.36,5.4,-0.04,-0.74,62244.82,33088.15,3.35,4.938393839383939,4.966034103410341,5.002887788778878,4.781765676567657
600423.SH,20170515,5.35,5.53,5.34,5.45,5.36,0.09,1.68,64640.3,35204.405,3.35,5.021314631463146,4.929180418041804,5.09502200220022,4.91996699669967
600423.SH,20170516,5.47,5.66,5.38,5.65,5.45,0.2,3.67,52765.86,29108.086,3.35,5.205583058305831,5.039741474147415,5.2147964796479656,4.956820682068207
600423.SH,20170517,5.63,5.74,5.58,5.62,5.65,-0.03,-0.53,45787.92,25887.995,3.35,5.177942794279428,5.187156215621562,5.288503850385039,5.141089108910891
600423.SH,20170518,5.48,5.61,5.42,5.52,5.62,-0.1,-1.78,46994.35,25968.207,3.35,5.085808580858085,5.048954895489549,5.168729372937294,4.993674367436744
600423.SH,20170519,5.52,5.6,5.52,5.58,5.52,0.06,1.09,28447.62,15822.386,3.35,5.141089108910891,5.085808580858085,5.159515951595159,5.085808580858085
600423.SH,20170522,5.57,5.59,5.3,5.3,5.58,-0.28,-5.02,58094.0,31524.156,3.35,4.883113311331132,5.131875687568757,5.150302530253025,4.883113311331132
600423.SH,20170523,5.29,5.32,5.04,5.04,5.3,-0.26,-4.91,69373.01,35547.065,3.35,4.643564356435643,4.873899889988999,4.901540154015402,4.643564356435643
600423.SH,20170524,4.96,4.99,4.79,4.93,5.04,-0.11,-2.18,68434.11,33286.802,3.35,4.542216721672167,4.56985698569857,4.597497249724972,4.413228822882289
600423.SH,20170525,4.93,5.05,4.89,5.04,4.93,0.11,2.23,43430.75,21646.71,3.35,4.643564356435643,4.542216721672167,4.652777777777778,4.50536303630363
600423.SH,20170526,5.07,5.16,5.05,5.11,5.04,0.07,1.39,33678.55,17138.275,3.35,4.708058305830583,4.671204620462047,4.754125412541255,4.652777777777778
600423.SH,20170531,5.2,5.27,4.92,4.93,5.11,-0.18,-3.52,60152.59,30557.236,3.35,4.542216721672167,4.790979097909792,4.85547304730473,4.533003300330033
600423.SH,20170601,4.93,5.01,4.68,4.68,4.93,-0.25,-5.07,66257.15,31665.5,3.35,4.311881188118812,4.542216721672167,4.615924092409241,4.311881188118812
600423.SH,20170602,4.63,4.76,4.56,4.76,4.68,0.08,1.71,54004.93,25110.345,3.35,4.385588558855885,4.2658140814081404,4.385588558855885,4.201320132013201
600423.SH,20170605,4.83,4.95,4.77,4.85,4.76,0.09,1.89,51055.57,24773.223,3.35,4.468509350935093,4.4500825082508255,4.560643564356435,4.39480198019802
600423.SH,20170606,4.83,4.97,4.81,4.94,4.85,0.09,1.86,36244.38,17790.473,3.35,4.551430143014303,4.4500825082508255,4.579070407040704,4.431655665566556
600423.SH,20170607,4.93,5.1,4.92,5.07,4.94,0.13,2.63,55229.47,27790.588,3.35,4.671204620462047,4.542216721672167,4.698844884488449,4.533003300330033
600423.SH,20170608,5.07,5.15,5.01,5.09,5.07,0.02,0.39,50204.14,25519.135,3.35,4.6896314631463145,4.671204620462047,4.74491199119912,4.615924092409241
600423.SH,20170609,5.07,5.08,4.99,5.04,5.09,-0.05,-0.98,49180.61,24733.086,3.35,4.643564356435643,4.671204620462047,4.68041804180418,4.597497249724972
600423.SH,20170612,4.9,4.95,4.79,4.79,5.04,-0.25,-4.96,50861.51,24721.226,3.35,4.413228822882289,4.514576457645765,4.560643564356435,4.413228822882289
600423.SH,20170613,4.71,4.98,4.71,4.94,4.79,0.15,3.13,30036.02,14670.983,3.35,4.551430143014303,4.339521452145215,4.588283828382839,4.339521452145215
600423.SH,20170614,4.95,5.06,4.91,4.97,4.94,0.03,0.61,40183.88,20041.039,3.35,4.579070407040704,4.560643564356435,4.661991199119912,4.523789878987898
600423.SH,20170615,4.97,5.21,4.94,5.09,4.97,0.12,2.41,60401.21,30873.696,3.35,4.6896314631463145,4.579070407040704,4.800192519251926,4.551430143014303
600423.SH,20170616,5.11,5.19,5.01,5.12,5.09,0.03,0.59,41417.69,21271.949,3.35,4.717271727172718,4.708058305830583,4.781765676567657,4.615924092409241
600423.SH,20170619,5.11,5.23,5.03,5.16,5.12,0.04,0.78,58769.2,30176.738,3.35,4.754125412541255,4.708058305830583,4.818619361936194,4.63435093509351
600423.SH,20170620,5.15,5.24,5.12,5.17,5.16,0.01,0.19,49085.73,25465.916,3.35,4.763338833883388,4.74491199119912,4.827832783278328,4.717271727172718
600423.SH,20170621,5.16,5.25,5.11,5.21,5.17,0.04,0.77,56288.79,29237.455,3.35,4.800192519251926,4.754125412541255,4.837046204620463,4.708058305830583
600423.SH,20170622,5.16,5.23,5.05,5.06,5.21,-0.15,-2.88,39509.39,20374.534,3.35,4.661991199119912,4.754125412541255,4.818619361936194,4.652777777777778
600423.SH,20170623,5.05,5.14,5.0,5.07,5.06,0.01,0.2,40173.02,20355.76,3.35,4.671204620462047,4.652777777777778,4.735698569856985,4.606710671067106
600423.SH,20170626,5.08,5.13,5.04,5.13,5.07,0.06,1.18,26165.21,13300.828,3.35,4.726485148514851,4.68041804180418,4.726485148514851,4.643564356435643
600423.SH,20170627,5.1,5.2,5.06,5.15,5.13,0.02,0.39,27302.6,14066.34,3.35,4.74491199119912,4.698844884488449,4.790979097909792,4.661991199119912
600423.SH,20170628,5.15,5.19,5.08,5.1,5.15,-0.05,-0.97,28696.0,14729.728,3.35,4.698844884488449,4.74491199119912,4.781765676567657,4.68041804180418
600423.SH,20170629,5.09,5.17,5.07,5.15,5.1,0.05,0.98,22486.89,11563.219,3.35,4.74491199119912,4.6896314631463145,4.763338833883388,4.671204620462047
600423.SH,20170630,5.15,5.28,5.13,5.26,5.15,0.11,2.14,46763.13,24438.96,3.35,4.846259625962595,4.74491199119912,4.864686468646865,4.726485148514851
600423.SH,20170703,5.22,5.39,5.22,5.33,5.26,0.07,1.33,39699.19,21189.708,3.35,4.910753575357536,4.809405940594059,4.966034103410341,4.809405940594059
600423.SH,20170704,5.34,5.52,5.33,5.38,5.33,0.05,0.94,46506.0,25211.989,3.35,4.956820682068207,4.91996699669967,5.085808580858085,4.910753575357536
600423.SH,20170705,5.38,5.39,5.3,5.38,5.38,0.0,0.0,28126.18,15030.339,3.35,4.956820682068207,4.956820682068207,4.966034103410341,4.883113311331132
600423.SH,20170706,5.31,5.37,5.31,5.36,5.38,-0.02,-0.37,35292.23,18825.951,3.35,4.938393839383939,4.892326732673267,4.947607260726072,4.892326732673267
600423.SH,20170707,5.35,5.53,5.34,5.52,5.36,0.16,2.99,56291.28,30721.233,3.35,5.085808580858085,4.929180418041804,5.09502200220022,4.91996699669967
600423.SH,20170710,5.46,5.79,5.43,5.67,5.52,0.15,2.72,69733.21,39128.695,3.35,5.224009900990098,5.0305280528052805,5.33457095709571,5.002887788778878
600423.SH,20170711,5.61,5.71,5.45,5.49,5.67,-0.18,-3.17,50999.14,28525.511,3.35,5.058168316831683,5.168729372937294,5.260863586358635,5.021314631463146
600423.SH,20170712,5.52,5.52,5.22,5.34,5.49,-0.15,-2.73,73919.18,39352.628,3.35,4.91996699669967,5.085808580858085,5.085808580858085,4.809405940594059
600423.SH,20170713,5.32,5.41,5.26,5.34,5.34,0.0,0.0,47150.91,25213.25,3.35,4.91996699669967,4.901540154015402,4.984460946094609,4.846259625962595
600423.SH,20170714,5.38,5.39,5.3,5.37,5.34,0.03,0.56,22391.97,11982.892,3.35,4.947607260726072,4.956820682068207,4.966034103410341,4.883113311331132
600423.SH,20170717,5.36,5.36,5.1,5.1,5.37,-0.27,-5.03,61428.81,31692.647,3.35,4.698844884488449,4.938393839383939,4.938393839383939,4.698844884488449
600423.SH,20170718,5.0,5.08,4.85,4.98,5.1,-0.12,-2.35,68883.96,33896.668,3.35,4.588283828382839,4.606710671067106,4.68041804180418,4.468509350935093
600423.SH,20170719,4.96,5.14,4.93,5.12,4.98,0.14,2.81,39093.95,19795.211,3.35,4.717271727172718,4.56985698569857,4.735698569856985,4.542216721672167
600423.SH,20170720,5.08,5.27,5.08,5.19,5.12,0.07,1.37,37144.1,19279.052,3.35,4.781765676567657,4.68041804180418,4.85547304730473,4.68041804180418
600423.SH,20170721,5.16,5.26,5.12,5.23,5.19,0.04,0.77,36128.83,18833.479,3.35,4.818619361936194,4.754125412541255,4.846259625962595,4.717271727172718
600423.SH,20170724,5.26,5.44,5.17,5.4,5.23,0.17,3.25,64804.59,34291.282,3.35,4.975247524752476,4.846259625962595,5.012101210121012,4.763338833883388
600423.SH,20170725,5.36,5.4,5.29,5.35,5.4,-0.05,-0.93,43819.0,23388.283,3.35,4.929180418041804,4.938393839383939,4.975247524752476,4.873899889988999
600423.SH,20170726,5.35,5.39,5.27,5.38,5.35,0.03,0.56,40124.01,21401.257,3.35,4.956820682068207,4.929180418041804,4.966034103410341,4.85547304730473
600423.SH,20170727,5.38,5.57,5.34,5.45,5.38,0.07,1.3,68621.14,37620.404,3.35,5.021314631463146,4.956820682068207,5.131875687568757,4.91996699669967
600423.SH,20170728,5.45,5.58,5.41,5.48,5.45,0.03,0.55,49976.89,27456.298,3.35,5.048954895489549,5.021314631463146,5.141089108910891,4.984460946094609
600423.SH,20170731,5.45,5.53,5.33,5.47,5.48,-0.01,-0.18,48604.74,26261.889,3.35,5.039741474147415,5.021314631463146,5.09502200220022,4.910753575357536
600423.SH,20170801,5.45,5.47,5.33,5.46,5.47,-0.01,-0.18,43503.7,23465.652,3.35,5.0305280528052805,5.021314631463146,5.039741474147415,4.910753575357536
600423.SH,20170802,5.44,5.45,5.33,5.36,5.46,-0.1,-1.83,47715.42,25703.905,3.35,4.938393839383939,5.012101210121012,5.021314631463146,4.910753575357536
600423.SH,20170803,5.34,5.44,5.33,5.38,5.36,0.02,0.37,44836.12,24166.743,3.35,4.956820682068207,4.91996699669967,5.012101210121012,4.910753575357536
600423.SH,20170804,5.37,5.4,5.32,5.32,5.38,-0.06,-1.12,39720.04,21273.431,3.35,4.901540154015402,4.947607260726072,4.975247524752476,4.901540154015402
600423.SH,20170807,5.3,5.34,5.22,5.26,5.32,-0.06,-1.13,41753.02,21995.114,3.35,4.846259625962595,4.883113311331132,4.91996699669967,4.809405940594059
600423.SH,20170808,5.24,5.4,5.23,5.4,5.26,0.14,2.66,56539.44,30151.596,3.35,4.975247524752476,4.827832783278328,4.975247524752476,4.818619361936194
600423.SH,20170809,5.37,5.48,5.36,5.43,5.4,0.03,0.56,37300.0,20225.865,3.35,5.002887788778878,4.947607260726072,5.048954895489549,4.938393839383939
600423.SH,20170810,5.32,5.38,5.25,5.37,5.43,-0.06,-1.11,66334.63,35307.243,3.35,4.947607260726072,4.901540154015402,4.956820682068207,4.837046204620463
600423.SH,20170811,5.32,5.45,5.29,5.29,5.37,-0.08,-1.49,47286.83,25366.27,3.35,4.873899889988999,4.901540154015402,5.021314631463146,4.873899889988999
600423.SH,20170814,5.29,5.35,5.23,5.31,5.29,0.02,0.38,36019.1,19062.285,3.35,4.892326732673267,4.873899889988999,4.929180418041804,4.818619361936194
600423.SH,20170815,5.31,5.37,5.25,5.26,5.31,-0.05,-0.94,40868.5,21677.005,3.35,4.846259625962595,4.892326732673267,4.947607260726072,4.837046204620463
600423.SH,20170816,5.3,5.34,5.27,5.33,5.26,0.07,1.33,32290.81,17148.773,3.35,4.910753575357536,4.883113311331132,4.91996699669967,4.85547304730473
600423.SH,20170817,5.34,5.48,5.32,5.42,5.33,0.09,1.69,54962.82,29794.507,3.35,4.993674367436744,4.91996699669967,5.048954895489549,4.901540154015402
600423.SH,20170818,5.41,5.63,5.4,5.59,5.42,0.17,3.14,83907.7,46444.306,3.35,5.150302530253025,4.984460946094609,5.187156215621562,4.975247524752476
600423.SH,20170821,5.55,5.66,5.54,5.56,5.59,-0.03,-0.54,41558.5,23266.616,3.35,5.122662266226622,5.113448844884489,5.2147964796479656,5.104235423542354
600423.SH,20170822,5.55,5.73,5.55,5.6,5.56,0.04,0.72,40464.2,22792.169,3.35,5.159515951595159,5.113448844884489,5.279290429042905,5.113448844884489
600423.SH,20170823,5.6,5.85,5.56,5.76,5.6,0.16,2.86,88067.42,50699.351,3.35,5.306930693069306,5.159515951595159,5.389851485148514,5.122662266226622
600423.SH,20170824,5.73,5.96,5.71,5.79,5.76,0.03,0.52,92979.89,54469.995,3.35,5.33457095709571,5.279290429042905,5.491199119911991,5.260863586358635
600423.SH,20170825,5.75,5.83,5.68,5.77,5.79,-0.02,-0.35,53359.9,30635.65,3.35,5.316144114411441,5.297717271727173,5.3714246424642464,5.233223322332233
600423.SH,20170828,5.77,5.81,5.64,5.7,5.77,-0.07,-1.21,51716.01,29420.869,3.35,5.251650165016502,5.316144114411441,5.352997799779978,5.196369636963696
600423.SH,20170829,5.7,5.72,5.58,5.64,5.7,-0.06,-1.05,44138.14,24911.656,3.35,5.196369636963696,5.251650165016502,5.2700770077007695,5.141089108910891
600423.SH,20170830,5.61,5.66,5.56,5.62,5.64,-0.02,-0.35,39697.82,22249.512,3.35,5.177942794279428,5.168729372937294,5.2147964796479656,5.122662266226622
600423.SH,20170831,5.61,5.9,5.61,5.9,5.62,0.28,4.98,125811.08,73435.853,3.35,5.435918591859186,5.168729372937294,5.435918591859186,5.168729372937294
600423.SH,20170901,5.86,5.95,5.82,5.83,5.9,-0.07,-1.19,65727.49,38648.805,3.35,5.3714246424642464,5.399064906490649,5.481985698569857,5.362211221122112
600423.SH,20170904,5.83,5.88,5.79,5.86,5.83,0.03,0.51,30072.78,17543.293,3.35,5.399064906490649,5.3714246424642464,5.417491749174918,5.33457095709571
600423.SH,20170905,5.82,5.87,5.78,5.84,5.86,-0.02,-0.34,30824.01,17936.312,3.35,5.380638063806381,5.362211221122112,5.408278327832783,5.325357535753576
600423.SH,20170906,5.85,5.98,5.8,5.97,5.84,0.13,2.23,50061.81,29678.998,3.35,5.500412541254126,5.389851485148514,5.509625962596259,5.343784378437843
600423.SH,20170907,5.96,5.98,5.82,5.83,5.97,-0.14,-2.35,45761.1,26960.085,3.35,5.3714246424642464,5.491199119911991,5.509625962596259,5.362211221122112
600423.SH,20170908,5.82,5.96,5.8,5.85,5.83,0.02,0.34,32855.01,19275.782,3.35,5.389851485148514,5.362211221122112,5.491199119911991,5.343784378437843
600423.SH,20170911,5.81,5.9,5.7,5.72,5.85,-0.13,-2.22,78057.73,44953.082,3.35,5.2700770077007695,5.352997799779978,5.435918591859186,5.251650165016502
600423.SH,20170912,5.71,5.74,5.62,5.66,5.72,-0.06,-1.05,51415.71,29148.144,3.35,5.2147964796479656,5.260863586358635,5.288503850385039,5.177942794279428
600423.SH,20170913,5.65,5.74,5.64,5.73,5.66,0.07,1.24,34920.43,19899.907,3.35,5.279290429042905,5.205583058305831,5.288503850385039,5.196369636963696
600423.SH,20170914,5.72,5.72,5.64,5.66,5.73,-0.07,-1.22,26908.0,15268.123,3.35,5.2147964796479656,5.2700770077007695,5.2700770077007695,5.196369636963696
600423.SH,20170915,5.67,5.68,5.56,5.6,5.66,-0.06,-1.06,37987.0,21290.786,3.35,5.159515951595159,5.224009900990098,5.233223322332233,5.122662266226622
600423.SH,20170918,5.59,5.68,5.53,5.65,5.6,0.05,0.89,30736.05,17275.208,3.35,5.205583058305831,5.150302530253025,5.233223322332233,5.09502200220022
600423.SH,20170919,5.66,5.66,5.59,5.59,5.65,-0.06,-1.06,27109.0,15215.067,3.35,5.150302530253025,5.2147964796479656,5.2147964796479656,5.150302530253025
600423.SH,20170921,5.87,5.87,5.66,5.69,5.59,0.1,1.79,201954.62,117264.205,3.35,5.242436743674368,5.408278327832783,5.408278327832783,5.2147964796479656
600423.SH,20170922,5.61,5.78,5.44,5.49,5.69,-0.2,-3.51,109199.6,61368.965,3.35,5.058168316831683,5.168729372937294,5.325357535753576,5.012101210121012
600423.SH,20170925,5.5,5.6,5.22,5.22,5.49,-0.27,-4.92,172648.0,92505.985,3.35,4.809405940594059,5.067381738173817,5.159515951595159,4.809405940594059
600423.SH,20170926,5.19,5.26,5.14,5.2,5.22,-0.02,-0.38,70612.88,36680.706,3.35,4.790979097909792,4.781765676567657,4.846259625962595,4.735698569856985
600423.SH,20170927,5.2,5.29,5.16,5.25,5.2,0.05,0.96,52853.0,27744.233,3.35,4.837046204620463,4.790979097909792,4.873899889988999,4.754125412541255
600423.SH,20170928,5.23,5.32,5.23,5.25,5.25,0.0,0.0,31729.5,16705.767,3.35,4.837046204620463,4.818619361936194,4.901540154015402,4.818619361936194
600423.SH,20170929,5.25,5.42,5.24,5.39,5.25,0.14,2.67,45252.51,24130.97,3.35,4.966034103410341,4.837046204620463,4.993674367436744,4.827832783278328
600423.SH,20171009,5.42,5.47,5.39,5.4,5.39,0.01,0.19,43241.68,23438.49,3.35,4.975247524752476,4.993674367436744,5.039741474147415,4.966034103410341
600423.SH,20171010,5.41,5.45,5.36,5.44,5.4,0.04,0.74,32049.01,17312.427,3.35,5.012101210121012,4.984460946094609,5.021314631463146,4.938393839383939
600423.SH,20171011,5.41,5.48,5.41,5.46,5.44,0.02,0.37,27619.2,15040.42,3.35,5.0305280528052805,4.984460946094609,5.048954895489549,4.984460946094609
600423.SH,20171012,5.44,5.46,5.36,5.4,5.46,-0.06,-1.1,30248.0,16333.573,3.35,4.975247524752476,5.012101210121012,5.0305280528052805,4.938393839383939
600423.SH,20171013,5.4,5.55,5.37,5.49,5.4,0.09,1.67,52818.09,28945.547,3.35,5.058168316831683,4.975247524752476,5.113448844884489,4.947607260726072
600423.SH,20171016,5.45,5.51,5.37,5.39,5.49,-0.1,-1.82,41596.61,22581.514,3.35,4.966034103410341,5.021314631463146,5.076595159515952,4.947607260726072
600423.SH,20171017,5.41,5.46,5.36,5.41,5.39,0.02,0.37,22434.0,12123.0,3.35,4.984460946094609,4.984460946094609,5.0305280528052805,4.938393839383939
600423.SH,20171018,5.42,5.44,5.31,5.31,5.41,-0.1,-1.85,28368.1,15276.308,3.35,4.892326732673267,4.993674367436744,5.012101210121012,4.892326732673267
600423.SH,20171019,5.28,5.34,5.18,5.21,5.31,-0.1,-1.88,50334.7,26463.46,3.35,4.800192519251926,4.864686468646865,4.91996699669967,4.772552255225522
600423.SH,20171020,5.22,5.28,5.16,5.27,5.21,0.06,1.15,34515.61,18074.522,3.35,4.85547304730473,4.809405940594059,4.864686468646865,4.754125412541255
600423.SH,20171023,5.26,5.36,5.25,5.35,5.27,0.08,1.52,36434.78,19329.962,3.35,4.929180418041804,4.846259625962595,4.938393839383939,4.837046204620463
600423.SH,20171024,5.34,5.35,5.2,5.25,5.35,-0.1,-1.87,33646.87,17750.778,3.35,4.837046204620463,4.91996699669967,4.929180418041804,4.790979097909792
600423.SH,20171025,5.25,5.31,5.2,5.31,5.25,0.06,1.14,32276.52,16984.54,3.35,4.892326732673267,4.837046204620463,4.892326732673267,4.790979097909792
600423.SH,20171026,5.31,5.38,5.21,5.35,5.31,0.04,0.75,36098.83,19233.514,3.35,4.929180418041804,4.892326732673267,4.956820682068207,4.800192519251926
600423.SH,20171027,5.35,5.46,5.32,5.44,5.35,0.09,1.68,39898.01,21617.385,3.35,5.012101210121012,4.929180418041804,5.0305280528052805,4.901540154015402
600423.SH,20171030,5.44,5.48,5.22,5.35,5.44,-0.09,-1.65,50287.19,26784.945,3.35,4.929180418041804,5.012101210121012,5.048954895489549,4.809405940594059
600423.SH,20171031,5.31,5.39,5.26,5.37,5.35,0.02,0.37,26477.96,14162.449,3.35,4.947607260726072,4.892326732673267,4.966034103410341,4.846259625962595
600423.SH,20171101,5.37,5.38,5.29,5.36,5.37,-0.01,-0.19,36290.38,19352.486,3.35,4.938393839383939,4.947607260726072,4.956820682068207,4.873899889988999
600423.SH,20171102,5.34,5.35,5.21,5.23,5.36,-0.13,-2.43,36147.09,19086.288,3.35,4.818619361936194,4.91996699669967,4.929180418041804,4.800192519251926
600423.SH,20171103,5.23,5.34,5.22,5.33,5.23,0.1,1.91,37908.14,20058.335,3.35,4.910753575357536,4.818619361936194,4.91996699669967,4.809405940594059
600423.SH,20171106,5.31,5.38,5.28,5.37,5.33,0.04,0.75,34203.1,18252.03,3.35,4.947607260726072,4.892326732673267,4.956820682068207,4.864686468646865
600423.SH,20171107,5.39,5.47,5.34,5.43,5.37,0.06,1.12,39797.0,21580.417,3.35,5.002887788778878,4.966034103410341,5.039741474147415,4.91996699669967
600423.SH,20171108,5.41,5.59,5.41,5.57,5.43,0.14,2.58,62001.5,34106.184,3.35,5.131875687568757,4.984460946094609,5.150302530253025,4.984460946094609
600423.SH,20171109,5.55,5.8,5.52,5.67,5.57,0.1,1.8,77870.54,44300.91,3.35,5.224009900990098,5.113448844884489,5.343784378437843,5.085808580858085
600423.SH,20171110,5.65,5.7,5.55,5.63,5.67,-0.04,-0.71,45138.93,25301.275,3.35,5.187156215621562,5.205583058305831,5.251650165016502,5.113448844884489
600423.SH,20171113,5.58,5.58,5.41,5.47,5.63,-0.16,-2.84,56128.46,30761.863,3.35,5.039741474147415,5.141089108910891,5.141089108910891,4.984460946094609
600423.SH,20171114,5.47,5.52,5.4,5.45,5.47,-0.02,-0.37,43568.01,23817.778,3.35,5.021314631463146,5.039741474147415,5.085808580858085,4.975247524752476
600423.SH,20171115,5.45,5.46,5.18,5.25,5.45,-0.2,-3.67,58878.0,31279.715,3.35,4.837046204620463,5.021314631463146,5.0305280528052805,4.772552255225522
600423.SH,20171116,5.22,5.51,5.22,5.51,5.25,0.26,4.95,107384.02,58495.226,3.35,5.076595159515952,4.809405940594059,5.076595159515952,4.809405940594059
600423.SH,20171117,5.47,5.52,5.23,5.25,5.51,-0.26,-4.72,90912.0,48312.734,3.35,4.837046204620463,5.039741474147415,5.085808580858085,4.818619361936194
600423.SH,20171120,5.2,5.26,4.99,5.22,5.25,-0.03,-0.57,52134.83,26631.593,3.35,4.809405940594059,4.790979097909792,4.846259625962595,4.597497249724972
600423.SH,20171121,5.18,5.32,5.03,5.05,5.22,-0.17,-3.26,43913.0,22810.718,3.35,4.652777777777778,4.772552255225522,4.901540154015402,4.63435093509351
600423.SH,20171122,5.07,5.12,4.87,5.05,5.05,0.0,0.0,55683.0,27870.751,3.35,4.652777777777778,4.671204620462047,4.717271727172718,4.486936193619362
600423.SH,20171123,5.03,5.03,4.8,4.8,5.05,-0.25,-4.95,54247.1,26550.513,3.35,4.422442244224422,4.63435093509351,4.63435093509351,4.422442244224422
600423.SH,20171124,4.79,4.87,4.68,4.83,4.8,0.03,0.63,32587.35,15630.536,3.35,4.4500825082508255,4.413228822882289,4.486936193619362,4.311881188118812
600423.SH,20171127,4.84,4.93,4.72,4.77,4.83,-0.06,-1.24,27234.84,13178.571,3.35,4.39480198019802,4.459295929592959,4.542216721672167,4.3487348734873486
600423.SH,20171128,4.78,4.87,4.77,4.85,4.77,0.08,1.68,18533.52,8942.585,3.35,4.468509350935093,4.404015401540154,4.486936193619362,4.39480198019802
600423.SH,20171129,4.81,4.85,4.74,4.84,4.85,-0.01,-0.21,23155.93,11133.855,3.35,4.459295929592959,4.431655665566556,4.468509350935093,4.367161716171617
600423.SH,20171130,4.83,4.91,4.76,4.83,4.84,-0.01,-0.21,20417.0,9858.374,3.35,4.4500825082508255,4.4500825082508255,4.523789878987898,4.385588558855885
600423.SH,20171201,4.83,4.93,4.78,4.91,4.83,0.08,1.66,22699.0,11032.135,3.35,4.523789878987898,4.4500825082508255,4.542216721672167,4.404015401540154
600423.SH,20171204,4.88,4.89,4.66,4.68,4.91,-0.23,-4.68,52946.0,25109.222,3.35,4.311881188118812,4.496149614961496,4.50536303630363,4.293454345434544
600423.SH,20171205,4.61,4.68,4.45,4.45,4.68,-0.23,-4.91,59553.01,26856.098,3.35,4.099972497249725,4.2473872387238725,4.311881188118812,4.099972497249725
600423.SH,20171206,4.45,4.49,4.34,4.43,4.45,-0.02,-0.45,55522.97,24515.925,3.35,4.081545654565456,4.099972497249725,4.136826182618262,3.9986248624862486
600423.SH,20171207,4.41,4.49,4.4,4.47,4.43,0.04,0.9,28761.51,12796.418,3.35,4.118399339933993,4.063118811881188,4.136826182618262,4.053905390539055
600423.SH,20171208,4.47,4.69,4.47,4.63,4.47,0.16,3.58,45159.98,20970.047,3.35,4.2658140814081404,4.118399339933993,4.321094609460946,4.118399339933993
600423.SH,20171211,4.61,4.7,4.58,4.69,4.63,0.06,1.3,38702.02,18042.969,3.35,4.321094609460946,4.2473872387238725,4.330308030803081,4.219746974697469
600423.SH,20171212,4.7,4.87,4.69,4.74,4.69,0.05,1.07,48991.0,23526.87,3.35,4.367161716171617,4.330308030803081,4.486936193619362,4.321094609460946
600423.SH,20171213,4.74,4.87,4.73,4.78,4.74,0.04,0.84,33025.15,15878.777,3.35,4.404015401540154,4.367161716171617,4.486936193619362,4.357948294829483
600423.SH,20171214,4.79,4.93,4.76,4.81,4.78,0.03,0.63,47209.44,22929.551,3.35,4.431655665566556,4.413228822882289,4.542216721672167,4.385588558855885
600423.SH,20171215,4.8,4.85,4.74,4.78,4.81,-0.03,-0.62,37669.6,18078.735,3.35,4.404015401540154,4.422442244224422,4.468509350935093,4.367161716171617
600423.SH,20171218,4.95,4.95,4.74,4.81,4.78,0.03,0.63,64406.2,31052.844,3.35,4.431655665566556,4.560643564356435,4.560643564356435,4.367161716171617
600423.SH,20171219,4.79,4.82,4.75,4.8,4.81,-0.01,-0.21,22284.12,10668.322,3.35,4.422442244224422,4.413228822882289,4.440869086908691,4.376375137513751
600423.SH,20171220,4.82,4.95,4.78,4.88,4.8,0.08,1.67,40506.56,19745.417,3.35,4.496149614961496,4.440869086908691,4.560643564356435,4.404015401540154
600423.SH,20171221,5.1,5.12,5.04,5.12,4.88,0.24,4.92,52794.26,26983.889,3.35,4.717271727172718,4.698844884488449,4.717271727172718,4.643564356435643
600423.SH,20171222,5.05,5.07,4.9,4.97,5.12,-0.15,-2.93,73150.17,36513.034,3.35,4.579070407040704,4.652777777777778,4.671204620462047,4.514576457645765
600423.SH,20171225,4.94,4.99,4.73,4.74,4.97,-0.23,-4.63,62939.1,30331.596,3.35,4.367161716171617,4.551430143014303,4.597497249724972,4.357948294829483
600423.SH,20171226,4.74,4.87,4.7,4.79,4.74,0.05,1.05,40966.26,19706.937,3.35,4.413228822882289,4.367161716171617,4.486936193619362,4.330308030803081
600423.SH,20171227,4.84,4.94,4.79,4.83,4.79,0.04,0.84,36651.01,17818.048,3.35,4.4500825082508255,4.459295929592959,4.551430143014303,4.413228822882289
600423.SH,20171228,4.8,4.89,4.77,4.86,4.83,0.03,0.62,27797.44,13460.089,3.35,4.477722772277228,4.422442244224422,4.50536303630363,4.39480198019802
600423.SH,20171229,5.03,5.1,4.88,5.1,4.86,0.24,4.94,78096.34,39492.106,3.35,4.698844884488449,4.63435093509351,4.698844884488449,4.496149614961496
600423.SH,20180102,5.25,5.36,5.15,5.17,5.1,0.07,1.37,131653.2,69262.996,3.35,4.763338833883388,4.837046204620463,4.938393839383939,4.74491199119912
600423.SH,20180103,5.15,5.3,5.12,5.29,5.17,0.12,2.32,59344.1,31076.384,3.35,4.873899889988999,4.74491199119912,4.883113311331132,4.717271727172718
600423.SH,20180104,5.24,5.42,5.22,5.3,5.29,0.01,0.19,55072.1,29442.287,3.35,4.883113311331132,4.827832783278328,4.993674367436744,4.809405940594059
600423.SH,20180105,5.29,5.38,5.22,5.33,5.3,0.03,0.57,49779.43,26299.899,3.35,4.910753575357536,4.873899889988999,4.956820682068207,4.809405940594059
600423.SH,20180108,5.33,5.37,5.24,5.29,5.33,-0.04,-0.75,35739.0,18858.981,3.35,4.873899889988999,4.910753575357536,4.947607260726072,4.827832783278328
600423.SH,20180109,5.26,5.37,5.26,5.34,5.29,0.05,0.95,40132.43,21406.392,3.35,4.91996699669967,4.846259625962595,4.947607260726072,4.846259625962595
600423.SH,20180110,5.36,5.38,5.17,5.29,5.34,-0.05,-0.94,52726.43,27808.549,3.35,4.873899889988999,4.938393839383939,4.956820682068207,4.763338833883388
600423.SH,20180111,5.25,5.26,5.11,5.19,5.29,-0.1,-1.89,42155.51,21784.17,3.35,4.781765676567657,4.837046204620463,4.846259625962595,4.708058305830583
600423.SH,20180112,5.2,5.27,5.12,5.26,5.19,0.07,1.35,31332.44,16321.599,3.35,4.846259625962595,4.790979097909792,4.85547304730473,4.717271727172718
600423.SH,20180115,5.22,5.28,5.12,5.19,5.26,-0.07,-1.33,35321.25,18398.429,3.35,4.781765676567657,4.809405940594059,4.864686468646865,4.717271727172718
600423.SH,20180116,5.18,5.23,5.13,5.22,5.19,0.03,0.58,23974.84,12435.555,3.35,4.809405940594059,4.772552255225522,4.818619361936194,4.726485148514851
600423.SH,20180117,5.2,5.47,5.16,5.41,5.22,0.19,3.64,72482.04,38738.887,3.35,4.984460946094609,4.790979097909792,5.039741474147415,4.754125412541255
600423.SH,20180118,5.37,5.47,5.36,5.41,5.41,0.0,0.0,32176.58,17384.109,3.35,4.984460946094609,4.947607260726072,5.039741474147415,4.938393839383939
600423.SH,20180119,5.41,5.48,5.37,5.4,5.41,-0.01,-0.18,32331.39,17494.293,3.35,4.975247524752476,4.984460946094609,5.048954895489549,4.947607260726072
600423.SH,20180122,5.43,5.43,5.32,5.34,5.4,-0.06,-1.11,25610.5,13733.731,3.35,4.91996699669967,5.002887788778878,5.002887788778878,4.901540154015402
600423.SH,20180123,5.29,5.31,5.07,5.16,5.34,-0.18,-3.37,76254.0,39365.128,3.35,4.754125412541255,4.873899889988999,4.892326732673267,4.671204620462047
600423.SH,20180124,5.13,5.19,5.08,5.13,5.16,-0.03,-0.58,30067.38,15420.848,3.35,4.726485148514851,4.726485148514851,4.781765676567657,4.68041804180418
600423.SH,20180125,5.09,5.16,5.08,5.15,5.13,0.02,0.39,17414.37,8927.358,3.35,4.74491199119912,4.6896314631463145,4.754125412541255,4.68041804180418
600423.SH,20180126,5.14,5.19,5.12,5.18,5.15,0.03,0.58,19827.18,10232.572,3.35,4.772552255225522,4.735698569856985,4.781765676567657,4.717271727172718
600423.SH,20180129,5.17,5.2,5.11,5.15,5.18,-0.03,-0.58,17089.16,8798.151,3.35,4.74491199119912,4.763338833883388,4.790979097909792,4.708058305830583
600423.SH,20180130,5.17,5.21,5.04,5.09,5.15,-0.06,-1.17,31241.1,15965.95,3.35,4.6896314631463145,4.763338833883388,4.800192519251926,4.643564356435643
600423.SH,20180131,5.05,5.08,4.84,4.84,5.09,-0.25,-4.91,51311.0,25022.452,3.35,4.459295929592959,4.652777777777778,4.68041804180418,4.459295929592959
600423.SH,20180201,4.8,4.85,4.6,4.6,4.84,-0.24,-4.96,39383.0,18289.048,3.35,4.238173817381737,4.422442244224422,4.468509350935093,4.238173817381737
600423.SH,20180202,4.37,4.58,4.37,4.49,4.6,-0.11,-2.39,82914.48,36859.278,3.35,4.136826182618262,4.0262651265126514,4.219746974697469,4.0262651265126514
600423.SH,20180205,4.27,4.43,4.27,4.27,4.49,-0.22,-4.9,106773.75,45922.402,3.35,3.934130913091309,3.934130913091309,4.081545654565456,3.934130913091309
600423.SH,20180206,4.21,4.35,4.06,4.06,4.27,-0.21,-4.92,95231.0,39741.345,3.35,3.7406490649064894,3.878850385038504,4.007838283828383,3.7406490649064894
600423.SH,20180207,4.1,4.15,3.86,3.99,4.06,-0.07,-1.72,91431.39,36259.328,3.35,3.676155115511551,3.777502750275027,3.823569856985699,3.556380638063806
600423.SH,20180208,3.98,4.19,3.95,4.19,3.99,0.2,5.01,62789.33,25806.566,3.35,3.860423542354236,3.666941694169417,3.860423542354236,3.639301430143015
600423.SH,20180209,4.1,4.25,4.04,4.19,4.19,0.0,0.0,65431.39,27091.577,3.35,3.860423542354236,3.777502750275027,3.915704070407041,3.7222222222222223
600423.SH,20180212,4.14,4.29,4.14,4.23,4.19,0.04,0.95,52541.62,22084.699,3.35,3.897277227722773,3.814356435643564,3.9525577557755778,3.814356435643564
600423.SH,20180213,4.25,4.44,4.24,4.43,4.23,0.2,4.73,62872.34,27698.49,3.35,4.081545654565456,3.915704070407041,4.090759075907592,3.9064906490649065
600423.SH,20180214,4.4,4.57,4.4,4.49,4.43,0.06,1.35,43963.26,19744.688,3.35,4.136826182618262,4.053905390539055,4.210533553355336,4.053905390539055
600423.SH,20180222,4.5,4.54,4.42,4.48,4.49,-0.01,-0.22,32835.41,14687.024,3.35,4.127612761276128,4.146039603960396,4.182893289328933,4.072332233223323
600423.SH,20180223,4.5,4.63,4.48,4.58,4.48,0.1,2.23,40804.75,18590.304,3.35,4.219746974697469,4.146039603960396,4.2658140814081404,4.127612761276128
600423.SH,20180226,4.55,4.8,4.55,4.75,4.58,0.17,3.71,45705.02,21562.798,3.35,4.376375137513751,4.192106710671067,4.422442244224422,4.192106710671067
600423.SH,20180227,4.73,4.87,4.72,4.79,4.75,0.04,0.84,40801.74,19603.045,3.35,4.413228822882289,4.357948294829483,4.486936193619362,4.3487348734873486
600423.SH,20180228,4.8,4.94,4.73,4.9,4.79,0.11,2.3,36311.05,17658.757,3.35,4.514576457645765,4.422442244224422,4.551430143014303,4.357948294829483
600423.SH,20180301,4.86,5.14,4.83,4.85,4.9,-0.05,-1.02,72461.97,35988.836,3.35,4.468509350935093,4.477722772277228,4.735698569856985,4.4500825082508255
600423.SH,20180302,4.83,4.95,4.81,4.84,4.85,-0.01,-0.21,44377.62,21612.532,3.35,4.459295929592959,4.4500825082508255,4.560643564356435,4.431655665566556
600423.SH,20180305,4.79,4.89,4.67,4.87,4.84,0.03,0.62,67387.98,32126.607,3.35,4.486936193619362,4.413228822882289,4.50536303630363,4.302667766776678
600423.SH,20180306,4.88,4.93,4.68,4.77,4.87,-0.1,-2.05,89345.53,42939.803,3.35,4.39480198019802,4.496149614961496,4.542216721672167,4.311881188118812
600423.SH,20180307,4.72,4.79,4.53,4.68,4.77,-0.09,-1.89,122654.45,56625.93,3.35,4.311881188118812,4.3487348734873486,4.413228822882289,4.173679867986799
600423.SH,20180308,4.65,4.88,4.64,4.83,4.68,0.15,3.21,201547.16,96889.27,3.35,4.4500825082508255,4.284240924092409,4.496149614961496,4.275027502750275
600423.SH,20181226,4.23,4.23,4.23,4.23,4.45,-0.22,-4.9438,7122.0,3012.606,3.636,4.23,4.23,4.23,4.23
600423.SH,20181227,4.02,4.02,4.02,4.02,4.23,-0.21,-4.9645,939.0,377.478,3.636,4.02,4.02,4.02,4.02
600423.SH,20181228,3.82,3.82,3.82,3.82,4.02,-0.2,-4.9751,5146.0,1965.772,3.636,3.82,3.82,3.82,3.82
600423.SH,20190102,3.63,3.63,3.63,3.63,3.82,-0.19,-4.9738,4377.0,1588.851,3.636,3.63,3.63,3.63,3.63
600423.SH,20190103,3.45,3.45,3.45,3.45,3.63,-0.18,-4.9587,3146.0,1085.37,3.636,3.45,3.45,3.45,3.45
600423.SH,20190104,3.28,3.35,3.28,3.28,3.45,-0.17,-4.9275,258223.39,84754.624,3.636,3.28,3.28,3.35,3.28
600423.SH,20190107,3.29,3.42,3.25,3.35,3.28,0.07,2.1341,129982.28,43501.695,3.636,3.35,3.29,3.42,3.25
600423.SH,20190108,3.32,3.45,3.28,3.4,3.35,0.05,1.4925,89656.01,30241.9,3.636,3.4000000000000004,3.32,3.45,3.28
600423.SH,20190109,3.36,3.42,3.35,3.37,3.4,-0.03,-0.8824,64137.23,21723.969,3.636,3.37,3.36,3.42,3.35
600423.SH,20190110,3.38,3.43,3.36,3.39,3.37,0.02,0.5935,42068.0,14251.948,3.636,3.39,3.38,3.43,3.36
600423.SH,20190111,3.38,3.42,3.33,3.35,3.39,-0.04,-1.1799,48064.66,16195.182,3.636,3.35,3.38,3.42,3.3300000000000005
600423.SH,20190114,3.36,3.42,3.27,3.37,3.35,0.02,0.597,63498.42,21299.688,3.636,3.37,3.36,3.42,3.27
600423.SH,20190115,3.37,3.54,3.36,3.54,3.37,0.17,5.0445,32527.45,11295.555,3.636,3.54,3.37,3.54,3.36
600423.SH,20190116,3.55,3.62,3.52,3.55,3.54,0.01,0.2825,83731.54,29876.995,3.636,3.55,3.55,3.62,3.52
600423.SH,20190117,3.55,3.64,3.53,3.58,3.55,0.03,0.8451,46604.52,16654.059,3.636,3.58,3.55,3.64,3.53
600423.SH,20190118,3.59,3.65,3.56,3.63,3.58,0.05,1.3966,35727.18,12856.658,3.636,3.63,3.59,3.65,3.56
600423.SH,20190121,3.63,3.7,3.61,3.64,3.63,0.01,0.2755,28577.13,10383.554,3.636,3.64,3.63,3.7,3.61
600423.SH,20190122,3.66,3.68,3.59,3.62,3.64,-0.02,-0.5495,33039.7,12001.452,3.636,3.62,3.6600000000000006,3.68,3.59
600423.SH,20190123,3.61,3.61,3.46,3.52,3.62,-0.1,-2.7624,56116.53,19769.194,3.636,3.52,3.61,3.61,3.46
600423.SH,20190124,3.49,3.54,3.46,3.48,3.52,-0.04,-1.1364,35245.54,12345.472,3.636,3.48,3.49,3.54,3.46
600423.SH,20190125,3.49,3.53,3.46,3.51,3.48,0.03,0.8621,22287.48,7798.635,3.636,3.51,3.49,3.53,3.46
600423.SH,20190128,3.48,3.52,3.46,3.47,3.51,-0.04,-1.1396,29016.01,10121.109,3.636,3.47,3.48,3.52,3.46
600423.SH,20190129,3.38,3.39,3.3,3.3,3.47,-0.17,-4.8991,62914.0,20895.776,3.636,3.3,3.38,3.39,3.3
600423.SH,20190130,3.28,3.33,3.24,3.3,3.3,0.0,0.0,26313.1,8679.22,3.636,3.3,3.28,3.3300000000000005,3.24
600423.SH,20190131,3.3,3.31,3.14,3.14,3.3,-0.16,-4.8485,61212.04,19474.854,3.636,3.14,3.3,3.31,3.14
600423.SH,20190201,3.13,3.22,3.05,3.13,3.14,-0.01,-0.3185,41462.81,12962.186,3.636,3.13,3.13,3.22,3.05
600423.SH,20190211,3.17,3.18,3.13,3.18,3.13,0.05,1.5974,34178.51,10807.41,3.636,3.18,3.17,3.18,3.13
600423.SH,20190212,3.16,3.29,3.16,3.25,3.18,0.07,2.2013,46557.34,15067.997,3.636,3.25,3.16,3.29,3.16
600423.SH,20190213,3.25,3.3,3.24,3.28,3.25,0.03,0.9231,35191.78,11523.103,3.636,3.28,3.25,3.3,3.24
600423.SH,20190214,3.27,3.29,3.24,3.28,3.28,0.0,0.0,36726.27,11980.188,3.636,3.28,3.27,3.29,3.24
600423.SH,20190215,3.28,3.34,3.27,3.31,3.28,0.03,0.9146,40813.43,13516.714,3.636,3.31,3.28,3.34,3.27
600423.SH,20190218,3.32,3.39,3.31,3.39,3.31,0.08,2.4169,52196.71,17546.657,3.636,3.39,3.32,3.39,3.31
600423.SH,20190219,3.4,3.43,3.36,3.41,3.39,0.02,0.59,60246.0,20431.792,3.636,3.41,3.4000000000000004,3.43,3.36
600423.SH,20190220,3.41,3.58,3.41,3.47,3.41,0.06,1.7595,80372.52,28135.102,3.636,3.47,3.41,3.58,3.41
600423.SH,20190221,3.46,3.56,3.41,3.45,3.47,-0.02,-0.5764,64813.44,22570.823,3.636,3.45,3.46,3.56,3.41
600423.SH,20190222,3.44,3.47,3.39,3.47,3.45,0.02,0.5797,50741.67,17436.191,3.636,3.47,3.44,3.47,3.39
600423.SH,20190225,3.48,3.55,3.42,3.55,3.47,0.08,2.3055,100006.35,35064.19,3.636,3.55,3.48,3.55,3.42
600423.SH,20190226,3.54,3.61,3.49,3.54,3.55,-0.01,-0.2817,101546.78,35942.499,3.636,3.54,3.54,3.61,3.49
600423.SH,20190227,3.52,3.65,3.52,3.59,3.54,0.05,1.4124,91698.72,32992.397,3.636,3.59,3.52,3.65,3.52
600423.SH,20190228,3.59,3.68,3.57,3.66,3.59,0.07,1.9499,64781.01,23483.893,3.636,3.6600000000000006,3.59,3.68,3.57
600423.SH,20190301,3.71,3.84,3.65,3.84,3.66,0.18,4.918,106688.74,40595.054,3.636,3.84,3.71,3.84,3.65
600423.SH,20190304,3.86,3.92,3.78,3.81,3.84,-0.03,-0.7813,127535.0,48962.137,3.636,3.81,3.86,3.92,3.78
600423.SH,20190305,3.8,3.82,3.74,3.82,3.81,0.01,0.2625,83572.69,31550.506,3.636,3.82,3.8,3.82,3.74
600423.SH,20190306,3.84,3.89,3.79,3.88,3.82,0.06,1.5707,93992.23,36071.608,3.636,3.88,3.84,3.89,3.79
600423.SH,20190307,3.86,4.05,3.81,3.99,3.88,0.11,2.8351,108380.5,42628.99,3.636,3.9900000000000007,3.86,4.05,3.81
600423.SH,20190308,3.87,3.91,3.79,3.79,3.99,-0.2,-5.0125,100612.01,38677.853,3.636,3.79,3.87,3.91,3.79
600423.SH,20190311,3.69,3.8,3.65,3.77,3.79,-0.02,-0.5277,102033.5,38051.62,3.636,3.77,3.69,3.8,3.65
600423.SH,20190312,3.82,3.84,3.76,3.82,3.77,0.05,1.3263,69386.44,26415.098,3.636,3.82,3.82,3.84,3.76
600423.SH,20190313,3.8,3.89,3.74,3.81,3.82,-0.01,-0.2618,72585.91,27624.49,3.636,3.81,3.8,3.89,3.74
600423.SH,20190314,3.8,3.93,3.78,3.85,3.81,0.04,1.0499,83649.93,32160.862,3.636,3.85,3.8,3.93,3.78
600423.SH,20190315,3.88,3.94,3.86,3.94,3.85,0.09,2.3377,91795.17,35887.649,3.636,3.94,3.88,3.94,3.86
600423.SH,20190318,3.98,4.14,3.96,4.04,3.94,0.1,2.5381,139739.18,56850.809,3.636,4.04,3.98,4.14,3.96
600423.SH,20190319,4.05,4.08,3.97,4.08,4.04,0.04,0.9901,157781.89,63362.509,3.636,4.08,4.05,4.08,3.97
600423.SH,20190320,4.1,4.28,4.08,4.28,4.08,0.2,4.902,172394.62,72214.328,3.636,4.28,4.1,4.28,4.08
600423.SH,20190321,4.28,4.29,4.17,4.22,4.28,-0.06,-1.4019,138296.34,58513.051,3.636,4.22,4.28,4.29,4.17
600423.SH,20190322,4.2,4.23,4.07,4.17,4.22,-0.05,-1.1848,110520.01,45902.768,3.636,4.17,4.2,4.23,4.07
600423.SH,20190325,4.07,4.32,4.03,4.26,4.17,0.09,2.1583,110803.31,46839.488,3.636,4.26,4.07,4.32,4.03
600423.SH,20190326,4.26,4.45,4.17,4.19,4.26,-0.07,-1.6432,126604.92,54806.52,3.636,4.19,4.26,4.450000000000001,4.17
600423.SH,20190327,4.23,4.23,3.98,4.06,4.19,-0.13,-3.1026,90807.25,37004.948,3.636,4.06,4.23,4.23,3.98
600423.SH,20190328,4.01,4.14,4.01,4.02,4.06,-0.04,-0.9852,54422.87,22141.046,3.636,4.02,4.01,4.14,4.01
600423.SH,20190329,4.05,4.1,3.88,4.06,4.02,0.04,0.995,89804.65,35949.323,3.636,4.06,4.05,4.1,3.88
600423.SH,20190401,3.86,4.1,3.86,4.06,4.06,0.0,0.0,187852.64,74223.873,3.636,4.06,3.86,4.1,3.86
600423.SH,20190402,4.03,4.22,4.0,4.18,4.06,0.12,2.9557,129270.44,52856.017,3.636,4.18,4.03,4.22,4.0
600423.SH,20190403,4.17,4.39,4.12,4.39,4.18,0.21,5.0239,181064.11,78137.161,3.636,4.39,4.17,4.39,4.12
600423.SH,20190404,4.5,4.61,4.43,4.61,4.39,0.22,5.0114,236526.83,107537.474,3.636,4.61,4.5,4.61,4.43
600423.SH,20190408,4.83,4.83,4.61,4.7,4.61,0.09,1.9523,274340.75,129907.114,3.636,4.7,4.83,4.83,4.61
600423.SH,20190409,4.66,4.66,4.48,4.58,4.7,-0.12,-2.5532,152394.43,69473.537,3.636,4.58,4.66,4.66,4.48
600423.SH,20190410,4.52,4.8,4.43,4.74,4.58,0.16,3.4934,159567.78,74725.931,3.636,4.74,4.52,4.8,4.43
600423.SH,20190411,4.7,4.95,4.67,4.73,4.74,-0.01,-0.211,186040.65,89238.857,3.636,4.73,4.7,4.95,4.67
600423.SH,20190412,4.7,4.85,4.58,4.82,4.73,0.09,1.9027,148306.39,70464.941,3.636,4.82,4.7,4.85,4.58
600423.SH,20190415,4.58,4.58,4.58,4.58,4.82,-0.24,-4.9793,39334.0,18014.972,3.636,4.58,4.58,4.58,4.58
600423.SH,20190416,4.35,4.35,4.35,4.35,4.58,-0.23,-5.0218,20622.0,8970.57,3.636,4.35,4.35,4.35,4.35
600423.SH,20190417,4.21,4.43,4.18,4.25,4.35,-0.1,-2.2989,248166.33,106249.646,3.636,4.25,4.21,4.43,4.18
600423.SH,20190418,4.24,4.35,4.2,4.2,4.25,-0.05,-1.1765,107153.17,45835.529,3.636,4.2,4.24,4.35,4.2
600423.SH,20190419,4.18,4.25,4.06,4.14,4.2,-0.06,-1.4286,105257.51,43389.269,3.636,4.14,4.18,4.25,4.06
600423.SH,20190422,4.15,4.15,3.99,4.01,4.14,-0.13,-3.1401,83807.8,33874.208,3.636,4.01,4.15,4.15,3.9900000000000007
600423.SH,20190423,4.0,4.07,3.91,3.99,4.01,-0.02,-0.4988,57346.45,22900.344,3.636,3.9900000000000007,4.0,4.07,3.91
600423.SH,20190424,4.01,4.06,3.98,4.04,3.99,0.05,1.2531,39914.45,16052.645,3.636,4.04,4.01,4.06,3.98
600423.SH,20190425,4.04,4.05,3.84,3.84,4.04,-0.2,-4.9505,79081.64,31016.594,3.636,3.84,4.04,4.05,3.84
600423.SH,20190426,3.85,3.85,3.66,3.74,3.84,-0.1,-2.6042,62882.12,23510.779,3.636,3.74,3.85,3.85,3.6600000000000006
600423.SH,20190429,3.71,3.78,3.58,3.59,3.74,-0.15,-4.0107,50035.0,18389.324,3.636,3.59,3.71,3.78,3.58
600423.SH,20190430,3.56,3.73,3.56,3.7,3.59,0.11,3.0641,37283.9,13615.751,3.636,3.7,3.56,3.73,3.56
600423.SH,20190506,3.63,3.63,3.52,3.52,3.7,-0.18,-4.8649,55688.0,19674.468,3.636,3.52,3.63,3.63,3.52
600423.SH,20190507,3.45,3.56,3.41,3.47,3.52,-0.05,-1.4205,42072.4,14677.364,3.636,3.47,3.45,3.56,3.41
600423.SH,20190508,3.37,3.64,3.37,3.64,3.47,0.17,4.8991,68298.0,24678.2,3.636,3.64,3.37,3.64,3.37
600423.SH,20190509,3.58,3.64,3.52,3.55,3.64,-0.09,-2.4725,35818.0,12824.103,3.636,3.55,3.58,3.64,3.52
600423.SH,20190510,3.56,3.65,3.52,3.61,3.55,0.06,1.6901,38088.2,13687.034,3.636,3.61,3.56,3.65,3.52
600423.SH,20190513,3.6,3.6,3.48,3.51,3.61,-0.1,-2.7701,42934.01,15188.884,3.636,3.51,3.6,3.6,3.48
600423.SH,20190514,3.44,3.53,3.44,3.49,3.51,-0.02,-0.5698,19921.51,6970.984,3.636,3.49,3.44,3.53,3.44
600423.SH,20190515,3.52,3.6,3.5,3.55,3.49,0.06,1.7192,24581.8,8725.726,3.636,3.55,3.52,3.6,3.5
600423.SH,20190516,3.56,3.63,3.56,3.59,3.55,0.04,1.1268,24104.4,8635.358,3.636,3.59,3.56,3.63,3.56
600423.SH,20190517,3.6,3.6,3.46,3.5,3.59,-0.09,-2.507,38278.51,13472.085,3.636,3.5,3.6,3.6,3.46
600423.SH,20190520,3.45,3.49,3.33,3.35,3.5,-0.15,-4.2857,55003.73,18411.181,3.636,3.35,3.45,3.49,3.3300000000000005
600423.SH,20190521,3.39,3.41,3.19,3.24,3.35,-0.11,-3.2836,44007.13,14517.718,3.636,3.24,3.39,3.41,3.19
600423.SH,20190522,3.27,3.29,3.19,3.24,3.24,0.0,0.0,28201.1,9121.203,3.636,3.24,3.27,3.29,3.19
600423.SH,20190523,3.24,3.25,3.18,3.21,3.24,-0.03,-0.9259,20376.0,6545.536,3.636,3.21,3.24,3.25,3.18
600423.SH,20190524,3.16,3.23,3.06,3.15,3.21,-0.06,-1.8692,38094.5,11893.453,3.636,3.15,3.16,3.23,3.06
600423.SH,20190527,3.13,3.21,3.08,3.2,3.15,0.05,1.5873,28150.05,8815.968,3.636,3.2,3.13,3.21,3.08
600423.SH,20190528,3.18,3.25,3.16,3.21,3.2,0.01,0.3125,28336.5,9126.045,3.636,3.21,3.18,3.25,3.16
600423.SH,20190529,3.19,3.28,3.16,3.22,3.21,0.01,0.3115,21257.5,6836.112,3.636,3.22,3.19,3.28,3.16
600423.SH,20190530,3.22,3.25,3.15,3.22,3.22,0.0,0.0,20389.5,6539.274,3.636,3.22,3.22,3.25,3.15
600423.SH,20190531,3.22,3.25,3.2,3.22,3.22,0.0,0.0,17753.0,5720.941,3.636,3.22,3.22,3.25,3.2
600423.SH,20190603,3.22,3.22,3.13,3.14,3.22,-0.08,-2.4845,23872.43,7532.209,3.636,3.14,3.22,3.22,3.13
600423.SH,20190604,3.15,3.15,3.07,3.1,3.14,-0.04,-1.2739,20039.01,6216.237,3.636,3.1,3.15,3.15,3.0700000000000003
600423.SH,20190605,3.13,3.14,3.08,3.09,3.1,-0.01,-0.3226,19136.5,5927.648,3.636,3.09,3.13,3.14,3.08
600423.SH,20190606,3.1,3.1,3.03,3.04,3.09,-0.05,-1.6181,29777.5,9096.285,3.636,3.04,3.1,3.1,3.03
600423.SH,20190610,3.02,3.08,3.0,3.05,3.04,0.01,0.3289,21563.4,6564.342,3.636,3.05,3.02,3.08,3.0000000000000004
600423.SH,20190611,3.0,3.15,2.99,3.1,3.05,0.05,1.6393,37180.99,11407.197,3.636,3.1,3.0000000000000004,3.15,2.99
600423.SH,20190612,3.11,3.11,3.07,3.09,3.1,-0.01,-0.3226,24835.0,7661.141,3.636,3.09,3.11,3.11,3.0700000000000003
600423.SH,20190613,3.07,3.14,3.05,3.12,3.09,0.03,0.9709,23106.0,7144.254,3.636,3.12,3.0700000000000003,3.14,3.05
600423.SH,20190614,3.1,3.11,3.06,3.06,3.12,-0.06,-1.9231,23488.0,7242.674,3.636,3.06,3.1,3.11,3.06
600423.SH,20190617,3.02,3.06,3.02,3.04,3.06,-0.02,-0.6536,14525.4,4410.711,3.636,3.04,3.02,3.06,3.02
600423.SH,20190618,3.02,3.06,3.01,3.06,3.04,0.02,0.6579,9835.0,2989.862,3.636,3.06,3.02,3.06,3.01
600423.SH,20190619,3.1,3.11,3.05,3.06,3.06,0.0,0.0,17991.0,5534.418,3.636,3.06,3.1,3.11,3.05
600423.SH,20190620,3.06,3.08,3.04,3.06,3.06,0.0,0.0,32855.41,10043.471,3.636,3.06,3.06,3.08,3.04
600423.SH,20190621,3.11,3.21,3.11,3.14,3.06,0.08,2.6144,47264.02,14918.988,3.636,3.14,3.11,3.21,3.11
600423.SH,20190624,3.13,3.13,3.08,3.11,3.14,-0.03,-0.9554,26219.72,8148.948,3.636,3.11,3.13,3.13,3.08
600423.SH,20190625,3.13,3.13,3.09,3.13,3.11,0.02,0.6431,21224.6,6604.792,3.636,3.13,3.13,3.13,3.09
600423.SH,20190626,3.14,3.19,3.12,3.14,3.13,0.01,0.3195,21129.5,6669.442,3.636,3.14,3.14,3.19,3.12
600423.SH,20190627,3.13,3.18,3.13,3.14,3.14,0.0,0.0,17154.0,5406.793,3.636,3.14,3.13,3.18,3.13
600423.SH,20190628,3.13,3.13,3.07,3.1,3.14,-0.04,-1.2739,17394.5,5390.895,3.636,3.1,3.13,3.13,3.0700000000000003
600423.SH,20190701,3.11,3.14,3.08,3.12,3.1,0.02,0.6452,26626.62,8282.506,3.636,3.12,3.11,3.14,3.08
600423.SH,20190702,3.11,3.17,3.11,3.16,3.12,0.04,1.2821,34313.67,10780.946,3.636,3.16,3.11,3.17,3.11
600423.SH,20190703,3.15,3.16,3.12,3.14,3.16,-0.02,-0.6329,15677.0,4913.903,3.636,3.14,3.15,3.16,3.12
600423.SH,20190704,3.14,3.15,3.12,3.13,3.14,-0.01,-0.3185,15870.61,4973.48,3.636,3.13,3.14,3.15,3.12
600423.SH,20190705,3.13,3.16,3.12,3.13,3.13,0.0,0.0,11443.62,3582.11,3.636,3.13,3.13,3.16,3.12
600423.SH,20190708,3.09,3.1,3.01,3.03,3.13,-0.1,-3.1949,30014.22,9128.604,3.636,3.03,3.09,3.1,3.01
600423.SH,20190709,3.03,3.05,3.0,3.03,3.03,0.0,0.0,16187.0,4896.267,3.636,3.03,3.03,3.05,3.0000000000000004
600423.SH,20190710,3.04,3.05,2.98,2.99,3.03,-0.04,-1.3201,17729.3,5340.194,3.636,2.99,3.04,3.05,2.98
600423.SH,20190711,3.01,3.04,2.98,2.98,2.99,-0.01,-0.3344,13379.0,4025.443,3.636,2.98,3.01,3.04,2.98
600423.SH,20190712,2.99,3.03,2.99,3.02,2.98,0.04,1.3423,11107.0,3336.209,3.636,3.02,2.99,3.03,2.99
600423.SH,20190715,3.02,3.02,2.98,3.02,3.02,0.0,0.0,11632.0,3492.925,3.636,3.02,3.02,3.02,2.98
600423.SH,20190716,3.02,3.02,3.0,3.02,3.02,0.0,0.0,6824.0,2053.665,3.636,3.02,3.02,3.02,3.0000000000000004
600423.SH,20190717,3.03,3.17,3.03,3.17,3.02,0.15,4.9669,21783.68,6842.75,3.636,3.17,3.03,3.17,3.03
600423.SH,20190718,3.15,3.2,3.07,3.08,3.17,-0.09,-2.8391,45873.69,14403.284,3.636,3.08,3.15,3.2,3.0700000000000003
600423.SH,20190719,3.06,3.13,3.06,3.12,3.08,0.04,1.2987,10680.01,3318.741,3.636,3.12,3.06,3.13,3.06
600423.SH,20190722,3.12,3.12,2.97,2.99,3.12,-0.13,-4.1667,22897.5,6934.05,3.636,2.99,3.12,3.12,2.97
600423.SH,20190723,3.0,3.02,2.99,3.01,2.99,0.02,0.6689,8169.0,2450.698,3.636,3.01,3.0000000000000004,3.02,2.99
600423.SH,20190724,3.02,3.05,3.01,3.04,3.01,0.03,0.9967,9314.0,2824.982,3.636,3.04,3.02,3.05,3.01
600423.SH,20190725,3.03,3.04,3.01,3.03,3.04,-0.01,-0.3289,7303.42,2212.889,3.636,3.03,3.03,3.04,3.01
600423.SH,20190726,3.02,3.04,3.0,3.02,3.03,-0.01,-0.33,7537.0,2273.56,3.636,3.02,3.02,3.04,3.0000000000000004
600423.SH,20190729,3.02,3.03,2.99,3.0,3.02,-0.02,-0.6623,8052.05,2418.799,3.636,3.0000000000000004,3.02,3.03,2.99
600423.SH,20190730,3.0,3.03,3.0,3.0,3.0,0.0,0.0,11164.62,3358.003,3.636,3.0000000000000004,3.0000000000000004,3.03,3.0000000000000004
600423.SH,20190731,3.0,3.01,2.96,2.97,3.0,-0.03,-1.0,16978.63,5064.19,3.636,2.97,3.0000000000000004,3.01,2.96
600423.SH,20190801,2.96,2.99,2.96,2.98,2.97,0.01,0.3367,7877.62,2343.186,3.636,2.98,2.96,2.99,2.96
600423.SH,20190802,2.95,2.95,2.85,2.92,2.98,-0.06,-2.0134,20926.81,6059.417,3.636,2.92,2.95,2.95,2.85
600423.SH,20190805,2.92,2.92,2.85,2.86,2.92,-0.06,-2.0548,18936.0,5455.293,3.636,2.86,2.92,2.92,2.85
600423.SH,20190806,2.84,2.84,2.72,2.75,2.86,-0.11,-3.8462,22025.0,6054.887,3.636,2.75,2.84,2.84,2.72
600423.SH,20190807,2.75,2.77,2.73,2.73,2.75,-0.02,-0.7273,19354.9,5327.758,3.636,2.73,2.75,2.77,2.73
600423.SH,20190808,2.72,2.76,2.72,2.75,2.73,0.02,0.7326,8600.04,2357.04,3.636,2.75,2.72,2.76,2.72
600423.SH,20190809,2.76,2.81,2.75,2.78,2.75,0.03,1.0909,15537.04,4317.186,3.636,2.78,2.76,2.81,2.75
600423.SH,20190812,2.77,2.83,2.77,2.81,2.78,0.03,1.0791,8359.23,2348.966,3.636,2.81,2.77,2.83,2.77
600423.SH,20190813,2.81,2.84,2.79,2.83,2.81,0.02,0.7117,11403.0,3208.609,3.636,2.83,2.81,2.84,2.79
600423.SH,20190814,2.85,2.97,2.85,2.89,2.83,0.06,2.1201,31274.23,9187.31,3.636,2.89,2.85,2.97,2.85
600423.SH,20190815,2.81,2.88,2.78,2.88,2.89,-0.01,-0.346,17876.0,5081.925,3.636,2.88,2.81,2.88,2.78
600423.SH,20190816,2.86,3.01,2.86,2.99,2.88,0.11,3.8194,27933.5,8310.533,3.636,2.99,2.86,3.01,2.86
600423.SH,20190819,2.98,3.04,2.97,3.03,2.99,0.04,1.3378,17172.53,5167.154,3.636,3.03,2.98,3.04,2.97
600423.SH,20190820,3.01,3.02,2.98,3.0,3.03,-0.03,-0.9901,10119.0,3036.428,3.636,3.0000000000000004,3.01,3.02,2.98
600423.SH,20190821,3.01,3.03,2.98,3.01,3.0,0.01,0.3333,11866.5,3556.192,3.636,3.01,3.01,3.03,2.98
600423.SH,20190822,3.0,3.02,2.98,3.01,3.01,0.0,0.0,12097.15,3632.634,3.636,3.01,3.0000000000000004,3.02,2.98
600423.SH,20190823,2.99,3.01,2.99,3.0,3.01,-0.01,-0.3322,5609.0,1681.94,3.636,3.0000000000000004,2.99,3.01,2.99
600423.SH,20190826,2.95,2.98,2.94,2.98,3.0,-0.02,-0.6667,12424.0,3689.604,3.636,2.98,2.95,2.98,2.94
600423.SH,20190827,2.99,3.03,2.97,3.0,2.98,0.02,0.6711,14160.2,4251.613,3.636,3.0000000000000004,2.99,3.03,2.97
600423.SH,20190828,3.0,3.0,2.97,2.97,3.0,-0.03,-1.0,9693.0,2889.241,3.636,2.97,3.0000000000000004,3.0000000000000004,2.97
600423.SH,20190829,2.98,3.01,2.95,2.99,2.97,0.02,0.6734,11642.01,3467.645,3.636,2.99,2.98,3.01,2.95
600423.SH,20190830,2.99,3.0,2.97,2.97,2.99,-0.02,-0.6689,10125.0,3021.929,3.636,2.97,2.99,3.0000000000000004,2.97
600423.SH,20190902,2.98,3.02,2.98,3.0,2.97,0.03,1.0101,11510.72,3444.319,3.636,3.0000000000000004,2.98,3.02,2.98
600423.SH,20190903,3.0,3.0,2.97,2.99,3.0,-0.01,-0.3333,10994.0,3278.262,3.636,2.99,3.0000000000000004,3.0000000000000004,2.97
600423.SH,20190904,2.98,3.0,2.98,2.99,2.99,0.0,0.0,5160.63,1541.131,3.636,2.99,2.98,3.0000000000000004,2.98
600423.SH,20190905,2.99,3.03,2.98,3.0,2.99,0.01,0.3344,22754.82,6842.254,3.636,3.0000000000000004,2.99,3.03,2.98
600423.SH,20190906,3.0,3.15,3.0,3.09,3.0,0.09,3.0,28442.0,8779.875,3.636,3.09,3.0000000000000004,3.15,3.0000000000000004
600423.SH,20190909,3.1,3.12,3.06,3.12,3.09,0.03,0.9709,16137.87,4996.631,3.636,3.12,3.1,3.12,3.06
600423.SH,20190910,3.13,3.13,3.09,3.1,3.12,-0.02,-0.641,12632.3,3921.528,3.636,3.1,3.13,3.13,3.09
600423.SH,20190911,3.11,3.12,3.07,3.08,3.1,-0.02,-0.6452,14138.0,4377.626,3.636,3.08,3.11,3.12,3.0700000000000003
600423.SH,20190912,3.08,3.09,3.04,3.06,3.08,-0.02,-0.6494,20810.3,6369.539,3.636,3.06,3.08,3.09,3.04
600423.SH,20190916,3.07,3.08,3.04,3.07,3.06,0.01,0.3268,16085.97,4932.401,3.636,3.0700000000000003,3.0700000000000003,3.08,3.04
600423.SH,20190917,3.06,3.11,3.05,3.07,3.07,0.0,0.0,17967.0,5525.307,3.636,3.0700000000000003,3.06,3.11,3.05
600423.SH,20190918,3.08,3.1,3.05,3.08,3.07,0.01,0.3257,13211.0,4054.707,3.636,3.08,3.08,3.1,3.05
600423.SH,20190919,3.08,3.23,3.07,3.18,3.08,0.1,3.2468,32906.0,10427.734,3.636,3.18,3.08,3.23,3.0700000000000003
600423.SH,20190920,3.18,3.32,3.16,3.28,3.18,0.1,3.1447,36227.13,11816.425,3.636,3.28,3.18,3.32,3.16
600423.SH,20190923,3.25,3.32,3.25,3.27,3.28,-0.01,-0.3049,20232.09,6638.652,3.636,3.27,3.25,3.32,3.25
600423.SH,20190924,3.28,3.32,3.26,3.29,3.27,0.02,0.6116,18558.0,6096.578,3.636,3.29,3.28,3.32,3.26
600423.SH,20190925,3.28,3.32,3.28,3.28,3.29,-0.01,-0.304,13991.17,4611.252,3.636,3.28,3.28,3.32,3.28
600423.SH,20190926,3.3,3.31,3.18,3.19,3.28,-0.09,-2.7439,27497.0,8923.838,3.636,3.19,3.3,3.31,3.18
600423.SH,20190927,3.2,3.29,3.17,3.28,3.19,0.09,2.8213,14832.0,4824.936,3.636,3.28,3.2,3.29,3.17
600423.SH,20190930,3.28,3.44,3.24,3.42,3.28,0.14,4.2683,39612.1,13351.554,3.636,3.42,3.28,3.44,3.24
600423.SH,20191008,3.42,3.59,3.4,3.59,3.42,0.17,4.9708,46871.51,16713.496,3.636,3.59,3.42,3.59,3.4000000000000004
600423.SH,20191009,3.57,3.65,3.52,3.52,3.59,-0.07,-1.9499,37812.87,13537.914,3.636,3.52,3.57,3.65,3.52
600423.SH,20191010,3.51,3.57,3.51,3.53,3.52,0.01,0.2841,17799.3,6292.56,3.636,3.53,3.51,3.57,3.51
600423.SH,20191011,3.53,3.69,3.52,3.67,3.53,0.14,3.966,22992.02,8350.891,3.636,3.67,3.53,3.69,3.52
600423.SH,20191014,3.67,3.75,3.63,3.7,3.67,0.03,0.8174,29951.02,11013.019,3.636,3.7,3.67,3.75,3.63
600423.SH,20191015,3.66,3.68,3.57,3.59,3.7,-0.11,-2.973,24172.71,8743.946,3.636,3.59,3.6600000000000006,3.68,3.57
600423.SH,20191016,3.59,3.63,3.53,3.54,3.59,-0.05,-1.3928,17275.01,6166.477,3.636,3.54,3.59,3.63,3.53
600423.SH,20191017,3.54,3.59,3.5,3.53,3.54,-0.01,-0.2825,15400.01,5440.754,3.636,3.53,3.54,3.59,3.5
600423.SH,20191018,3.52,3.7,3.52,3.57,3.53,0.04,1.1331,32295.5,11676.848,3.636,3.57,3.52,3.7,3.52
600423.SH,20191021,3.6,3.64,3.42,3.48,3.57,-0.09,-2.521,23874.0,8390.491,3.636,3.48,3.6,3.64,3.42
600423.SH,20191022,3.48,3.52,3.45,3.48,3.48,0.0,0.0,9438.0,3290.077,3.636,3.48,3.48,3.52,3.45
600423.SH,20191023,3.46,3.55,3.46,3.49,3.48,0.01,0.2874,9554.0,3345.825,3.636,3.49,3.46,3.55,3.46
600423.SH,20191024,3.47,3.5,3.46,3.46,3.49,-0.03,-0.8596,10373.0,3604.084,3.636,3.46,3.47,3.5,3.46
600423.SH,20191025,3.46,3.52,3.43,3.5,3.46,0.04,1.1561,10786.0,3756.363,3.636,3.5,3.46,3.52,3.43
600423.SH,20191028,3.53,3.57,3.48,3.53,3.5,0.03,0.8571,17212.01,6055.726,3.636,3.53,3.53,3.57,3.48
600423.SH,20191029,3.53,3.63,3.53,3.6,3.53,0.07,1.983,16934.0,6072.431,3.636,3.6,3.53,3.63,3.53
600423.SH,20191030,3.6,3.61,3.42,3.42,3.6,-0.18,-5.0,30185.01,10509.305,3.636,3.42,3.6,3.61,3.42
600423.SH,20191031,3.41,3.44,3.25,3.25,3.42,-0.17,-4.9708,53166.0,17397.558,3.636,3.25,3.41,3.44,3.25
600423.SH,20191101,3.24,3.41,3.24,3.4,3.25,0.15,4.6154,21698.01,7252.199,3.636,3.4000000000000004,3.24,3.41,3.24
600423.SH,20191104,3.37,3.4,3.29,3.33,3.4,-0.07,-2.0588,18771.84,6279.94,3.636,3.3300000000000005,3.37,3.4000000000000004,3.29
600423.SH,20191105,3.31,3.42,3.31,3.38,3.33,0.05,1.5015,10587.0,3576.727,3.636,3.38,3.31,3.42,3.31
600423.SH,20191106,3.38,3.4,3.33,3.33,3.38,-0.05,-1.4793,7162.5,2409.947,3.636,3.3300000000000005,3.38,3.4000000000000004,3.3300000000000005
600423.SH,20191107,3.35,3.39,3.35,3.37,3.33,0.04,1.2012,6212.0,2092.984,3.636,3.37,3.35,3.39,3.35
600423.SH,20191108,3.36,3.39,3.36,3.38,3.37,0.01,0.2967,9118.93,3077.004,3.636,3.38,3.36,3.39,3.36
600423.SH,20191111,3.36,3.37,3.22,3.26,3.38,-0.12,-3.5503,14921.0,4891.61,3.636,3.26,3.36,3.37,3.22
600423.SH,20191112,3.26,3.3,3.24,3.26,3.26,0.0,0.0,7326.0,2392.777,3.636,3.26,3.26,3.3,3.24
600423.SH,20191113,3.28,3.42,3.27,3.37,3.26,0.11,3.3742,19931.0,6723.736,3.636,3.37,3.28,3.42,3.27
600423.SH,20191114,3.36,3.39,3.36,3.38,3.37,0.01,0.2967,6181.4,2083.771,3.636,3.38,3.36,3.39,3.36
600423.SH,20191115,3.37,3.49,3.37,3.43,3.38,0.05,1.4793,14733.05,5046.097,3.636,3.43,3.37,3.49,3.37
600423.SH,20191118,3.47,3.48,3.4,3.42,3.43,-0.01,-0.2915,9484.3,3268.166,3.636,3.42,3.47,3.48,3.4000000000000004
600423.SH,20191119,3.47,3.55,3.45,3.5,3.42,0.08,2.3392,13279.3,4663.513,3.636,3.5,3.47,3.55,3.45
600423.SH,20191120,3.5,3.53,3.48,3.5,3.5,0.0,0.0,11269.01,3946.326,3.636,3.5,3.5,3.53,3.48
600423.SH,20191121,3.5,3.52,3.49,3.52,3.5,0.02,0.5714,7008.01,2460.98,3.636,3.52,3.5,3.52,3.49
600423.SH,20191122,3.53,3.58,3.5,3.52,3.52,0.0,0.0,15347.5,5429.632,3.636,3.52,3.53,3.58,3.5
600423.SH,20191125,3.53,3.59,3.51,3.58,3.52,0.06,1.7045,10766.0,3823.081,3.636,3.58,3.53,3.59,3.51
600423.SH,20191126,3.59,3.59,3.4,3.4,3.58,-0.18,-5.0279,34054.0,11766.096,3.636,3.4000000000000004,3.59,3.59,3.4000000000000004
600423.SH,20191127,3.35,3.47,3.34,3.44,3.4,0.04,1.1765,11185.18,3831.175,3.636,3.44,3.35,3.47,3.34
600423.SH,20191128,3.46,3.54,3.45,3.49,3.44,0.05,1.4535,11295.0,3934.147,3.636,3.49,3.46,3.54,3.45
600423.SH,20191129,3.49,3.53,3.49,3.51,3.49,0.02,0.5731,9423.16,3313.134,3.636,3.51,3.49,3.53,3.49
600423.SH,20191202,3.52,3.52,3.42,3.44,3.51,-0.07,-1.9943,13134.92,4555.778,3.636,3.44,3.52,3.52,3.42
600423.SH,20191203,3.43,3.5,3.43,3.5,3.44,0.06,1.7442,5829.0,2028.905,3.636,3.5,3.43,3.5,3.43
600423.SH,20191204,3.47,3.5,3.46,3.49,3.5,-0.01,-0.2857,4470.0,1557.433,3.636,3.49,3.47,3.5,3.46
600423.SH,20191205,3.48,3.49,3.43,3.48,3.49,-0.01,-0.2865,9598.89,3330.287,3.636,3.48,3.48,3.49,3.43
600423.SH,20191206,3.47,3.48,3.46,3.48,3.48,0.0,0.0,4619.5,1604.707,3.636,3.48,3.47,3.48,3.46
600423.SH,20191209,3.48,3.53,3.48,3.49,3.48,0.01,0.2874,6851.0,2399.033,3.636,3.49,3.48,3.53,3.48
600423.SH,20191210,3.47,3.51,3.41,3.45,3.49,-0.04,-1.1461,8471.0,2929.009,3.636,3.45,3.47,3.51,3.41
600423.SH,20191211,3.47,3.47,3.38,3.4,3.45,-0.05,-1.4493,14291.0,4881.039,3.636,3.4000000000000004,3.47,3.47,3.38
600423.SH,20191212,3.38,3.41,3.3,3.32,3.4,-0.08,-2.3529,14178.0,4748.522,3.636,3.32,3.38,3.41,3.3
600423.SH,20191213,3.32,3.35,3.32,3.33,3.32,0.01,0.3012,9890.0,3294.109,3.636,3.3300000000000005,3.32,3.35,3.32
600423.SH,20191216,3.4,3.44,3.35,3.36,3.33,0.03,0.9009,14891.0,5026.562,3.636,3.36,3.4000000000000004,3.44,3.35
600423.SH,20191217,3.34,3.4,3.34,3.39,3.36,0.03,0.8929,12895.0,4343.567,3.636,3.39,3.34,3.4000000000000004,3.34
600423.SH,20191218,3.38,3.41,3.36,3.41,3.39,0.02,0.59,8739.62,2958.997,3.636,3.41,3.38,3.41,3.36
600423.SH,20191220,3.58,3.58,3.58,3.58,3.41,0.17,4.9853,6847.07,2451.251,3.636,3.58,3.58,3.58,3.58
600423.SH,20191223,3.58,3.6,3.41,3.42,3.58,-0.16,-4.4693,43477.47,15209.049,3.636,3.42,3.58,3.6,3.41
600423.SH,20191224,3.43,3.53,3.41,3.47,3.42,0.05,1.462,19490.09,6786.642,3.636,3.47,3.43,3.53,3.41
600423.SH,20191225,3.47,3.49,3.37,3.41,3.47,-0.06,-1.7291,19884.84,6789.307,3.636,3.41,3.47,3.49,3.37
600423.SH,20191226,3.37,3.4,3.35,3.38,3.41,-0.03,-0.8798,15235.09,5142.469,3.636,3.38,3.37,3.4000000000000004,3.35
600423.SH,20191227,3.38,3.41,3.38,3.39,3.38,0.01,0.2959,12466.09,4229.427,3.636,3.39,3.38,3.41,3.38
600423.SH,20191230,3.32,3.37,3.28,3.35,3.39,-0.04,-1.1799,18251.41,6096.546,3.636,3.35,3.32,3.37,3.28
600423.SH,20191231,3.35,3.36,3.25,3.33,3.35,-0.02,-0.597,14227.0,4700.059,3.636,3.3300000000000005,3.35,3.36,3.25
600423.SH,20200102,3.35,3.41,3.32,3.35,3.33,0.02,0.6006,15173.0,5101.98,3.6363,3.350276402640264,3.350276402640264,3.4102813531353133,3.320273927392739
600423.SH,20200103,3.35,3.38,3.29,3.33,3.35,-0.02,-0.597,22726.0,7576.924,3.6363,3.330274752475247,3.350276402640264,3.3802788778877884,3.2902714521452143
600423.SH,20200106,3.32,3.34,3.28,3.31,3.33,-0.02,-0.6006,16244.44,5369.959,3.6363,3.310273102310231,3.320273927392739,3.3402755775577555,3.280270627062706
600423.SH,20200107,3.3,3.35,3.29,3.33,3.31,0.02,0.6042,16029.0,5314.472,3.6363,3.330274752475247,3.300272277227722,3.350276402640264,3.2902714521452143
600423.SH,20200108,3.33,3.33,3.26,3.28,3.33,-0.05,-1.5015,18676.0,6139.403,3.6363,3.280270627062706,3.330274752475247,3.330274752475247,3.2602689768976894
600423.SH,20200109,3.28,3.31,3.27,3.29,3.28,0.01,0.3049,13690.0,4508.508,3.6363,3.2902714521452143,3.280270627062706,3.310273102310231,3.270269801980198
600423.SH,20200110,3.28,3.31,3.28,3.3,3.29,0.01,0.304,9392.0,3093.014,3.6363,3.300272277227722,3.280270627062706,3.310273102310231,3.280270627062706
600423.SH,20200113,3.31,3.31,3.25,3.27,3.3,-0.03,-0.9091,13633.53,4454.394,3.6363,3.270269801980198,3.310273102310231,3.310273102310231,3.250268151815181
600423.SH,20200114,3.28,3.28,3.23,3.24,3.27,-0.03,-0.9174,19831.11,6434.713,3.6363,3.2402673267326736,3.280270627062706,3.280270627062706,3.230266501650165
600423.SH,20200115,3.24,3.24,3.15,3.16,3.24,-0.08,-2.4691,19076.29,6085.975,3.6363,3.160260726072607,3.2402673267326736,3.2402673267326736,3.150259900990099
600423.SH,20200116,3.16,3.2,3.16,3.17,3.16,0.01,0.3165,7324.0,2326.003,3.6363,3.170261551155116,3.160260726072607,3.2002640264026403,3.160260726072607
600423.SH,20200117,3.17,3.19,3.11,3.13,3.17,-0.04,-1.2618,14597.29,4574.975,3.6363,3.130258250825082,3.170261551155116,3.1902632013201315,3.110256600660066
600423.SH,20200120,3.01,3.11,3.01,3.07,3.13,-0.06,-1.9169,28264.01,8660.849,3.6363,3.0702533003300325,3.010248349834983,3.110256600660066,3.010248349834983
600423.SH,20200121,3.06,3.06,3.02,3.02,3.07,-0.05,-1.6287,12991.0,3939.247,3.6363,3.020249174917492,3.060252475247524,3.060252475247524,3.020249174917492
600423.SH,20200122,3.01,3.05,2.94,3.01,3.02,-0.01,-0.3311,22916.0,6847.13,3.6363,3.010248349834983,3.010248349834983,3.0502516501650163,2.9402425742574256
600423.SH,20200123,2.99,3.03,2.95,3.02,3.01,0.01,0.3322,16850.72,5050.467,3.6363,3.020249174917492,2.990246699669968,3.030249999999999,2.950243399339934
600423.SH,20200203,2.87,2.88,2.87,2.87,3.02,-0.15,-4.9669,31431.03,9023.254,3.6363,2.870236798679868,2.870236798679868,2.880237623762376,2.870236798679868
600423.SH,20200204,2.76,2.89,2.74,2.85,2.87,-0.02,-0.6969,27028.0,7660.363,3.6363,2.850235148514852,2.760227722772277,2.8902384488448845,2.7402260726072605
600423.SH,20200205,2.85,2.99,2.85,2.92,2.85,0.07,2.4561,23068.62,6755.061,3.6363,2.920240924092409,2.850235148514852,2.990246699669968,2.850235148514852
600423.SH,20200206,2.95,2.95,2.87,2.91,2.92,-0.01,-0.3425,20531.0,5949.742,3.6363,2.910240099009901,2.950243399339934,2.950243399339934,2.870236798679868
600423.SH,20200207,2.9,2.9,2.84,2.87,2.91,-0.04,-1.3746,17651.0,5049.681,3.6363,2.870236798679868,2.9002392739273923,2.9002392739273923,2.840234323432343
600423.SH,20200210,2.87,2.92,2.83,2.92,2.87,0.05,1.7422,10439.1,2997.738,3.6363,2.920240924092409,2.870236798679868,2.920240924092409,2.830233498349835
600423.SH,20200211,2.92,2.94,2.89,2.92,2.92,0.0,0.0,12090.6,3531.577,3.6363,2.920240924092409,2.920240924092409,2.9402425742574256,2.8902384488448845
600423.SH,20200212,2.9,2.93,2.89,2.92,2.92,0.0,0.0,16792.93,4883.926,3.6363,2.920240924092409,2.9002392739273923,2.9302417491749173,2.8902384488448845
600423.SH,20200213,2.9,3.05,2.9,2.99,2.92,0.07,2.3973,28804.33,8604.352,3.6363,2.990246699669968,2.9002392739273923,3.0502516501650163,2.9002392739273923
600423.SH,20200214,2.96,2.99,2.91,2.98,2.99,-0.01,-0.3344,9749.0,2889.911,3.6363,2.9802458745874585,2.9602442244224423,2.990246699669968,2.910240099009901
600423.SH,20200217,2.99,3.03,2.99,3.01,2.98,0.03,1.0067,12734.0,3823.045,3.6363,3.010248349834983,2.990246699669968,3.030249999999999,2.990246699669968
600423.SH,20200218,3.02,3.04,3.0,3.01,3.01,0.0,0.0,16354.0,4930.396,3.6363,3.010248349834983,3.020249174917492,3.040250825082508,3.000247524752475
600423.SH,20200219,3.01,3.06,3.01,3.03,3.01,0.02,0.6645,17821.0,5405.06,3.6363,3.030249999999999,3.010248349834983,3.060252475247524,3.010248349834983
600423.SH,20200220,3.03,3.07,3.01,3.06,3.03,0.03,0.9901,13170.5,4000.329,3.6363,3.060252475247524,3.030249999999999,3.0702533003300325,3.010248349834983
600423.SH,20200221,3.05,3.1,3.04,3.05,3.06,-0.01,-0.3268,19659.31,6014.004,3.6363,3.0502516501650163,3.0502516501650163,3.100255775577557,3.040250825082508
600423.SH,20200224,3.05,3.05,2.95,2.95,3.05,-0.1,-3.2787,36221.0,10784.524,3.6363,2.950243399339934,3.0502516501650163,3.0502516501650163,2.950243399339934
600423.SH,20200225,2.91,2.93,2.84,2.9,2.95,-0.05,-1.6949,41807.46,12046.745,3.6363,2.9002392739273923,2.910240099009901,2.9302417491749173,2.840234323432343
600423.SH,20200226,2.89,2.9,2.83,2.86,2.9,-0.04,-1.3793,40486.0,11596.071,3.6363,2.8602359735973595,2.8902384488448845,2.9002392739273923,2.830233498349835
600423.SH,20200227,2.88,2.88,2.82,2.82,2.86,-0.04,-1.3986,20356.0,5792.83,3.6363,2.820232673267326,2.880237623762376,2.880237623762376,2.820232673267326
600423.SH,20200228,2.76,2.8,2.68,2.68,2.82,-0.14,-4.9645,53705.42,14522.03,3.6363,2.680221122112211,2.760227722772277,2.80023102310231,2.680221122112211
600423.SH,20200302,2.68,2.73,2.68,2.72,2.68,0.04,1.4925,31576.0,8538.91,3.6363,2.7202244224422443,2.680221122112211,2.7302252475247526,2.680221122112211
600423.SH,20200303,2.76,2.76,2.72,2.72,2.72,0.0,0.0,21002.11,5747.271,3.6363,2.7202244224422443,2.760227722772277,2.760227722772277,2.7202244224422443
600423.SH,20200304,2.72,2.73,2.71,2.72,2.72,0.0,0.0,13885.51,3768.98,3.6363,2.7202244224422443,2.7202244224422443,2.7302252475247526,2.7102235973597355
600423.SH,20200305,2.73,2.81,2.71,2.8,2.72,0.08,2.9412,36165.16,9991.833,3.6363,2.80023102310231,2.7302252475247526,2.8102318481848183,2.7102235973597355
600423.SH,20200306,2.78,2.94,2.76,2.94,2.8,0.14,5.0,51127.6,14716.036,3.6363,2.9402425742574256,2.7802293729372933,2.9402425742574256,2.760227722772277
600423.SH,20200309,2.94,3.09,2.94,3.09,2.94,0.15,5.102,22912.97,7017.422,3.6363,3.0902549504950487,2.9402425742574256,3.0902549504950487,2.9402425742574256
600423.SH,20200310,2.98,3.23,2.97,3.03,3.09,-0.06,-1.9417,50216.47,15413.138,3.6363,3.030249999999999,2.9802458745874585,3.230266501650165,2.9702450495049506
600423.SH,20200311,3.05,3.18,3.01,3.06,3.03,0.03,0.9901,34981.5,10868.452,3.6363,3.060252475247524,3.0502516501650163,3.180262376237624,3.010248349834983
600423.SH,20200312,3.03,3.09,2.97,3.03,3.06,-0.03,-0.9804,22893.3,6930.289,3.6363,3.030249999999999,3.030249999999999,3.0902549504950487,2.9702450495049506
600423.SH,20200313,2.97,3.05,2.91,3.03,3.03,0.0,0.0,24708.42,7399.608,3.6363,3.030249999999999,2.9702450495049506,3.0502516501650163,2.910240099009901
600423.SH,20200316,3.06,3.13,2.99,3.0,3.03,-0.03,-0.9901,22387.0,6829.608,3.6363,3.000247524752475,3.060252475247524,3.130258250825082,2.990246699669968
600423.SH,20200317,2.98,3.02,2.93,2.97,3.0,-0.03,-1.0,18626.27,5531.639,3.6363,2.9702450495049506,2.9802458745874585,3.020249174917492,2.9302417491749173
600423.SH,20200318,2.99,3.03,2.93,2.93,2.97,-0.04,-1.3468,15823.0,4729.473,3.6363,2.9302417491749173,2.990246699669968,3.030249999999999,2.9302417491749173
600423.SH,20200319,2.93,3.01,2.93,2.96,2.93,0.03,1.0239,21202.54,6272.604,3.6363,2.9602442244224423,2.9302417491749173,3.010248349834983,2.9302417491749173
600423.SH,20200320,2.98,2.99,2.93,2.96,2.96,0.0,0.0,10935.78,3227.299,3.6363,2.9602442244224423,2.9802458745874585,2.990246699669968,2.9302417491749173
600423.SH,20200323,2.98,2.98,2.87,2.89,2.96,-0.07,-2.3649,10352.01,3016.304,3.6363,2.8902384488448845,2.9802458745874585,2.9802458745874585,2.870236798679868
600423.SH,20200324,2.89,2.92,2.86,2.89,2.89,0.0,0.0,12310.82,3561.444,3.6363,2.8902384488448845,2.8902384488448845,2.920240924092409,2.8602359735973595
600423.SH,20200325,2.93,2.95,2.89,2.91,2.89,0.02,0.692,11908.77,3465.659,3.6363,2.910240099009901,2.9302417491749173,2.950243399339934,2.8902384488448845
600423.SH,20200326,2.92,3.06,2.89,3.04,2.91,0.13,4.4674,33810.45,10189.678,3.6363,3.040250825082508,2.920240924092409,3.060252475247524,2.8902384488448845
600423.SH,20200327,3.04,3.05,3.0,3.0,3.04,-0.04,-1.3158,13701.0,4134.978,3.6363,3.000247524752475,3.040250825082508,3.0502516501650163,3.000247524752475
600423.SH,20200330,3.0,3.0,2.89,2.9,3.0,-0.1,-3.3333,24466.0,7162.53,3.6363,2.9002392739273923,3.000247524752475,3.000247524752475,2.8902384488448845
600423.SH,20200331,2.9,2.96,2.86,2.95,2.9,0.05,1.7241,16784.0,4889.803,3.6363,2.950243399339934,2.9002392739273923,2.9602442244224423,2.8602359735973595
600423.SH,20200401,2.94,2.99,2.91,2.94,2.95,-0.01,-0.339,11197.0,3323.373,3.6363,2.9402425742574256,2.9402425742574256,2.990246699669968,2.910240099009901
600423.SH,20200402,2.93,2.96,2.91,2.93,2.94,-0.01,-0.3401,9825.42,2890.862,3.6363,2.9302417491749173,2.9302417491749173,2.9602442244224423,2.910240099009901
600423.SH,20200403,2.93,2.96,2.93,2.95,2.93,0.02,0.6826,7640.62,2249.82,3.6363,2.950243399339934,2.9302417491749173,2.9602442244224423,2.9302417491749173
600423.SH,20200407,2.96,3.02,2.96,2.99,2.95,0.04,1.3559,15737.32,4715.045,3.6363,2.990246699669968,2.9602442244224423,3.020249174917492,2.9602442244224423
600423.SH,20200408,2.98,3.04,2.95,2.96,2.99,-0.03,-1.0033,22160.0,6613.802,3.6363,2.9602442244224423,2.9802458745874585,3.040250825082508,2.950243399339934
600423.SH,20200409,2.99,2.99,2.92,2.96,2.96,0.0,0.0,13904.0,4098.05,3.6363,2.9602442244224423,2.990246699669968,2.990246699669968,2.920240924092409
600423.SH,20200410,2.97,2.97,2.91,2.93,2.96,-0.03,-1.0135,9269.0,2720.727,3.6363,2.9302417491749173,2.9702450495049506,2.9702450495049506,2.910240099009901
600423.SH,20200413,2.93,2.95,2.9,2.94,2.93,0.01,0.3413,6351.0,1861.663,3.6363,2.9402425742574256,2.9302417491749173,2.950243399339934,2.9002392739273923
600423.SH,20200414,2.92,2.95,2.92,2.95,2.94,0.01,0.3401,5144.02,1510.113,3.6363,2.950243399339934,2.920240924092409,2.950243399339934,2.920240924092409
600423.SH,20200415,2.97,2.97,2.92,2.94,2.95,-0.01,-0.339,10962.52,3224.528,3.6363,2.9402425742574256,2.9702450495049506,2.9702450495049506,2.920240924092409
600423.SH,20200416,2.92,2.94,2.91,2.92,2.94,-0.02,-0.6803,6404.0,1870.562,3.6363,2.920240924092409,2.920240924092409,2.9402425742574256,2.910240099009901
600423.SH,20200417,2.93,2.94,2.9,2.91,2.92,-0.01,-0.3425,11474.26,3344.326,3.6363,2.910240099009901,2.9302417491749173,2.9402425742574256,2.9002392739273923
600423.SH,20200420,2.91,2.91,2.88,2.88,2.91,-0.03,-1.0309,10122.42,2930.507,3.6363,2.880237623762376,2.910240099009901,2.910240099009901,2.880237623762376
600423.SH,20200421,2.89,2.89,2.79,2.8,2.88,-0.08,-2.7778,19313.0,5436.279,3.6363,2.80023102310231,2.8902384488448845,2.8902384488448845,2.790230198019802
600423.SH,20200422,2.79,2.81,2.77,2.8,2.8,0.0,0.0,12315.0,3434.095,3.6363,2.80023102310231,2.790230198019802,2.8102318481848183,2.770228547854785
600423.SH,20200423,2.81,2.81,2.76,2.76,2.8,-0.04,-1.4286,7199.0,1998.859,3.6363,2.760227722772277,2.8102318481848183,2.8102318481848183,2.760227722772277
600423.SH,20200424,2.77,2.9,2.75,2.85,2.76,0.09,3.2609,25448.76,7266.273,3.6363,2.850235148514852,2.770228547854785,2.9002392739273923,2.750226897689769
600423.SH,20200427,2.86,2.91,2.84,2.84,2.85,-0.01,-0.3509,12116.36,3479.533,3.6363,2.840234323432343,2.8602359735973595,2.910240099009901,2.840234323432343
600423.SH,20200428,2.84,2.84,2.7,2.71,2.84,-0.13,-4.5775,18474.53,5091.342,3.6363,2.7102235973597355,2.840234323432343,2.840234323432343,2.700222772277228
600423.SH,20200429,2.69,2.73,2.67,2.71,2.71,0.0,0.0,11007.41,2980.165,3.6363,2.7102235973597355,2.69022194719472,2.7302252475247526,2.670220297029703
600423.SH,20200430,2.71,2.83,2.71,2.79,2.71,0.08,2.952,10596.01,2923.337,3.6363,2.790230198019802,2.7102235973597355,2.830233498349835,2.7102235973597355
600423.SH,20200506,2.77,2.79,2.74,2.79,2.79,0.0,0.0,5214.0,1439.8,3.6363,2.790230198019802,2.770228547854785,2.790230198019802,2.7402260726072605
600423.SH,20200507,2.77,2.8,2.75,2.77,2.79,-0.02,-0.7168,6030.0,1667.171,3.6363,2.770228547854785,2.770228547854785,2.80023102310231,2.750226897689769
600423.SH,20200508,2.78,2.79,2.72,2.77,2.77,0.0,0.0,10620.5,2926.184,3.6363,2.770228547854785,2.7802293729372933,2.790230198019802,2.7202244224422443
600423.SH,20200511,2.75,2.8,2.73,2.75,2.77,-0.02,-0.722,10312.57,2834.746,3.6363,2.750226897689769,2.750226897689769,2.80023102310231,2.7302252475247526
600423.SH,20200512,2.76,2.76,2.71,2.72,2.75,-0.03,-1.0909,8400.5,2292.1,3.6363,2.7202244224422443,2.760227722772277,2.760227722772277,2.7102235973597355
600423.SH,20200513,2.72,2.73,2.7,2.72,2.72,0.0,0.0,8497.8,2302.209,3.6363,2.7202244224422443,2.7202244224422443,2.7302252475247526,2.700222772277228
600423.SH,20200514,2.72,2.78,2.72,2.74,2.72,0.02,0.7353,18397.81,5045.179,3.6363,2.7402260726072605,2.7202244224422443,2.7802293729372933,2.7202244224422443
600423.SH,20200515,2.74,2.75,2.72,2.73,2.74,-0.01,-0.365,6260.21,1713.832,3.6363,2.7302252475247526,2.7402260726072605,2.750226897689769,2.7202244224422443
600423.SH,20200518,2.7,2.73,2.7,2.7,2.73,-0.03,-1.0989,9370.0,2539.65,3.6363,2.700222772277228,2.700222772277228,2.7302252475247526,2.700222772277228
600423.SH,20200519,2.7,2.72,2.7,2.71,2.7,0.01,0.3704,8308.5,2248.374,3.6363,2.7102235973597355,2.700222772277228,2.7202244224422443,2.700222772277228
600423.SH,20200520,2.71,2.74,2.7,2.72,2.71,0.01,0.369,8083.0,2192.501,3.6363,2.7202244224422443,2.7102235973597355,2.7402260726072605,2.700222772277228
600423.SH,20200521,2.72,2.72,2.67,2.69,2.72,-0.03,-1.1029,10334.0,2785.803,3.6363,2.69022194719472,2.7202244224422443,2.7202244224422443,2.670220297029703
600423.SH,20200522,2.7,2.71,2.64,2.64,2.69,-0.05,-1.8587,16004.5,4278.468,3.6363,2.640217821782178,2.700222772277228,2.7102235973597355,2.640217821782178
600423.SH,20200525,2.64,2.65,2.51,2.54,2.64,-0.1,-3.7879,28617.01,7337.579,3.6363,2.540209570957096,2.640217821782178,2.650218646864686,2.510207095709571
600423.SH,20200526,2.54,2.57,2.54,2.56,2.54,0.02,0.7874,7436.0,1904.006,3.6363,2.560211221122112,2.540209570957096,2.5702120462046203,2.540209570957096
600423.SH,20200527,2.56,2.56,2.5,2.5,2.56,-0.06,-2.3438,9262.51,2340.095,3.6363,2.5002062706270625,2.560211221122112,2.560211221122112,2.5002062706270625
600423.SH,20200528,2.51,2.51,2.39,2.41,2.5,-0.09,-3.6,24936.21,6031.031,3.6363,2.4101988448844884,2.510207095709571,2.510207095709571,2.390197194719472
600423.SH,20200529,2.41,2.53,2.38,2.53,2.41,0.12,4.9793,26106.52,6431.165,3.6363,2.530208745874587,2.4101988448844884,2.530208745874587,2.3801963696369635
600423.SH,20200601,2.56,2.61,2.52,2.55,2.53,0.02,0.7905,20484.0,5247.589,3.6363,2.550210396039604,2.560211221122112,2.610215346534653,2.520207920792079
600423.SH,20200602,2.54,2.56,2.52,2.55,2.55,0.0,0.0,11117.01,2825.125,3.6363,2.550210396039604,2.540209570957096,2.560211221122112,2.520207920792079
600423.SH,20200603,2.54,2.65,2.53,2.61,2.55,0.06,2.3529,18492.67,4771.238,3.6363,2.610215346534653,2.540209570957096,2.650218646864686,2.530208745874587
600423.SH,20200604,2.58,2.64,2.58,2.61,2.61,0.0,0.0,9116.22,2373.97,3.6363,2.610215346534653,2.5802128712871286,2.640217821782178,2.5802128712871286
600423.SH,20200605,2.6,2.73,2.59,2.64,2.61,0.03,1.1494,17487.42,4659.423,3.6363,2.640217821782178,2.6002145214521453,2.7302252475247526,2.5902136963696365
600423.SH,20200608,2.64,2.68,2.62,2.68,2.64,0.04,1.5152,9923.5,2632.952,3.6363,2.680221122112211,2.640217821782178,2.680221122112211,2.620216171617161
600423.SH,20200609,2.66,2.74,2.65,2.72,2.68,0.04,1.4925,16675.79,4511.032,3.6363,2.7202244224422443,2.6602194719471948,2.7402260726072605,2.650218646864686
600423.SH,20200610,2.71,2.72,2.68,2.7,2.72,-0.02,-0.7353,13142.16,3538.929,3.6363,2.700222772277228,2.7102235973597355,2.7202244224422443,2.680221122112211
600423.SH,20200611,2.71,2.72,2.65,2.69,2.7,-0.01,-0.3704,19909.01,5338.573,3.6363,2.69022194719472,2.7102235973597355,2.7202244224422443,2.650218646864686
600423.SH,20200612,2.65,2.8,2.63,2.77,2.69,0.08,2.974,21101.5,5727.571,3.6363,2.770228547854785,2.650218646864686,2.80023102310231,2.63021699669967
600423.SH,20200615,2.75,2.77,2.68,2.76,2.77,-0.01,-0.361,16315.3,4457.375,3.6363,2.760227722772277,2.750226897689769,2.770228547854785,2.680221122112211
600423.SH,20200616,2.76,2.77,2.74,2.76,2.76,0.0,0.0,9668.5,2658.989,3.6363,2.760227722772277,2.760227722772277,2.770228547854785,2.7402260726072605
600423.SH,20200617,2.78,2.81,2.75,2.76,2.76,0.0,0.0,13950.0,3866.272,3.6363,2.760227722772277,2.7802293729372933,2.8102318481848183,2.750226897689769
600423.SH,20200618,2.74,2.74,2.69,2.7,2.76,-0.06,-2.1739,13787.0,3741.383,3.6363,2.700222772277228,2.7402260726072605,2.7402260726072605,2.69022194719472
600423.SH,20200619,2.7,2.75,2.7,2.72,2.7,0.02,0.7407,8146.0,2217.859,3.6363,2.7202244224422443,2.700222772277228,2.750226897689769,2.700222772277228
600423.SH,20200622,2.71,2.83,2.7,2.82,2.72,0.1,3.6765,21136.93,5835.682,3.6363,2.820232673267326,2.7102235973597355,2.830233498349835,2.700222772277228
600423.SH,20200623,2.78,2.82,2.78,2.81,2.82,-0.01,-0.3546,10992.0,3080.365,3.6363,2.8102318481848183,2.7802293729372933,2.820232673267326,2.7802293729372933
600423.SH,20200624,2.84,2.86,2.78,2.8,2.81,-0.01,-0.3559,15430.21,4349.492,3.6363,2.80023102310231,2.840234323432343,2.8602359735973595,2.7802293729372933
600423.SH,20200629,2.77,2.83,2.73,2.75,2.8,-0.05,-1.7857,10697.0,2968.261,3.6363,2.750226897689769,2.770228547854785,2.830233498349835,2.7302252475247526
600423.SH,20200630,2.74,2.75,2.62,2.66,2.75,-0.09,-3.2727,28536.01,7676.162,3.6363,2.6602194719471948,2.7402260726072605,2.750226897689769,2.620216171617161
600423.SH,20200701,2.67,2.72,2.62,2.66,2.66,0.0,0.0,17854.61,4754.453,3.6363,2.6602194719471948,2.670220297029703,2.7202244224422443,2.620216171617161
600423.SH,20200702,2.63,2.69,2.6,2.66,2.66,0.0,0.0,26865.71,7094.153,3.6363,2.6602194719471948,2.63021699669967,2.69022194719472,2.6002145214521453
600423.SH,20200703,2.64,2.69,2.63,2.68,2.66,0.02,0.7519,22497.66,5977.678,3.6363,2.680221122112211,2.640217821782178,2.69022194719472,2.63021699669967
600423.SH,20200706,2.68,2.69,2.6,2.68,2.68,0.0,0.0,52308.16,13856.375,3.6363,2.680221122112211,2.680221122112211,2.69022194719472,2.6002145214521453
600423.SH,20200707,2.67,2.73,2.66,2.73,2.68,0.05,1.8657,39187.23,10550.085,3.6363,2.7302252475247526,2.670220297029703,2.7302252475247526,2.6602194719471948
600423.SH,20200708,2.71,2.73,2.69,2.72,2.73,-0.01,-0.3663,28262.58,7666.765,3.6363,2.7202244224422443,2.7102235973597355,2.7302252475247526,2.69022194719472
600423.SH,20200709,2.73,2.81,2.71,2.8,2.72,0.08,2.9412,35031.22,9702.563,3.6363,2.80023102310231,2.7302252475247526,2.8102318481848183,2.7102235973597355
600423.SH,20200710,2.79,2.81,2.74,2.76,2.8,-0.04,-1.4286,28848.59,7995.598,3.6363,2.760227722772277,2.790230198019802,2.8102318481848183,2.7402260726072605
600423.SH,20200713,2.78,2.79,2.72,2.79,2.76,0.03,1.087,41212.34,11372.261,3.6363,2.790230198019802,2.7802293729372933,2.790230198019802,2.7202244224422443
600423.SH,20200714,2.77,2.8,2.75,2.8,2.79,0.01,0.3584,34545.15,9576.139,3.6363,2.80023102310231,2.770228547854785,2.80023102310231,2.750226897689769
600423.SH,20200715,2.79,2.94,2.79,2.9,2.8,0.1,3.5714,83826.69,24286.092,3.6363,2.9002392739273923,2.790230198019802,2.9402425742574256,2.790230198019802
600423.SH,20200716,2.9,2.9,2.76,2.8,2.9,-0.1,-3.4483,34059.38,9637.05,3.6363,2.80023102310231,2.9002392739273923,2.9002392739273923,2.760227722772277
600423.SH,20200717,2.78,2.81,2.72,2.75,2.8,-0.05,-1.7857,17000.0,4695.585,3.6363,2.750226897689769,2.7802293729372933,2.8102318481848183,2.7202244224422443
600423.SH,20200720,2.75,2.85,2.74,2.82,2.75,0.07,2.5455,20273.01,5660.101,3.6363,2.820232673267326,2.750226897689769,2.850235148514852,2.7402260726072605
600423.SH,20200721,2.81,2.82,2.78,2.79,2.82,-0.03,-1.0638,17448.68,4871.424,3.6363,2.790230198019802,2.8102318481848183,2.820232673267326,2.7802293729372933
600423.SH,20200722,2.8,2.83,2.78,2.82,2.79,0.03,1.0753,24357.08,6803.521,3.6363,2.820232673267326,2.80023102310231,2.830233498349835,2.7802293729372933
600423.SH,20200723,2.8,2.83,2.75,2.82,2.82,0.0,0.0,19432.01,5438.932,3.6363,2.820232673267326,2.80023102310231,2.830233498349835,2.750226897689769
600423.SH,20200724,2.8,2.83,2.71,2.74,2.82,-0.08,-2.8369,24594.0,6778.652,3.6363,2.7402260726072605,2.80023102310231,2.830233498349835,2.7102235973597355
600423.SH,20200727,2.76,2.81,2.75,2.79,2.74,0.05,1.8248,19554.4,5442.237,3.6363,2.790230198019802,2.760227722772277,2.8102318481848183,2.750226897689769
600423.SH,20200728,2.78,2.8,2.75,2.8,2.79,0.01,0.3584,8027.38,2230.784,3.6363,2.80023102310231,2.7802293729372933,2.80023102310231,2.750226897689769
600423.SH,20200729,2.79,2.82,2.78,2.81,2.8,0.01,0.3571,15574.0,4365.536,3.6363,2.8102318481848183,2.790230198019802,2.820232673267326,2.7802293729372933
600423.SH,20200730,2.81,2.83,2.78,2.82,2.81,0.01,0.3559,17360.0,4865.408,3.6363,2.820232673267326,2.8102318481848183,2.830233498349835,2.7802293729372933
600423.SH,20200731,2.81,2.84,2.79,2.84,2.82,0.02,0.7092,13653.0,3854.25,3.6363,2.840234323432343,2.8102318481848183,2.840234323432343,2.790230198019802
600423.SH,20200803,2.83,2.98,2.83,2.91,2.84,0.07,2.4648,30441.17,8904.829,3.6363,2.910240099009901,2.830233498349835,2.9802458745874585,2.830233498349835
600423.SH,20200804,2.9,2.93,2.83,2.91,2.91,0.0,0.0,18322.42,5294.005,3.6363,2.910240099009901,2.9002392739273923,2.9302417491749173,2.830233498349835
600423.SH,20200805,2.93,2.93,2.85,2.88,2.91,-0.03,-1.0309,24875.46,7153.823,3.6363,2.880237623762376,2.9302417491749173,2.9302417491749173,2.850235148514852
600423.SH,20200806,2.88,2.88,2.81,2.84,2.88,-0.04,-1.3889,28821.0,8185.392,3.6363,2.840234323432343,2.880237623762376,2.880237623762376,2.8102318481848183
600423.SH,20200807,2.84,2.85,2.79,2.84,2.84,0.0,0.0,17971.95,5073.442,3.6363,2.840234323432343,2.840234323432343,2.850235148514852,2.790230198019802
600423.SH,20200810,2.85,2.85,2.81,2.82,2.84,-0.02,-0.7042,24315.0,6892.121,3.6363,2.820232673267326,2.850235148514852,2.850235148514852,2.8102318481848183
600423.SH,20200811,2.82,2.85,2.81,2.81,2.82,-0.01,-0.3546,18795.8,5323.947,3.6363,2.8102318481848183,2.820232673267326,2.850235148514852,2.8102318481848183
600423.SH,20200812,2.82,2.89,2.8,2.88,2.81,0.07,2.4911,27320.63,7794.946,3.6363,2.880237623762376,2.820232673267326,2.8902384488448845,2.80023102310231
600423.SH,20200813,2.85,2.89,2.81,2.89,2.88,0.01,0.3472,27372.0,7797.092,3.6363,2.8902384488448845,2.850235148514852,2.8902384488448845,2.8102318481848183
600423.SH,20200814,2.89,2.93,2.87,2.93,2.89,0.04,1.3841,23690.79,6902.678,3.6363,2.9302417491749173,2.8902384488448845,2.9302417491749173,2.870236798679868
600423.SH,20200817,2.93,3.01,2.93,2.97,2.93,0.04,1.3652,26011.83,7738.907,3.6363,2.9702450495049506,2.9302417491749173,3.010248349834983,2.9302417491749173
600423.SH,20200818,2.97,2.98,2.92,2.93,2.97,-0.04,-1.3468,22832.03,6711.616,3.6363,2.9302417491749173,2.9702450495049506,2.9802458745874585,2.920240924092409
600423.SH,20200819,2.92,2.95,2.9,2.91,2.93,-0.02,-0.6826,16538.0,4840.774,3.6363,2.910240099009901,2.920240924092409,2.950243399339934,2.9002392739273923
600423.SH,20200820,2.91,2.94,2.87,2.9,2.91,-0.01,-0.3436,16057.93,4676.45,3.6363,2.9002392739273923,2.910240099009901,2.9402425742574256,2.870236798679868
600423.SH,20200821,2.91,2.92,2.88,2.92,2.9,0.02,0.6897,13093.0,3798.899,3.6363,2.920240924092409,2.910240099009901,2.920240924092409,2.880237623762376
600423.SH,20200824,2.92,2.93,2.88,2.91,2.92,-0.01,-0.3425,8456.01,2456.821,3.6363,2.910240099009901,2.920240924092409,2.9302417491749173,2.880237623762376
600423.SH,20200825,2.91,2.91,2.88,2.9,2.91,-0.01,-0.3436,12917.0,3737.451,3.6363,2.9002392739273923,2.910240099009901,2.910240099009901,2.880237623762376
600423.SH,20200826,2.88,2.9,2.84,2.85,2.9,-0.05,-1.7241,12952.0,3700.605,3.6363,2.850235148514852,2.880237623762376,2.9002392739273923,2.840234323432343
600423.SH,20200827,2.85,2.85,2.81,2.83,2.85,-0.02,-0.7018,16012.08,4528.516,3.6363,2.830233498349835,2.850235148514852,2.850235148514852,2.8102318481848183
600423.SH,20200828,2.81,2.85,2.8,2.85,2.83,0.02,0.7067,14897.64,4201.774,3.6363,2.850235148514852,2.8102318481848183,2.850235148514852,2.80023102310231
600423.SH,20200831,2.84,2.84,2.8,2.81,2.85,-0.04,-1.4035,17109.01,4821.147,3.6363,2.8102318481848183,2.840234323432343,2.840234323432343,2.80023102310231
600423.SH,20200901,2.84,2.84,2.78,2.79,2.81,-0.02,-0.7117,14272.1,3986.276,3.6363,2.790230198019802,2.840234323432343,2.840234323432343,2.7802293729372933
600423.SH,20200902,2.8,2.81,2.77,2.79,2.79,0.0,0.0,14275.83,3977.882,3.6363,2.790230198019802,2.80023102310231,2.8102318481848183,2.770228547854785
600423.SH,20200903,2.79,2.79,2.76,2.78,2.79,-0.01,-0.3584,14696.0,4081.316,3.6363,2.7802293729372933,2.790230198019802,2.790230198019802,2.760227722772277
600423.SH,20200904,2.75,2.78,2.72,2.78,2.78,0.0,0.0,14996.0,4133.951,3.6363,2.7802293729372933,2.750226897689769,2.7802293729372933,2.7202244224422443
600423.SH,20200907,2.77,2.8,2.74,2.77,2.78,-0.01,-0.3597,13936.27,3860.14,3.6363,2.770228547854785,2.770228547854785,2.80023102310231,2.7402260726072605
600423.SH,20200908,2.77,2.79,2.75,2.79,2.77,0.02,0.722,12996.01,3605.461,3.6363,2.790230198019802,2.770228547854785,2.790230198019802,2.750226897689769
600423.SH,20200909,2.79,2.8,2.75,2.75,2.79,-0.04,-1.4337,22011.0,6091.786,3.6363,2.750226897689769,2.790230198019802,2.80023102310231,2.750226897689769
600423.SH,20200910,2.76,2.77,2.71,2.73,2.75,-0.02,-0.7273,17171.0,4712.853,3.6363,2.7302252475247526,2.760227722772277,2.770228547854785,2.7102235973597355
600423.SH,20200911,2.72,2.72,2.65,2.68,2.73,-0.05,-1.8315,19817.0,5314.794,3.6363,2.680221122112211,2.7202244224422443,2.7202244224422443,2.650218646864686
600423.SH,20200914,2.68,2.72,2.62,2.72,2.68,0.04,1.4925,12572.01,3382.845,3.6363,2.7202244224422443,2.680221122112211,2.7202244224422443,2.620216171617161
600423.SH,20200915,2.72,2.86,2.68,2.86,2.72,0.14,5.1471,26937.01,7587.926,3.6363,2.8602359735973595,2.7202244224422443,2.8602359735973595,2.680221122112211
600423.SH,20200916,2.88,2.9,2.82,2.86,2.86,0.0,0.0,27717.03,7943.941,3.6363,2.8602359735973595,2.880237623762376,2.9002392739273923,2.820232673267326
600423.SH,20200917,2.87,2.9,2.87,2.89,2.86,0.03,1.049,23054.56,6651.68,3.6363,2.8902384488448845,2.870236798679868,2.9002392739273923,2.870236798679868
600423.SH,20200918,2.89,3.03,2.89,2.94,2.89,0.05,1.7301,61253.4,18334.364,3.6363,2.9402425742574256,2.8902384488448845,3.030249999999999,2.8902384488448845
600423.SH,20200921,2.92,2.96,2.84,2.85,2.94,-0.09,-3.0612,20738.4,5970.826,3.6363,2.850235148514852,2.920240924092409,2.9602442244224423,2.840234323432343
600423.SH,20200922,2.85,2.95,2.82,2.93,2.85,0.08,2.807,22830.52,6606.143,3.6363,2.9302417491749173,2.850235148514852,2.950243399339934,2.820232673267326
600423.SH,20200923,2.89,2.98,2.89,2.98,2.93,0.05,1.7065,15694.51,4608.601,3.6363,2.9802458745874585,2.8902384488448845,2.9802458745874585,2.8902384488448845
600423.SH,20200924,2.98,3.09,2.95,3.03,2.98,0.05,1.6779,32637.0,9919.045,3.6363,3.030249999999999,2.9802458745874585,3.0902549504950487,2.950243399339934
600423.SH,20200925,3.0,3.06,2.96,3.0,3.03,-0.03,-0.9901,8897.0,2666.691,3.6363,3.000247524752475,3.000247524752475,3.060252475247524,2.9602442244224423
600423.SH,20200928,2.98,3.04,2.97,3.02,3.0,0.02,0.6667,11397.22,3408.847,3.6363,3.020249174917492,2.9802458745874585,3.040250825082508,2.9702450495049506
600423.SH,20200929,3.0,3.0,2.96,2.98,3.02,-0.04,-1.3245,10697.0,3190.071,3.6363,2.9802458745874585,3.000247524752475,3.000247524752475,2.9602442244224423
600423.SH,20200930,2.95,2.98,2.91,2.93,2.98,-0.05,-1.6779,10150.0,2986.266,3.6363,2.9302417491749173,2.950243399339934,2.9802458745874585,2.910240099009901
600423.SH,20201009,2.93,3.01,2.93,2.96,2.93,0.03,1.0239,16005.6,4747.824,3.6363,2.9602442244224423,2.9302417491749173,3.010248349834983,2.9302417491749173
600423.SH,20201012,2.99,2.99,2.95,2.98,2.96,0.02,0.6757,12980.4,3846.401,3.6363,2.9802458745874585,2.990246699669968,2.990246699669968,2.950243399339934
600423.SH,20201013,2.98,3.01,2.96,3.0,2.98,0.02,0.6711,12688.01,3801.183,3.6363,3.000247524752475,2.9802458745874585,3.010248349834983,2.9602442244224423
600423.SH,20201014,3.03,3.03,2.98,3.0,3.0,0.0,0.0,11445.0,3444.489,3.6363,3.000247524752475,3.030249999999999,3.030249999999999,2.9802458745874585
600423.SH,20201015,3.0,3.04,2.91,2.94,3.0,-0.06,-2.0,11848.0,3540.258,3.6363,2.9402425742574256,3.000247524752475,3.040250825082508,2.910240099009901
600423.SH,20201016,2.96,2.99,2.93,2.98,2.94,0.04,1.3605,8535.0,2516.975,3.6363,2.9802458745874585,2.9602442244224423,2.990246699669968,2.9302417491749173
600423.SH,20201019,2.96,2.98,2.93,2.96,2.98,-0.02,-0.6711,9771.0,2880.574,3.6363,2.9602442244224423,2.9602442244224423,2.9802458745874585,2.9302417491749173
600423.SH,20201020,2.96,2.99,2.92,2.95,2.96,-0.01,-0.3378,5391.0,1590.036,3.6363,2.950243399339934,2.9602442244224423,2.990246699669968,2.920240924092409
600423.SH,20201021,2.94,2.94,2.86,2.9,2.95,-0.05,-1.6949,11522.01,3352.807,3.6363,2.9002392739273923,2.9402425742574256,2.9402425742574256,2.8602359735973595
600423.SH,20201022,2.89,2.92,2.87,2.91,2.9,0.01,0.3448,5247.0,1516.345,3.6363,2.910240099009901,2.8902384488448845,2.920240924092409,2.870236798679868
600423.SH,20201023,2.88,2.91,2.86,2.9,2.91,-0.01,-0.3436,6092.0,1758.689,3.6363,2.9002392739273923,2.880237623762376,2.910240099009901,2.8602359735973595
600423.SH,20201026,2.89,2.93,2.87,2.89,2.9,-0.01,-0.3448,5443.0,1575.591,3.6363,2.8902384488448845,2.8902384488448845,2.9302417491749173,2.870236798679868
600423.SH,20201027,2.89,2.91,2.86,2.9,2.89,0.01,0.346,6276.8,1811.463,3.6363,2.9002392739273923,2.8902384488448845,2.910240099009901,2.8602359735973595
600423.SH,20201028,2.9,2.9,2.85,2.87,2.9,-0.03,-1.0345,7037.0,2022.787,3.6363,2.870236798679868,2.9002392739273923,2.9002392739273923,2.850235148514852
600423.SH,20201029,2.84,2.88,2.82,2.87,2.87,0.0,0.0,9056.4,2579.944,3.6363,2.870236798679868,2.840234323432343,2.880237623762376,2.820232673267326
600423.SH,20201030,2.87,2.87,2.81,2.83,2.87,-0.04,-1.3937,8260.8,2347.449,3.6363,2.830233498349835,2.870236798679868,2.870236798679868,2.8102318481848183
600423.SH,20201102,2.85,2.85,2.77,2.79,2.83,-0.04,-1.4134,9311.03,2592.079,3.6363,2.790230198019802,2.850235148514852,2.850235148514852,2.770228547854785
600423.SH,20201103,2.77,2.8,2.75,2.8,2.79,0.01,0.3584,7867.53,2189.157,3.6363,2.80023102310231,2.770228547854785,2.80023102310231,2.750226897689769
600423.SH,20201104,2.76,2.81,2.76,2.8,2.8,0.0,0.0,4152.0,1156.839,3.6363,2.80023102310231,2.760227722772277,2.8102318481848183,2.760227722772277
600423.SH,20201105,2.79,2.81,2.78,2.78,2.8,-0.02,-0.7143,5591.0,1559.725,3.6363,2.7802293729372933,2.790230198019802,2.8102318481848183,2.7802293729372933
600423.SH,20201106,2.78,2.86,2.78,2.83,2.78,0.05,1.7986,5199.0,1465.711,3.6363,2.830233498349835,2.7802293729372933,2.8602359735973595,2.7802293729372933
600423.SH,20201109,2.84,2.87,2.82,2.84,2.83,0.01,0.3534,9015.0,2559.975,3.6363,2.840234323432343,2.840234323432343,2.870236798679868,2.820232673267326
600423.SH,20201110,2.84,2.84,2.81,2.82,2.84,-0.02,-0.7042,9589.3,2701.844,3.6363,2.820232673267326,2.840234323432343,2.840234323432343,2.8102318481848183
600423.SH,20201111,2.84,2.84,2.77,2.79,2.82,-0.03,-1.0638,10543.0,2943.517,3.6363,2.790230198019802,2.840234323432343,2.840234323432343,2.770228547854785
600423.SH,20201112,2.79,2.8,2.76,2.78,2.79,-0.01,-0.3584,9205.0,2555.618,3.6363,2.7802293729372933,2.790230198019802,2.80023102310231,2.760227722772277
600423.SH,20201113,2.75,2.79,2.75,2.79,2.78,0.01,0.3597,7053.97,1956.158,3.6363,2.790230198019802,2.750226897689769,2.790230198019802,2.750226897689769
600423.SH,20201116,2.77,2.78,2.74,2.77,2.79,-0.02,-0.7168,10153.53,2802.227,3.6363,2.770228547854785,2.770228547854785,2.7802293729372933,2.7402260726072605
600423.SH,20201117,2.78,2.78,2.73,2.76,2.77,-0.01,-0.361,8018.11,2211.048,3.6363,2.760227722772277,2.7802293729372933,2.7802293729372933,2.7302252475247526
600423.SH,20201118,2.78,2.84,2.78,2.81,2.76,0.05,1.8116,15270.0,4292.996,3.6363,2.8102318481848183,2.7802293729372933,2.840234323432343,2.7802293729372933
600423.SH,20201119,2.81,2.82,2.76,2.81,2.81,0.0,0.0,10189.0,2843.296,3.6363,2.8102318481848183,2.8102318481848183,2.820232673267326,2.760227722772277
600423.SH,20201120,2.81,2.82,2.75,2.78,2.81,-0.03,-1.0676,10918.0,3037.244,3.6363,2.7802293729372933,2.8102318481848183,2.820232673267326,2.750226897689769
600423.SH,20201123,2.79,2.82,2.77,2.81,2.78,0.03,1.0791,13429.0,3760.353,3.6363,2.8102318481848183,2.790230198019802,2.820232673267326,2.770228547854785
600423.SH,20201124,2.81,2.81,2.78,2.8,2.81,-0.01,-0.3559,6483.62,1809.016,3.6363,2.80023102310231,2.8102318481848183,2.8102318481848183,2.7802293729372933
600423.SH,20201125,2.79,2.79,2.76,2.77,2.8,-0.03,-1.0714,12094.0,3352.798,3.6363,2.770228547854785,2.790230198019802,2.790230198019802,2.760227722772277
600423.SH,20201126,2.77,2.78,2.75,2.77,2.77,0.0,0.0,5098.0,1409.528,3.6363,2.770228547854785,2.770228547854785,2.7802293729372933,2.750226897689769
600423.SH,20201127,2.78,2.78,2.7,2.75,2.77,-0.02,-0.722,10722.0,2939.708,3.6363,2.750226897689769,2.7802293729372933,2.7802293729372933,2.700222772277228
600423.SH,20201130,2.73,2.76,2.72,2.74,2.75,-0.01,-0.3636,9377.0,2569.626,3.6363,2.7402260726072605,2.7302252475247526,2.760227722772277,2.7202244224422443
600423.SH,20201201,2.73,2.78,2.73,2.77,2.74,0.03,1.0949,10292.42,2829.974,3.6363,2.770228547854785,2.7302252475247526,2.7802293729372933,2.7302252475247526
600423.SH,20201202,2.77,2.79,2.73,2.77,2.77,0.0,0.0,6673.0,1841.678,3.6363,2.770228547854785,2.770228547854785,2.790230198019802,2.7302252475247526
600423.SH,20201203,2.78,2.78,2.63,2.67,2.77,-0.1,-3.6101,19740.8,5382.109,3.6363,2.670220297029703,2.7802293729372933,2.7802293729372933,2.63021699669967
600423.SH,20201204,2.68,2.73,2.68,2.7,2.67,0.03,1.1236,12672.45,3422.884,3.6363,2.700222772277228,2.680221122112211,2.7302252475247526,2.680221122112211
600423.SH,20201207,2.7,2.72,2.67,2.68,2.7,-0.02,-0.7407,9669.13,2596.725,3.6363,2.680221122112211,2.700222772277228,2.7202244224422443,2.670220297029703
600423.SH,20201208,2.68,2.7,2.66,2.67,2.68,-0.01,-0.3731,9548.0,2551.947,3.6363,2.670220297029703,2.680221122112211,2.700222772277228,2.6602194719471948
600423.SH,20201209,2.65,2.67,2.64,2.64,2.67,-0.03,-1.1236,6039.0,1603.78,3.6363,2.640217821782178,2.650218646864686,2.670220297029703,2.640217821782178
600423.SH,20201210,2.64,2.7,2.64,2.68,2.64,0.04,1.5152,6440.82,1721.358,3.6363,2.680221122112211,2.640217821782178,2.700222772277228,2.640217821782178
600423.SH,20201211,2.68,2.69,2.61,2.64,2.68,-0.04,-1.4925,8351.5,2213.049,3.6363,2.640217821782178,2.680221122112211,2.69022194719472,2.610215346534653
600423.SH,20201214,2.63,2.65,2.58,2.63,2.64,-0.01,-0.3788,15493.42,4046.902,3.6363,2.63021699669967,2.63021699669967,2.650218646864686,2.5802128712871286
600423.SH,20201215,2.62,2.62,2.56,2.56,2.63,-0.07,-2.6616,15226.0,3931.863,3.6363,2.560211221122112,2.620216171617161,2.620216171617161,2.560211221122112
600423.SH,20201216,2.55,2.56,2.43,2.45,2.56,-0.11,-4.2969,37609.42,9236.548,3.6363,2.4502021452145213,2.550210396039604,2.560211221122112,2.430200495049505
600423.SH,20201217,2.44,2.49,2.4,2.44,2.45,-0.01,-0.4082,11465.01,2798.006,3.6363,2.440201320132013,2.440201320132013,2.4902054455445546,2.40019801980198
600423.SH,20201218,2.45,2.54,2.45,2.5,2.44,0.06,2.459,8164.0,2039.493,3.6363,2.5002062706270625,2.4502021452145213,2.540209570957096,2.4502021452145213
600423.SH,20201221,2.5,2.53,2.49,2.52,2.5,0.02,0.8,9088.0,2284.059,3.6363,2.520207920792079,2.5002062706270625,2.530208745874587,2.4902054455445546
600423.SH,20201222,2.52,2.6,2.48,2.53,2.52,0.01,0.3968,10379.01,2643.869,3.6363,2.530208745874587,2.520207920792079,2.6002145214521453,2.4802046204620463
600423.SH,20201223,2.5,2.56,2.5,2.53,2.53,0.0,0.0,6690.01,1699.846,3.6363,2.530208745874587,2.5002062706270625,2.560211221122112,2.5002062706270625
600423.SH,20201224,2.55,2.55,2.5,2.53,2.53,0.0,0.0,4899.78,1229.964,3.6363,2.530208745874587,2.550210396039604,2.550210396039604,2.5002062706270625
600423.SH,20201225,2.55,2.57,2.52,2.55,2.53,0.02,0.7905,8884.02,2255.793,3.6363,2.550210396039604,2.550210396039604,2.5702120462046203,2.520207920792079
600423.SH,20201228,2.54,2.56,2.49,2.54,2.55,-0.01,-0.3922,8279.01,2080.163,3.6363,2.540209570957096,2.540209570957096,2.560211221122112,2.4902054455445546
600423.SH,20201229,2.51,2.52,2.5,2.51,2.54,-0.03,-1.1811,4454.42,1118.002,3.6363,2.510207095709571,2.510207095709571,2.520207920792079,2.5002062706270625
600423.SH,20201230,2.51,2.51,2.45,2.48,2.51,-0.03,-1.1952,18442.5,4565.115,3.6363,2.4802046204620463,2.510207095709571,2.510207095709571,2.4502021452145213
600423.SH,20201231,2.47,2.5,2.46,2.49,2.48,0.01,0.4032,5774.02,1433.402,3.6363,2.4902054455445546,2.470203795379538,2.5002062706270625,2.4602029702970296
600423.SH,20210104,2.48,2.51,2.48,2.5,2.49,0.01,0.4016,8923.0,2224.521,3.6363,2.5002062706270625,2.4802046204620463,2.510207095709571,2.4802046204620463
600423.SH,20210105,2.5,2.52,2.48,2.5,2.5,0.0,0.0,8895.0,2214.884,3.6363,2.5002062706270625,2.5002062706270625,2.520207920792079,2.4802046204620463
600423.SH,20210106,2.48,2.5,2.44,2.45,2.5,-0.05,-2.0,12366.0,3055.422,3.6363,2.4502021452145213,2.4802046204620463,2.5002062706270625,2.440201320132013
600423.SH,20210107,2.44,2.44,2.39,2.41,2.45,-0.04,-1.6327,15300.0,3677.517,3.636,2.41,2.44,2.44,2.39
600423.SH,20210108,2.36,2.45,2.36,2.4,2.41,-0.01,-0.4149,6658.11,1597.079,3.636,2.4,2.36,2.45,2.36
600423.SH,20210111,2.39,2.4,2.32,2.35,2.4,-0.05,-2.0833,13680.5,3221.254,3.636,2.35,2.39,2.4,2.32
600423.SH,20210112,2.34,2.36,2.23,2.26,2.35,-0.09,-3.8298,24729.5,5630.795,3.636,2.26,2.3399999999999994,2.36,2.23
600423.SH,20210113,2.23,2.35,2.23,2.3,2.26,0.04,1.7699,10781.11,2471.083,3.636,2.3,2.23,2.35,2.23
600423.SH,20210114,2.3,2.31,2.25,2.31,2.3,0.01,0.4348,10871.02,2471.652,3.636,2.31,2.3,2.31,2.25
600423.SH,20210115,2.27,2.35,2.27,2.32,2.31,0.01,0.4329,6623.5,1541.877,3.636,2.32,2.27,2.35,2.27
600423.SH,20210118,2.31,2.37,2.29,2.34,2.32,0.02,0.8621,13715.94,3188.852,3.636,2.3399999999999994,2.31,2.37,2.29
600423.SH,20210119,2.34,2.34,2.24,2.28,2.34,-0.06,-2.5641,23609.6,5352.019,3.636,2.28,2.3399999999999994,2.3399999999999994,2.24
600423.SH,20210120,2.26,2.29,2.23,2.25,2.28,-0.03,-1.3158,9771.5,2199.756,3.636,2.25,2.26,2.29,2.23
600423.SH,20210121,2.24,2.25,2.2,2.24,2.25,-0.01,-0.4444,10760.73,2394.126,3.636,2.24,2.24,2.25,2.2
600423.SH,20210122,2.23,2.23,2.16,2.18,2.24,-0.06,-2.6786,18976.01,4139.91,3.636,2.18,2.23,2.23,2.16
600423.SH,20210125,2.15,2.18,2.07,2.08,2.18,-0.1,-4.5872,26362.55,5583.915,3.636,2.08,2.15,2.18,2.07
600423.SH,20210126,2.07,2.13,1.99,2.12,2.08,0.04,1.9231,36917.94,7483.42,3.636,2.12,2.07,2.13,1.99
600423.SH,20210127,2.23,2.23,2.21,2.23,2.12,0.11,5.1887,9535.5,2126.317,3.636,2.23,2.23,2.23,2.21
600423.SH,20210128,2.3,2.34,2.17,2.27,2.23,0.04,1.7937,46898.56,10747.241,3.636,2.27,2.3,2.3399999999999994,2.17
600423.SH,20210129,2.26,2.27,2.17,2.2,2.27,-0.07,-3.0837,21234.77,4671.363,3.636,2.2,2.26,2.27,2.17
600423.SH,20210201,2.16,2.31,2.16,2.31,2.2,0.11,5.0,23162.06,5288.095,3.636,2.31,2.16,2.31,2.16
600423.SH,20210202,2.3,2.42,2.3,2.38,2.31,0.07,3.0303,27123.34,6461.629,3.636,2.38,2.3,2.42,2.3
600423.SH,20210203,2.35,2.39,2.29,2.31,2.38,-0.07,-2.9412,23213.21,5401.808,3.636,2.31,2.35,2.39,2.29
600423.SH,20210204,2.3,2.31,2.23,2.25,2.31,-0.06,-2.5974,14913.02,3365.74,3.636,2.25,2.3,2.31,2.23
600423.SH,20210205,2.25,2.29,2.18,2.19,2.25,-0.06,-2.6667,9712.02,2166.266,3.636,2.19,2.25,2.29,2.18
600423.SH,20210208,2.19,2.3,2.19,2.3,2.19,0.11,5.0228,12590.82,2845.512,3.636,2.3,2.19,2.3,2.19
600423.SH,20210209,2.34,2.4,2.27,2.35,2.3,0.05,2.1739,16558.82,3857.753,3.636,2.35,2.3399999999999994,2.4,2.27
600423.SH,20210210,2.34,2.47,2.32,2.46,2.35,0.11,4.6809,19241.93,4648.033,3.636,2.46,2.3399999999999994,2.47,2.32
600423.SH,20210218,2.52,2.55,2.46,2.5,2.46,0.04,1.626,23018.57,5774.349,3.636,2.5,2.52,2.55,2.46
600423.SH,20210219,2.48,2.63,2.47,2.61,2.5,0.11,4.4,25007.44,6465.487,3.636,2.61,2.48,2.63,2.47
600423.SH,20210222,2.63,2.73,2.57,2.66,2.61,0.05,1.9157,30199.9,7939.352,3.636,2.66,2.63,2.73,2.57
600423.SH,20210223,2.63,2.67,2.6,2.64,2.66,-0.02,-0.7519,12042.0,3180.89,3.636,2.64,2.63,2.6699999999999995,2.6
600423.SH,20210224,2.51,2.63,2.51,2.55,2.64,-0.09,-3.4091,25399.02,6519.653,3.636,2.55,2.51,2.63,2.51
600423.SH,20210225,2.55,2.68,2.53,2.68,2.55,0.13,5.098,29805.87,7861.194,3.636,2.68,2.55,2.68,2.53
600423.SH,20210226,2.7,2.7,2.61,2.63,2.68,-0.05,-1.8657,18641.9,4917.482,3.636,2.63,2.7,2.7,2.61
600423.SH,20210301,2.62,2.67,2.6,2.64,2.63,0.01,0.3802,11698.0,3070.709,3.636,2.64,2.62,2.6699999999999995,2.6
600423.SH,20210302,2.64,2.64,2.6,2.63,2.64,-0.01,-0.3788,6481.0,1695.656,3.636,2.63,2.64,2.64,2.6
600423.SH,20210303,2.63,2.69,2.6,2.66,2.63,0.03,1.1407,11381.0,3034.967,3.636,2.66,2.63,2.69,2.6
600423.SH,20210304,2.66,2.76,2.66,2.7,2.66,0.04,1.5038,23849.47,6493.473,3.636,2.7,2.66,2.76,2.66
600423.SH,20210305,2.67,2.8,2.67,2.76,2.7,0.06,2.2222,18576.01,5107.848,3.636,2.76,2.6699999999999995,2.8,2.6699999999999995
600423.SH,20210308,2.76,2.84,2.73,2.76,2.76,0.0,0.0,14662.0,4083.343,3.636,2.76,2.76,2.84,2.73
600423.SH,20210309,2.75,2.8,2.64,2.66,2.76,-0.1,-3.6232,17523.54,4743.696,3.636,2.66,2.75,2.8,2.64
600423.SH,20210310,2.66,2.7,2.61,2.66,2.66,0.0,0.0,8184.16,2173.136,3.636,2.66,2.66,2.7,2.61
600423.SH,20210311,2.66,2.68,2.63,2.68,2.66,0.02,0.7519,7423.0,1981.472,3.636,2.68,2.66,2.68,2.63
600423.SH,20210312,2.67,2.67,2.62,2.64,2.68,-0.04,-1.4925,6627.0,1747.312,3.636,2.64,2.6699999999999995,2.6699999999999995,2.62
600423.SH,20210315,2.63,2.67,2.61,2.64,2.64,0.0,0.0,6546.93,1728.551,3.636,2.64,2.63,2.6699999999999995,2.61
600423.SH,20210316,2.66,2.68,2.63,2.68,2.64,0.04,1.5152,8258.27,2196.238,3.636,2.68,2.66,2.68,2.63
600423.SH,20210317,2.65,2.68,2.6,2.63,2.68,-0.05,-1.8657,17234.1,4527.11,3.636,2.63,2.65,2.68,2.6
600423.SH,20210318,2.63,2.65,2.56,2.6,2.63,-0.03,-1.1407,14188.0,3680.324,3.636,2.6,2.63,2.65,2.56
600423.SH,20210319,2.58,2.64,2.57,2.63,2.6,0.03,1.1538,7636.39,1998.917,3.636,2.63,2.58,2.64,2.57
600423.SH,20210322,2.65,2.7,2.64,2.69,2.63,0.06,2.2814,10733.02,2872.289,3.636,2.69,2.65,2.7,2.64
600423.SH,20210323,2.68,2.71,2.64,2.69,2.69,0.0,0.0,10974.62,2941.535,3.636,2.69,2.68,2.71,2.64
600423.SH,20210324,2.69,2.7,2.65,2.65,2.69,-0.04,-1.487,5743.64,1533.577,3.636,2.65,2.69,2.7,2.65
600423.SH,20210325,2.65,2.72,2.63,2.67,2.65,0.02,0.7547,8303.0,2228.05,3.636,2.6699999999999995,2.65,2.72,2.63
600423.SH,20210326,2.62,2.67,2.62,2.66,2.67,-0.01,-0.3745,4649.0,1233.294,3.636,2.66,2.62,2.6699999999999995,2.62
600423.SH,20210329,2.67,2.79,2.67,2.79,2.66,0.13,4.8872,34061.94,9379.184,3.636,2.79,2.6699999999999995,2.79,2.6699999999999995
600423.SH,20210330,2.8,2.81,2.74,2.76,2.79,-0.03,-1.0753,14535.0,4022.246,3.636,2.76,2.8,2.81,2.74
600423.SH,20210331,2.79,2.79,2.74,2.77,2.76,0.01,0.3623,11376.22,3144.066,3.636,2.77,2.79,2.79,2.74
600423.SH,20210401,2.76,2.9,2.76,2.88,2.77,0.11,3.9711,26334.82,7543.85,3.636,2.88,2.76,2.9,2.76
600423.SH,20210402,2.88,2.97,2.85,2.93,2.88,0.05,1.7361,26676.92,7771.048,3.636,2.93,2.88,2.97,2.85
600423.SH,20210406,2.96,2.97,2.9,2.94,2.93,0.01,0.3413,16988.39,4969.145,3.636,2.94,2.96,2.97,2.9
600423.SH,20210407,2.97,2.97,2.88,2.93,2.94,-0.01,-0.3401,14704.38,4303.666,3.636,2.93,2.97,2.97,2.88
600423.SH,20210408,2.93,2.95,2.89,2.91,2.93,-0.02,-0.6826,10124.0,2944.315,3.636,2.91,2.93,2.95,2.89
600423.SH,20210409,2.92,2.92,2.87,2.9,2.91,-0.01,-0.3436,13250.11,3826.205,3.636,2.9,2.92,2.92,2.87
600423.SH,20210412,2.9,2.92,2.86,2.9,2.9,0.0,0.0,14957.01,4314.497,3.636,2.9,2.9,2.92,2.86
600423.SH,20210413,2.9,2.9,2.85,2.87,2.9,-0.03,-1.0345,8235.34,2362.979,3.636,2.87,2.9,2.9,2.85
600423.SH,20210414,2.88,2.91,2.83,2.91,2.87,0.04,1.3937,10251.11,2944.897,3.636,2.91,2.88,2.91,2.83
600423.SH,20210415,2.91,2.93,2.87,2.88,2.91,-0.03,-1.0309,8587.01,2485.099,3.636,2.88,2.91,2.93,2.87
600423.SH,20210416,2.74,2.81,2.74,2.76,2.88,-0.12,-4.1667,54168.02,14863.056,3.636,2.76,2.74,2.81,2.74
600423.SH,20210419,2.76,2.76,2.71,2.75,2.76,-0.01,-0.3623,9553.0,2624.477,3.636,2.75,2.76,2.76,2.71
600423.SH,20210420,2.73,2.79,2.73,2.76,2.75,0.01,0.3636,9324.0,2584.95,3.636,2.76,2.73,2.79,2.73
600423.SH,20210421,2.74,2.79,2.74,2.76,2.76,0.0,0.0,7189.12,1978.457,3.636,2.76,2.74,2.79,2.74
600423.SH,20210422,2.76,2.79,2.75,2.77,2.76,0.01,0.3623,4627.0,1276.717,3.636,2.77,2.76,2.79,2.75
600423.SH,20210423,2.76,2.76,2.73,2.74,2.77,-0.03,-1.083,5087.55,1395.397,3.636,2.74,2.76,2.76,2.73
600423.SH,20210426,2.75,2.75,2.66,2.72,2.74,-0.02,-0.7299,15574.1,4206.846,3.636,2.72,2.75,2.75,2.66
600423.SH,20210427,2.71,2.71,2.63,2.65,2.72,-0.07,-2.5735,15141.01,4018.457,3.636,2.65,2.71,2.71,2.63
600423.SH,20210428,2.65,2.7,2.62,2.68,2.65,0.03,1.1321,9544.67,2529.355,3.636,2.68,2.65,2.7,2.62
600423.SH,20210429,2.74,2.75,2.66,2.67,2.68,-0.01,-0.3731,9947.0,2693.074,3.636,2.6699999999999995,2.74,2.75,2.66
600423.SH,20210430,2.66,2.7,2.63,2.65,2.67,-0.02,-0.7491,8172.0,2165.166,3.636,2.65,2.66,2.7,2.63
600423.SH,20210506,2.65,2.7,2.64,2.68,2.65,0.03,1.1321,8454.19,2263.546,3.636,2.68,2.65,2.7,2.64
600423.SH,20210507,2.69,2.75,2.66,2.75,2.68,0.07,2.6119,15546.03,4196.664,3.636,2.75,2.69,2.75,2.66
600423.SH,20210510,2.72,2.88,2.72,2.86,2.75,0.11,4.0,27384.44,7727.661,3.636,2.86,2.72,2.88,2.72
600423.SH,20210511,2.89,2.9,2.83,2.86,2.86,0.0,0.0,15382.2,4412.023,3.636,2.86,2.89,2.9,2.83
600423.SH,20210512,2.86,3.0,2.86,3.0,2.86,0.14,4.8951,58542.11,17476.797,3.636,3.0000000000000004,2.86,3.0000000000000004,2.86
600423.SH,20210513,2.95,3.15,2.95,3.15,3.0,0.15,5.0,73515.05,22790.668,3.636,3.15,2.95,3.15,2.95
600423.SH,20210514,3.2,3.31,3.19,3.31,3.15,0.16,5.0794,48250.42,15890.588,3.636,3.31,3.2,3.31,3.19
600423.SH,20210517,3.47,3.47,3.14,3.2,3.31,-0.11,-3.3233,139170.5,45751.149,3.636,3.2,3.47,3.47,3.14
600423.SH,20210518,3.29,3.36,3.22,3.36,3.2,0.16,5.0,79880.52,26675.006,3.636,3.36,3.29,3.36,3.22
600423.SH,20210520,3.4,3.68,3.31,3.47,3.36,0.11,3.2738,297976.87,103537.226,3.636,3.47,3.4000000000000004,3.68,3.31
600423.SH,20210521,3.38,3.46,3.21,3.31,3.47,-0.16,-4.611,132066.19,43875.702,3.636,3.31,3.38,3.46,3.21
600423.SH,20210524,3.38,3.4,3.16,3.23,3.31,-0.08,-2.4169,105935.03,34739.3,3.636,3.23,3.38,3.4000000000000004,3.16
600423.SH,20210525,3.2,3.25,3.11,3.13,3.23,-0.1,-3.096,112947.09,35745.87,3.636,3.13,3.2,3.25,3.11
600423.SH,20210526,3.13,3.16,3.08,3.12,3.13,-0.01,-0.3195,63424.94,19770.992,3.636,3.12,3.13,3.16,3.08
600423.SH,20210527,3.22,3.43,3.15,3.43,3.12,0.31,9.9359,128249.47,42752.932,3.636,3.43,3.22,3.43,3.15
600423.SH,20210528,3.58,3.58,3.33,3.37,3.43,-0.06,-1.7493,194048.36,66731.735,3.636,3.37,3.58,3.58,3.3300000000000005
600423.SH,20210531,3.36,3.46,3.27,3.35,3.37,-0.02,-0.5935,103098.94,34548.63,3.636,3.35,3.36,3.46,3.27
600423.SH,20210601,3.39,3.42,3.3,3.35,3.35,0.0,0.0,75571.7,25300.1,3.636,3.35,3.39,3.42,3.3
600423.SH,20210602,3.35,3.69,3.35,3.69,3.35,0.34,10.1493,144691.49,51367.193,3.636,3.69,3.35,3.69,3.35
600423.SH,20210603,3.86,4.06,3.82,4.06,3.69,0.37,10.0271,211413.54,84904.632,3.636,4.06,3.86,4.06,3.82
600423.SH,20210604,4.1,4.47,3.99,4.47,4.06,0.41,10.0985,617462.82,263265.992,3.636,4.47,4.1,4.47,3.9900000000000007
600423.SH,20210607,4.21,4.81,4.21,4.59,4.47,0.12,2.6846,641798.96,291468.465,3.636,4.59,4.21,4.81,4.21
600423.SH,20210608,4.48,4.55,4.13,4.13,4.59,-0.46,-10.0218,485945.5,206741.822,3.636,4.13,4.48,4.55,4.13
600423.SH,20210609,4.01,4.22,3.93,4.18,4.13,0.05,1.2107,305458.61,125581.33,3.636,4.18,4.01,4.22,3.93
600423.SH,20210610,4.17,4.19,3.88,3.95,4.18,-0.23,-5.5024,284639.58,113093.497,3.636,3.95,4.17,4.19,3.88
600423.SH,20210611,3.94,3.98,3.81,3.82,3.95,-0.13,-3.2911,174745.0,67512.046,3.636,3.82,3.94,3.98,3.81
600423.SH,20210615,3.83,3.86,3.72,3.77,3.82,-0.05,-1.3089,115704.01,43898.008,3.636,3.77,3.83,3.86,3.72
600423.SH,20210616,3.74,3.92,3.71,3.92,3.77,0.15,3.9788,148387.18,56724.088,3.636,3.92,3.74,3.92,3.71
600423.SH,20210617,3.88,3.94,3.71,3.86,3.92,-0.06,-1.5306,126656.2,48548.745,3.636,3.86,3.88,3.94,3.71
600423.SH,20210618,3.81,3.88,3.76,3.83,3.86,-0.03,-0.7772,96865.0,36774.307,3.636,3.83,3.81,3.88,3.76
600423.SH,20210621,3.81,4.1,3.74,4.04,3.83,0.21,5.483,209005.36,82555.078,3.636,4.04,3.81,4.1,3.74
600423.SH,20210622,4.06,4.17,3.95,4.02,4.04,-0.02,-0.495,175162.91,70833.061,3.636,4.02,4.06,4.17,3.95
600423.SH,20210623,4.04,4.14,3.91,3.94,4.02,-0.08,-1.99,117095.82,46642.596,3.636,3.94,4.04,4.14,3.91
600423.SH,20210624,3.96,3.97,3.79,3.8,3.94,-0.14,-3.5533,94540.0,36196.764,3.636,3.8,3.96,3.97,3.79
600423.SH,20210625,3.81,3.85,3.74,3.83,3.8,0.03,0.7895,64429.0,24456.14,3.636,3.83,3.81,3.85,3.74
600423.SH,20210628,3.83,3.84,3.71,3.75,3.83,-0.08,-2.0888,77024.0,28831.395,3.636,3.75,3.83,3.84,3.71
600423.SH,20210629,3.73,3.73,3.57,3.58,3.75,-0.17,-4.5333,96939.16,35043.559,3.636,3.58,3.73,3.73,3.57
600423.SH,20210630,3.58,3.67,3.56,3.62,3.58,0.04,1.1173,53722.96,19499.169,3.636,3.62,3.58,3.67,3.56
600423.SH,20210701,3.61,3.7,3.5,3.5,3.62,-0.12,-3.3149,62261.97,22372.69,3.636,3.5,3.61,3.7,3.5
600423.SH,20210702,3.47,3.56,3.45,3.53,3.5,0.03,0.8571,51627.01,18146.254,3.636,3.53,3.47,3.56,3.45
600423.SH,20210705,3.49,3.65,3.49,3.65,3.53,0.12,3.3994,47225.0,16961.076,3.636,3.65,3.49,3.65,3.49
600423.SH,20210706,3.69,3.77,3.61,3.66,3.65,0.01,0.274,52290.0,19227.753,3.636,3.6600000000000006,3.69,3.77,3.61
600423.SH,20210707,3.65,3.72,3.64,3.69,3.66,0.03,0.8197,39655.5,14624.578,3.636,3.69,3.65,3.72,3.64
600423.SH,20210708,3.68,3.72,3.54,3.61,3.69,-0.08,-2.168,61068.62,21984.119,3.636,3.61,3.68,3.72,3.54
600423.SH,20210709,3.61,3.92,3.58,3.82,3.61,0.21,5.8172,108521.0,40804.9,3.636,3.82,3.61,3.92,3.58
600423.SH,20210712,3.83,3.89,3.75,3.87,3.82,0.05,1.3089,94135.5,35968.247,3.636,3.87,3.83,3.89,3.75
600423.SH,20210713,3.88,3.89,3.77,3.82,3.87,-0.05,-1.292,48359.0,18429.088,3.636,3.82,3.88,3.89,3.77
600423.SH,20210714,3.81,3.83,3.72,3.77,3.82,-0.05,-1.3089,54685.0,20649.482,3.636,3.77,3.81,3.83,3.72
600423.SH,20210715,3.76,3.84,3.71,3.84,3.77,0.07,1.8568,57200.78,21659.754,3.636,3.84,3.76,3.84,3.71
600423.SH,20210716,3.85,3.88,3.78,3.8,3.84,-0.04,-1.0417,56021.01,21404.97,3.636,3.8,3.85,3.88,3.78
600423.SH,20210719,3.74,3.97,3.73,3.87,3.8,0.07,1.8421,76904.02,29830.815,3.636,3.87,3.74,3.97,3.73
600423.SH,20210720,3.81,3.87,3.74,3.78,3.87,-0.09,-2.3256,52965.0,19998.17,3.636,3.78,3.81,3.87,3.74
600423.SH,20210721,3.77,3.8,3.73,3.77,3.78,-0.01,-0.2646,37561.0,14145.466,3.636,3.77,3.77,3.8,3.73
600423.SH,20210722,3.79,3.79,3.72,3.75,3.77,-0.02,-0.5305,38964.58,14583.221,3.636,3.75,3.79,3.79,3.72
600423.SH,20210723,3.77,3.91,3.73,3.83,3.75,0.08,2.1333,80025.0,30670.3,3.636,3.83,3.77,3.91,3.73
600423.SH,20210726,3.94,3.94,3.73,3.8,3.83,-0.03,-0.7833,61563.0,23384.545,3.636,3.8,3.94,3.94,3.73
600423.SH,20210727,3.84,3.84,3.62,3.69,3.8,-0.11,-2.8947,53104.51,20012.926,3.636,3.69,3.84,3.84,3.62
600423.SH,20210728,3.68,3.72,3.48,3.6,3.69,-0.09,-2.439,60408.5,21549.892,3.636,3.6,3.68,3.72,3.48
600423.SH,20210729,3.62,3.66,3.51,3.59,3.6,-0.01,-0.2778,56769.6,20360.487,3.636,3.59,3.62,3.6600000000000006,3.51
600423.SH,20210730,3.56,3.69,3.53,3.56,3.59,-0.03,-0.8357,49636.6,17781.66,3.636,3.56,3.56,3.69,3.53
600423.SH,20210802,3.57,3.78,3.5,3.73,3.56,0.17,4.7753,69285.5,25309.977,3.636,3.73,3.57,3.78,3.5
600423.SH,20210803,3.72,3.78,3.64,3.68,3.73,-0.05,-1.3405,41920.01,15510.961,3.636,3.68,3.72,3.78,3.64
600423.SH,20210804,3.68,3.7,3.59,3.61,3.68,-0.07,-1.9022,38614.5,13973.748,3.636,3.61,3.68,3.7,3.59
600423.SH,20210805,3.61,3.61,3.5,3.54,3.61,-0.07,-1.9391,44184.0,15616.173,3.636,3.54,3.61,3.61,3.5
600423.SH,20210806,3.54,3.58,3.49,3.54,3.54,0.0,0.0,34960.0,12343.39,3.636,3.54,3.54,3.58,3.49
600423.SH,20210809,3.54,3.64,3.5,3.61,3.54,0.07,1.9774,47306.0,16977.897,3.636,3.61,3.54,3.64,3.5
600423.SH,20210810,3.58,3.66,3.53,3.63,3.61,0.02,0.554,31174.0,11290.76,3.636,3.63,3.58,3.6600000000000006,3.53
600423.SH,20210811,3.61,3.64,3.57,3.59,3.63,-0.04,-1.1019,28584.0,10258.271,3.636,3.59,3.61,3.64,3.57
600423.SH,20210812,3.6,3.63,3.54,3.61,3.59,0.02,0.5571,43000.27,15399.961,3.636,3.61,3.6,3.63,3.54
600423.SH,20210813,3.61,3.69,3.58,3.63,3.61,0.02,0.554,46310.01,16842.797,3.636,3.63,3.61,3.69,3.58
600423.SH,20210816,3.63,3.69,3.55,3.57,3.63,-0.06,-1.6529,63957.22,22981.336,3.636,3.57,3.63,3.69,3.55
600423.SH,20210817,3.53,3.58,3.51,3.54,3.57,-0.03,-0.8403,43415.21,15375.824,3.636,3.54,3.53,3.58,3.51
600423.SH,20210818,3.54,3.56,3.47,3.55,3.54,0.01,0.2825,40547.21,14214.779,3.636,3.55,3.54,3.56,3.47
600423.SH,20210819,3.58,3.58,3.46,3.51,3.55,-0.04,-1.1268,26649.6,9303.101,3.636,3.51,3.58,3.58,3.46
600423.SH,20210820,3.51,3.51,3.36,3.4,3.51,-0.11,-3.1339,44576.0,15209.807,3.636,3.4000000000000004,3.51,3.51,3.36
600423.SH,20210823,3.43,3.54,3.4,3.53,3.4,0.13,3.8235,39795.13,13856.136,3.636,3.53,3.43,3.54,3.4000000000000004
600423.SH,20210824,3.53,3.57,3.51,3.55,3.53,0.02,0.5666,27999.83,9918.661,3.636,3.55,3.53,3.57,3.51
600423.SH,20210825,3.5,3.67,3.44,3.65,3.55,0.1,2.8169,82108.96,29213.515,3.636,3.65,3.5,3.67,3.44
600423.SH,20210826,3.65,3.67,3.54,3.63,3.65,-0.02,-0.5479,66767.81,24091.992,3.636,3.63,3.65,3.67,3.54
600423.SH,20210827,3.65,3.66,3.56,3.6,3.63,-0.03,-0.8264,41410.0,14843.443,3.636,3.6,3.65,3.6600000000000006,3.56
600423.SH,20210830,3.6,3.64,3.51,3.55,3.6,-0.05,-1.3889,50236.0,17944.271,3.636,3.55,3.6,3.64,3.51
600423.SH,20210831,3.54,3.68,3.5,3.62,3.55,0.07,1.9718,58793.75,21236.24,3.636,3.62,3.54,3.68,3.5
600423.SH,20210901,3.66,3.71,3.6,3.61,3.62,-0.01,-0.2762,63360.01,23156.616,3.636,3.61,3.6600000000000006,3.71,3.6
600423.SH,20210902,3.6,3.68,3.56,3.68,3.61,0.07,1.9391,74621.0,27174.839,3.636,3.68,3.6,3.68,3.56
600423.SH,20210903,3.67,3.76,3.63,3.71,3.68,0.03,0.8152,71314.0,26362.767,3.636,3.71,3.67,3.76,3.63
600423.SH,20210906,3.71,3.76,3.61,3.72,3.71,0.01,0.2695,67988.53,25018.419,3.636,3.72,3.71,3.76,3.61
600423.SH,20210907,3.72,4.09,3.68,4.09,3.72,0.37,9.9462,168891.13,67216.611,3.636,4.09,3.72,4.09,3.68
600423.SH,20210908,4.09,4.24,3.95,4.04,4.09,-0.05,-1.2225,285119.51,115200.692,3.636,4.04,4.09,4.24,3.95
600423.SH,20210909,3.98,4.25,3.95,4.25,4.04,0.21,5.198,263084.15,108856.04,3.636,4.25,3.98,4.25,3.95
600423.SH,20210910,4.23,4.25,4.02,4.11,4.25,-0.14,-3.2941,189798.64,78346.628,3.636,4.11,4.23,4.25,4.02
600423.SH,20210913,4.06,4.32,4.03,4.29,4.11,0.18,4.3796,213227.53,89886.681,3.636,4.29,4.06,4.32,4.03
600423.SH,20210914,4.29,4.3,4.05,4.13,4.29,-0.16,-3.7296,147814.62,61535.711,3.636,4.13,4.29,4.3,4.05
600423.SH,20210915,4.13,4.53,4.09,4.38,4.13,0.25,6.0533,213139.81,92092.482,3.636,4.38,4.13,4.53,4.09
600423.SH,20210916,4.48,4.64,4.33,4.4,4.38,0.02,0.4566,274272.95,123016.595,3.636,4.4,4.48,4.64,4.33
600423.SH,20210917,4.36,4.81,4.32,4.65,4.4,0.25,5.6818,289227.84,133640.713,3.636,4.65,4.36,4.81,4.32
600423.SH,20210922,4.56,4.71,4.38,4.7,4.65,0.05,1.0753,219049.76,99039.913,3.636,4.7,4.56,4.71,4.38
600423.SH,20210923,4.64,4.77,4.27,4.36,4.7,-0.34,-7.234,252143.72,112150.359,3.636,4.36,4.64,4.77,4.27
600423.SH,20210924,4.33,4.37,4.05,4.07,4.36,-0.29,-6.6514,182318.82,75732.139,3.636,4.07,4.33,4.37,4.05
600423.SH,20210927,3.99,4.1,3.75,3.79,4.07,-0.28,-6.8796,138165.0,53496.339,3.636,3.79,3.9900000000000007,4.1,3.75
600423.SH,20210928,3.79,3.94,3.72,3.87,3.79,0.08,2.1108,79356.0,30425.878,3.636,3.87,3.79,3.94,3.72
600423.SH,20210929,3.83,3.9,3.67,3.7,3.87,-0.17,-4.3928,63947.92,24052.355,3.636,3.7,3.83,3.9,3.67
600423.SH,20210930,3.76,3.83,3.69,3.8,3.7,0.1,2.7027,49221.0,18601.819,3.636,3.8,3.76,3.83,3.69
600423.SH,20211008,3.84,3.92,3.76,3.81,3.8,0.01,0.2632,85464.53,32781.438,3.636,3.81,3.84,3.92,3.76
600423.SH,20211011,3.83,3.89,3.78,3.81,3.81,0.0,0.0,45573.01,17416.837,3.636,3.81,3.83,3.89,3.78
600423.SH,20211012,3.82,3.82,3.6,3.72,3.81,-0.09,-2.3622,47641.2,17790.227,3.636,3.72,3.82,3.82,3.6
600423.SH,20211013,3.71,3.76,3.66,3.74,3.72,0.02,0.5376,36185.02,13386.316,3.636,3.74,3.71,3.76,3.6600000000000006
600423.SH,20211014,3.74,3.8,3.66,3.77,3.74,0.03,0.8021,31194.0,11640.63,3.636,3.77,3.74,3.8,3.6600000000000006
600423.SH,20211015,3.77,3.78,3.68,3.72,3.77,-0.05,-1.3263,26484.0,9840.51,3.636,3.72,3.77,3.78,3.68
600423.SH,20211018,3.74,3.79,3.67,3.77,3.72,0.05,1.3441,31358.22,11742.585,3.636,3.77,3.74,3.79,3.67
600423.SH,20211019,3.79,3.79,3.69,3.71,3.77,-0.06,-1.5915,33418.01,12489.014,3.636,3.71,3.79,3.79,3.69
600423.SH,20211020,3.73,3.73,3.64,3.67,3.71,-0.04,-1.0782,20906.01,7688.874,3.636,3.67,3.73,3.73,3.64
600423.SH,20211021,3.67,3.73,3.64,3.65,3.67,-0.02,-0.545,32698.01,12008.362,3.636,3.65,3.67,3.73,3.64
600423.SH,20211022,3.65,3.67,3.52,3.59,3.65,-0.06,-1.6438,43770.51,15674.745,3.636,3.59,3.65,3.67,3.52
600423.SH,20211025,3.58,3.62,3.46,3.58,3.59,-0.01,-0.2786,34746.0,12299.869,3.636,3.58,3.58,3.62,3.46
600423.SH,20211026,3.62,3.62,3.49,3.53,3.58,-0.05,-1.3966,25371.01,8946.724,3.636,3.53,3.62,3.62,3.49
600423.SH,20211027,3.5,3.52,3.41,3.45,3.53,-0.08,-2.2663,25246.0,8713.995,3.636,3.45,3.5,3.52,3.41
600423.SH,20211028,3.41,3.48,3.36,3.45,3.45,0.0,0.0,44859.01,15286.156,3.636,3.45,3.41,3.48,3.36
600423.SH,20211029,3.42,3.48,3.38,3.41,3.45,-0.04,-1.1594,33208.01,11345.102,3.636,3.41,3.42,3.48,3.38
600423.SH,20211101,3.42,3.43,3.38,3.4,3.41,-0.01,-0.2933,19960.0,6788.551,3.636,3.4000000000000004,3.42,3.43,3.38
600423.SH,20211102,3.42,3.42,3.28,3.28,3.4,-0.12,-3.5294,55325.2,18418.993,3.636,3.28,3.42,3.42,3.28
600423.SH,20211103,3.28,3.36,3.24,3.32,3.28,0.04,1.2195,28761.01,9486.704,3.636,3.32,3.28,3.36,3.24
600423.SH,20211104,3.32,3.37,3.31,3.33,3.32,0.01,0.3012,21504.01,7187.141,3.636,3.3300000000000005,3.32,3.37,3.31
600423.SH,20211105,3.33,3.36,3.27,3.31,3.33,-0.02,-0.6006,21669.0,7185.949,3.636,3.31,3.3300000000000005,3.36,3.27
600423.SH,20211108,3.32,3.35,3.26,3.34,3.31,0.03,0.9063,25312.71,8377.299,3.636,3.34,3.32,3.35,3.26
600423.SH,20211109,3.35,3.46,3.33,3.41,3.34,0.07,2.0958,30273.93,10280.899,3.636,3.41,3.35,3.46,3.3300000000000005
600423.SH,20211110,3.42,3.48,3.39,3.47,3.41,0.06,1.7595,30088.94,10333.665,3.636,3.47,3.42,3.48,3.39
600423.SH,20211111,3.46,3.49,3.42,3.44,3.47,-0.03,-0.8646,22214.01,7655.977,3.636,3.44,3.46,3.49,3.42
600423.SH,20211112,3.45,3.45,3.38,3.39,3.44,-0.05,-1.4535,24867.0,8462.934,3.636,3.39,3.45,3.45,3.38
600423.SH,20211115,3.39,3.42,3.35,3.38,3.39,-0.01,-0.295,26443.0,8933.053,3.636,3.38,3.39,3.42,3.35
600423.SH,20211116,3.41,3.72,3.39,3.72,3.38,0.34,10.0592,77892.8,28183.281,3.636,3.72,3.41,3.72,3.39
600423.SH,20211117,3.88,4.09,3.79,4.09,3.72,0.37,9.9462,170571.51,67813.099,3.636,4.09,3.88,4.09,3.79
600423.SH,20211118,4.4,4.44,4.05,4.08,4.09,-0.01,-0.2445,316972.63,133000.476,3.636,4.08,4.4,4.44,4.05
600423.SH,20211119,4.0,4.08,3.85,3.92,4.08,-0.16,-3.9216,244597.94,96097.433,3.636,3.92,4.0,4.08,3.85
600423.SH,20211122,3.89,4.04,3.81,3.86,3.92,-0.06,-1.5306,160137.8,62147.087,3.636,3.86,3.89,4.04,3.81
600423.SH,20211123,3.88,3.9,3.81,3.88,3.86,0.02,0.5181,90262.0,34734.258,3.636,3.88,3.88,3.9,3.81
600423.SH,20211124,3.89,4.27,3.89,4.27,3.88,0.39,10.0515,223497.95,94155.315,3.636,4.27,3.89,4.27,3.89
600423.SH,20211125,4.25,4.25,3.97,4.1,4.27,-0.17,-3.9813,287426.98,117064.53,3.636,4.1,4.25,4.25,3.97
600423.SH,20211126,4.08,4.17,4.01,4.07,4.1,-0.03,-0.7317,135493.53,55320.546,3.636,4.07,4.08,4.17,4.01
600423.SH,20211129,4.0,4.15,3.89,4.12,4.07,0.05,1.2285,133321.1,53500.62,3.636,4.12,4.0,4.15,3.89
600423.SH,20211130,4.11,4.16,3.99,4.02,4.12,-0.1,-2.4272,97033.1,39241.945,3.636,4.02,4.11,4.16,3.9900000000000007
600423.SH,20211201,4.04,4.08,3.91,4.07,4.02,0.05,1.2438,82861.02,33391.76,3.636,4.07,4.04,4.08,3.91
600423.SH,20211202,4.05,4.08,3.9,3.92,4.07,-0.15,-3.6855,67004.0,26616.12,3.636,3.92,4.05,4.08,3.9
600423.SH,20211203,3.93,3.97,3.85,3.95,3.92,0.03,0.7653,53958.0,21159.61,3.636,3.95,3.93,3.97,3.85
600423.SH,20211206,3.93,4.0,3.88,3.88,3.95,-0.07,-1.7722,46332.0,18167.073,3.636,3.88,3.93,4.0,3.88
600423.SH,20211207,3.9,3.93,3.52,3.83,3.88,-0.05,-1.2887,66065.01,25280.506,3.636,3.83,3.9,3.93,3.52
600423.SH,20211208,3.78,3.88,3.78,3.83,3.83,0.0,0.0,44410.01,16988.803,3.636,3.83,3.78,3.88,3.78
600423.SH,20211209,3.82,3.85,3.76,3.78,3.83,-0.05,-1.3055,40701.1,15430.147,3.636,3.78,3.82,3.85,3.76
600423.SH,20211210,3.8,4.04,3.76,3.95,3.78,0.17,4.4974,86386.11,33907.468,3.636,3.95,3.8,4.04,3.76
600423.SH,20211213,3.95,4.04,3.9,3.99,3.95,0.04,1.0127,67393.33,26781.758,3.636,3.9900000000000007,3.95,4.04,3.9
600423.SH,20211214,3.98,4.22,3.95,4.05,3.99,0.06,1.5038,87808.11,35839.206,3.636,4.05,3.98,4.22,3.95
600423.SH,20211215,4.06,4.1,4.0,4.07,4.05,0.02,0.4938,58845.02,23803.74,3.636,4.07,4.06,4.1,4.0
600423.SH,20211216,4.06,4.15,4.04,4.09,4.07,0.02,0.4914,62878.11,25762.169,3.636,4.09,4.06,4.15,4.04
600423.SH,20211217,4.1,4.13,4.01,4.09,4.09,0.0,0.0,61440.01,24889.683,3.636,4.09,4.1,4.13,4.01
600423.SH,20211220,4.08,4.08,3.95,3.95,4.09,-0.14,-3.423,48617.28,19464.524,3.636,3.95,4.08,4.08,3.95
600423.SH,20211221,3.95,4.12,3.95,4.08,3.95,0.13,3.2911,70333.0,28491.57,3.636,4.08,3.95,4.12,3.95
600423.SH,20211222,4.04,4.49,4.04,4.49,4.08,0.41,10.049,138651.69,60850.639,3.636,4.49,4.04,4.49,4.04
600423.SH,20211223,4.55,4.8,4.21,4.26,4.49,-0.23,-5.1225,315198.2,139704.586,3.636,4.26,4.55,4.8,4.21
600423.SH,20211224,4.19,4.3,4.1,4.13,4.26,-0.13,-3.0516,141363.52,59026.113,3.636,4.13,4.19,4.3,4.1
600423.SH,20211227,4.04,4.25,4.02,4.16,4.13,0.03,0.7264,105053.36,43453.788,3.636,4.16,4.04,4.25,4.02
600423.SH,20211228,4.16,4.2,4.08,4.09,4.16,-0.07,-1.6827,69027.71,28475.89,3.636,4.09,4.16,4.2,4.08
600423.SH,20211229,4.1,4.17,4.04,4.09,4.09,0.0,0.0,56623.33,23342.717,3.636,4.09,4.1,4.17,4.04
600423.SH,20211230,4.12,4.14,4.06,4.1,4.09,0.01,0.2445,59109.66,24147.96,3.636,4.1,4.12,4.14,4.06
600423.SH,20211231,4.07,4.15,4.07,4.1,4.1,0.0,0.0,58276.0,23933.504,3.636,4.1,4.07,4.15,4.07
600423.SH,20220104,4.13,4.22,4.09,4.21,4.1,0.11,2.6829,94510.49,39316.5,3.636,4.21,4.13,4.22,4.09
600423.SH,20220105,4.2,4.63,4.16,4.63,4.21,0.42,9.9762,327061.18,147528.725,3.636,4.63,4.2,4.63,4.16
600423.SH,20220106,4.63,4.85,4.46,4.74,4.63,0.11,2.3758,423066.85,197938.803,3.636,4.74,4.63,4.85,4.46
600423.SH,20220107,4.61,4.75,4.54,4.54,4.74,-0.2,-4.2194,240829.93,111180.786,3.636,4.539999999999999,4.61,4.75,4.539999999999999
600423.SH,20220110,4.46,4.64,4.46,4.54,4.54,0.0,0.0,158272.6,71901.392,3.636,4.539999999999999,4.46,4.64,4.46
600423.SH,20220111,4.5,4.99,4.49,4.72,4.54,0.18,3.9648,346506.0,165323.443,3.636,4.72,4.5,4.99,4.49
600423.SH,20220112,4.76,4.78,4.51,4.64,4.72,-0.08,-1.6949,217078.0,100000.717,3.636,4.64,4.76,4.78,4.51
600423.SH,20220113,4.56,4.61,4.46,4.47,4.64,-0.17,-3.6638,143782.83,64803.246,3.636,4.47,4.56,4.61,4.46
600423.SH,20220114,4.52,4.55,4.36,4.38,4.47,-0.09,-2.0134,107565.61,47605.967,3.636,4.38,4.52,4.55,4.36
600423.SH,20220117,4.38,4.43,4.32,4.43,4.38,0.05,1.1416,84331.0,36962.443,3.636,4.43,4.38,4.43,4.32
600423.SH,20220118,4.41,4.42,4.2,4.22,4.43,-0.21,-4.7404,121373.02,51874.427,3.636,4.22,4.41,4.42,4.2
600423.SH,20220119,4.24,4.3,4.2,4.28,4.22,0.06,1.4218,79093.96,33734.582,3.636,4.28,4.24,4.3,4.2
600423.SH,20220120,4.31,4.32,4.11,4.14,4.28,-0.14,-3.271,109880.75,45770.756,3.636,4.14,4.31,4.32,4.11
600423.SH,20220121,4.16,4.3,4.13,4.2,4.14,0.06,1.4493,84616.04,35688.269,3.636,4.2,4.16,4.3,4.13
600423.SH,20220124,4.22,4.25,4.12,4.19,4.2,-0.01,-0.2381,52915.0,22147.707,3.636,4.19,4.22,4.25,4.12
600423.SH,20220125,4.18,4.2,3.9,3.95,4.19,-0.24,-5.7279,83889.04,33796.589,3.636,3.95,4.18,4.2,3.9
600423.SH,20220126,3.96,4.03,3.9,3.95,3.95,0.0,0.0,44741.54,17688.347,3.636,3.95,3.96,4.03,3.9
600423.SH,20220127,3.95,4.01,3.8,3.89,3.95,-0.06,-1.519,58470.5,22936.4,3.636,3.89,3.95,4.01,3.8
600423.SH,20220128,3.89,3.97,3.8,3.89,3.89,0.0,0.0,59630.27,23251.952,3.636,3.89,3.89,3.97,3.8
600423.SH,20220207,4.04,4.19,3.98,4.13,3.89,0.24,6.1697,74026.0,30271.799,3.636,4.13,4.04,4.19,3.98
600423.SH,20220208,4.07,4.19,4.07,4.17,4.13,0.04,0.9685,46739.0,19379.248,3.636,4.17,4.07,4.19,4.07
600423.SH,20220209,4.16,4.17,4.1,4.14,4.17,-0.03,-0.7194,50645.0,20903.974,3.636,4.14,4.16,4.17,4.1
600423.SH,20220210,4.11,4.16,4.1,4.15,4.14,0.01,0.2415,34369.0,14186.064,3.636,4.15,4.11,4.16,4.1
600423.SH,20220211,4.13,4.13,4.03,4.04,4.15,-0.11,-2.6506,44084.5,17898.253,3.636,4.04,4.13,4.13,4.03
600423.SH,20220214,4.01,4.13,4.0,4.11,4.04,0.07,1.7327,38689.11,15799.645,3.636,4.11,4.01,4.13,4.0
600423.SH,20220215,4.14,4.15,4.0,4.06,4.11,-0.05,-1.2165,43678.0,17655.843,3.636,4.06,4.14,4.15,4.0
600423.SH,20220216,4.08,4.19,4.04,4.17,4.06,0.11,2.7094,57829.29,23969.581,3.636,4.17,4.08,4.19,4.04
600423.SH,20220217,4.19,4.24,4.11,4.18,4.17,0.01,0.2398,54982.0,22947.828,3.636,4.18,4.19,4.24,4.11
600423.SH,20220218,4.17,4.2,4.12,4.19,4.18,0.01,0.2392,35904.07,14951.041,3.636,4.19,4.17,4.2,4.12
600423.SH,20220221,4.2,4.27,4.17,4.27,4.19,0.08,1.9093,47452.01,20066.126,3.636,4.27,4.2,4.27,4.17
600423.SH,20220222,4.24,4.43,4.21,4.37,4.27,0.1,2.3419,92229.42,40055.568,3.636,4.37,4.24,4.43,4.21
600423.SH,20220223,4.38,4.41,4.3,4.39,4.37,0.02,0.4577,71558.01,31236.148,3.636,4.39,4.38,4.41,4.3
600423.SH,20220224,4.38,4.7,4.3,4.4,4.39,0.01,0.2278,170040.52,76064.678,3.636,4.4,4.38,4.7,4.3
600423.SH,20220225,4.39,4.53,4.34,4.49,4.4,0.09,2.0455,104959.0,46687.623,3.636,4.49,4.39,4.53,4.34
600423.SH,20220228,4.49,4.5,4.29,4.34,4.49,-0.15,-3.3408,99273.56,43116.177,3.636,4.34,4.49,4.5,4.29
600423.SH,20220301,4.34,4.35,4.22,4.3,4.34,-0.04,-0.9217,65471.0,28021.523,3.636,4.3,4.34,4.35,4.22
600423.SH,20220302,4.33,4.37,4.28,4.35,4.3,0.05,1.1628,47340.0,20535.668,3.636,4.35,4.33,4.37,4.28
600423.SH,20220303,4.32,4.42,4.31,4.41,4.35,0.06,1.3793,71493.04,31344.956,3.636,4.41,4.32,4.42,4.31
600423.SH,20220304,4.4,4.46,4.31,4.36,4.41,-0.05,-1.1338,70926.01,31029.332,3.636,4.36,4.4,4.46,4.31
600423.SH,20220307,4.35,4.54,4.32,4.38,4.36,0.02,0.4587,98235.02,43504.37,3.636,4.38,4.35,4.539999999999999,4.32
600423.SH,20220308,4.33,4.37,4.16,4.22,4.38,-0.16,-3.653,108584.0,46276.921,3.636,4.22,4.33,4.37,4.16
600423.SH,20220309,4.21,4.28,3.91,4.1,4.22,-0.12,-2.8436,121391.04,49457.838,3.636,4.1,4.21,4.28,3.91
600423.SH,20220310,4.12,4.2,4.05,4.17,4.1,0.07,1.7073,49174.0,20437.198,3.636,4.17,4.12,4.2,4.05
600423.SH,20220311,4.11,4.25,4.06,4.22,4.17,0.05,1.199,61467.0,25651.606,3.636,4.22,4.11,4.25,4.06
600423.SH,20220314,4.22,4.32,4.15,4.16,4.22,-0.06,-1.4218,77839.0,33012.235,3.636,4.16,4.22,4.32,4.15
600423.SH,20220315,4.15,4.18,3.92,3.92,4.16,-0.24,-5.7692,112479.56,45534.626,3.636,3.92,4.15,4.18,3.92
600423.SH,20220316,4.0,4.03,3.83,4.01,3.92,0.09,2.2959,82055.93,32339.761,3.636,4.01,4.0,4.03,3.83
600423.SH,20220317,4.08,4.08,3.96,3.98,4.01,-0.03,-0.7481,66157.0,26510.534,3.636,3.98,4.08,4.08,3.96
600423.SH,20220318,4.0,4.04,3.94,4.04,3.98,0.06,1.5075,40590.0,16274.23,3.636,4.04,4.0,4.04,3.94
600423.SH,20220321,4.03,4.14,4.01,4.09,4.04,0.05,1.2376,45245.92,18432.893,3.636,4.09,4.03,4.14,4.01
600423.SH,20220322,4.09,4.15,4.05,4.12,4.09,0.03,0.7335,47750.0,19581.601,3.636,4.12,4.09,4.15,4.05
600423.SH,20220323,4.12,4.39,4.1,4.28,4.12,0.16,3.8835,139533.7,59388.377,3.636,4.28,4.12,4.39,4.1
600423.SH,20220324,4.35,4.35,4.21,4.24,4.28,-0.04,-0.9346,90631.82,38683.414,3.636,4.24,4.35,4.35,4.21
600423.SH,20220325,4.22,4.26,4.19,4.2,4.24,-0.04,-0.9434,57839.1,24423.598,3.636,4.2,4.22,4.26,4.19
600423.SH,20220328,4.24,4.24,4.12,4.2,4.2,0.0,0.0,48488.41,20203.387,3.636,4.2,4.24,4.24,4.12
600423.SH,20220329,4.2,4.46,4.16,4.35,4.2,0.15,3.5714,130279.0,56537.072,3.636,4.35,4.2,4.46,4.16
600423.SH,20220330,4.34,4.35,4.23,4.3,4.35,-0.05,-1.1494,76968.0,32934.221,3.636,4.3,4.34,4.35,4.23
600423.SH,20220331,4.3,4.4,4.25,4.35,4.3,0.05,1.1628,83863.83,36447.796,3.636,4.35,4.3,4.4,4.25
600423.SH,20220401,4.31,4.39,4.29,4.37,4.35,0.02,0.4598,55421.0,24090.523,3.636,4.37,4.31,4.39,4.29
600423.SH,20220406,4.37,4.47,4.33,4.44,4.37,0.07,1.6018,78833.0,34852.414,3.636,4.44,4.37,4.47,4.33
600423.SH,20220407,4.44,4.44,4.3,4.32,4.44,-0.12,-2.7027,57259.0,24845.101,3.636,4.32,4.44,4.44,4.3
600423.SH,20220408,4.3,4.54,4.23,4.45,4.32,0.13,3.0093,119669.0,52772.858,3.636,4.450000000000001,4.3,4.539999999999999,4.23
600423.SH,20220411,4.4,4.44,4.26,4.32,4.45,-0.13,-2.9213,86767.02,37761.747,3.636,4.32,4.4,4.44,4.26
600423.SH,20220412,4.31,4.33,4.18,4.3,4.32,-0.02,-0.463,72177.0,30745.152,3.636,4.3,4.31,4.33,4.18
600423.SH,20220413,4.2,4.34,4.19,4.22,4.3,-0.08,-1.8605,54265.0,22998.155,3.636,4.22,4.2,4.34,4.19
600423.SH,20220414,4.22,4.26,4.11,4.19,4.22,-0.03,-0.7109,64568.01,26898.047,3.636,4.19,4.22,4.26,4.11
600423.SH,20220415,4.19,4.61,4.18,4.42,4.19,0.23,5.4893,512455.43,232167.653,3.636,4.42,4.19,4.61,4.18
600423.SH,20220418,4.11,4.29,3.98,4.24,4.42,-0.18,-4.0724,382034.67,158735.241,3.636,4.24,4.11,4.29,3.98
600423.SH,20220419,4.18,4.66,4.13,4.66,4.24,0.42,9.9057,260215.34,118061.326,3.636,4.66,4.18,4.66,4.13
600423.SH,20220420,4.66,4.88,4.58,4.7,4.66,0.04,0.8584,666108.39,314101.758,3.636,4.7,4.66,4.88,4.58
600423.SH,20220421,4.66,4.77,4.47,4.52,4.7,-0.18,-3.8298,381720.89,175271.771,3.636,4.52,4.66,4.77,4.47
600423.SH,20220422,4.47,4.57,4.1,4.24,4.52,-0.28,-6.1947,351807.62,151206.587,3.636,4.24,4.47,4.57,4.1
600423.SH,20220425,4.11,4.21,3.82,3.82,4.24,-0.42,-9.9057,268023.43,106451.852,3.636,3.82,4.11,4.21,3.82
600423.SH,20220426,3.71,3.8,3.44,3.48,3.82,-0.34,-8.9005,198124.0,70642.57,3.636,3.48,3.71,3.8,3.44
600423.SH,20220427,3.5,3.54,3.32,3.51,3.48,0.03,0.8621,151600.27,52144.851,3.636,3.51,3.5,3.54,3.32
600423.SH,20220428,3.5,3.63,3.34,3.37,3.51,-0.14,-3.9886,128863.0,44535.813,3.636,3.37,3.5,3.63,3.34
600423.SH,20220429,3.44,3.54,3.41,3.52,3.37,0.15,4.451,121942.01,42592.764,3.636,3.52,3.44,3.54,3.41
600423.SH,20220505,3.54,3.65,3.42,3.58,3.52,0.06,1.7045,103569.01,37060.219,3.636,3.58,3.54,3.65,3.42
600423.SH,20220506,3.51,3.52,3.38,3.44,3.58,-0.14,-3.9106,104000.0,35870.654,3.636,3.44,3.51,3.52,3.38
600423.SH,20220509,3.45,3.49,3.41,3.45,3.44,0.01,0.2907,75381.5,25981.57,3.636,3.45,3.45,3.49,3.41
600423.SH,20220510,3.46,3.47,3.36,3.47,3.45,0.02,0.5797,93755.0,32100.042,3.636,3.47,3.46,3.47,3.36
600423.SH,20220511,3.45,3.53,3.43,3.45,3.47,-0.02,-0.5764,99848.0,34799.339,3.636,3.45,3.45,3.53,3.43
600423.SH,20220512,3.42,3.49,3.38,3.43,3.45,-0.02,-0.5797,87079.0,29819.765,3.636,3.43,3.42,3.49,3.38
600423.SH,20220513,3.45,3.6,3.42,3.53,3.43,0.1,2.9155,101866.44,35731.755,3.636,3.53,3.45,3.6,3.42
600423.SH,20220516,3.55,3.65,3.53,3.63,3.53,0.1,2.8329,108090.0,38917.201,3.636,3.63,3.55,3.65,3.53
600423.SH,20220517,3.62,3.62,3.51,3.58,3.63,-0.05,-1.3774,72365.0,25730.913,3.636,3.58,3.62,3.62,3.51
600423.SH,20220518,3.58,3.73,3.56,3.68,3.58,0.1,2.7933,105803.0,38930.025,3.636,3.68,3.58,3.73,3.56
600423.SH,20220519,3.63,3.72,3.6,3.69,3.68,0.01,0.2717,71011.46,26017.946,3.636,3.69,3.63,3.72,3.6
600423.SH,20220520,3.7,3.77,3.68,3.74,3.69,0.05,1.355,78580.0,29311.09,3.636,3.74,3.7,3.77,3.68
600423.SH,20220523,3.75,3.86,3.72,3.84,3.74,0.1,2.6738,70230.91,26794.411,3.636,3.84,3.75,3.86,3.72
600423.SH,20220524,3.81,3.85,3.62,3.63,3.84,-0.21,-5.4688,81680.0,30501.824,3.636,3.63,3.81,3.85,3.62
600423.SH,20220525,3.65,3.78,3.62,3.76,3.63,0.13,3.5813,72280.0,26793.864,3.636,3.76,3.65,3.78,3.62
600423.SH,20220526,3.77,3.8,3.69,3.78,3.76,0.02,0.5319,52302.0,19600.997,3.636,3.78,3.77,3.8,3.69
600423.SH,20220527,3.76,3.8,3.71,3.78,3.78,0.0,0.0,51588.0,19400.092,3.636,3.78,3.76,3.8,3.71
600423.SH,20220530,3.75,4.06,3.73,3.87,3.78,0.09,2.381,112934.6,43573.927,3.636,3.87,3.75,4.06,3.73
600423.SH,20220531,3.82,3.93,3.81,3.87,3.87,0.0,0.0,74840.6,28971.829,3.636,3.87,3.82,3.93,3.81
600423.SH,20220601,3.83,3.89,3.82,3.88,3.87,0.01,0.2584,43328.0,16749.391,3.636,3.88,3.83,3.89,3.82
600423.SH,20220602,3.87,3.88,3.82,3.87,3.88,-0.01,-0.2577,32632.0,12553.771,3.636,3.87,3.87,3.88,3.82
600423.SH,20220606,3.85,3.89,3.83,3.89,3.87,0.02,0.5168,52624.0,20327.006,3.636,3.89,3.85,3.89,3.83
600423.SH,20220607,3.88,3.94,3.78,3.92,3.89,0.03,0.7712,68917.0,26711.542,3.636,3.92,3.88,3.94,3.78
600423.SH,20220608,3.89,3.94,3.81,3.88,3.92,-0.04,-1.0204,51367.0,19909.167,3.636,3.88,3.89,3.94,3.81
600423.SH,20220609,3.88,3.9,3.78,3.79,3.88,-0.09,-2.3196,53868.0,20597.144,3.636,3.79,3.88,3.9,3.78
600423.SH,20220610,3.79,3.92,3.75,3.88,3.79,0.09,2.3747,64545.01,24928.241,3.636,3.88,3.79,3.92,3.75
600423.SH,20220613,3.87,3.93,3.82,3.87,3.88,-0.01,-0.2577,53552.72,20699.523,3.636,3.87,3.87,3.93,3.82
600423.SH,20220614,3.84,4.03,3.79,3.92,3.87,0.05,1.292,96497.5,37632.879,3.636,3.92,3.84,4.03,3.79
600423.SH,20220615,3.92,3.97,3.83,3.84,3.92,-0.08,-2.0408,83227.01,32271.644,3.636,3.84,3.92,3.97,3.83
600423.SH,20220616,3.87,3.87,3.79,3.86,3.84,0.02,0.5208,64932.5,24828.289,3.636,3.86,3.87,3.87,3.79
600423.SH,20220617,3.82,3.85,3.78,3.83,3.86,-0.03,-0.7772,44206.01,16850.645,3.636,3.83,3.82,3.85,3.78
600423.SH,20220620,3.83,3.83,3.74,3.82,3.83,-0.01,-0.2611,55882.0,21188.266,3.636,3.82,3.83,3.83,3.74
600423.SH,20220621,3.82,3.83,3.73,3.76,3.82,-0.06,-1.5707,44473.0,16768.96,3.636,3.76,3.82,3.83,3.73
600423.SH,20220622,3.76,3.81,3.71,3.75,3.76,-0.01,-0.266,46257.02,17405.155,3.636,3.75,3.76,3.81,3.71
600423.SH,20220623,3.73,3.76,3.68,3.75,3.75,0.0,0.0,49388.19,18378.691,3.636,3.75,3.73,3.76,3.68
600423.SH,20220624,3.75,3.83,3.75,3.82,3.75,0.07,1.8667,46419.5,17623.382,3.636,3.82,3.75,3.83,3.75
600423.SH,20220627,3.82,3.83,3.78,3.8,3.82,-0.02,-0.5236,43695.46,16615.692,3.636,3.8,3.82,3.83,3.78
600423.SH,20220628,3.8,3.87,3.75,3.83,3.8,0.03,0.7895,56355.1,21538.594,3.636,3.83,3.8,3.87,3.75
600423.SH,20220629,3.83,3.85,3.74,3.76,3.83,-0.07,-1.8277,47473.0,18033.014,3.636,3.76,3.83,3.85,3.74
600423.SH,20220630,3.76,3.8,3.72,3.75,3.76,-0.01,-0.266,51023.04,19098.419,3.636,3.75,3.76,3.8,3.72
600423.SH,20220701,3.77,3.85,3.7,3.81,3.75,0.06,1.6,66290.21,25049.938,3.636,3.81,3.77,3.85,3.7
600423.SH,20220704,3.79,3.81,3.72,3.76,3.81,-0.05,-1.3123,45481.0,17061.051,3.636,3.76,3.79,3.81,3.72
600423.SH,20220705,3.78,3.85,3.72,3.82,3.76,0.06,1.5957,66164.0,25075.811,3.636,3.82,3.78,3.85,3.72
600423.SH,20220706,3.81,3.82,3.74,3.76,3.82,-0.06,-1.5707,51470.0,19449.911,3.636,3.76,3.81,3.82,3.74
600423.SH,20220707,3.8,3.8,3.71,3.77,3.76,0.01,0.266,42275.04,15903.979,3.636,3.77,3.8,3.8,3.71
600423.SH,20220708,3.77,3.79,3.73,3.74,3.77,-0.03,-0.7958,39664.0,14868.997,3.636,3.74,3.77,3.79,3.73
600423.SH,20220711,3.72,3.74,3.56,3.63,3.74,-0.11,-2.9412,71220.0,25795.692,3.636,3.63,3.72,3.74,3.56
600423.SH,20220712,3.65,3.65,3.54,3.57,3.63,-0.06,-1.6529,47136.0,16882.184,3.636,3.57,3.65,3.65,3.54
600423.SH,20220713,3.57,3.63,3.5,3.6,3.57,0.03,0.8403,49547.32,17719.049,3.636,3.6,3.57,3.63,3.5
600423.SH,20220714,3.62,3.63,3.49,3.53,3.6,-0.07,-1.9444,54691.0,19318.283,3.636,3.53,3.62,3.63,3.49
600423.SH,20220715,3.49,3.52,3.42,3.49,3.53,-0.04,-1.1331,49449.0,17183.109,3.636,3.49,3.49,3.52,3.42
600423.SH,20220718,3.45,3.62,3.43,3.6,3.49,0.11,3.1519,48181.4,17190.139,3.636,3.6,3.45,3.62,3.43
600423.SH,20220719,3.58,3.7,3.58,3.67,3.6,0.07,1.9444,35837.0,13126.596,3.636,3.67,3.58,3.7,3.58
600423.SH,20220720,3.68,3.72,3.65,3.67,3.67,0.0,0.0,25048.92,9200.781,3.636,3.67,3.68,3.72,3.65
600423.SH,20220721,3.67,3.69,3.64,3.66,3.67,-0.01,-0.2725,22281.67,8167.971,3.636,3.6600000000000006,3.67,3.69,3.64
600423.SH,20220722,3.65,3.68,3.6,3.65,3.66,-0.01,-0.2732,31316.0,11408.332,3.636,3.65,3.65,3.68,3.6
600423.SH,20220725,3.65,3.69,3.62,3.64,3.65,-0.01,-0.274,26892.0,9819.688,3.636,3.64,3.65,3.69,3.62
600423.SH,20220726,3.66,3.67,3.59,3.66,3.64,0.02,0.5495,24122.0,8757.233,3.636,3.6600000000000006,3.6600000000000006,3.67,3.59
600423.SH,20220727,3.65,3.71,3.63,3.68,3.66,0.02,0.5464,36459.01,13415.116,3.636,3.68,3.65,3.71,3.63
600423.SH,20220728,3.68,3.85,3.68,3.78,3.68,0.1,2.7174,64691.0,24452.157,3.636,3.78,3.68,3.85,3.68
600423.SH,20220729,3.77,3.97,3.75,3.86,3.78,0.08,2.1164,112759.55,43706.697,3.636,3.86,3.77,3.97,3.75
600423.SH,20220801,3.86,3.94,3.84,3.91,3.86,0.05,1.2953,70999.0,27590.33,3.636,3.91,3.86,3.94,3.84
600423.SH,20220802,3.89,3.9,3.66,3.7,3.91,-0.21,-5.3708,78128.0,29301.29,3.636,3.7,3.89,3.9,3.6600000000000006
600423.SH,20220803,3.71,3.78,3.57,3.57,3.7,-0.13,-3.5135,64698.0,23780.736,3.636,3.57,3.71,3.78,3.57
600423.SH,20220804,3.58,3.71,3.58,3.71,3.57,0.14,3.9216,43371.0,15833.642,3.636,3.71,3.58,3.71,3.58
600423.SH,20220805,3.71,3.73,3.61,3.67,3.71,-0.04,-1.0782,37349.0,13642.461,3.636,3.67,3.71,3.73,3.61
600423.SH,20220808,3.65,3.7,3.63,3.69,3.67,0.02,0.545,32858.0,12064.373,3.636,3.69,3.65,3.7,3.63
600423.SH,20220809,3.68,3.71,3.64,3.64,3.69,-0.05,-1.355,29571.45,10844.59,3.636,3.64,3.68,3.71,3.64
600423.SH,20220810,3.64,3.69,3.6,3.66,3.64,0.02,0.5495,25017.5,9128.121,3.636,3.6600000000000006,3.64,3.69,3.6
600423.SH,20220811,3.68,3.76,3.66,3.72,3.66,0.06,1.6393,44905.0,16706.141,3.636,3.72,3.68,3.76,3.6600000000000006
600423.SH,20220812,3.75,3.88,3.71,3.8,3.72,0.08,2.1505,71782.95,27432.616,3.636,3.8,3.75,3.88,3.71
600423.SH,20220815,3.8,3.8,3.72,3.76,3.8,-0.04,-1.0526,47296.0,17792.331,3.636,3.76,3.8,3.8,3.72
600423.SH,20220816,3.79,3.91,3.75,3.83,3.76,0.07,1.8617,57089.0,21859.193,3.636,3.83,3.79,3.91,3.75
600423.SH,20220817,3.81,3.87,3.8,3.82,3.83,-0.01,-0.2611,36581.4,13983.815,3.636,3.82,3.81,3.87,3.8
600423.SH,20220818,3.8,3.83,3.75,3.76,3.82,-0.06,-1.5707,37359.5,14089.633,3.636,3.76,3.8,3.83,3.75
600423.SH,20220819,3.75,3.82,3.73,3.76,3.76,0.0,0.0,38922.0,14644.686,3.636,3.76,3.75,3.82,3.73
600423.SH,20220822,3.78,3.79,3.7,3.77,3.76,0.01,0.266,32876.0,12281.136,3.636,3.77,3.78,3.79,3.7
600423.SH,20220823,3.77,3.85,3.74,3.82,3.77,0.05,1.3263,48117.92,18258.597,3.636,3.82,3.77,3.85,3.74
600423.SH,20220824,3.82,3.9,3.78,3.87,3.82,0.05,1.3089,99737.51,38358.674,3.636,3.87,3.82,3.9,3.78
600423.SH,20220825,3.86,3.86,3.74,3.84,3.87,-0.03,-0.7752,60724.42,23087.262,3.636,3.84,3.86,3.86,3.74
600423.SH,20220826,3.84,3.92,3.82,3.85,3.84,0.01,0.2604,54355.01,21000.143,3.636,3.85,3.84,3.92,3.82
600423.SH,20220829,3.81,3.88,3.77,3.85,3.85,0.0,0.0,44106.0,16896.19,3.636,3.85,3.81,3.88,3.77
600423.SH,20220830,3.85,3.9,3.78,3.84,3.85,-0.01,-0.2597,38006.0,14581.825,3.636,3.84,3.85,3.9,3.78
600423.SH,20220831,3.84,3.84,3.73,3.74,3.84,-0.1,-2.6042,50452.0,18960.164,3.636,3.74,3.84,3.84,3.73
600423.SH,20220901,3.74,3.76,3.7,3.71,3.74,-0.03,-0.8021,34685.5,12938.366,3.636,3.71,3.74,3.76,3.7
600423.SH,20220902,3.71,3.84,3.71,3.83,3.71,0.12,3.2345,65556.0,24881.6,3.636,3.83,3.71,3.84,3.71
600423.SH,20220905,3.83,3.91,3.8,3.89,3.83,0.06,1.5666,62143.5,24077.556,3.636,3.89,3.83,3.91,3.8
600423.SH,20220906,3.91,4.05,3.89,4.0,3.89,0.11,2.8278,119376.5,47562.515,3.636,4.0,3.91,4.05,3.89
600423.SH,20220907,4.0,4.07,3.97,4.0,4.0,0.0,0.0,57265.0,22916.231,3.636,4.0,4.0,4.07,3.97
600423.SH,20220908,4.02,4.03,3.95,3.98,4.0,-0.02,-0.5,41673.0,16576.887,3.636,3.98,4.02,4.03,3.95
600423.SH,20220909,3.98,4.01,3.92,3.96,3.98,-0.02,-0.5025,36254.0,14348.679,3.636,3.96,3.98,4.01,3.92
600423.SH,20220913,3.98,4.0,3.91,3.92,3.96,-0.04,-1.0101,42304.0,16647.896,3.636,3.92,3.98,4.0,3.91
600423.SH,20220914,3.92,3.92,3.84,3.87,3.92,-0.05,-1.2755,40073.0,15500.159,3.636,3.87,3.92,3.92,3.84
600423.SH,20220915,3.89,3.9,3.73,3.77,3.87,-0.1,-2.584,49134.01,18618.237,3.636,3.77,3.89,3.9,3.73
600423.SH,20220916,3.78,3.78,3.65,3.67,3.77,-0.1,-2.6525,51879.0,19165.368,3.636,3.67,3.78,3.78,3.65
600423.SH,20220919,3.67,3.7,3.55,3.59,3.67,-0.08,-2.1798,34096.0,12292.277,3.636,3.59,3.67,3.7,3.55
600423.SH,20220920,3.59,3.65,3.57,3.6,3.59,0.01,0.2786,31073.0,11182.784,3.636,3.6,3.59,3.65,3.57
600423.SH,20220921,3.59,3.67,3.53,3.65,3.6,0.05,1.3889,39592.01,14307.651,3.636,3.65,3.59,3.67,3.53
600423.SH,20220922,3.66,3.68,3.59,3.6,3.65,-0.05,-1.3699,28578.01,10344.291,3.636,3.6,3.6600000000000006,3.68,3.59
600423.SH,20220923,3.61,3.61,3.51,3.55,3.6,-0.05,-1.3889,40050.0,14233.241,3.636,3.55,3.61,3.61,3.51
600423.SH,20220926,3.55,3.55,3.41,3.44,3.55,-0.11,-3.0986,41265.71,14325.321,3.636,3.44,3.55,3.55,3.41
600423.SH,20220927,3.45,3.49,3.39,3.49,3.44,0.05,1.4535,27876.0,9627.907,3.636,3.49,3.45,3.49,3.39
600423.SH,20220928,3.49,3.49,3.38,3.38,3.49,-0.11,-3.1519,24969.52,8535.709,3.636,3.38,3.49,3.49,3.38
600423.SH,20220929,3.41,3.44,3.33,3.37,3.38,-0.01,-0.2959,28426.0,9595.018,3.636,3.37,3.41,3.44,3.3300000000000005
600423.SH,20220930,3.37,3.42,3.34,3.37,3.37,0.0,0.0,26122.0,8800.196,3.636,3.37,3.37,3.42,3.34
600423.SH,20221010,3.38,3.42,3.27,3.3,3.37,-0.07,-2.0772,37476.51,12502.482,3.636,3.3,3.38,3.42,3.27
600423.SH,20221011,3.3,3.33,3.2,3.33,3.3,0.03,0.9091,31103.0,10186.878,3.636,3.3300000000000005,3.3,3.3300000000000005,3.2
600423.SH,20221012,3.33,3.35,3.25,3.35,3.33,0.02,0.6006,24571.0,8119.354,3.636,3.35,3.3300000000000005,3.35,3.25
600423.SH,20221013,3.36,3.38,3.3,3.35,3.35,0.0,0.0,26005.0,8681.657,3.636,3.35,3.36,3.38,3.3
600423.SH,20221014,3.35,3.43,3.32,3.41,3.35,0.06,1.791,32099.5,10915.36,3.636,3.41,3.35,3.43,3.32
600423.SH,20221017,3.41,3.45,3.38,3.44,3.41,0.03,0.8798,29025.0,9929.332,3.636,3.44,3.41,3.45,3.38
600423.SH,20221018,3.47,3.47,3.39,3.42,3.44,-0.02,-0.5814,28186.0,9672.81,3.636,3.42,3.47,3.47,3.39
600423.SH,20221019,3.42,3.43,3.34,3.36,3.42,-0.06,-1.7544,25006.01,8438.668,3.636,3.36,3.42,3.43,3.34
600423.SH,20221020,3.35,3.37,3.29,3.36,3.36,0.0,0.0,29557.0,9867.591,3.636,3.36,3.35,3.37,3.29
600423.SH,20221021,3.36,3.37,3.31,3.32,3.36,-0.04,-1.1905,20368.0,6790.644,3.636,3.32,3.36,3.37,3.31
600423.SH,20221024,3.32,3.37,3.24,3.25,3.32,-0.07,-2.1084,33592.0,11072.748,3.636,3.25,3.32,3.37,3.24
600423.SH,20221025,3.25,3.3,3.16,3.25,3.25,0.0,0.0,38057.0,12203.28,3.636,3.25,3.25,3.3,3.16
600423.SH,20221026,3.22,3.3,3.22,3.26,3.25,0.01,0.3077,30502.0,9939.416,3.636,3.26,3.22,3.3,3.22
600423.SH,20221027,3.27,3.29,3.23,3.24,3.26,-0.02,-0.6135,40703.01,13258.476,3.636,3.24,3.27,3.29,3.23
600423.SH,20221028,3.24,3.25,3.07,3.09,3.24,-0.15,-4.6296,51477.01,16118.669,3.636,3.09,3.24,3.25,3.0700000000000003
600423.SH,20221031,3.14,3.16,3.08,3.12,3.09,0.03,0.9709,42492.0,13282.839,3.636,3.12,3.14,3.16,3.08
600423.SH,20221101,3.12,3.24,3.12,3.24,3.12,0.12,3.8462,35775.54,11446.719,3.636,3.24,3.12,3.24,3.12
600423.SH,20221102,3.27,3.27,3.2,3.23,3.24,-0.01,-0.3086,36861.52,11886.871,3.636,3.23,3.27,3.27,3.2
600423.SH,20221103,3.23,3.28,3.22,3.25,3.23,0.02,0.6192,27278.69,8864.214,3.636,3.25,3.23,3.28,3.22
600423.SH,20221104,3.3,3.31,3.25,3.27,3.25,0.02,0.6154,35558.41,11640.512,3.636,3.27,3.3,3.31,3.25
600423.SH,20221107,3.29,3.35,3.28,3.34,3.27,0.07,2.1407,39815.42,13257.632,3.636,3.34,3.29,3.35,3.28
600423.SH,20221108,3.35,3.36,3.31,3.36,3.34,0.02,0.5988,26132.01,8736.902,3.636,3.36,3.35,3.36,3.31
600423.SH,20221109,3.39,3.4,3.34,3.36,3.36,0.0,0.0,27052.03,9119.881,3.636,3.36,3.39,3.4000000000000004,3.34
600423.SH,20221110,3.35,3.38,3.33,3.37,3.36,0.01,0.2976,25592.0,8598.492,3.636,3.37,3.35,3.38,3.3300000000000005
600423.SH,20221111,3.41,3.43,3.37,3.4,3.37,0.03,0.8902,43462.01,14780.597,3.636,3.4000000000000004,3.41,3.43,3.37
600423.SH,20221114,3.39,3.45,3.35,3.43,3.4,0.03,0.8824,38334.0,13107.755,3.636,3.43,3.39,3.45,3.35
600423.SH,20221115,3.41,3.46,3.41,3.46,3.43,0.03,0.8746,28665.0,9859.088,3.636,3.46,3.41,3.46,3.41
600423.SH,20221116,3.46,3.48,3.44,3.46,3.46,0.0,0.0,27316.02,9453.344,3.636,3.46,3.46,3.48,3.44
600423.SH,20221117,3.49,3.51,3.45,3.5,3.46,0.04,1.1561,35105.94,12256.63,3.636,3.5,3.49,3.51,3.45
600423.SH,20221118,3.5,3.59,3.44,3.45,3.5,-0.05,-1.4286,37240.45,13044.473,3.636,3.45,3.5,3.59,3.44
600423.SH,20221121,3.49,3.51,3.4,3.49,3.45,0.04,1.1594,39811.94,13794.189,3.636,3.49,3.49,3.51,3.4000000000000004
600423.SH,20221122,3.5,3.52,3.43,3.47,3.49,-0.02,-0.5731,33505.0,11655.982,3.636,3.47,3.5,3.52,3.43
600423.SH,20221123,3.48,3.48,3.4,3.43,3.47,-0.04,-1.1527,30877.74,10575.351,3.636,3.43,3.48,3.48,3.4000000000000004
600423.SH,20221124,3.43,3.46,3.41,3.44,3.43,0.01,0.2915,23587.01,8106.781,3.636,3.44,3.43,3.46,3.41
600423.SH,20221125,3.46,3.54,3.42,3.43,3.44,-0.01,-0.2907,41084.01,14227.376,3.636,3.43,3.46,3.54,3.42
600423.SH,20221128,3.46,3.46,3.37,3.42,3.43,-0.01,-0.2915,35603.0,12118.818,3.636,3.42,3.46,3.46,3.37
600423.SH,20221129,3.42,3.48,3.4,3.47,3.42,0.05,1.462,28060.0,9671.403,3.636,3.47,3.42,3.48,3.4000000000000004
600423.SH,20221130,3.47,3.49,3.43,3.45,3.47,-0.02,-0.5764,25711.0,8899.324,3.636,3.45,3.47,3.49,3.43
600423.SH,20221201,3.48,3.56,3.46,3.48,3.45,0.03,0.8696,29841.2,10431.889,3.636,3.48,3.48,3.56,3.46
600423.SH,20221202,3.49,3.53,3.44,3.52,3.48,0.04,1.1494,22519.94,7868.762,3.636,3.52,3.49,3.53,3.44
600423.SH,20221205,3.52,3.56,3.49,3.54,3.52,0.02,0.5682,32901.0,11609.844,3.636,3.54,3.52,3.56,3.49
600423.SH,20221206,3.53,3.54,3.5,3.52,3.54,-0.02,-0.565,24784.0,8725.763,3.636,3.52,3.53,3.54,3.5
600423.SH,20221207,3.51,3.54,3.48,3.52,3.52,0.0,0.0,33717.0,11807.314,3.636,3.52,3.51,3.54,3.48
600423.SH,20221208,3.52,3.64,3.48,3.6,3.52,0.08,2.2727,78741.0,28232.79,3.636,3.6,3.52,3.64,3.48
600423.SH,20221209,3.59,3.59,3.5,3.53,3.6,-0.07,-1.9444,52333.01,18471.506,3.636,3.53,3.59,3.59,3.5
600423.SH,20221212,3.53,3.53,3.42,3.46,3.53,-0.07,-1.983,54566.53,18882.508,3.636,3.46,3.53,3.53,3.42
600423.SH,20221213,3.47,3.52,3.45,3.48,3.46,0.02,0.578,37943.18,13221.625,3.636,3.48,3.47,3.52,3.45
600423.SH,20221214,3.46,3.82,3.46,3.67,3.48,0.19,5.4598,167578.0,61054.674,3.636,3.67,3.46,3.82,3.46
600423.SH,20221215,3.59,3.66,3.55,3.59,3.67,-0.08,-2.1798,102576.02,36836.456,3.636,3.59,3.59,3.6600000000000006,3.55
600423.SH,20221216,3.62,3.62,3.55,3.58,3.59,-0.01,-0.2786,61083.0,21855.708,3.636,3.58,3.62,3.62,3.55
600423.SH,20221219,3.57,3.59,3.41,3.45,3.58,-0.13,-3.6313,62192.56,21598.26,3.636,3.45,3.57,3.59,3.41
600423.SH,20221220,3.5,3.5,3.38,3.42,3.45,-0.03,-0.8696,40873.0,13932.798,3.636,3.42,3.5,3.5,3.38
600423.SH,20221221,3.39,3.42,3.35,3.39,3.42,-0.03,-0.8772,29365.0,9912.249,3.636,3.39,3.39,3.42,3.35
600423.SH,20221222,3.38,3.42,3.31,3.33,3.39,-0.06,-1.7699,29400.53,9904.998,3.636,3.3300000000000005,3.38,3.42,3.31
600423.SH,20221223,3.26,3.36,3.26,3.33,3.33,0.0,0.0,22243.02,7398.24,3.636,3.3300000000000005,3.26,3.36,3.26
600423.SH,20221226,3.39,3.39,3.29,3.3,3.33,-0.03,-0.9009,30509.02,10128.906,3.636,3.3,3.39,3.39,3.29
600423.SH,20221227,3.3,3.37,3.29,3.35,3.3,0.05,1.5152,37499.0,12472.704,3.636,3.35,3.3,3.37,3.29
600423.SH,20221228,3.36,3.38,3.33,3.37,3.35,0.02,0.597,28008.21,9393.059,3.636,3.37,3.36,3.38,3.3300000000000005
600423.SH,20221229,3.36,3.39,3.35,3.36,3.37,-0.01,-0.2967,28216.4,9506.528,3.636,3.36,3.36,3.39,3.35
600423.SH,20221230,3.37,3.45,3.34,3.43,3.36,0.07,2.0833,33924.0,11532.291,3.636,3.43,3.37,3.45,3.34
600423.SH,20230103,3.43,3.51,3.42,3.47,3.43,0.04,1.1662,33076.0,11467.204,3.636,3.47,3.43,3.51,3.42
600423.SH,20230104,3.47,3.53,3.46,3.49,3.47,0.02,0.5764,29284.18,10254.972,3.636,3.49,3.47,3.53,3.46
600423.SH,20230105,3.52,3.52,3.42,3.45,3.49,-0.04,-1.1461,29699.0,10242.007,3.636,3.45,3.52,3.52,3.42
600423.SH,20230106,3.47,3.47,3.37,3.4,3.45,-0.05,-1.4493,26765.0,9102.116,3.636,3.4000000000000004,3.47,3.47,3.37
600423.SH,20230109,3.45,3.45,3.37,3.39,3.4,-0.01,-0.2941,20824.0,7063.484,3.636,3.39,3.45,3.45,3.37
600423.SH,20230110,3.39,3.43,3.3,3.32,3.39,-0.07,-2.0649,25643.0,8537.431,3.636,3.32,3.39,3.43,3.3
600423.SH,20230111,3.3,3.33,3.28,3.3,3.32,-0.02,-0.6024,24346.0,8043.071,3.636,3.3,3.3,3.3300000000000005,3.28
600423.SH,20230112,3.28,3.3,3.23,3.3,3.3,0.0,0.0,28892.01,9444.389,3.636,3.3,3.28,3.3,3.23
600423.SH,20230113,3.3,3.31,3.26,3.29,3.3,-0.01,-0.303,18553.0,6089.715,3.636,3.29,3.3,3.31,3.26
600423.SH,20230116,3.3,3.34,3.29,3.33,3.29,0.04,1.2158,21941.0,7268.219,3.636,3.3300000000000005,3.3,3.34,3.29
600423.SH,20230117,3.33,3.33,3.28,3.32,3.33,-0.01,-0.3003,20356.0,6734.49,3.636,3.32,3.3300000000000005,3.3300000000000005,3.28
600423.SH,20230118,3.3,3.38,3.3,3.36,3.32,0.04,1.2048,24336.0,8158.168,3.636,3.36,3.3,3.38,3.3
600423.SH,20230119,3.36,3.38,3.33,3.37,3.36,0.01,0.2976,19566.0,6552.271,3.636,3.37,3.36,3.38,3.3300000000000005
600423.SH,20230120,3.37,3.41,3.35,3.4,3.37,0.03,0.8902,24904.0,8422.187,3.636,3.4000000000000004,3.37,3.41,3.35
600423.SH,20230130,3.45,3.48,3.42,3.46,3.4,0.06,1.7647,35897.0,12393.975,3.636,3.46,3.45,3.48,3.42
600423.SH,20230131,3.46,3.6,3.43,3.55,3.46,0.09,2.6012,65437.96,23116.824,3.636,3.55,3.46,3.6,3.43
600423.SH,20230201,3.57,3.67,3.52,3.63,3.55,0.08,2.2535,78393.97,28336.707,3.636,3.63,3.57,3.67,3.52
600423.SH,20230202,3.65,3.65,3.6,3.63,3.63,0.0,0.0,50481.51,18295.759,3.636,3.63,3.65,3.65,3.6
600423.SH,20230203,3.65,3.65,3.59,3.63,3.63,0.0,0.0,44288.0,16049.711,3.636,3.63,3.65,3.65,3.59
600423.SH,20230206,3.61,3.63,3.57,3.6,3.63,-0.03,-0.8264,42406.51,15258.383,3.636,3.6,3.61,3.63,3.57
600423.SH,20230207,3.61,3.62,3.57,3.62,3.6,0.02,0.5556,30389.28,10918.794,3.636,3.62,3.61,3.62,3.57
600423.SH,20230208,3.63,3.65,3.6,3.61,3.62,-0.01,-0.2762,30539.57,11059.459,3.636,3.61,3.63,3.65,3.6
600423.SH,20230209,3.62,3.63,3.57,3.6,3.61,-0.01,-0.277,29416.97,10583.557,3.636,3.6,3.62,3.63,3.57
600423.SH,20230210,3.69,3.77,3.62,3.7,3.6,0.1,2.7778,111000.29,41033.634,3.636,3.7,3.69,3.77,3.62
600423.SH,20230213,3.68,3.7,3.63,3.67,3.7,-0.03,-0.8108,61378.0,22508.634,3.636,3.67,3.68,3.7,3.63
600423.SH,20230214,3.7,3.7,3.62,3.64,3.67,-0.03,-0.8174,29742.0,10852.106,3.636,3.64,3.7,3.7,3.62
600423.SH,20230215,3.64,3.66,3.59,3.61,3.64,-0.03,-0.8242,30560.3,11046.598,3.636,3.61,3.64,3.6600000000000006,3.59
600423.SH,20230216,3.61,3.66,3.51,3.56,3.61,-0.05,-1.385,51198.0,18323.695,3.636,3.56,3.61,3.6600000000000006,3.51
600423.SH,20230217,3.54,3.61,3.54,3.58,3.56,0.02,0.5618,42024.0,15055.23,3.636,3.58,3.54,3.61,3.54
600423.SH,20230220,3.58,3.65,3.52,3.57,3.58,-0.01,-0.2793,37492.52,13334.046,3.636,3.57,3.58,3.65,3.52
600423.SH,20230221,3.59,3.62,3.55,3.58,3.57,0.01,0.2801,35869.52,12862.28,3.636,3.58,3.59,3.62,3.55
600423.SH,20230222,3.59,3.59,3.54,3.56,3.58,-0.02,-0.5587,24292.0,8651.035,3.636,3.56,3.59,3.59,3.54
600423.SH,20230223,3.59,3.59,3.53,3.54,3.56,-0.02,-0.5618,30478.01,10852.286,3.636,3.54,3.59,3.59,3.53
600423.SH,20230224,3.55,3.57,3.51,3.55,3.54,0.01,0.2825,20120.0,7117.776,3.636,3.55,3.55,3.57,3.51
600423.SH,20230227,3.55,3.57,3.52,3.54,3.55,-0.01,-0.2817,28475.01,10093.51,3.636,3.54,3.55,3.57,3.52
600423.SH,20230228,3.55,3.62,3.49,3.55,3.54,0.01,0.2825,43577.0,15409.827,3.636,3.55,3.55,3.62,3.49
600423.SH,20230301,3.55,3.59,3.55,3.58,3.55,0.03,0.8451,27949.0,9989.78,3.636,3.58,3.55,3.59,3.55
600423.SH,20230302,3.59,3.59,3.54,3.55,3.58,-0.03,-0.838,30336.0,10799.839,3.636,3.55,3.59,3.59,3.54
600423.SH,20230303,3.57,3.59,3.53,3.57,3.55,0.02,0.5634,25384.0,9036.209,3.636,3.57,3.57,3.59,3.53
600423.SH,20230306,3.57,3.59,3.52,3.55,3.57,-0.02,-0.5602,27513.2,9746.213,3.636,3.55,3.57,3.59,3.52
600423.SH,20230307,3.54,3.56,3.49,3.49,3.55,-0.06,-1.6901,44700.02,15744.273,3.636,3.49,3.54,3.56,3.49
600423.SH,20230308,3.48,3.54,3.47,3.53,3.49,0.04,1.1461,25068.02,8792.196,3.636,3.53,3.48,3.54,3.47
600423.SH,20230309,3.53,3.54,3.48,3.53,3.53,0.0,0.0,23953.0,8402.3,3.636,3.53,3.53,3.54,3.48
600423.SH,20230310,3.53,3.67,3.5,3.62,3.53,0.09,2.5496,91460.16,32987.77,3.636,3.62,3.53,3.67,3.5
600423.SH,20230313,3.59,3.63,3.5,3.63,3.62,0.01,0.2762,86873.01,30949.433,3.636,3.63,3.59,3.63,3.5
600423.SH,20230314,3.62,3.69,3.54,3.58,3.63,-0.05,-1.3774,103173.0,37304.189,3.636,3.58,3.62,3.69,3.54
600423.SH,20230315,3.61,3.72,3.54,3.67,3.58,0.09,2.514,83076.01,30293.882,3.636,3.67,3.61,3.72,3.54
600423.SH,20230316,3.68,3.69,3.59,3.59,3.67,-0.08,-2.1798,63584.0,23136.311,3.636,3.59,3.68,3.69,3.59
600423.SH,20230317,3.64,3.66,3.55,3.58,3.59,-0.01,-0.2786,52080.18,18816.523,3.636,3.58,3.64,3.6600000000000006,3.55
600423.SH,20230320,3.62,3.69,3.57,3.6,3.58,0.02,0.5587,61696.0,22299.624,3.636,3.6,3.62,3.69,3.57
600423.SH,20230321,3.6,3.63,3.55,3.61,3.6,0.01,0.2778,32079.18,11520.463,3.636,3.61,3.6,3.63,3.55
600423.SH,20230322,3.62,3.63,3.58,3.6,3.61,-0.01,-0.277,27887.5,10016.746,3.636,3.6,3.62,3.63,3.58
600423.SH,20230323,3.6,3.6,3.52,3.54,3.6,-0.06,-1.6667,37963.0,13432.047,3.636,3.54,3.6,3.6,3.52
600423.SH,20230324,3.54,3.55,3.44,3.46,3.54,-0.08,-2.2599,47121.81,16346.388,3.636,3.46,3.54,3.55,3.44
600423.SH,20230327,3.45,3.47,3.38,3.42,3.46,-0.04,-1.1561,40589.0,13869.86,3.636,3.42,3.45,3.47,3.38
600423.SH,20230328,3.44,3.44,3.38,3.41,3.42,-0.01,-0.2924,30050.61,10228.503,3.636,3.41,3.44,3.44,3.38
600423.SH,20230329,3.41,3.42,3.33,3.36,3.41,-0.05,-1.4663,40090.0,13475.357,3.636,3.36,3.41,3.42,3.3300000000000005
600423.SH,20230330,3.34,3.37,3.28,3.32,3.36,-0.04,-1.1905,33118.0,10961.605,3.636,3.32,3.34,3.37,3.28
600423.SH,20230331,3.29,3.34,3.28,3.32,3.32,0.0,0.0,31820.0,10548.182,3.636,3.32,3.29,3.34,3.28
600423.SH,20230403,3.32,3.35,3.31,3.34,3.32,0.02,0.6024,28822.97,9603.09,3.636,3.34,3.32,3.35,3.31
600423.SH,20230404,3.35,3.35,3.23,3.24,3.34,-0.1,-2.994,46758.0,15295.35,3.636,3.24,3.35,3.35,3.23
600423.SH,20230406,3.25,3.3,3.2,3.27,3.24,0.03,0.9259,38808.52,12609.427,3.636,3.27,3.25,3.3,3.2
600423.SH,20230407,3.27,3.28,3.24,3.26,3.27,-0.01,-0.3058,30167.1,9815.728,3.636,3.26,3.27,3.28,3.24
600423.SH,20230410,3.26,3.26,3.18,3.21,3.26,-0.05,-1.5337,54787.0,17588.628,3.636,3.21,3.26,3.26,3.18
600423.SH,20230411,3.21,3.22,3.14,3.21,3.21,0.0,0.0,52630.0,16711.725,3.636,3.21,3.21,3.22,3.14
600423.SH,20230412,3.19,3.28,3.18,3.23,3.21,0.02,0.6231,33040.0,10669.869,3.636,3.23,3.19,3.28,3.18
600423.SH,20230413,3.23,3.24,3.2,3.24,3.23,0.01,0.3096,21847.39,7051.017,3.636,3.24,3.23,3.24,3.2
600423.SH,20230414,3.24,3.25,3.2,3.2,3.24,-0.04,-1.2346,27078.0,8707.278,3.636,3.2,3.24,3.25,3.2
600423.SH,20230417,3.22,3.27,3.2,3.25,3.2,0.05,1.5625,36727.6,11896.7,3.636,3.25,3.22,3.27,3.2
600423.SH,20230418,3.25,3.27,3.2,3.22,3.25,-0.03,-0.9231,26337.0,8468.452,3.636,3.22,3.25,3.27,3.2
600423.SH,20230419,3.24,3.24,3.17,3.17,3.22,-0.05,-1.5528,32275.0,10289.045,3.636,3.17,3.24,3.24,3.17
600423.SH,20230420,3.17,3.19,3.14,3.17,3.17,0.0,0.0,34692.0,10986.951,3.636,3.17,3.17,3.19,3.14
600423.SH,20230421,3.17,3.19,3.09,3.1,3.17,-0.07,-2.2082,40052.0,12542.63,3.636,3.1,3.17,3.19,3.09
600423.SH,20230424,3.1,3.12,3.05,3.09,3.1,-0.01,-0.3226,35398.5,10910.561,3.636,3.09,3.1,3.12,3.05
600423.SH,20230425,3.13,3.13,3.0,3.05,3.09,-0.04,-1.2945,38840.52,11795.392,3.636,3.05,3.13,3.13,3.0000000000000004
600423.SH,20230426,3.04,3.08,3.01,3.08,3.05,0.03,0.9836,22952.5,7031.81,3.636,3.08,3.04,3.08,3.01
600423.SH,20230427,3.09,3.12,3.06,3.08,3.08,0.0,0.0,22598.0,6980.964,3.636,3.08,3.09,3.12,3.06
600423.SH,20230428,3.09,3.17,3.07,3.16,3.08,0.08,2.5974,26549.0,8328.501,3.636,3.16,3.09,3.17,3.0700000000000003
600423.SH,20230504,3.22,3.28,3.19,3.21,3.16,0.05,1.5823,63291.0,20428.998,3.636,3.21,3.22,3.28,3.19
600423.SH,20230505,3.2,3.24,3.16,3.17,3.21,-0.04,-1.2461,30906.0,9828.738,3.636,3.17,3.2,3.24,3.16
600423.SH,20230508,3.17,3.2,3.15,3.17,3.17,0.0,0.0,34899.0,11068.14,3.636,3.17,3.17,3.2,3.15
600423.SH,20230509,3.16,3.19,3.14,3.15,3.17,-0.02,-0.6309,38669.2,12235.646,3.636,3.15,3.16,3.19,3.14
600423.SH,20230510,3.15,3.16,3.11,3.14,3.15,-0.01,-0.3175,23897.1,7491.395,3.636,3.14,3.15,3.16,3.11
600423.SH,20230511,3.15,3.19,3.12,3.17,3.14,0.03,0.9554,26755.5,8465.282,3.636,3.17,3.15,3.19,3.12
600423.SH,20230512,3.17,3.19,3.13,3.15,3.17,-0.02,-0.6309,28059.0,8862.358,3.636,3.15,3.17,3.19,3.13
600423.SH,20230515,3.15,3.19,3.11,3.17,3.15,0.02,0.6349,31005.42,9771.017,3.636,3.17,3.15,3.19,3.11
600423.SH,20230516,3.17,3.18,3.13,3.13,3.17,-0.04,-1.2618,24806.0,7797.522,3.636,3.13,3.17,3.18,3.13
600423.SH,20230517,3.14,3.23,3.11,3.22,3.13,0.09,2.8754,47886.01,15258.853,3.636,3.22,3.14,3.23,3.11
600423.SH,20230518,3.22,3.24,3.19,3.2,3.22,-0.02,-0.6211,19102.0,6138.506,3.636,3.2,3.22,3.24,3.19
600423.SH,20230519,3.17,3.2,3.15,3.19,3.2,-0.01,-0.3125,20641.82,6559.99,3.636,3.19,3.17,3.2,3.15
600423.SH,20230522,3.2,3.22,3.16,3.19,3.19,0.0,0.0,23940.0,7622.79,3.636,3.19,3.2,3.22,3.16
600423.SH,20230523,3.19,3.22,3.17,3.17,3.19,-0.02,-0.627,19503.43,6224.951,3.636,3.17,3.19,3.22,3.17
600423.SH,20230524,3.17,3.18,3.14,3.16,3.17,-0.01,-0.3155,18537.0,5860.564,3.636,3.16,3.17,3.18,3.14
600423.SH,20230525,3.15,3.16,3.11,3.15,3.16,-0.01,-0.3165,30926.0,9698.785,3.636,3.15,3.15,3.16,3.11
600423.SH,20230526,3.15,3.17,3.11,3.16,3.15,0.01,0.3175,20559.0,6438.556,3.636,3.16,3.15,3.17,3.11
600423.SH,20230529,3.16,3.17,3.13,3.13,3.16,-0.03,-0.9494,18704.04,5881.607,3.636,3.13,3.16,3.17,3.13
600423.SH,20230530,3.15,3.15,3.1,3.14,3.13,0.01,0.3195,20937.01,6541.708,3.636,3.14,3.15,3.15,3.1
600423.SH,20230531,3.14,3.16,3.06,3.06,3.14,-0.08,-2.5478,25931.0,8013.002,3.636,3.06,3.14,3.16,3.06
600423.SH,20230601,3.06,3.11,3.04,3.08,3.06,0.02,0.6536,22294.0,6881.091,3.636,3.08,3.06,3.11,3.04
600423.SH,20230602,3.12,3.13,3.1,3.11,3.08,0.03,0.974,16309.0,5078.892,3.636,3.11,3.12,3.13,3.1
600423.SH,20230605,3.12,3.17,3.11,3.16,3.11,0.05,1.6077,26322.51,8252.433,3.636,3.16,3.12,3.17,3.11
600423.SH,20230606,3.15,3.17,3.08,3.1,3.16,-0.06,-1.8987,23668.0,7397.964,3.636,3.1,3.15,3.17,3.08
600423.SH,20230607,3.1,3.11,3.05,3.07,3.1,-0.03,-0.9677,17260.02,5304.829,3.636,3.0700000000000003,3.1,3.11,3.05
600423.SH,20230608,3.05,3.09,3.04,3.07,3.07,0.0,0.0,15250.0,4678.603,3.636,3.0700000000000003,3.05,3.09,3.04
600423.SH,20230609,3.07,3.09,3.06,3.07,3.07,0.0,0.0,19634.0,6030.618,3.636,3.0700000000000003,3.0700000000000003,3.09,3.06
600423.SH,20230612,3.07,3.19,2.99,3.16,3.07,0.09,2.9316,70357.6,21955.11,3.636,3.16,3.0700000000000003,3.19,2.99
600423.SH,20230613,3.15,3.17,3.11,3.12,3.16,-0.04,-1.2658,25479.6,7985.83,3.636,3.12,3.15,3.17,3.11
600423.SH,20230614,3.12,3.13,3.08,3.09,3.12,-0.03,-0.9615,17702.0,5488.495,3.636,3.09,3.12,3.13,3.08
600423.SH,20230615,3.11,3.11,3.04,3.07,3.09,-0.02,-0.6472,23888.0,7312.964,3.636,3.0700000000000003,3.11,3.11,3.04
600423.SH,20230616,3.08,3.09,3.05,3.07,3.07,0.0,0.0,24757.0,7608.947,3.636,3.0700000000000003,3.08,3.09,3.05
600423.SH,20230619,3.09,3.09,3.0,3.0,3.07,-0.07,-2.2801,38630.0,11688.905,3.636,3.0000000000000004,3.09,3.09,3.0000000000000004
600423.SH,20230620,3.01,3.02,2.98,2.99,3.0,-0.01,-0.3333,33856.62,10166.881,3.636,2.99,3.01,3.02,2.98
600423.SH,20230621,2.99,3.0,2.91,2.92,2.99,-0.07,-2.3411,35760.0,10555.548,3.636,2.92,2.99,3.0000000000000004,2.91
600423.SH,20230626,2.92,2.98,2.87,2.88,2.92,-0.04,-1.3699,49682.13,14451.753,3.636,2.88,2.92,2.98,2.87
600423.SH,20230627,2.91,3.01,2.88,2.97,2.88,0.09,3.125,27827.0,8253.488,3.636,2.97,2.91,3.01,2.88
600423.SH,20230628,2.97,3.0,2.95,2.98,2.97,0.01,0.3367,25031.0,7452.224,3.636,2.98,2.97,3.0000000000000004,2.95
600423.SH,20230629,3.0,3.08,2.97,3.06,2.98,0.08,2.6846,41477.4,12601.803,3.636,3.06,3.0000000000000004,3.08,2.97
600423.SH,20230630,3.08,3.12,3.03,3.11,3.06,0.05,1.634,42746.0,13226.307,3.636,3.11,3.08,3.12,3.03
600423.SH,20230703,3.12,3.15,3.1,3.11,3.11,0.0,0.0,34657.0,10810.041,3.636,3.11,3.12,3.15,3.1
600423.SH,20230704,3.11,3.14,3.09,3.12,3.11,0.01,0.3215,26073.0,8123.552,3.636,3.12,3.11,3.14,3.09
600423.SH,20230705,3.13,3.17,3.11,3.14,3.12,0.02,0.641,24607.01,7737.759,3.636,3.14,3.13,3.17,3.11
600423.SH,20230706,3.11,3.15,3.11,3.13,3.14,-0.01,-0.3185,18712.01,5858.837,3.636,3.13,3.11,3.15,3.11
600423.SH,20230707,3.15,3.18,3.11,3.16,3.13,0.03,0.9585,28305.0,8927.697,3.636,3.16,3.15,3.18,3.11
600423.SH,20230710,3.16,3.2,3.15,3.17,3.16,0.01,0.3165,24158.38,7682.562,3.636,3.17,3.16,3.2,3.15
600423.SH,20230711,3.2,3.26,3.16,3.24,3.17,0.07,2.2082,46663.1,15012.299,3.636,3.24,3.2,3.26,3.16
600423.SH,20230712,3.26,3.26,3.16,3.18,3.24,-0.06,-1.8519,30804.0,9848.804,3.636,3.18,3.26,3.26,3.16
600423.SH,20230713,3.14,3.26,3.14,3.25,3.18,0.07,2.2013,46448.0,14995.038,3.636,3.25,3.14,3.26,3.14
600423.SH,20230714,3.25,3.28,3.23,3.25,3.25,0.0,0.0,27724.0,9014.765,3.636,3.25,3.25,3.28,3.23
600423.SH,20230717,3.2,3.32,3.19,3.3,3.25,0.05,1.5385,62973.0,20685.576,3.636,3.3,3.2,3.32,3.19
600423.SH,20230718,3.3,3.36,3.27,3.35,3.3,0.05,1.5152,33838.39,11243.916,3.636,3.35,3.3,3.36,3.27
600423.SH,20230719,3.34,3.42,3.33,3.38,3.35,0.03,0.8955,64615.0,21854.92,3.636,3.38,3.34,3.42,3.3300000000000005
600423.SH,20230720,3.38,3.4,3.35,3.36,3.38,-0.02,-0.5917,33337.0,11263.131,3.636,3.36,3.38,3.4000000000000004,3.35
600423.SH,20230721,3.34,3.43,3.34,3.41,3.36,0.05,1.4881,42142.0,14315.349,3.636,3.41,3.34,3.43,3.34
600423.SH,20230724,3.4,3.44,3.37,3.42,3.41,0.01,0.2933,30601.0,10417.361,3.636,3.42,3.4000000000000004,3.44,3.37
600423.SH,20230725,3.43,3.44,3.37,3.4,3.42,-0.02,-0.5848,41692.0,14164.682,3.636,3.4000000000000004,3.43,3.44,3.37
600423.SH,20230726,3.42,3.49,3.38,3.47,3.4,0.07,2.0588,61482.01,21228.42,3.636,3.47,3.42,3.49,3.38
600423.SH,20230727,3.48,3.49,3.42,3.43,3.47,-0.04,-1.1527,34693.99,11983.954,3.636,3.43,3.48,3.49,3.42
600423.SH,20230728,3.41,3.45,3.39,3.41,3.43,-0.02,-0.5831,45687.1,15567.749,3.636,3.41,3.41,3.45,3.39
600423.SH,20230731,3.44,3.46,3.38,3.39,3.41,-0.02,-0.5865,51138.99,17425.953,3.636,3.39,3.44,3.46,3.38
600423.SH,20230801,3.4,3.44,3.38,3.41,3.39,0.02,0.59,38868.11,13251.429,3.636,3.41,3.4000000000000004,3.44,3.38
600423.SH,20230802,3.42,3.44,3.37,3.41,3.41,0.0,0.0,39299.02,13372.119,3.636,3.41,3.42,3.44,3.37
600423.SH,20230803,3.42,3.42,3.37,3.38,3.41,-0.03,-0.8798,37529.0,12721.045,3.636,3.38,3.42,3.42,3.37
600423.SH,20230804,3.36,3.44,3.34,3.35,3.38,-0.03,-0.8876,33923.0,11442.929,3.636,3.35,3.36,3.44,3.34
600423.SH,20230807,3.35,3.35,3.3,3.32,3.35,-0.03,-0.8955,47141.58,15641.293,3.636,3.32,3.35,3.35,3.3
600423.SH,20230808,3.33,3.34,3.28,3.32,3.32,0.0,0.0,45393.0,15017.555,3.636,3.32,3.3300000000000005,3.34,3.28
600423.SH,20230809,3.32,3.34,3.28,3.29,3.32,-0.03,-0.9036,30629.0,10111.589,3.636,3.29,3.32,3.34,3.28
600423.SH,20230810,3.32,3.49,3.3,3.41,3.29,0.12,3.6474,106850.0,36524.234,3.636,3.41,3.32,3.49,3.3
600423.SH,20230811,3.38,3.41,3.31,3.32,3.41,-0.09,-2.6393,61027.38,20490.498,3.636,3.32,3.38,3.41,3.31
600423.SH,20230814,3.32,3.36,3.26,3.34,3.32,0.02,0.6024,56668.1,18705.022,3.636,3.34,3.32,3.36,3.26
600423.SH,20230815,3.35,3.35,3.28,3.31,3.34,-0.03,-0.8982,34839.5,11550.067,3.636,3.31,3.35,3.35,3.28
600423.SH,20230816,3.34,3.34,3.26,3.28,3.31,-0.03,-0.9063,38686.0,12735.552,3.636,3.28,3.34,3.34,3.26
600423.SH,20230817,3.27,3.3,3.23,3.29,3.28,0.01,0.3049,42162.0,13764.085,3.636,3.29,3.27,3.3,3.23
600423.SH,20230818,3.3,3.34,3.25,3.26,3.29,-0.03,-0.9119,41328.0,13640.176,3.636,3.26,3.3,3.34,3.25
600423.SH,20230821,3.26,3.33,3.26,3.28,3.26,0.02,0.6135,33094.3,10904.344,3.636,3.28,3.26,3.3300000000000005,3.26
600423.SH,20230822,3.31,3.32,3.17,3.23,3.28,-0.05,-1.5244,48557.92,15611.88,3.636,3.23,3.31,3.32,3.17
600423.SH,20230823,3.2,3.26,3.15,3.17,3.23,-0.06,-1.8576,31921.1,10199.14,3.636,3.17,3.2,3.26,3.15
600423.SH,20230824,3.2,3.24,3.15,3.17,3.17,0.0,0.0,30837.0,9830.689,3.636,3.17,3.2,3.24,3.15
600423.SH,20230825,3.22,3.28,3.15,3.17,3.17,0.0,0.0,34124.0,10967.902,3.636,3.17,3.22,3.28,3.15
600423.SH,20230828,3.38,3.38,3.22,3.25,3.17,0.08,2.5237,64343.0,21110.244,3.636,3.25,3.38,3.38,3.22
600423.SH,20230829,3.27,3.32,3.24,3.31,3.25,0.06,1.8462,44729.0,14704.939,3.636,3.31,3.27,3.32,3.24
600423.SH,20230830,3.3,3.35,3.26,3.28,3.31,-0.03,-0.9063,28018.01,9243.837,3.636,3.28,3.3,3.35,3.26
600423.SH,20230831,3.31,3.34,3.24,3.26,3.28,-0.02,-0.6098,38992.01,12778.311,3.636,3.26,3.31,3.34,3.24
600423.SH,20230901,3.29,3.29,3.22,3.25,3.26,-0.01,-0.3067,34190.0,11103.432,3.636,3.25,3.29,3.29,3.22
600423.SH,20230904,3.24,3.33,3.23,3.32,3.25,0.07,2.1538,42716.0,14076.241,3.636,3.32,3.24,3.3300000000000005,3.23
600423.SH,20230905,3.36,3.36,3.27,3.28,3.32,-0.04,-1.2048,31400.0,10329.97,3.636,3.28,3.36,3.36,3.27
600423.SH,20230906,3.29,3.34,3.28,3.33,3.28,0.05,1.5244,41439.0,13735.157,3.636,3.3300000000000005,3.29,3.34,3.28
600423.SH,20230907,3.33,3.33,3.26,3.27,3.33,-0.06,-1.8018,28137.0,9266.814,3.636,3.27,3.3300000000000005,3.3300000000000005,3.26
600423.SH,20230908,3.29,3.29,3.24,3.25,3.27,-0.02,-0.6116,27199.01,8856.27,3.636,3.25,3.29,3.29,3.24
600423.SH,20230911,3.26,3.39,3.22,3.29,3.25,0.04,1.2308,51078.8,16785.094,3.636,3.29,3.26,3.39,3.22
600423.SH,20230912,3.33,3.34,3.28,3.33,3.29,0.04,1.2158,36453.0,12071.214,3.636,3.3300000000000005,3.3300000000000005,3.34,3.28
600423.SH,20230913,3.35,3.39,3.28,3.3,3.33,-0.03,-0.9009,48380.0,16126.778,3.636,3.3,3.35,3.39,3.28
600423.SH,20230914,3.3,3.31,3.25,3.28,3.3,-0.02,-0.6061,40686.0,13354.781,3.636,3.28,3.3,3.31,3.25
600423.SH,20230915,3.29,3.39,3.27,3.34,3.28,0.06,1.8293,74295.0,24830.694,3.636,3.34,3.29,3.39,3.27
600423.SH,20230918,3.38,3.38,3.3,3.34,3.34,0.0,0.0,46182.0,15411.106,3.636,3.34,3.38,3.38,3.3
600423.SH,20230919,3.34,3.38,3.3,3.32,3.34,-0.02,-0.5988,52076.02,17370.729,3.636,3.32,3.34,3.38,3.3
600423.SH,20230920,3.3,3.31,3.26,3.29,3.32,-0.03,-0.9036,37667.0,12370.377,3.636,3.29,3.3,3.31,3.26
600423.SH,20230921,3.27,3.32,3.23,3.31,3.29,0.02,0.6079,47131.8,15465.449,3.636,3.31,3.27,3.32,3.23
600423.SH,20230922,3.29,3.34,3.25,3.3,3.31,-0.01,-0.3021,51569.0,16989.87,3.636,3.3,3.29,3.34,3.25
600423.SH,20230925,3.29,3.29,3.23,3.24,3.3,-0.06,-1.8182,46305.0,15053.509,3.636,3.24,3.29,3.29,3.23
600423.SH,20230926,3.22,3.24,3.14,3.15,3.24,-0.09,-2.7778,51411.0,16332.805,3.636,3.15,3.22,3.24,3.14
600423.SH,20230927,3.15,3.18,3.12,3.14,3.15,-0.01,-0.3175,34273.02,10778.386,3.636,3.14,3.15,3.18,3.12
600423.SH,20230928,3.15,3.2,3.14,3.19,3.14,0.05,1.5924,31674.0,10082.45,3.636,3.19,3.15,3.2,3.14
600423.SH,20231009,3.21,3.23,3.12,3.13,3.19,-0.06,-1.8809,31195.0,9807.834,3.636,3.13,3.21,3.23,3.12
600423.SH,20231010,3.12,3.17,3.12,3.13,3.13,0.0,0.0,25107.75,7888.444,3.636,3.13,3.12,3.17,3.12
600423.SH,20231011,3.13,3.14,3.08,3.11,3.13,-0.02,-0.639,39292.0,12226.39,3.636,3.11,3.13,3.14,3.08
600423.SH,20231012,3.1,3.14,3.08,3.13,3.11,0.02,0.6431,24854.0,7743.436,3.636,3.13,3.1,3.14,3.08
600423.SH,20231013,3.11,3.12,3.07,3.07,3.13,-0.06,-1.9169,26847.0,8288.641,3.636,3.0700000000000003,3.11,3.12,3.0700000000000003
600423.SH,20231016,3.09,3.11,3.05,3.1,3.07,0.03,0.9772,30117.75,9287.292,3.636,3.1,3.09,3.11,3.05
600423.SH,20231017,3.09,3.12,3.07,3.09,3.1,-0.01,-0.3226,22619.0,6991.187,3.636,3.09,3.09,3.12,3.0700000000000003
600423.SH,20231018,3.09,3.09,3.02,3.03,3.09,-0.06,-1.9417,28001.68,8547.139,3.636,3.03,3.09,3.09,3.02
600423.SH,20231019,3.02,3.09,3.01,3.06,3.03,0.03,0.9901,33535.68,10283.434,3.636,3.06,3.02,3.09,3.01
600423.SH,20231020,3.04,3.08,3.0,3.04,3.06,-0.02,-0.6536,26973.49,8218.907,3.636,3.04,3.04,3.08,3.0000000000000004
600423.SH,20231023,3.04,3.04,2.94,2.95,3.04,-0.09,-2.9605,31406.49,9368.632,3.636,2.95,3.04,3.04,2.94
600423.SH,20231024,2.97,3.1,2.95,3.07,2.95,0.12,4.0678,73405.0,22349.296,3.636,3.0700000000000003,2.97,3.1,2.95
600423.SH,20231025,3.08,3.18,3.07,3.16,3.07,0.09,2.9316,65213.0,20518.843,3.636,3.16,3.08,3.18,3.0700000000000003
600423.SH,20231026,3.15,3.15,3.09,3.12,3.16,-0.04,-1.2658,36297.0,11288.029,3.636,3.12,3.15,3.15,3.09
600423.SH,20231027,3.02,3.18,3.02,3.18,3.12,0.06,1.9231,44924.0,14185.892,3.636,3.18,3.02,3.18,3.02
600423.SH,20231030,3.16,3.5,3.16,3.5,3.18,0.32,10.0629,255986.04,86929.877,3.636,3.5,3.16,3.5,3.16
600423.SH,20231031,3.5,3.64,3.45,3.5,3.5,0.0,0.0,293377.14,103213.903,3.636,3.5,3.5,3.64,3.45
600423.SH,20231101,3.53,3.66,3.5,3.56,3.5,0.06,1.7143,224919.84,80362.01,3.636,3.56,3.53,3.6600000000000006,3.5
600423.SH,20231102,3.56,3.61,3.48,3.5,3.56,-0.06,-1.6854,120992.0,42627.591,3.636,3.5,3.56,3.61,3.48
600423.SH,20231103,3.53,3.54,3.44,3.46,3.5,-0.04,-1.1429,109784.37,38316.958,3.636,3.46,3.53,3.54,3.44
600423.SH,20231106,3.5,3.5,3.44,3.46,3.46,0.0,0.0,74156.41,25617.863,3.636,3.46,3.5,3.5,3.44
600423.SH,20231107,3.46,3.52,3.41,3.5,3.46,0.04,1.1561,127061.0,44189.677,3.636,3.5,3.46,3.52,3.41
600423.SH,20231108,3.5,3.52,3.43,3.46,3.5,-0.04,-1.1429,102696.0,35538.421,3.636,3.46,3.5,3.52,3.43
600423.SH,20231109,3.45,3.48,3.43,3.45,3.46,-0.01,-0.289,63600.52,21975.795,3.636,3.45,3.45,3.48,3.43
600423.SH,20231110,3.44,3.49,3.42,3.49,3.45,0.04,1.1594,75304.52,26067.713,3.636,3.49,3.44,3.49,3.42
600423.SH,20231113,3.47,3.54,3.46,3.54,3.49,0.05,1.4327,68158.02,23873.064,3.636,3.54,3.47,3.54,3.46
600423.SH,20231114,3.54,3.57,3.5,3.52,3.54,-0.02,-0.565,59852.0,21082.988,3.636,3.52,3.54,3.57,3.5
600423.SH,20231115,3.53,3.56,3.5,3.52,3.52,0.0,0.0,44720.0,15744.51,3.636,3.52,3.53,3.56,3.5
600423.SH,20231116,3.52,3.53,3.48,3.49,3.52,-0.03,-0.8523,43251.01,15163.896,3.636,3.49,3.52,3.53,3.48
600423.SH,20231117,3.49,3.59,3.47,3.57,3.49,0.08,2.2923,84420.4,29970.325,3.636,3.57,3.49,3.59,3.47
600423.SH,20231120,3.57,3.63,3.55,3.58,3.57,0.01,0.2801,72416.4,25988.646,3.636,3.58,3.57,3.63,3.55
600423.SH,20231121,3.59,3.61,3.54,3.54,3.58,-0.04,-1.1173,68274.0,24365.519,3.636,3.54,3.59,3.61,3.54
600423.SH,20231122,3.54,3.59,3.54,3.56,3.54,0.02,0.565,56449.0,20131.82,3.636,3.56,3.54,3.59,3.54
600423.SH,20231123,3.57,3.59,3.55,3.57,3.56,0.01,0.2809,47453.0,16939.273,3.636,3.57,3.57,3.59,3.55
600423.SH,20231124,3.57,3.62,3.54,3.58,3.57,0.01,0.2801,68885.5,24659.379,3.636,3.58,3.57,3.62,3.54
600423.SH,20231127,3.56,3.58,3.51,3.52,3.58,-0.06,-1.676,58094.0,20529.106,3.636,3.52,3.56,3.58,3.51
600423.SH,20231128,3.54,3.62,3.53,3.57,3.52,0.05,1.4205,68516.0,24510.975,3.636,3.57,3.54,3.62,3.53
600423.SH,20231129,3.6,3.6,3.5,3.53,3.57,-0.04,-1.1204,51995.99,18403.432,3.636,3.53,3.6,3.6,3.5
600423.SH,20231130,3.53,3.54,3.41,3.51,3.53,-0.02,-0.5666,77888.96,27244.453,3.636,3.51,3.53,3.54,3.41
600423.SH,20231201,3.52,3.55,3.51,3.54,3.51,0.03,0.8547,47101.0,16625.352,3.636,3.54,3.52,3.55,3.51
600423.SH,20231204,3.55,3.58,3.52,3.54,3.54,0.0,0.0,43533.0,15435.08,3.636,3.54,3.55,3.58,3.52
600423.SH,20231205,3.55,3.57,3.48,3.49,3.54,-0.05,-1.4124,48741.0,17160.099,3.636,3.49,3.55,3.57,3.48
600423.SH,20231206,3.47,3.63,3.45,3.58,3.49,0.09,2.5788,93625.0,33526.765,3.636,3.58,3.47,3.63,3.45
600423.SH,20231207,3.58,3.58,3.53,3.54,3.58,-0.04,-1.1173,76292.0,27154.95,3.636,3.54,3.58,3.58,3.53
600423.SH,20231208,3.54,3.55,3.44,3.46,3.54,-0.08,-2.2599,67579.0,23539.499,3.636,3.46,3.54,3.55,3.44
600423.SH,20231211,3.45,3.53,3.42,3.49,3.46,0.03,0.8671,71707.1,24995.071,3.636,3.49,3.45,3.53,3.42
600423.SH,20231212,3.5,3.53,3.44,3.53,3.49,0.04,1.1461,64434.83,22430.488,3.636,3.53,3.5,3.53,3.44
600423.SH,20231213,3.55,3.62,3.5,3.6,3.53,0.07,1.983,125399.0,44904.709,3.636,3.6,3.55,3.62,3.5
600423.SH,20231214,3.6,3.69,3.55,3.63,3.6,0.03,0.8333,131985.0,47846.156,3.636,3.63,3.6,3.69,3.55
600423.SH,20231215,3.68,3.95,3.59,3.74,3.63,0.11,3.0303,362631.11,135144.614,3.636,3.74,3.68,3.95,3.59
600423.SH,20231218,3.69,4.11,3.6,4.11,3.74,0.37,9.893,575100.57,222610.433,3.636,4.11,3.69,4.11,3.6
600423.SH,20231219,3.96,4.1,3.76,3.82,4.11,-0.29,-7.056,638967.68,247112.975,3.636,3.82,3.96,4.1,3.76
600423.SH,20231220,3.82,3.82,3.63,3.69,3.82,-0.13,-3.4031,383432.05,142390.69,3.636,3.69,3.82,3.82,3.63
600423.SH,20231221,3.62,3.71,3.51,3.71,3.69,0.02,0.542,339945.0,122197.262,3.636,3.71,3.62,3.71,3.51
600423.SH,20231222,3.67,3.67,3.46,3.5,3.71,-0.21,-5.6604,274693.92,97299.104,3.636,3.5,3.67,3.67,3.46
600423.SH,20231225,3.48,3.51,3.36,3.38,3.5,-0.12,-3.4286,189856.0,64606.307,3.636,3.38,3.48,3.51,3.36
600423.SH,20231226,3.35,3.6,3.35,3.45,3.38,0.07,2.071,199096.02,69429.183,3.636,3.45,3.35,3.6,3.35
600423.SH,20231227,3.41,3.5,3.4,3.43,3.45,-0.02,-0.5797,139925.62,48250.038,3.636,3.43,3.41,3.5,3.4000000000000004
600423.SH,20231228,3.46,3.57,3.46,3.54,3.43,0.11,3.207,160006.0,56430.418,3.636,3.54,3.46,3.57,3.46
600423.SH,20231229,3.52,3.71,3.51,3.66,3.54,0.12,3.3898,178643.0,64946.321,3.636,3.6600000000000006,3.52,3.71,3.51
600423.SH,20240102,3.65,3.83,3.63,3.79,3.66,0.13,3.5519,212261.0,80268.446,3.636,3.79,3.65,3.83,3.63
600423.SH,20240103,3.76,3.79,3.71,3.75,3.79,-0.04,-1.0554,129666.0,48626.717,3.636,3.75,3.76,3.79,3.71
600423.SH,20240104,3.69,3.88,3.69,3.77,3.75,0.02,0.5333,133798.0,50707.354,3.636,3.77,3.69,3.88,3.69
600423.SH,20240105,3.8,3.8,3.65,3.67,3.77,-0.1,-2.6525,108996.0,40286.872,3.636,3.67,3.8,3.8,3.65
600423.SH,20240108,3.66,3.74,3.65,3.66,3.67,-0.01,-0.2725,95212.0,35144.143,3.636,3.6600000000000006,3.6600000000000006,3.74,3.65
600423.SH,20240109,3.66,3.69,3.61,3.67,3.66,0.01,0.2732,71528.0,26130.126,3.636,3.67,3.6600000000000006,3.69,3.61
600423.SH,20240110,3.65,3.72,3.6,3.66,3.67,-0.01,-0.2725,78730.0,28781.344,3.636,3.6600000000000006,3.65,3.72,3.6
600423.SH,20240111,3.64,3.71,3.63,3.7,3.66,0.04,1.0929,73705.0,27122.558,3.636,3.7,3.64,3.71,3.63
600423.SH,20240112,3.69,3.73,3.64,3.65,3.7,-0.05,-1.3514,67235.0,24784.425,3.636,3.65,3.69,3.73,3.64
600423.SH,20240115,3.64,3.71,3.62,3.65,3.65,0.0,0.0,62708.0,22977.337,3.636,3.65,3.64,3.71,3.62
600423.SH,20240116,3.69,3.69,3.58,3.63,3.65,-0.02,-0.5479,82529.0,29910.882,3.636,3.63,3.69,3.69,3.58
600423.SH,20240117,3.64,3.66,3.54,3.55,3.63,-0.08,-2.2039,66366.0,23913.968,3.636,3.55,3.64,3.6600000000000006,3.54
600423.SH,20240118,3.54,3.57,3.38,3.49,3.55,-0.06,-1.6901,89753.0,31076.303,3.636,3.49,3.54,3.57,3.38
600423.SH,20240119,3.5,3.52,3.43,3.45,3.49,-0.04,-1.1461,58121.95,20193.962,3.636,3.45,3.5,3.52,3.43
600423.SH,20240122,3.4,3.45,3.2,3.21,3.45,-0.24,-6.9565,107100.0,35552.459,3.636,3.21,3.4000000000000004,3.45,3.2
600423.SH,20240123,3.21,3.21,3.08,3.16,3.21,-0.05,-1.5576,110103.85,34683.647,3.636,3.16,3.21,3.21,3.08
600423.SH,20240124,3.14,3.25,3.08,3.22,3.16,0.06,1.8987,77417.85,24521.428,3.636,3.22,3.14,3.25,3.08
600423.SH,20240125,3.23,3.33,3.2,3.32,3.22,0.1,3.1056,70681.0,23183.843,3.636,3.32,3.23,3.3300000000000005,3.2
600423.SH,20240126,3.28,3.44,3.28,3.38,3.32,0.06,1.8072,68493.0,23245.055,3.636,3.38,3.28,3.44,3.28
600423.SH,20240129,3.36,3.41,3.24,3.26,3.38,-0.12,-3.5503,61630.0,20252.013,3.636,3.26,3.36,3.41,3.24
600423.SH,20240130,3.22,3.28,3.13,3.15,3.26,-0.11,-3.3742,65944.0,21171.108,3.636,3.15,3.22,3.28,3.13
600423.SH,20240131,3.11,3.15,3.0,3.01,3.15,-0.14,-4.4444,96115.0,29375.038,3.636,3.01,3.11,3.15,3.0000000000000004
600423.SH,20240201,2.96,3.0,2.85,2.9,3.01,-0.11,-3.6545,99536.0,29113.379,3.636,2.9,2.96,3.0000000000000004,2.85
600423.SH,20240202,2.93,2.97,2.61,2.69,2.9,-0.21,-7.2414,197687.0,54916.662,3.636,2.69,2.93,2.97,2.61
600423.SH,20240205,2.64,2.65,2.42,2.42,2.69,-0.27,-10.0372,172459.0,42302.987,3.636,2.42,2.64,2.65,2.42
600423.SH,20240206,2.19,2.37,2.18,2.26,2.42,-0.16,-6.6116,254782.01,56400.665,3.636,2.26,2.19,2.37,2.18
600423.SH,20240207,2.28,2.28,2.03,2.04,2.26,-0.22,-9.7345,229030.91,48089.35,3.636,2.04,2.28,2.28,2.03
600423.SH,20240208,2.02,2.22,1.97,2.21,2.04,0.17,8.3333,208719.84,43160.712,3.636,2.21,2.02,2.22,1.97
600423.SH,20240219,2.28,2.41,2.28,2.4,2.21,0.19,8.5973,167897.53,39270.629,3.636,2.4,2.28,2.41,2.28
600423.SH,20240220,2.4,2.45,2.34,2.42,2.4,0.02,0.8333,75215.59,18060.139,3.636,2.42,2.4,2.45,2.3399999999999994
600423.SH,20240221,2.4,2.62,2.38,2.5,2.42,0.08,3.3058,88626.38,22277.118,3.636,2.5,2.4,2.62,2.38
600423.SH,20240222,2.48,2.57,2.44,2.57,2.5,0.07,2.8,83562.54,21021.986,3.636,2.57,2.48,2.57,2.44
600423.SH,20240223,2.56,2.75,2.56,2.72,2.57,0.15,5.8366,123317.0,33035.071,3.636,2.72,2.56,2.75,2.56
600423.SH,20240226,2.67,2.83,2.67,2.78,2.72,0.06,2.2059,122970.41,33945.263,3.636,2.78,2.6699999999999995,2.83,2.6699999999999995
600423.SH,20240227,2.76,2.83,2.73,2.82,2.78,0.04,1.4388,75446.53,21090.337,3.636,2.82,2.76,2.83,2.73
600423.SH,20240228,2.84,2.95,2.57,2.6,2.82,-0.22,-7.8014,130368.0,36186.01,3.636,2.6,2.84,2.95,2.57
600423.SH,20240229,2.57,2.7,2.55,2.68,2.6,0.08,3.0769,97769.0,25908.753,3.636,2.68,2.57,2.7,2.55
600423.SH,20240301,2.7,2.71,2.62,2.68,2.68,0.0,0.0,63509.0,16920.877,3.636,2.68,2.7,2.71,2.62
600423.SH,20240304,2.67,2.71,2.62,2.7,2.68,0.02,0.7463,61696.44,16488.043,3.636,2.7,2.6699999999999995,2.71,2.62
600423.SH,20240305,2.68,2.68,2.61,2.63,2.7,-0.07,-2.5926,57860.0,15270.047,3.636,2.63,2.68,2.68,2.61
600423.SH,20240306,2.65,2.71,2.62,2.68,2.63,0.05,1.9011,51228.0,13674.793,3.636,2.68,2.65,2.71,2.62
600423.SH,20240307,2.65,2.73,2.64,2.68,2.68,0.0,0.0,39296.0,10557.699,3.636,2.68,2.65,2.73,2.64
600423.SH,20240308,2.66,2.71,2.62,2.66,2.68,-0.02,-0.7463,34991.0,9284.736,3.636,2.66,2.66,2.71,2.62
600423.SH,20240311,2.68,2.73,2.66,2.73,2.66,0.07,2.6316,53286.0,14413.25,3.636,2.73,2.68,2.73,2.66
600423.SH,20240312,2.74,2.8,2.71,2.8,2.73,0.07,2.5641,55406.0,15318.407,3.636,2.8,2.74,2.8,2.71
600423.SH,20240313,2.81,2.81,2.7,2.78,2.8,-0.02,-0.7143,65808.0,18216.324,3.636,2.78,2.81,2.81,2.7
600423.SH,20240314,2.78,2.82,2.74,2.79,2.78,0.01,0.3597,51162.53,14252.088,3.636,2.79,2.78,2.82,2.74
600423.SH,20240315,2.78,2.88,2.75,2.86,2.79,0.07,2.509,42872.0,12079.842,3.636,2.86,2.78,2.88,2.75
600423.SH,20240318,2.86,2.89,2.83,2.86,2.86,0.0,0.0,54241.0,15495.767,3.636,2.86,2.86,2.89,2.83
600423.SH,20240319,2.85,2.93,2.84,2.92,2.86,0.06,2.0979,74932.0,21760.57,3.636,2.92,2.85,2.93,2.84
600423.SH,20240320,2.94,2.99,2.9,2.97,2.92,0.05,1.7123,57274.0,16893.589,3.636,2.97,2.94,2.99,2.9
600423.SH,20240321,2.97,3.01,2.93,2.99,2.97,0.02,0.6734,51811.0,15436.756,3.636,2.99,2.97,3.01,2.93
600423.SH,20240322,3.01,3.02,2.9,2.93,2.99,-0.06,-2.0067,66016.5,19371.454,3.636,2.93,3.01,3.02,2.9
600423.SH,20240325,2.93,2.95,2.84,2.85,2.93,-0.08,-2.7304,65016.0,18801.381,3.636,2.85,2.93,2.95,2.84
600423.SH,20240326,2.84,2.9,2.81,2.88,2.85,0.03,1.0526,56576.0,16142.418,3.636,2.88,2.84,2.9,2.81
600423.SH,20240327,2.85,2.91,2.79,2.8,2.88,-0.08,-2.7778,53046.01,15111.212,3.636,2.8,2.85,2.91,2.79
600423.SH,20240328,2.77,2.88,2.77,2.83,2.8,0.03,1.0714,44133.75,12543.296,3.636,2.83,2.77,2.88,2.77
600423.SH,20240329,2.83,2.96,2.83,2.93,2.83,0.1,3.5336,53795.0,15568.633,3.636,2.93,2.83,2.96,2.83
600423.SH,20240401,3.1,3.22,3.1,3.22,2.93,0.29,9.8976,53810.17,17279.739,3.636,3.22,3.1,3.22,3.1
600423.SH,20240402,3.49,3.54,3.23,3.28,3.22,0.06,1.8634,479471.34,164525.175,3.636,3.28,3.49,3.54,3.23
600423.SH,20240403,3.24,3.55,3.24,3.32,3.28,0.04,1.2195,308265.21,103193.782,3.636,3.32,3.24,3.55,3.24
600423.SH,20240408,3.2,3.45,3.19,3.25,3.32,-0.07,-2.1084,225826.39,74384.33,3.636,3.25,3.2,3.45,3.19
600423.SH,20240409,3.33,3.4,3.28,3.35,3.25,0.1,3.0769,183841.02,61345.56,3.636,3.35,3.3300000000000005,3.4000000000000004,3.28
600423.SH,20240410,3.3,3.35,3.19,3.22,3.35,-0.13,-3.8806,163042.54,52972.912,3.636,3.22,3.3,3.35,3.19
600423.SH,20240411,3.21,3.29,3.2,3.22,3.22,0.0,0.0,123718.91,40200.548,3.636,3.22,3.21,3.29,3.2
600423.SH,20240412,3.26,3.27,3.16,3.2,3.22,-0.02,-0.6211,94859.44,30440.86,3.636,3.2,3.26,3.27,3.16
600423.SH,20240415,3.19,3.19,2.91,2.95,3.2,-0.25,-7.8125,171499.91,51666.133,3.636,2.95,3.19,3.19,2.91
600423.SH,20240416,2.88,2.89,2.66,2.66,2.95,-0.29,-9.8305,130904.5,35137.365,3.636,2.66,2.88,2.89,2.66
600423.SH,20240417,2.54,2.74,2.51,2.71,2.66,0.05,1.8797,209750.0,55698.173,3.636,2.71,2.54,2.74,2.51
600423.SH,20240418,2.72,2.72,2.57,2.63,2.71,-0.08,-2.952,142708.0,37778.259,3.636,2.63,2.72,2.72,2.57
600423.SH,20240419,2.66,2.84,2.6,2.69,2.63,0.06,2.2814,121363.0,32808.08,3.636,2.69,2.66,2.84,2.6
600423.SH,20240422,2.67,2.71,2.57,2.59,2.69,-0.1,-3.7175,98005.0,25691.032,3.636,2.59,2.6699999999999995,2.71,2.57
600423.SH,20240423,2.6,2.66,2.59,2.62,2.59,0.03,1.1583,87042.91,22812.45,3.636,2.62,2.6,2.66,2.59
600423.SH,20240424,2.63,2.69,2.62,2.66,2.62,0.04,1.5267,71943.0,19017.842,3.636,2.66,2.63,2.69,2.62
600423.SH,20240425,2.66,2.78,2.65,2.77,2.66,0.11,4.1353,98445.0,26968.556,3.636,2.77,2.66,2.78,2.65
600423.SH,20240426,2.78,2.81,2.7,2.8,2.77,0.03,1.083,110678.01,30505.965,3.636,2.8,2.78,2.81,2.7
600423.SH,20240429,2.75,2.88,2.69,2.87,2.8,0.07,2.5,120513.32,33744.611,3.636,2.87,2.75,2.88,2.69
600423.SH,20240430,2.86,2.89,2.81,2.85,2.87,-0.02,-0.6969,79699.02,22641.919,3.636,2.85,2.86,2.89,2.81
600423.SH,20240506,2.86,3.02,2.85,3.0,2.85,0.15,5.2632,117173.51,34329.963,3.636,3.0000000000000004,2.86,3.02,2.85
600423.SH,20240507,2.99,3.03,2.96,3.03,3.0,0.03,1.0,82976.0,24893.365,3.636,3.03,2.99,3.03,2.96
600423.SH,20240508,3.03,3.06,2.96,2.99,3.03,-0.04,-1.3201,76302.0,22879.251,3.636,2.99,3.03,3.06,2.96
600423.SH,20240509,2.99,3.03,2.94,2.96,2.99,-0.03,-1.0033,67611.21,20077.542,3.636,2.96,2.99,3.03,2.94
600423.SH,20240510,2.95,2.97,2.91,2.93,2.96,-0.03,-1.0135,60710.01,17793.437,3.636,2.93,2.95,2.97,2.91
600423.SH,20240513,2.9,2.95,2.86,2.9,2.93,-0.03,-1.0239,63022.0,18270.783,3.636,2.9,2.9,2.95,2.86
600423.SH,20240514,2.93,2.97,2.92,2.94,2.9,0.04,1.3793,52572.21,15483.916,3.636,2.94,2.93,2.97,2.92
600423.SH,20240515,2.95,3.02,2.89,2.96,2.94,0.02,0.6803,49304.0,14599.351,3.636,2.96,2.95,3.02,2.89
600423.SH,20240516,2.97,3.26,2.96,3.07,2.96,0.11,3.7162,309256.0,97004.762,3.636,3.0700000000000003,2.97,3.26,2.96
600423.SH,20240517,3.05,3.17,3.02,3.07,3.07,0.0,0.0,221409.0,68262.404,3.636,3.0700000000000003,3.05,3.17,3.02
600423.SH,20240520,3.05,3.08,3.01,3.02,3.07,-0.05,-1.6287,129526.0,39382.279,3.636,3.02,3.05,3.08,3.01
600423.SH,20240521,3.01,3.01,2.91,2.95,3.02,-0.07,-2.3179,102033.0,30074.082,3.636,2.95,3.01,3.01,2.91
600423.SH,20240522,2.95,2.95,2.9,2.91,2.95,-0.04,-1.3559,76653.0,22334.94,3.636,2.91,2.95,2.95,2.9
600423.SH,20240523,2.92,2.92,2.79,2.81,2.91,-0.1,-3.4364,76710.0,21705.138,3.636,2.81,2.92,2.92,2.79
600423.SH,20240524,2.83,2.86,2.79,2.81,2.81,0.0,0.0,53088.0,15014.662,3.636,2.81,2.83,2.86,2.79
600423.SH,20240527,2.82,2.83,2.76,2.83,2.81,0.02,0.7117,49209.5,13747.48,3.636,2.83,2.82,2.83,2.76
600423.SH,20240528,2.83,2.83,2.76,2.77,2.83,-0.06,-2.1201,43296.0,12076.015,3.636,2.77,2.83,2.83,2.76
600423.SH,20240529,2.74,2.81,2.74,2.76,2.77,-0.01,-0.361,47356.0,13106.063,3.636,2.76,2.74,2.81,2.74
600423.SH,20240530,2.75,2.83,2.74,2.76,2.76,0.0,0.0,52994.0,14732.238,3.636,2.76,2.75,2.83,2.74
600423.SH,20240531,2.78,2.79,2.72,2.74,2.76,-0.02,-0.7246,57685.0,15803.556,3.636,2.74,2.78,2.79,2.72
600423.SH,20240603,2.76,2.76,2.61,2.64,2.74,-0.1,-3.6496,60269.0,16027.936,3.636,2.64,2.76,2.76,2.61
600423.SH,20240604,2.62,2.62,2.56,2.61,2.64,-0.03,-1.1364,69302.0,17963.557,3.636,2.61,2.62,2.62,2.56
600423.SH,20240605,2.58,2.61,2.49,2.5,2.61,-0.11,-4.2146,82471.0,21063.003,3.636,2.5,2.58,2.61,2.49
600423.SH,20240606,2.45,2.52,2.29,2.34,2.5,-0.16,-6.4,108219.0,25651.327,3.636,2.3399999999999994,2.45,2.52,2.29
600423.SH,20240607,2.38,2.51,2.35,2.48,2.34,0.14,5.9829,79325.0,19486.521,3.636,2.48,2.38,2.51,2.35
600423.SH,20240611,2.52,2.52,2.4,2.45,2.48,-0.03,-1.2097,56896.0,13864.47,3.636,2.45,2.52,2.52,2.4
600423.SH,20240612,2.44,2.55,2.43,2.52,2.45,0.07,2.8571,59984.0,14967.23,3.636,2.52,2.44,2.55,2.43
600423.SH,20240613,2.56,2.57,2.45,2.48,2.52,-0.04,-1.5873,54192.0,13448.809,3.636,2.48,2.56,2.57,2.45
600423.SH,20240614,2.47,2.5,2.42,2.44,2.48,-0.04,-1.6129,43672.0,10677.81,3.636,2.44,2.47,2.5,2.42
600423.SH,20240617,2.44,2.46,2.37,2.39,2.44,-0.05,-2.0492,48840.0,11744.336,3.636,2.39,2.44,2.46,2.37
600423.SH,20240618,2.37,2.43,2.36,2.42,2.39,0.03,1.2552,59796.0,14370.607,3.636,2.42,2.37,2.43,2.36
600423.SH,20240619,2.41,2.44,2.36,2.37,2.42,-0.05,-2.0661,51932.0,12406.357,3.636,2.37,2.41,2.44,2.36
600423.SH,20240620,2.35,2.39,2.32,2.33,2.37,-0.04,-1.6878,45069.0,10596.316,3.636,2.33,2.35,2.39,2.32
600423.SH,20240621,2.31,2.39,2.28,2.34,2.33,0.01,0.4292,39752.0,9347.293,3.636,2.3399999999999994,2.31,2.39,2.28
600423.SH,20240624,2.35,2.35,2.19,2.22,2.34,-0.12,-5.1282,78928.0,17685.401,3.636,2.22,2.35,2.35,2.19
600423.SH,20240625,2.21,2.32,2.21,2.28,2.22,0.06,2.7027,59178.0,13439.229,3.6363,2.280188118811881,2.210182343234324,2.320191419141914,2.210182343234324
600423.SH,20240626,2.23,2.35,2.23,2.35,2.28,0.07,3.0702,46254.01,10640.684,3.636,2.35,2.23,2.35,2.23
600423.SH,20240627,2.36,2.37,2.29,2.29,2.35,-0.06,-2.5532,40076.0,9317.488,3.636,2.29,2.36,2.37,2.29
600423.SH,20240628,2.25,2.35,2.25,2.31,2.29,0.02,0.8734,41135.0,9561.878,3.636,2.31,2.25,2.35,2.25
600423.SH,20240701,2.31,2.38,2.29,2.37,2.31,0.06,2.5974,33605.01,7857.028,3.636,2.37,2.31,2.38,2.29
600423.SH,20240702,2.37,2.42,2.34,2.39,2.37,0.02,0.8439,41977.01,10046.46,3.636,2.39,2.37,2.42,2.3399999999999994
600423.SH,20240703,2.39,2.45,2.39,2.39,2.39,0.0,0.0,35032.0,8450.193,3.636,2.39,2.39,2.45,2.39
600423.SH,20240704,2.4,2.41,2.29,2.3,2.39,-0.09,-3.7657,43980.0,10284.106,3.636,2.3,2.4,2.41,2.29
600423.SH,20240705,2.3,2.36,2.26,2.35,2.3,0.05,2.1739,31020.0,7193.668,3.636,2.35,2.3,2.36,2.26
600423.SH,20240708,2.33,2.37,2.25,2.26,2.35,-0.09,-3.8298,41816.11,9559.165,3.636,2.26,2.33,2.37,2.25
600423.SH,20240709,2.27,2.29,2.19,2.27,2.26,0.01,0.4425,40710.0,9154.017,3.636,2.27,2.27,2.29,2.19
600423.SH,20240710,2.28,2.28,2.2,2.21,2.27,-0.06,-2.6432,35324.0,7867.718,3.636,2.21,2.28,2.28,2.2
600423.SH,20240711,2.26,2.34,2.24,2.32,2.21,0.11,4.9774,45884.0,10536.93,3.636,2.32,2.26,2.3399999999999994,2.24
600423.SH,20240712,2.31,2.36,2.3,2.32,2.32,0.0,0.0,39568.0,9239.526,3.636,2.32,2.31,2.36,2.3
600423.SH,20240715,2.3,2.32,2.26,2.29,2.32,-0.03,-1.2931,27027.5,6165.321,3.636,2.29,2.3,2.32,2.26
600423.SH,20240716,2.27,2.29,2.22,2.23,2.29,-0.06,-2.6201,42379.0,9493.228,3.636,2.23,2.27,2.29,2.22
600423.SH,20240717,2.23,2.24,2.2,2.22,2.23,-0.01,-0.4484,34893.0,7742.465,3.636,2.22,2.23,2.24,2.2
600423.SH,20240718,2.21,2.25,2.16,2.24,2.22,0.02,0.9009,34151.0,7535.155,3.636,2.24,2.21,2.25,2.16
600423.SH,20240719,2.24,2.26,2.19,2.23,2.24,-0.01,-0.4464,32183.73,7159.992,3.636,2.23,2.24,2.26,2.19
600423.SH,20240722,2.22,2.24,2.19,2.24,2.23,0.01,0.4484,26057.2,5788.957,3.636,2.24,2.22,2.24,2.19
600423.SH,20240723,2.23,2.28,2.23,2.24,2.24,0.0,0.0,33071.2,7480.127,3.636,2.24,2.23,2.28,2.23
600423.SH,20240724,2.22,2.24,2.18,2.2,2.24,-0.04,-1.7857,50053.0,11040.944,3.636,2.2,2.22,2.24,2.18
600423.SH,20240725,2.18,2.25,2.17,2.24,2.2,0.04,1.8182,35558.0,7887.441,3.636,2.24,2.18,2.25,2.17
600423.SH,20240726,2.2,2.27,2.2,2.24,2.24,0.0,0.0,40578.0,9076.318,3.636,2.24,2.2,2.27,2.2
600423.SH,20240729,2.24,2.33,2.22,2.31,2.24,0.07,3.125,53647.53,12245.481,3.636,2.31,2.24,2.33,2.22
600423.SH,20240730,2.32,2.4,2.3,2.38,2.31,0.07,3.0303,78075.03,18411.733,3.636,2.38,2.32,2.4,2.3
600423.SH,20240731,2.48,2.61,2.42,2.45,2.38,0.07,2.9412,276410.36,68657.875,3.636,2.45,2.48,2.61,2.42
600423.SH,20240801,2.43,2.49,2.41,2.43,2.45,-0.02,-0.8163,190037.33,46722.506,3.636,2.43,2.43,2.49,2.41
600423.SH,20240802,2.45,2.47,2.39,2.4,2.43,-0.03,-1.2346,101309.94,24608.259,3.636,2.4,2.45,2.47,2.39
600423.SH,20240805,2.37,2.45,2.35,2.36,2.4,-0.04,-1.6667,79255.47,18979.804,3.636,2.36,2.37,2.45,2.35
600423.SH,20240806,2.35,2.41,2.33,2.4,2.36,0.04,1.6949,68276.0,16228.528,3.636,2.4,2.35,2.41,2.33
600423.SH,20240807,2.39,2.41,2.35,2.39,2.4,-0.01,-0.4167,57850.0,13789.945,3.636,2.39,2.39,2.41,2.35
600423.SH,20240808,2.39,2.41,2.35,2.39,2.39,0.0,0.0,56466.34,13474.085,3.636,2.39,2.39,2.41,2.35
600423.SH,20240809,2.36,2.41,2.34,2.35,2.39,-0.04,-1.6736,59401.0,14132.305,3.636,2.35,2.36,2.41,2.3399999999999994
600423.SH,20240812,2.34,2.37,2.31,2.32,2.35,-0.03,-1.2766,41759.0,9730.913,3.636,2.32,2.3399999999999994,2.37,2.31
600423.SH,20240813,2.3,2.35,2.27,2.33,2.32,0.01,0.431,44865.0,10380.278,3.636,2.33,2.3,2.35,2.27
600423.SH,20240814,2.32,2.36,2.32,2.34,2.33,0.01,0.4292,48566.0,11366.587,3.636,2.3399999999999994,2.32,2.36,2.32
600423.SH,20240815,2.34,2.37,2.3,2.36,2.34,0.02,0.8547,48308.0,11348.409,3.636,2.36,2.3399999999999994,2.37,2.3
600423.SH,20240816,2.37,2.41,2.34,2.35,2.36,-0.01,-0.4237,52060.0,12336.78,3.636,2.35,2.37,2.41,2.3399999999999994
600423.SH,20240819,2.35,2.38,2.31,2.32,2.35,-0.03,-1.2766,37181.0,8693.537,3.636,2.32,2.35,2.38,2.31
600423.SH,20240820,2.32,2.36,2.28,2.29,2.32,-0.03,-1.2931,45129.69,10464.858,3.636,2.29,2.32,2.36,2.28
600423.SH,20240821,2.28,2.32,2.27,2.29,2.29,0.0,0.0,36453.0,8360.87,3.636,2.29,2.28,2.32,2.27
600423.SH,20240822,2.29,2.3,2.24,2.24,2.29,-0.05,-2.1834,26847.0,6081.162,3.636,2.24,2.29,2.3,2.24
600423.SH,20240823,2.24,2.27,2.22,2.25,2.24,0.01,0.4464,35397.0,7934.381,3.636,2.25,2.24,2.27,2.22
600423.SH,20240826,2.24,2.31,2.23,2.29,2.25,0.04,1.7778,38617.0,8804.24,3.636,2.29,2.24,2.31,2.23
600423.SH,20240827,2.28,2.32,2.26,2.29,2.29,0.0,0.0,37158.01,8497.935,3.636,2.29,2.28,2.32,2.26
600423.SH,20240828,2.3,2.31,2.26,2.27,2.29,-0.02,-0.8734,71044.43,16197.182,3.636,2.27,2.3,2.31,2.26
600423.SH,20240829,2.27,2.3,2.24,2.29,2.27,0.02,0.8811,61913.0,14049.821,3.636,2.29,2.27,2.3,2.24
600423.SH,20240830,2.29,2.37,2.28,2.34,2.29,0.05,2.1834,70182.96,16416.341,3.636,2.3399999999999994,2.29,2.37,2.28
600423.SH,20240902,2.34,2.39,2.33,2.34,2.34,0.0,0.0,58811.0,13893.158,3.636,2.3399999999999994,2.3399999999999994,2.39,2.33
600423.SH,20240903,2.34,2.38,2.32,2.34,2.34,0.0,0.0,40065.0,9418.951,3.636,2.3399999999999994,2.3399999999999994,2.38,2.32
600423.SH,20240904,2.34,2.35,2.28,2.29,2.34,-0.05,-2.1368,41469.0,9590.226,3.636,2.29,2.3399999999999994,2.35,2.28
600423.SH,20240905,2.29,2.31,2.27,2.3,2.29,0.01,0.4367,34829.0,7971.262,3.636,2.3,2.29,2.31,2.27
600423.SH,20240906,2.3,2.31,2.23,2.23,2.3,-0.07,-3.0435,42329.0,9551.361,3.636,2.23,2.3,2.31,2.23
600423.SH,20240909,2.22,2.28,2.2,2.24,2.23,0.01,0.4484,29375.0,6591.09,3.636,2.24,2.22,2.28,2.2
600423.SH,20240910,2.24,2.28,2.22,2.25,2.24,0.01,0.4464,47703.01,10714.213,3.636,2.25,2.24,2.28,2.22
600423.SH,20240911,2.24,2.26,2.21,2.23,2.25,-0.02,-0.8889,27915.0,6236.481,3.636,2.23,2.24,2.26,2.21
600423.SH,20240912,2.23,2.26,2.22,2.24,2.23,0.01,0.4484,31934.01,7171.82,3.636,2.24,2.23,2.26,2.22
600423.SH,20240913,2.25,2.25,2.21,2.22,2.24,-0.02,-0.8929,33500.6,7453.954,3.636,2.22,2.25,2.25,2.21
600423.SH,20240918,2.2,2.24,2.14,2.2,2.22,-0.02,-0.9009,50284.01,10985.26,3.636,2.2,2.2,2.24,2.14
600423.SH,20240919,2.21,2.27,2.2,2.27,2.2,0.07,3.1818,53759.0,12074.176,3.636,2.27,2.21,2.27,2.2
600423.SH,20240920,2.28,2.28,2.25,2.26,2.27,-0.01,-0.4405,34075.0,7708.286,3.636,2.26,2.28,2.28,2.25
600423.SH,20240923,2.26,2.29,2.25,2.27,2.26,0.01,0.4425,35936.0,8165.004,3.636,2.27,2.26,2.29,2.25
600423.SH,20240924,2.28,2.34,2.26,2.34,2.27,0.07,3.0837,58003.0,13409.155,3.636,2.3399999999999994,2.28,2.3399999999999994,2.26
600423.SH,20240925,2.36,2.42,2.35,2.38,2.34,0.04,1.7094,88175.0,21084.554,3.636,2.38,2.36,2.42,2.35
600423.SH,20240926,2.38,2.45,2.38,2.44,2.38,0.06,2.521,71848.0,17377.588,3.636,2.44,2.38,2.45,2.38
600423.SH,20240927,2.47,2.56,2.46,2.54,2.44,0.1,4.0984,72947.0,18259.182,3.636,2.54,2.47,2.56,2.46
600423.SH,20240930,2.6,2.79,2.54,2.74,2.54,0.2,7.874,273412.76,73099.53,3.636,2.74,2.6,2.79,2.54
600423.SH,20241008,2.99,3.0,2.73,2.82,2.74,0.08,2.9197,271170.16,76899.047,3.636,2.82,2.99,3.0000000000000004,2.73
600423.SH,20241009,2.77,2.77,2.55,2.55,2.82,-0.27,-9.5745,182711.0,48487.11,3.636,2.55,2.77,2.77,2.55
600423.SH,20241010,2.55,2.7,2.55,2.61,2.55,0.06,2.3529,110555.84,28997.176,3.636,2.61,2.55,2.7,2.55
600423.SH,20241011,2.61,2.63,2.49,2.52,2.61,-0.09,-3.4483,95635.0,24428.082,3.636,2.52,2.61,2.63,2.49
600423.SH,20241014,2.57,2.59,2.49,2.55,2.52,0.03,1.1905,78240.0,19854.787,3.636,2.55,2.57,2.59,2.49
600423.SH,20241015,2.55,2.6,2.51,2.56,2.55,0.01,0.3922,81770.36,20973.988,3.636,2.56,2.55,2.6,2.51
600423.SH,20241016,2.55,2.57,2.51,2.55,2.56,-0.01,-0.3906,81285.96,20625.199,3.636,2.55,2.55,2.57,2.51
600423.SH,20241017,2.55,2.58,2.49,2.5,2.55,-0.05,-1.9608,93940.5,23789.495,3.636,2.5,2.55,2.58,2.49
600423.SH,20241018,2.49,2.56,2.47,2.53,2.5,0.03,1.2,115167.77,28983.639,3.636,2.53,2.49,2.56,2.47
600423.SH,20241021,2.54,2.56,2.51,2.52,2.53,-0.01,-0.3953,90631.0,22961.888,3.636,2.52,2.54,2.56,2.51
600423.SH,20241022,2.52,2.59,2.51,2.58,2.52,0.06,2.381,105046.0,26915.936,3.636,2.58,2.52,2.59,2.51
600423.SH,20241023,2.56,2.62,2.56,2.58,2.58,0.0,0.0,102888.0,26634.645,3.636,2.58,2.56,2.62,2.56
600423.SH,20241024,2.59,2.62,2.55,2.6,2.58,0.02,0.7752,113884.01,29485.465,3.636,2.6,2.59,2.62,2.55
600423.SH,20241025,2.6,2.73,2.6,2.73,2.6,0.13,5.0,226934.23,61174.479,3.636,2.73,2.6,2.73,2.6
600423.SH,20241028,2.75,2.86,2.73,2.86,2.73,0.13,4.7619,235730.01,66042.85,3.636,2.86,2.75,2.86,2.73
600423.SH,20241029,2.93,2.95,2.74,2.78,2.86,-0.08,-2.7972,238362.71,66757.518,3.636,2.78,2.93,2.95,2.74
600423.SH,20241030,2.76,2.83,2.74,2.8,2.78,0.02,0.7194,168824.79,46923.681,3.636,2.8,2.76,2.83,2.74
600423.SH,20241031,2.8,2.9,2.79,2.87,2.8,0.07,2.5,182473.01,52036.115,3.636,2.87,2.8,2.9,2.79
600423.SH,20241101,2.86,2.91,2.77,2.78,2.87,-0.09,-3.1359,183887.82,51869.193,3.636,2.78,2.86,2.91,2.77
600423.SH,20241104,2.78,2.81,2.74,2.79,2.78,0.01,0.3597,109152.0,30240.037,3.636,2.79,2.78,2.81,2.74
600423.SH,20241105,2.79,2.89,2.78,2.88,2.79,0.09,3.2258,180977.0,51446.814,3.636,2.88,2.79,2.89,2.78
600423.SH,20241106,2.88,2.93,2.83,2.89,2.88,0.01,0.3472,160792.62,46310.949,3.636,2.89,2.88,2.93,2.83
600423.SH,20241107,2.86,3.18,2.85,3.1,2.89,0.21,7.2664,333904.0,102283.562,3.636,3.1,2.86,3.18,2.85
600423.SH,20241108,3.11,3.18,2.99,3.01,3.1,-0.09,-2.9032,246128.0,74845.311,3.636,3.01,3.11,3.18,2.99
600423.SH,20241111,3.01,3.06,2.98,3.05,3.01,0.04,1.3289,154468.7,46717.113,3.636,3.05,3.01,3.06,2.98
600423.SH,20241112,3.05,3.09,2.99,3.02,3.05,-0.03,-0.9836,191756.66,58506.29,3.636,3.02,3.05,3.09,2.99
600423.SH,20241113,3.01,3.04,2.94,3.03,3.02,0.01,0.3311,136460.4,40879.839,3.636,3.03,3.01,3.04,2.94
600423.SH,20241114,3.01,3.02,2.93,2.93,3.03,-0.1,-3.3003,104421.0,31044.334,3.636,2.93,3.01,3.02,2.93
600423.SH,20241115,2.9,2.96,2.85,2.85,2.93,-0.08,-2.7304,119945.0,34967.942,3.636,2.85,2.9,2.96,2.85
600423.SH,20241118,2.87,2.93,2.79,2.81,2.85,-0.04,-1.4035,114106.34,32541.757,3.636,2.81,2.87,2.93,2.79
600423.SH,20241119,2.8,2.86,2.76,2.84,2.81,0.03,1.0676,108374.16,30378.521,3.636,2.84,2.8,2.86,2.76
600423.SH,20241120,2.85,2.96,2.82,2.94,2.84,0.1,3.5211,119724.0,34828.595,3.636,2.94,2.85,2.96,2.82
600423.SH,20241121,2.94,3.02,2.91,2.99,2.94,0.05,1.7007,143835.02,42796.389,3.636,2.99,2.94,3.02,2.91
600423.SH,20241122,3.0,3.0,2.85,2.87,2.99,-0.12,-4.0134,129151.0,37966.045,3.636,2.87,3.0000000000000004,3.0000000000000004,2.85
600423.SH,20241125,2.87,3.1,2.87,3.07,2.87,0.2,6.9686,306470.76,92065.811,3.636,3.0700000000000003,2.87,3.1,2.87
600423.SH,20241126,3.05,3.07,2.99,3.02,3.07,-0.05,-1.6287,236037.12,71536.117,3.636,3.02,3.05,3.0700000000000003,2.99
600423.SH,20241127,3.01,3.02,2.85,3.01,3.02,-0.01,-0.3311,197342.01,58108.952,3.636,3.01,3.01,3.02,2.85
600423.SH,20241128,3.01,3.08,3.0,3.06,3.01,0.05,1.6611,195086.5,59421.607,3.636,3.06,3.01,3.08,3.0000000000000004
600423.SH,20241129,3.05,3.07,3.0,3.05,3.06,-0.01,-0.3268,172725.02,52580.364,3.636,3.05,3.05,3.0700000000000003,3.0000000000000004
600423.SH,20241202,3.07,3.13,3.04,3.13,3.05,0.08,2.623,168522.7,52154.019,3.636,3.13,3.0700000000000003,3.13,3.04
600423.SH,20241203,3.12,3.17,3.1,3.15,3.13,0.02,0.639,147603.2,46317.002,3.636,3.15,3.12,3.17,3.1
600423.SH,20241204,3.15,3.15,3.06,3.1,3.15,-0.05,-1.5873,191817.97,59507.473,3.636,3.1,3.15,3.15,3.06
600423.SH,20241205,3.08,3.14,3.08,3.13,3.1,0.03,0.9677,111566.34,34733.302,3.636,3.13,3.08,3.14,3.08
600423.SH,20241206,3.13,3.23,3.11,3.23,3.13,0.1,3.1949,202306.54,64269.982,3.636,3.23,3.13,3.23,3.11
600423.SH,20241209,3.25,3.35,3.2,3.26,3.23,0.03,0.9288,225960.02,73993.644,3.636,3.26,3.25,3.35,3.2
600423.SH,20241210,3.37,3.37,3.22,3.24,3.26,-0.02,-0.6135,178823.0,58499.853,3.636,3.24,3.37,3.37,3.22
600423.SH,20241211,3.24,3.32,3.23,3.3,3.24,0.06,1.8519,135727.02,44651.692,3.636,3.3,3.24,3.32,3.23
600423.SH,20241212,3.3,3.4,3.29,3.39,3.3,0.09,2.7273,145059.0,48557.551,3.636,3.39,3.3,3.4000000000000004,3.29
600423.SH,20241213,3.39,3.4,3.28,3.3,3.39,-0.09,-2.6549,153317.76,51111.123,3.636,3.3,3.39,3.4000000000000004,3.28
600423.SH,20241216,3.31,3.37,3.3,3.33,3.3,0.03,0.9091,109148.0,36363.582,3.636,3.3300000000000005,3.31,3.37,3.3
600423.SH,20241217,3.32,3.33,3.1,3.13,3.33,-0.2,-6.006,203172.0,64512.206,3.636,3.13,3.32,3.3300000000000005,3.1
600423.SH,20241218,3.13,3.2,3.03,3.14,3.13,0.01,0.3195,142711.0,44645.014,3.636,3.14,3.13,3.2,3.03
600423.SH,20241219,3.08,3.13,3.03,3.1,3.14,-0.04,-1.2739,122870.0,37777.623,3.636,3.1,3.08,3.13,3.03
600423.SH,20241220,3.09,3.2,3.08,3.15,3.1,0.05,1.6129,130361.76,41139.167,3.636,3.15,3.09,3.2,3.08
600423.SH,20241223,3.13,3.16,2.92,2.93,3.15,-0.22,-6.9841,196961.0,58668.054,3.636,2.93,3.13,3.16,2.92
600423.SH,20241224,2.93,2.98,2.89,2.97,2.93,0.04,1.3652,160580.1,47282.948,3.636,2.97,2.93,2.98,2.89
600423.SH,20241225,2.96,2.96,2.79,2.85,2.97,-0.12,-4.0404,147342.0,42007.019,3.636,2.85,2.96,2.96,2.79
600423.SH,20241226,2.84,2.88,2.81,2.83,2.85,-0.02,-0.7018,103937.1,29576.229,3.636,2.83,2.84,2.88,2.81
600423.SH,20241227,2.82,2.95,2.81,2.93,2.83,0.1,3.5336,128996.11,37579.869,3.636,2.93,2.82,2.95,2.81
600423.SH,20241230,2.93,2.95,2.8,2.91,2.93,-0.02,-0.6826,121100.0,34895.588,3.636,2.91,2.93,2.95,2.8
600423.SH,20241231,2.91,2.97,2.9,2.94,2.91,0.03,1.0309,114175.0,33586.986,3.636,2.94,2.91,2.97,2.9
600423.SH,20250102,2.91,2.98,2.88,2.91,2.94,-0.03,-1.0204,118547.0,34644.556,3.636,2.91,2.91,2.98,2.88
600423.SH,20250103,2.92,2.93,2.76,2.77,2.91,-0.14,-4.811,139808.0,39775.813,3.636,2.77,2.92,2.93,2.76
600423.SH,20250106,2.79,2.8,2.65,2.75,2.77,-0.02,-0.722,99581.0,27159.636,3.636,2.75,2.79,2.8,2.65
600423.SH,20250107,2.74,2.84,2.73,2.83,2.75,0.08,2.9091,63980.0,17815.762,3.636,2.83,2.74,2.84,2.73
600423.SH,20250108,2.81,2.85,2.74,2.8,2.83,-0.03,-1.0601,70224.0,19582.295,3.636,2.8,2.81,2.85,2.74
600423.SH,20250109,2.81,3.08,2.77,2.91,2.8,0.11,3.9286,186807.37,54819.952,3.636,2.91,2.81,3.08,2.77
600423.SH,20250110,2.88,2.97,2.8,2.8,2.91,-0.11,-3.7801,128661.61,36976.105,3.636,2.8,2.88,2.97,2.8
600423.SH,20250113,2.8,3.08,2.75,3.08,2.8,0.28,10.0,126695.1,38507.014,3.636,3.08,2.8,3.08,2.75
600423.SH,20250114,3.39,3.39,3.39,3.39,3.08,0.31,10.0649,72133.63,24453.301,3.636,3.39,3.39,3.39,3.39
600423.SH,20250115,3.6,3.73,3.39,3.73,3.39,0.34,10.0295,1395414.47,504290.558,3.636,3.73,3.6,3.73,3.39
600423.SH,20250116,3.78,4.1,3.77,3.89,3.73,0.16,4.2895,2094256.87,840268.924,3.636,3.89,3.78,4.1,3.77
600423.SH,20250117,3.65,4.28,3.5,4.28,3.89,0.39,10.0257,1486680.28,564175.247,3.636,4.28,3.65,4.28,3.5
600423.SH,20250120,4.24,4.48,3.85,3.85,4.28,-0.43,-10.0467,1745594.55,702738.284,3.636,3.85,4.24,4.48,3.85
600423.SH,20250121,3.51,3.67,3.47,3.47,3.85,-0.38,-9.8701,1165632.7,410351.765,3.636,3.47,3.51,3.67,3.47
600423.SH,20250122,3.26,3.33,3.12,3.12,3.47,-0.35,-10.0865,994924.83,316333.96,3.636,3.12,3.26,3.3300000000000005,3.12
600423.SH,20250123,3.14,3.18,3.03,3.03,3.12,-0.09,-2.8846,644945.98,200200.339,3.636,3.03,3.14,3.18,3.03
600423.SH,20250124,3.03,3.08,2.97,3.06,3.03,0.03,0.9901,450773.43,136466.757,3.636,3.06,3.03,3.08,2.97
600423.SH,20250127,3.08,3.09,3.02,3.02,3.06,-0.04,-1.3072,333483.17,101902.614,3.636,3.02,3.08,3.09,3.02
600423.SH,20250205,3.02,3.1,2.99,3.09,3.02,0.07,2.3179,357293.18,109461.889,3.636,3.09,3.02,3.1,2.99
600423.SH,20250206,3.05,3.11,3.03,3.11,3.09,0.02,0.6472,362387.35,111407.849,3.636,3.11,3.05,3.11,3.03
600423.SH,20250207,3.11,3.16,3.06,3.09,3.11,-0.02,-0.6431,424860.91,132507.486,3.636,3.09,3.11,3.16,3.06
600423.SH,20250210,3.12,3.2,3.11,3.19,3.09,0.1,3.2362,490285.91,154931.683,3.636,3.19,3.12,3.2,3.11
600423.SH,20250211,3.19,3.21,3.12,3.16,3.19,-0.03,-0.9404,297485.27,93582.509,3.636,3.16,3.19,3.21,3.12
600423.SH,20250212,3.15,3.17,3.11,3.15,3.16,-0.01,-0.3165,273069.43,85541.966,3.636,3.15,3.15,3.17,3.11
600423.SH,20250213,3.15,3.19,3.13,3.17,3.15,0.02,0.6349,331134.34,104946.956,3.636,3.17,3.15,3.19,3.13
600423.SH,20250214,3.18,3.19,3.1,3.11,3.17,-0.06,-1.8927,257268.0,80381.926,3.636,3.11,3.18,3.19,3.1
600423.SH,20250217,3.1,3.16,3.07,3.14,3.11,0.03,0.9646,244138.03,76045.425,3.636,3.14,3.1,3.16,3.0700000000000003
600423.SH,20250218,3.14,3.16,3.05,3.06,3.14,-0.08,-2.5478,273982.0,85277.846,3.636,3.06,3.14,3.16,3.05
600423.SH,20250219,3.06,3.09,3.06,3.09,3.06,0.03,0.9804,149612.84,46016.886,3.636,3.09,3.06,3.09,3.06
600423.SH,20250220,3.08,3.1,3.05,3.08,3.09,-0.01,-0.3236,163853.93,50437.415,3.636,3.08,3.08,3.1,3.05
600423.SH,20250221,3.09,3.09,3.02,3.05,3.08,-0.03,-0.974,193705.0,58947.727,3.636,3.05,3.09,3.09,3.02
600423.SH,20250224,3.02,3.12,3.02,3.09,3.05,0.04,1.3115,225859.84,69655.982,3.636,3.09,3.02,3.12,3.02
600423.SH,20250225,3.09,3.15,3.05,3.08,3.09,-0.01,-0.3236,198513.0,61675.286,3.636,3.08,3.09,3.15,3.05
600423.SH,20250226,3.09,3.15,3.07,3.11,3.08,0.03,0.974,204230.02,63607.542,3.636,3.11,3.09,3.15,3.0700000000000003
600423.SH,20250227,3.11,3.17,3.07,3.14,3.11,0.03,0.9646,317849.0,99161.579,3.636,3.14,3.11,3.17,3.0700000000000003
600423.SH,20250228,3.14,3.14,3.01,3.05,3.14,-0.09,-2.8662,225442.0,69609.811,3.636,3.05,3.14,3.14,3.01
600423.SH,20250303,3.04,3.18,3.04,3.11,3.05,0.06,1.9672,361040.98,113094.918,3.636,3.11,3.04,3.18,3.04
600423.SH,20250304,3.14,3.16,3.07,3.14,3.11,0.03,0.9646,269142.01,84110.359,3.636,3.14,3.14,3.16,3.0700000000000003
600423.SH,20250305,3.14,3.14,3.05,3.13,3.14,-0.01,-0.3185,262094.03,80988.286,3.636,3.13,3.14,3.14,3.05
600423.SH,20250306,3.13,3.17,3.08,3.16,3.13,0.03,0.9585,322161.5,100901.576,3.636,3.16,3.13,3.17,3.08
600423.SH,20250307,3.13,3.21,3.12,3.14,3.16,-0.02,-0.6329,275291.0,87115.733,3.636,3.14,3.13,3.21,3.12
600423.SH,20250310,3.14,3.45,3.14,3.45,3.14,0.31,9.8726,612538.53,207336.076,3.636,3.45,3.14,3.45,3.14
600423.SH,20250311,3.39,3.46,3.3,3.36,3.45,-0.09,-2.6087,844720.68,284304.51,3.636,3.36,3.39,3.46,3.3
600423.SH,20250312,3.36,3.46,3.33,3.4,3.36,0.04,1.1905,572446.31,194997.906,3.636,3.4000000000000004,3.36,3.46,3.3300000000000005
600423.SH,20250313,3.41,3.57,3.38,3.54,3.4,0.14,4.1176,791945.34,275580.161,3.636,3.54,3.41,3.57,3.38
600423.SH,20250314,3.49,3.52,3.36,3.5,3.54,-0.04,-1.1299,558553.61,191968.4,3.636,3.5,3.49,3.52,3.36
600423.SH,20250317,3.49,3.49,3.4,3.42,3.5,-0.08,-2.2857,354728.0,121494.778,3.636,3.42,3.49,3.49,3.4000000000000004
600423.SH,20250318,3.44,3.44,3.36,3.38,3.42,-0.04,-1.1696,281827.26,95362.878,3.636,3.38,3.44,3.44,3.36
600423.SH,20250319,3.35,3.39,3.35,3.37,3.38,-0.01,-0.2959,178027.12,59862.237,3.636,3.37,3.35,3.39,3.35
600423.SH,20250320,3.38,3.44,3.35,3.39,3.37,0.02,0.5935,244395.64,82869.498,3.636,3.39,3.38,3.44,3.35
600423.SH,20250321,3.35,3.36,3.27,3.3,3.39,-0.09,-2.6549,288990.98,95551.929,3.636,3.3,3.35,3.36,3.27
600423.SH,20250324,3.29,3.3,3.18,3.25,3.3,-0.05,-1.5152,242306.72,78237.248,3.636,3.25,3.29,3.3,3.18
600423.SH,20250325,3.25,3.48,3.22,3.44,3.25,0.19,5.8462,565470.0,190425.248,3.636,3.44,3.25,3.48,3.22
600423.SH,20250326,3.46,3.52,3.42,3.5,3.44,0.06,1.7442,588745.0,204502.914,3.636,3.5,3.46,3.52,3.42
600423.SH,20250327,3.46,3.82,3.45,3.6,3.5,0.1,2.8571,880722.6,318142.475,3.636,3.6,3.46,3.82,3.45
600423.SH,20250328,3.47,3.55,3.37,3.38,3.6,-0.22,-6.1111,596918.5,205218.959,3.636,3.38,3.47,3.55,3.37
600423.SH,20250331,3.42,3.42,3.15,3.24,3.38,-0.14,-4.142,376195.0,121408.062,3.636,3.24,3.42,3.42,3.15
600423.SH,20250401,3.23,3.34,3.22,3.31,3.24,0.07,2.1605,267346.1,87932.225,3.636,3.31,3.23,3.34,3.22
600423.SH,20250402,3.34,3.34,3.23,3.25,3.31,-0.06,-1.8127,184737.0,60268.855,3.636,3.25,3.34,3.34,3.23
600423.SH,20250403,3.2,3.3,3.18,3.27,3.25,0.02,0.6154,242862.0,78825.936,3.636,3.27,3.2,3.3,3.18
600423.SH,20250407,3.11,3.14,2.94,2.94,3.27,-0.33,-10.0917,252530.0,75432.0,3.636,2.94,3.11,3.14,2.94
600423.SH,20250408,2.8,2.95,2.79,2.84,2.94,-0.1,-3.4014,293550.0,83435.338,3.636,2.84,2.8,2.95,2.79
600423.SH,20250409,2.8,2.9,2.58,2.87,2.84,0.03,1.0563,251906.0,69067.423,3.636,2.87,2.8,2.9,2.58
600423.SH,20250410,2.89,3.0,2.88,2.94,2.87,0.07,2.439,184148.09,54413.085,3.636,2.94,2.89,3.0000000000000004,2.88
600423.SH,20250411,2.91,3.09,2.9,2.98,2.94,0.04,1.3605,244087.86,73298.332,3.636,2.98,2.91,3.09,2.9
600423.SH,20250414,3.0,3.09,2.98,3.04,2.98,0.06,2.0134,208328.0,63495.728,3.636,3.04,3.0000000000000004,3.09,2.98
600423.SH,20250415,3.06,3.09,3.02,3.08,3.04,0.04,1.3158,157504.0,48145.976,3.636,3.08,3.06,3.09,3.02
600423.SH,20250416,3.07,3.09,2.96,3.01,3.08,-0.07,-2.2727,151763.0,45835.481,3.636,3.01,3.0700000000000003,3.09,2.96
600423.SH,20250417,3.0,3.13,2.97,3.1,3.01,0.09,2.99,174320.09,53873.901,3.636,3.1,3.0000000000000004,3.13,2.97
600423.SH,20250418,3.09,3.1,3.03,3.06,3.1,-0.04,-1.2903,137138.0,41997.561,3.636,3.06,3.09,3.1,3.03
600423.SH,20250421,3.06,3.09,3.03,3.08,3.06,0.02,0.6536,104775.0,32114.325,3.636,3.08,3.06,3.09,3.03
600423.SH,20250422,3.1,3.14,3.07,3.12,3.08,0.04,1.2987,123454.0,38372.911,3.636,3.12,3.1,3.14,3.0700000000000003
600423.SH,20250423,3.12,3.15,3.08,3.1,3.12,-0.02,-0.641,99449.0,30944.086,3.636,3.1,3.12,3.15,3.08
600423.SH,20250424,3.09,3.11,3.04,3.08,3.1,-0.02,-0.6452,106667.02,32727.003,3.636,3.08,3.09,3.11,3.04
600423.SH,20250425,3.07,3.11,3.05,3.07,3.08,-0.01,-0.3247,105731.0,32602.342,3.636,3.0700000000000003,3.0700000000000003,3.11,3.05
600423.SH,20250428,3.08,3.08,2.98,2.99,3.07,-0.08,-2.6059,123270.0,37055.511,3.636,2.99,3.08,3.08,2.98
600423.SH,20250429,2.96,3.09,2.96,3.05,2.99,0.06,2.0067,130862.0,39902.287,3.636,3.05,2.96,3.09,2.96
600423.SH,20250430,3.07,3.12,3.04,3.05,3.05,0.0,0.0,112102.2,34532.564,3.636,3.05,3.0700000000000003,3.12,3.04
600423.SH,20250506,3.08,3.14,3.06,3.14,3.05,0.09,2.9508,134189.21,41896.307,3.636,3.14,3.08,3.14,3.06
600423.SH,20250507,3.17,3.23,3.13,3.22,3.14,0.08,2.5478,213260.0,68128.259,3.636,3.22,3.17,3.23,3.13
600423.SH,20250508,3.21,3.23,3.18,3.22,3.22,0.0,0.0,142601.0,45754.117,3.636,3.22,3.21,3.23,3.18
600423.SH,20250509,3.22,3.25,3.18,3.19,3.22,-0.03,-0.9317,106308.0,34082.496,3.636,3.19,3.22,3.25,3.18
600423.SH,20250512,3.2,3.22,3.16,3.2,3.19,0.01,0.3135,139334.12,44417.398,3.636,3.2,3.2,3.22,3.16
600423.SH,20250513,3.24,3.24,3.16,3.19,3.2,-0.01,-0.3125,143358.0,45855.126,3.636,3.19,3.24,3.24,3.16
600423.SH,20250514,3.18,3.32,3.18,3.28,3.19,0.09,2.8213,287807.02,93769.963,3.636,3.28,3.18,3.32,3.18
600423.SH,20250515,3.26,3.34,3.24,3.26,3.28,-0.02,-0.6098,220845.0,72456.613,3.636,3.26,3.26,3.34,3.24
600423.SH,20250516,3.23,3.3,3.21,3.29,3.26,0.03,0.9202,143079.0,46663.84,3.636,3.29,3.23,3.3,3.21
600423.SH,20250519,3.33,3.35,3.27,3.35,3.29,0.06,1.8237,170054.0,56481.682,3.636,3.35,3.3300000000000005,3.35,3.27
600423.SH,20250520,3.35,3.36,3.29,3.33,3.35,-0.02,-0.597,157555.0,52234.2,3.636,3.3300000000000005,3.35,3.36,3.29
600423.SH,20250521,3.31,3.34,3.28,3.3,3.33,-0.03,-0.9009,120973.0,39974.757,3.636,3.3,3.31,3.34,3.28
600423.SH,20250522,3.28,3.32,3.22,3.24,3.3,-0.06,-1.8182,136192.0,44324.99,3.636,3.24,3.28,3.32,3.22
600423.SH,20250523,3.22,3.3,3.21,3.22,3.24,-0.02,-0.6173,118352.0,38529.183,3.636,3.22,3.22,3.3,3.21
600423.SH,20250526,3.23,3.27,3.21,3.26,3.22,0.04,1.2422,86841.0,28147.206,3.636,3.26,3.23,3.27,3.21
600423.SH,20250527,3.26,3.28,3.21,3.27,3.26,0.01,0.3067,104585.0,33919.208,3.636,3.27,3.26,3.28,3.21
600423.SH,20250528,3.27,3.33,3.21,3.22,3.27,-0.05,-1.5291,145747.8,47411.863,3.636,3.22,3.27,3.3300000000000005,3.21
600423.SH,20250529,3.21,3.27,3.18,3.24,3.22,0.02,0.6211,129179.81,41880.295,3.636,3.24,3.21,3.27,3.18
600423.SH,20250530,3.23,3.27,3.17,3.19,3.24,-0.05,-1.5432,155069.0,49619.081,3.636,3.19,3.23,3.27,3.17
600423.SH,20250603,3.18,3.27,3.15,3.26,3.19,0.07,2.1944,148638.0,48201.989,3.636,3.26,3.18,3.27,3.15
600423.SH,20250604,3.25,3.3,3.24,3.29,3.26,0.03,0.9202,108000.02,35389.07,3.636,3.29,3.25,3.3,3.24
600423.SH,20250605,3.31,3.31,3.25,3.29,3.29,0.0,0.0,104117.04,34065.711,3.636,3.29,3.31,3.31,3.25
600423.SH,20250606,3.27,3.35,3.27,3.34,3.29,0.05,1.5198,152184.02,50600.679,3.636,3.34,3.27,3.35,3.27
600423.SH,20250609,3.32,3.34,3.29,3.33,3.34,-0.01,-0.2994,131658.0,43662.135,3.636,3.3300000000000005,3.32,3.34,3.29
600423.SH,20250610,3.34,3.35,3.25,3.3,3.33,-0.03,-0.9009,127946.8,42197.59,3.636,3.3,3.34,3.35,3.25
600423.SH,20250611,3.28,3.34,3.28,3.3,3.3,0.0,0.0,94967.5,31497.82,3.636,3.3,3.28,3.34,3.28
600423.SH,20250612,3.29,3.33,3.26,3.32,3.3,0.02,0.6061,144108.09,47471.274,3.636,3.32,3.29,3.3300000000000005,3.26
600423.SH,20250613,3.32,3.45,3.3,3.35,3.32,0.03,0.9036,284618.0,95698.757,3.636,3.35,3.32,3.45,3.3
600423.SH,20250616,3.34,3.45,3.33,3.39,3.35,0.04,1.194,301476.0,102515.606,3.636,3.39,3.34,3.45,3.3300000000000005
600423.SH,20250617,3.36,3.55,3.36,3.48,3.39,0.09,2.6549,457934.81,158765.966,3.636,3.48,3.36,3.55,3.36
600423.SH,20250618,3.47,3.69,3.41,3.46,3.48,-0.02,-0.5747,615100.11,217250.879,3.636,3.46,3.47,3.69,3.41
600423.SH,20250619,3.45,3.6,3.37,3.54,3.46,0.08,2.3121,612652.13,212611.779,3.636,3.54,3.45,3.6,3.37
600423.SH,20250620,3.49,3.54,3.33,3.33,3.54,-0.21,-5.9322,405069.67,137652.826,3.636,3.3300000000000005,3.49,3.54,3.3300000000000005
600423.SH,20250623,3.3,3.49,3.27,3.42,3.33,0.09,2.7027,304522.0,103654.734,3.636,3.42,3.3,3.49,3.27
600423.SH,20250624,3.39,3.41,3.25,3.37,3.42,-0.05,-1.462,319086.01,106421.05,3.636,3.37,3.39,3.41,3.25
600423.SH,20250625,3.37,3.48,3.32,3.39,3.37,0.02,0.5935,246502.0,83359.666,3.636,3.39,3.37,3.48,3.32
600423.SH,20250626,3.38,3.69,3.38,3.48,3.39,0.09,2.6549,402990.0,141168.741,3.636,3.48,3.38,3.69,3.38
600423.SH,20250627,3.48,3.5,3.4,3.41,3.48,-0.07,-2.0115,255769.0,87970.523,3.636,3.41,3.48,3.5,3.4000000000000004
600423.SH,20250630,3.44,3.45,3.37,3.41,3.41,0.0,0.0,195979.0,66691.143,3.636,3.41,3.44,3.45,3.37
600423.SH,20250701,3.4,3.44,3.34,3.39,3.41,-0.02,-0.5865,210055.5,71020.003,3.636,3.39,3.4000000000000004,3.44,3.34
600423.SH,20250702,3.36,3.4,3.35,3.39,3.39,0.0,0.0,164750.99,55575.006,3.636,3.39,3.36,3.4000000000000004,3.35
600423.SH,20250703,3.39,3.39,3.33,3.37,3.39,-0.02,-0.59,185394.0,62394.569,3.636,3.37,3.39,3.39,3.3300000000000005
600423.SH,20250704,3.37,3.71,3.35,3.71,3.37,0.34,10.089,1117999.39,410329.85,3.636,3.71,3.37,3.71,3.35
600423.SH,20250707,3.63,3.96,3.6,3.8,3.71,0.09,2.4259,1628137.43,614667.345,3.636,3.8,3.63,3.96,3.6
600423.SH,20250708,3.72,3.85,3.63,3.8,3.8,0.0,0.0,905171.44,337486.251,3.636,3.8,3.72,3.85,3.63
600423.SH,20250709,3.76,3.82,3.7,3.72,3.8,-0.08,-2.1053,635990.41,238142.436,3.636,3.72,3.76,3.82,3.7
600423.SH,20250710,3.71,3.72,3.63,3.66,3.72,-0.06,-1.6129,506766.84,185090.584,3.636,3.6600000000000006,3.71,3.72,3.63
600423.SH,20250711,3.65,3.69,3.56,3.66,3.66,0.0,0.0,528702.0,192204.755,3.636,3.6600000000000006,3.65,3.69,3.56
600423.SH,20250714,3.65,3.7,3.63,3.66,3.66,0.0,0.0,348935.0,127841.197,3.636,3.6600000000000006,3.65,3.7,3.63
600423.SH,20250715,3.68,3.68,3.49,3.54,3.66,-0.12,-3.2787,421642.99,149397.099,3.636,3.54,3.68,3.68,3.49
600423.SH,20250716,3.54,3.57,3.48,3.5,3.54,-0.04,-1.1299,265583.0,93607.939,3.636,3.5,3.54,3.57,3.48
600423.SH,20250717,3.5,3.59,3.47,3.58,3.5,0.08,2.2857,284648.0,100903.823,3.636,3.58,3.5,3.59,3.47
600423.SH,20250718,3.58,3.59,3.53,3.57,3.58,-0.01,-0.2793,175634.0,62405.637,3.636,3.57,3.58,3.59,3.53
600423.SH,20250721,3.58,3.73,3.56,3.65,3.57,0.08,2.2409,361478.77,131947.476,3.636,3.65,3.58,3.73,3.56
600423.SH,20250722,3.65,3.74,3.59,3.69,3.65,0.04,1.0959,379175.86,138707.716,3.636,3.69,3.65,3.74,3.59
600423.SH,20250723,3.69,4.06,3.64,3.85,3.69,0.16,4.336,1182512.46,463402.833,3.636,3.85,3.69,4.06,3.64
600423.SH,20250724,3.8,3.89,3.73,3.81,3.85,-0.04,-1.039,754813.54,287150.454,3.636,3.81,3.8,3.89,3.73
600423.SH,20250725,3.82,3.83,3.67,3.68,3.81,-0.13,-3.4121,406491.0,150828.215,3.636,3.68,3.82,3.83,3.67
600423.SH,20250728,3.67,3.7,3.65,3.68,3.68,0.0,0.0,237775.0,87272.437,3.636,3.68,3.67,3.7,3.65
600423.SH,20250729,3.67,3.68,3.56,3.61,3.68,-0.07,-1.9022,259771.0,93412.959,3.636,3.61,3.67,3.68,3.56
600423.SH,20250730,3.6,3.77,3.6,3.75,3.61,0.14,3.8781,536318.44,198935.639,3.636,3.75,3.6,3.77,3.6
600423.SH,20250731,3.71,3.74,3.59,3.62,3.75,-0.13,-3.4667,338937.0,123840.123,3.636,3.62,3.71,3.74,3.59
600423.SH,20250801,3.61,3.75,3.59,3.66,3.62,0.04,1.105,240355.5,88058.788,3.636,3.6600000000000006,3.61,3.75,3.59
600423.SH,20250804,3.62,3.9,3.61,3.79,3.66,0.13,3.5519,447355.5,168463.58,3.636,3.79,3.62,3.9,3.61
600423.SH,20250805,3.79,3.84,3.76,3.79,3.79,0.0,0.0,273845.42,103729.306,3.636,3.79,3.79,3.84,3.76
600423.SH,20250806,3.79,3.81,3.73,3.76,3.79,-0.03,-0.7916,198749.8,74548.392,3.636,3.76,3.79,3.81,3.73
600423.SH,20250807,3.76,3.8,3.72,3.76,3.76,0.0,0.0,231613.8,87009.519,3.636,3.76,3.76,3.8,3.72
600423.SH,20250808,3.9,4.05,3.82,3.84,3.76,0.08,2.1277,542074.11,210986.506,3.636,3.84,3.9,4.05,3.82
600423.SH,20250811,3.77,3.86,3.76,3.82,3.84,-0.02,-0.5208,302324.0,115164.422,3.636,3.82,3.77,3.86,3.76
600423.SH,20250812,3.81,3.82,3.74,3.77,3.82,-0.05,-1.3089,208806.75,78734.428,3.636,3.77,3.81,3.82,3.74
600423.SH,20250813,3.78,3.85,3.76,3.79,3.77,0.02,0.5305,237596.01,90340.283,3.636,3.79,3.78,3.85,3.76
600423.SH,20250814,3.81,3.81,3.67,3.68,3.79,-0.11,-2.9024,271181.0,100866.584,3.636,3.68,3.81,3.81,3.67
600423.SH,20250815,3.68,3.72,3.66,3.7,3.68,0.02,0.5435,159128.11,58798.478,3.636,3.7,3.68,3.72,3.6600000000000006
600423.SH,20250818,3.72,3.75,3.7,3.72,3.7,0.02,0.5405,181011.61,67372.655,3.636,3.72,3.72,3.75,3.7
600423.SH,20250819,3.74,3.75,3.68,3.74,3.72,0.02,0.5376,226411.0,84232.244,3.636,3.74,3.74,3.75,3.68
600423.SH,20250820,3.73,3.79,3.71,3.79,3.74,0.05,1.3369,225466.0,84576.81,3.636,3.79,3.73,3.79,3.71
600423.SH,20250821,3.84,3.85,3.78,3.82,3.79,0.03,0.7916,291885.63,111414.572,3.636,3.82,3.84,3.85,3.78
600423.SH,20250822,3.79,3.8,3.69,3.74,3.82,-0.08,-2.0942,358938.02,133599.059,3.636,3.74,3.79,3.8,3.69
600423.SH,20250825,3.75,3.77,3.7,3.74,3.74,0.0,0.0,200048.23,74613.655,3.636,3.74,3.75,3.77,3.7
600423.SH,20250826,3.72,3.76,3.69,3.73,3.74,-0.01,-0.2674,175667.13,65598.23,3.636,3.73,3.72,3.76,3.69
600423.SH,20250827,3.73,3.74,3.59,3.59,3.73,-0.14,-3.7534,316094.0,115749.467,3.636,3.59,3.73,3.74,3.59
600423.SH,20250828,3.58,3.62,3.44,3.56,3.59,-0.03,-0.8357,257991.0,90997.794,3.636,3.56,3.58,3.62,3.44
600423.SH,20250829,3.54,3.57,3.52,3.55,3.56,-0.01,-0.2809,116350.42,41210.314,3.636,3.55,3.54,3.57,3.52
600423.SH,20250901,3.55,3.61,3.51,3.6,3.55,0.05,1.4085,124682.01,44496.526,3.636,3.6,3.55,3.61,3.51
600423.SH,20250902,3.6,3.6,3.53,3.6,3.6,0.0,0.0,131695.01,46953.375,3.636,3.6,3.6,3.6,3.53
600423.SH,20250903,3.62,3.62,3.49,3.5,3.6,-0.1,-2.7778,102064.0,36072.103,3.636,3.5,3.62,3.62,3.49
600423.SH,20250904,3.47,3.56,3.47,3.52,3.5,0.02,0.5714,93017.0,32813.476,3.636,3.52,3.47,3.56,3.47
600423.SH,20250905,3.52,3.54,3.49,3.53,3.52,0.01,0.2841,75524.27,26568.782,3.636,3.53,3.52,3.54,3.49
600423.SH,20250908,3.55,3.6,3.54,3.6,3.53,0.07,1.983,97505.5,34878.329,3.636,3.6,3.55,3.6,3.54
600423.SH,20250909,3.6,3.63,3.57,3.59,3.6,-0.01,-0.2778,101557.0,36551.448,3.636,3.59,3.6,3.63,3.57
600423.SH,20250910,3.58,3.61,3.57,3.59,3.59,0.0,0.0,91101.28,32712.515,3.636,3.59,3.58,3.61,3.57
600423.SH,20250911,3.59,3.64,3.56,3.64,3.59,0.05,1.3928,132753.35,47915.446,3.636,3.64,3.59,3.64,3.56
600423.SH,20250912,3.63,3.64,3.61,3.62,3.64,-0.02,-0.5495,111398.35,40388.373,3.636,3.62,3.63,3.64,3.61
600423.SH,20250915,3.62,3.63,3.58,3.61,3.62,-0.01,-0.2762,76028.0,27361.885,3.636,3.61,3.62,3.63,3.58
600423.SH,20250916,3.61,3.67,3.6,3.67,3.61,0.06,1.662,141728.0,51526.977,3.636,3.67,3.61,3.67,3.6
600423.SH,20250917,3.66,3.78,3.64,3.72,3.67,0.05,1.3624,265114.0,98663.315,3.636,3.72,3.6600000000000006,3.78,3.64
600423.SH,20250918,3.71,3.74,3.62,3.67,3.72,-0.05,-1.3441,208775.15,77088.993,3.636,3.67,3.71,3.74,3.62
600423.SH,20250919,3.66,3.67,3.57,3.6,3.67,-0.07,-1.9074,119739.15,43170.334,3.636,3.6,3.6600000000000006,3.67,3.57
600423.SH,20250922,3.61,3.61,3.55,3.57,3.6,-0.03,-0.8333,82213.0,29316.81,3.636,3.57,3.61,3.61,3.55
600423.SH,20250923,3.59,3.59,3.45,3.47,3.57,-0.1,-2.8011,123799.0,43214.341,3.636,3.47,3.59,3.59,3.45
600423.SH,20250924,3.48,3.56,3.47,3.55,3.47,0.08,2.3055,79413.02,27941.571,3.636,3.55,3.48,3.56,3.47
600423.SH,20250925,3.55,3.55,3.49,3.54,3.55,-0.01,-0.2817,64837.0,22819.396,3.636,3.54,3.55,3.55,3.49
600423.SH,20250926,3.53,3.64,3.5,3.6,3.54,0.06,1.6949,126515.03,45404.977,3.636,3.6,3.53,3.64,3.5
600423.SH,20250929,3.6,3.65,3.56,3.63,3.6,0.03,0.8333,88771.0,32135.542,3.636,3.63,3.6,3.65,3.56
600423.SH,20250930,3.63,3.65,3.61,3.64,3.63,0.01,0.2755,83573.2,30373.632,3.636,3.64,3.63,3.65,3.61
600423.SH,20251009,3.64,3.66,3.59,3.61,3.64,-0.03,-0.8242,90515.51,32631.774,3.636,3.61,3.64,3.6600000000000006,3.59
600423.SH,20251010,3.61,3.72,3.6,3.69,3.61,0.08,2.2161,203951.51,74971.416,3.636,3.69,3.61,3.72,3.6
600423.SH,20251013,3.61,3.72,3.58,3.72,3.69,0.03,0.813,168743.33,61974.364,3.636,3.72,3.61,3.72,3.58
600423.SH,20251014,3.73,3.74,3.69,3.72,3.72,0.0,0.0,139441.26,51828.638,3.636,3.72,3.73,3.74,3.69
600423.SH,20251015,3.72,3.76,3.71,3.74,3.72,0.02,0.5376,157256.66,58757.597,3.636,3.74,3.72,3.76,3.71
600423.SH,20251016,3.74,3.76,3.7,3.72,3.74,-0.02,-0.5348,123681.0,46046.224,3.636,3.72,3.74,3.76,3.7
600423.SH,20251017,3.72,3.74,3.66,3.68,3.72,-0.04,-1.0753,113889.0,42164.263,3.636,3.68,3.72,3.74,3.6600000000000006
600423.SH,20251020,3.68,3.73,3.67,3.73,3.68,0.05,1.3587,115864.0,42916.129,3.636,3.73,3.68,3.73,3.67
600423.SH,20251021,3.73,3.78,3.71,3.78,3.73,0.05,1.3405,140553.0,52724.354,3.636,3.78,3.73,3.78,3.71
600423.SH,20251022,3.77,3.81,3.75,3.8,3.78,0.02,0.5291,130810.02,49632.012,3.636,3.8,3.77,3.81,3.75
600423.SH,20251023,3.82,3.86,3.79,3.85,3.8,0.05,1.3158,171308.0,65605.006,3.636,3.85,3.82,3.86,3.79
600423.SH,20251024,3.85,3.87,3.77,3.78,3.85,-0.07,-1.8182,141271.01,53991.857,3.636,3.78,3.85,3.87,3.77
600423.SH,20251027,3.8,3.83,3.75,3.78,3.78,0.0,0.0,132508.42,50156.855,3.636,3.78,3.8,3.83,3.75
600423.SH,20251028,3.79,3.81,3.76,3.78,3.78,0.0,0.0,84707.0,31986.79,3.636,3.78,3.79,3.81,3.76
600423.SH,20251029,3.76,3.76,3.71,3.75,3.78,-0.03,-0.7937,142170.0,53095.576,3.636,3.75,3.76,3.76,3.71
600423.SH,20251030,3.76,3.77,3.71,3.73,3.75,-0.02,-0.5333,73324.0,27380.813,3.636,3.73,3.76,3.77,3.71
600423.SH,20251031,3.73,3.77,3.73,3.74,3.73,0.01,0.2681,73967.01,27711.219,3.636,3.74,3.73,3.77,3.73
600423.SH,20251103,3.74,3.82,3.74,3.81,3.74,0.07,1.8717,138961.71,52590.726,3.636,3.81,3.74,3.82,3.74
600423.SH,20251104,3.79,3.83,3.78,3.81,3.81,0.0,0.0,106361.99,40455.499,3.636,3.81,3.79,3.83,3.78
600423.SH,20251105,3.78,3.87,3.77,3.85,3.81,0.04,1.0499,123754.01,47494.085,3.636,3.85,3.78,3.87,3.77
600423.SH,20251106,3.86,3.89,3.82,3.88,3.85,0.03,0.7792,97373.71,37681.12,3.636,3.88,3.86,3.89,3.82
600423.SH,20251107,3.89,3.96,3.86,3.95,3.88,0.07,1.8041,162885.01,63970.063,3.636,3.95,3.89,3.96,3.86
600423.SH,20251110,3.95,4.35,3.95,4.35,3.95,0.4,10.1266,859277.91,367343.648,3.636,4.35,3.95,4.35,3.95
600423.SH,20251111,4.37,4.44,4.26,4.32,4.35,-0.03,-0.6897,1016105.42,440540.176,3.636,4.32,4.37,4.44,4.26
600423.SH,20251112,4.34,4.36,4.25,4.29,4.32,-0.03,-0.6944,446652.15,191710.826,3.636,4.29,4.34,4.36,4.25
600423.SH,20251113,4.32,4.58,4.28,4.47,4.29,0.18,4.1958,844163.87,375476.872,3.636,4.47,4.32,4.58,4.28
600423.SH,20251114,4.45,4.64,4.43,4.52,4.47,0.05,1.1186,669072.05,303159.605,3.636,4.52,4.450000000000001,4.64,4.43
600423.SH,20251117,4.52,4.57,4.4,4.52,4.52,0.0,0.0,395018.05,176685.576,3.636,4.52,4.52,4.57,4.4
600423.SH,20251118,4.51,4.51,4.27,4.3,4.52,-0.22,-4.8673,329995.01,143079.224,3.636,4.3,4.51,4.51,4.27
600423.SH,20251119,4.27,4.32,4.17,4.21,4.3,-0.09,-2.093,224275.99,94974.202,3.636,4.21,4.27,4.32,4.17
600423.SH,20251120,4.21,4.23,4.1,4.14,4.21,-0.07,-1.6627,176127.66,73164.13,3.636,4.14,4.21,4.23,4.1
600423.SH,20251121,4.1,4.13,3.79,3.8,4.14,-0.34,-8.2126,355588.22,139300.41,3.636,3.8,4.1,4.13,3.79
600423.SH,20251124,3.89,3.92,3.8,3.89,3.8,0.09,2.3684,227264.99,87771.617,3.636,3.89,3.89,3.92,3.8
600423.SH,20251125,3.88,3.99,3.88,3.9,3.89,0.01,0.2571,148821.99,58202.729,3.636,3.9,3.88,3.9900000000000007,3.88
600423.SH,20251126,3.92,3.96,3.87,3.88,3.9,-0.02,-0.5128,113068.0,44240.698,3.636,3.88,3.92,3.96,3.87
600423.SH,20251127,3.89,3.95,3.85,3.91,3.88,0.03,0.7732,129095.0,50594.477,3.636,3.91,3.89,3.95,3.85
600423.SH,20251128,3.93,4.0,3.89,3.98,3.91,0.07,1.7903,134973.0,53378.648,3.636,3.98,3.93,4.0,3.89
600423.SH,20251201,3.99,4.28,3.98,4.1,3.98,0.12,3.0151,277484.15,114195.539,3.636,4.1,3.9900000000000007,4.28,3.98
600423.SH,20251202,4.11,4.23,4.03,4.18,4.1,0.08,1.9512,290970.3,120985.916,3.636,4.18,4.11,4.23,4.03
600423.SH,20251203,4.18,4.2,4.09,4.2,4.18,0.02,0.4785,202538.0,84140.049,3.636,4.2,4.18,4.2,4.09
600423.SH,20251204,4.17,4.18,4.04,4.05,4.2,-0.15,-3.5714,147990.8,60483.827,3.636,4.05,4.17,4.18,4.04
600423.SH,20251205,4.02,4.15,4.02,4.12,4.05,0.07,1.7284,114909.0,47121.908,3.636,4.12,4.02,4.15,4.02
600423.SH,20251208,4.17,4.18,4.03,4.1,4.12,-0.02,-0.4854,125754.0,51397.18,3.636,4.1,4.17,4.18,4.03
600423.SH,20251209,4.11,4.13,4.01,4.03,4.1,-0.07,-1.7073,122011.0,49677.437,3.636,4.03,4.11,4.13,4.01
600423.SH,20251210,4.02,4.06,3.98,3.98,4.03,-0.05,-1.2407,99471.0,39897.939,3.636,3.98,4.02,4.06,3.98
600423.SH,20251211,4.0,4.0,3.86,3.86,3.98,-0.12,-3.0151,143253.0,55893.743,3.636,3.86,4.0,4.0,3.86
600423.SH,20251212,3.85,3.9,3.82,3.83,3.86,-0.03,-0.7772,97069.0,37482.69,3.636,3.83,3.85,3.9,3.82
600423.SH,20251215,3.83,3.91,3.8,3.88,3.83,0.05,1.3055,105556.0,40742.106,3.636,3.88,3.83,3.91,3.8
600423.SH,20251216,3.88,3.88,3.76,3.77,3.88,-0.11,-2.8351,101194.0,38405.58,3.636,3.77,3.88,3.88,3.76
600423.SH,20251217,3.8,3.81,3.69,3.73,3.77,-0.04,-1.061,123856.0,46245.473,3.636,3.73,3.8,3.81,3.69
600423.SH,20251218,3.72,3.78,3.71,3.75,3.73,0.02,0.5362,112341.0,42243.802,3.636,3.75,3.72,3.78,3.71
600423.SH,20251219,3.77,3.84,3.72,3.83,3.75,0.08,2.1333,95937.0,36481.528,3.636,3.83,3.77,3.84,3.72
600423.SH,20251222,3.85,3.87,3.81,3.83,3.83,0.0,0.0,91365.0,35092.525,3.636,3.83,3.85,3.87,3.81
600423.SH,20251223,3.83,3.85,3.78,3.83,3.83,0.0,0.0,82270.0,31392.54,3.636,3.83,3.83,3.85,3.78
600423.SH,20251224,3.83,3.84,3.79,3.83,3.83,0.0,0.0,67946.0,25938.592,3.636,3.83,3.83,3.84,3.79
600423.SH,20251225,3.82,3.9,3.79,3.87,3.83,0.04,1.0444,78423.0,30167.566,3.636,3.87,3.82,3.9,3.79
600423.SH,20251226,3.86,3.88,3.82,3.83,3.87,-0.04,-1.0336,70824.0,27224.988,3.636,3.83,3.86,3.88,3.82
600423.SH,20251229,3.84,3.85,3.78,3.8,3.83,-0.03,-0.7833,102889.0,39185.403,3.636,3.8,3.84,3.85,3.78
600423.SH,20251230,3.79,3.81,3.73,3.75,3.8,-0.05,-1.3158,99990.0,37609.5,3.636,3.75,3.79,3.81,3.73
600423.SH,20251231,3.76,3.76,3.67,3.72,3.75,-0.03,-0.8,98176.0,36408.683,3.636,3.72,3.76,3.76,3.67
600423.SH,20260105,3.72,3.78,3.72,3.74,3.72,0.02,0.5376,97142.0,36384.744,3.636,3.74,3.72,3.78,3.72
600423.SH,20260106,3.75,3.82,3.73,3.78,3.74,0.04,1.0695,128979.0,48894.374,3.636,3.78,3.75,3.82,3.73
600423.SH,20260107,3.8,3.8,3.7,3.73,3.78,-0.05,-1.3228,139685.0,52268.36,3.636,3.73,3.8,3.8,3.7
600423.SH,20260108,3.73,3.84,3.7,3.79,3.73,0.06,1.6086,150787.74,56915.334,3.636,3.79,3.73,3.84,3.7
600423.SH,20260109,3.8,3.81,3.74,3.79,3.79,0.0,0.0,105236.42,39713.557,3.636,3.79,3.8,3.81,3.74
600423.SH,20260112,3.79,3.8,3.73,3.76,3.79,-0.03,-0.7916,211851.06,79466.805,3.636,3.76,3.79,3.8,3.73
600423.SH,20260113,3.75,3.76,3.67,3.68,3.76,-0.08,-2.1277,256166.0,95199.524,3.636,3.68,3.75,3.76,3.67
600423.SH,20260114,3.69,3.7,3.59,3.64,3.68,-0.04,-1.087,213803.0,78286.804,3.636,3.64,3.69,3.7,3.59
600423.SH,20260115,3.63,3.65,3.6,3.64,3.64,0.0,0.0,137134.03,49688.432,3.636,3.64,3.63,3.65,3.6
600423.SH,20260116,3.66,3.66,3.57,3.61,3.64,-0.03,-0.8242,110539.5,39936.957,3.636,3.61,3.6600000000000006,3.6600000000000006,3.57
600423.SH,20260119,3.6,3.7,3.58,3.7,3.61,0.09,2.4931,132225.11,48582.269,3.636,3.7,3.6,3.7,3.58
600423.SH,20260120,3.71,3.72,3.68,3.71,3.7,0.01,0.2703,105409.0,39033.789,3.636,3.71,3.71,3.72,3.68
600423.SH,20260121,3.71,3.75,3.67,3.75,3.71,0.04,1.0782,139601.42,51909.097,3.636,3.75,3.71,3.75,3.67
600423.SH,20260122,3.74,3.79,3.71,3.79,3.75,0.04,1.0667,155063.02,58378.339,3.636,3.79,3.74,3.79,3.71
600423.SH,20260123,3.82,3.9,3.77,3.89,3.79,0.1,2.6385,200691.3,77011.159,3.636,3.89,3.82,3.9,3.77
600423.SH,20260126,3.92,3.93,3.82,3.89,3.89,0.0,0.0,214866.2,83322.766,3.636,3.89,3.92,3.93,3.82
600423.SH,20260127,3.88,3.92,3.76,3.92,3.89,0.03,0.7712,231555.5,89106.922,3.636,3.92,3.88,3.92,3.76
600423.SH,20260128,3.9,4.31,3.87,4.05,3.92,0.13,3.3163,1089627.8,452601.62,3.636,4.05,3.9,4.31,3.87
600423.SH,20260129,3.96,4.21,3.96,4.03,4.05,-0.02,-0.4938,787551.44,317462.58,3.636,4.03,3.96,4.21,3.96
600423.SH,20260130,3.94,4.06,3.9,3.98,4.03,-0.05,-1.2407,451547.0,179421.671,3.636,3.98,3.94,4.06,3.9
600423.SH,20260202,3.95,3.99,3.74,3.74,3.98,-0.24,-6.0302,335886.43,129619.303,3.636,3.74,3.95,3.9900000000000007,3.74
600423.SH,20260203,3.79,3.88,3.76,3.86,3.74,0.12,3.2086,272179.0,104434.033,3.636,3.86,3.79,3.88,3.76
600423.SH,20260204,3.9,3.93,3.83,3.9,3.86,0.04,1.0363,189359.42,73602.632,3.636,3.9,3.9,3.93,3.83
600423.SH,20260205,3.89,3.96,3.86,3.86,3.9,-0.04,-1.0256,157801.0,61579.867,3.636,3.86,3.89,3.96,3.86
600423.SH,20260206,3.83,3.98,3.82,3.91,3.86,0.05,1.2953,163232.26,63918.545,3.636,3.91,3.83,3.98,3.82
600423.SH,20260209,3.98,3.99,3.89,3.94,3.91,0.03,0.7673,145914.0,57351.016,3.636,3.94,3.98,3.9900000000000007,3.89
600423.SH,20260210,3.93,3.97,3.9,3.93,3.94,-0.01,-0.2538,130175.43,51301.476,3.636,3.93,3.93,3.97,3.9
600423.SH,20260211,3.93,4.02,3.89,3.98,3.93,0.05,1.2723,216328.0,85978.942,3.636,3.98,3.93,4.02,3.89
600423.SH,20260212,3.98,3.98,3.86,3.86,3.98,-0.12,-3.0151,191287.0,74430.873,3.636,3.86,3.98,3.98,3.86
600423.SH,20260213,3.85,3.88,3.81,3.81,3.86,-0.05,-1.2953,115084.0,44220.239,3.636,3.81,3.85,3.88,3.81
600423.SH,20260224,3.84,4.02,3.84,3.99,3.81,0.18,4.7244,262773.0,104140.52,3.636,3.9900000000000007,3.84,4.02,3.84
600423.SH,20260225,4.0,4.09,3.99,4.03,3.99,0.04,1.0025,263485.0,106805.909,3.636,4.03,4.0,4.09,3.9900000000000007
600423.SH,20260226,4.05,4.07,3.96,3.97,4.03,-0.06,-1.4888,173380.0,69482.777,3.636,3.97,4.05,4.07,3.96
600423.SH,20260227,3.95,4.03,3.95,4.03,3.97,0.06,1.5113,153308.0,61248.317,3.636,4.03,3.95,4.03,3.95
600423.SH,20260302,4.07,4.12,3.97,4.03,4.03,0.0,0.0,237179.0,95888.12,3.636,4.03,4.07,4.12,3.97
600423.SH,20260303,4.03,4.07,3.88,3.89,4.03,-0.14,-3.4739,220614.0,87632.343,3.636,3.89,4.03,4.07,3.88
600423.SH,20260304,3.83,3.95,3.81,3.88,3.89,-0.01,-0.2571,140746.0,54672.325,3.636,3.88,3.83,3.95,3.81
600423.SH,20260305,3.92,3.94,3.83,3.84,3.88,-0.04,-1.0309,169606.0,65557.642,3.636,3.84,3.92,3.94,3.83
600423.SH,20260306,3.84,4.05,3.84,4.04,3.84,0.2,5.2083,253044.0,100693.064,3.636,4.04,3.84,4.05,3.84
600423.SH,20260309,4.06,4.1,3.96,4.0,4.04,-0.04,-0.9901,234021.0,94059.342,3.636,4.0,4.06,4.1,3.96
600423.SH,20260310,4.0,4.01,3.93,3.94,4.0,-0.06,-1.5,218816.0,86590.943,3.636,3.94,4.0,4.01,3.93
600423.SH,20260311,3.94,4.0,3.88,3.99,3.94,0.05,1.269,199997.3,78746.859,3.636,3.9900000000000007,3.94,4.0,3.88
600423.SH,20260312,4.01,4.11,3.95,4.06,3.99,0.07,1.7544,373290.72,151297.522,3.636,4.06,4.01,4.11,3.95
600423.SH,20260313,4.04,4.19,4.03,4.12,4.06,0.06,1.4778,440897.01,182064.699,3.636,4.12,4.04,4.19,4.03
600423.SH,20260316,4.1,4.28,4.04,4.07,4.12,-0.05,-1.2136,391799.1,162374.055,3.636,4.07,4.1,4.28,4.04
600423.SH,20260317,4.04,4.21,4.03,4.03,4.07,-0.04,-0.9828,335419.3,137792.725,3.636,4.03,4.04,4.21,4.03
600423.SH,20260318,4.04,4.09,3.92,3.98,4.03,-0.05,-1.2407,267300.0,106565.971,3.636,3.98,4.04,4.09,3.92
600423.SH,20260319,4.04,4.25,3.81,3.84,3.98,-0.14,-3.5176,586781.22,233279.266,3.636,3.84,4.04,4.25,3.81
600423.SH,20260320,3.83,3.85,3.65,3.67,3.84,-0.17,-4.4271,388374.01,144776.239,3.636,3.67,3.83,3.85,3.65
600423.SH,20260323,3.51,3.66,3.39,3.43,3.67,-0.24,-6.5395,333088.5,117289.778,3.636,3.43,3.51,3.6600000000000006,3.39
600423.SH,20260324,3.49,3.55,3.37,3.54,3.43,0.11,3.207,247775.0,85769.515,3.636,3.54,3.49,3.55,3.37
600423.SH,20260325,3.54,3.67,3.52,3.64,3.54,0.1,2.8249,171248.72,61813.111,3.636,3.64,3.54,3.67,3.52
600423.SH,20260326,3.65,3.7,3.59,3.64,3.64,0.0,0.0,154963.0,56433.453,3.636,3.64,3.65,3.7,3.59
600423.SH,20260327,3.61,3.82,3.61,3.75,3.64,0.11,3.022,265814.0,99721.392,3.636,3.75,3.61,3.82,3.61
600423.SH,20260330,3.82,4.13,3.79,3.95,3.75,0.2,5.3333,919640.25,368962.151,3.636,3.95,3.82,4.13,3.79
600423.SH,20260331,4.03,4.12,3.85,3.86,3.95,-0.09,-2.2785,932356.5,372789.469,3.636,3.86,4.03,4.12,3.85
600423.SH,20260401,3.88,3.94,3.68,3.75,3.86,-0.11,-2.8497,498127.86,186812.882,3.636,3.75,3.88,3.94,3.68
600423.SH,20260402,3.72,3.74,3.57,3.61,3.75,-0.14,-3.7333,241490.5,87880.087,3.636,3.61,3.72,3.74,3.57
600423.SH,20260403,3.61,3.61,3.25,3.28,3.61,-0.33,-9.1413,460479.0,154386.535,3.636,3.28,3.61,3.61,3.25
600423.SH,20260407,3.28,3.61,3.28,3.61,3.28,0.33,10.061,544294.7,191622.18,3.636,3.61,3.28,3.61,3.28
