ts_code,trade_date,open,high,low,close,pre_close,change,pct_chg,vol,amount,adj_factor,adj_close,adj_open,adj_high,adj_low
600829.SH,20000508,12.35,12.5,11.61,12.0,12.32,-0.32,-2.6,8332.0,9925.647,,,,,
600829.SH,20000509,12.01,12.3,11.8,11.98,12.0,-0.02,-0.17,4557.0,5494.839,,,,,
600829.SH,20000510,11.8,12.05,11.36,11.4,11.98,-0.58,-4.84,5284.0,6107.963,,,,,
600829.SH,20000511,11.5,11.55,10.73,10.8,11.4,-0.6,-5.26,6846.0,7539.344,,,,,
600829.SH,20000512,10.8,11.06,10.7,10.77,10.8,-0.03,-0.28,4489.0,4882.582,,,,,
600829.SH,20000515,10.83,10.83,10.0,10.2,10.77,-0.57,-5.29,6821.0,7026.049,,,,,
600829.SH,20000516,10.2,10.5,10.2,10.46,10.2,0.26,2.55,4404.0,4542.266,,,,,
600829.SH,20000517,10.48,10.67,10.3,10.42,10.46,-0.04,-0.38,2425.0,2537.721,,,,,
600829.SH,20000518,10.38,10.7,10.3,10.67,10.42,0.25,2.4,3792.0,3985.857,,,,,
600829.SH,20000519,10.65,11.43,10.65,11.3,10.67,0.63,5.9,7277.0,8093.635,,,,,
600829.SH,20000522,11.4,12.0,11.35,11.96,11.3,0.66,5.84,9008.0,10493.5,,,,,
600829.SH,20000523,11.99,12.0,11.69,11.81,11.96,-0.15,-1.25,6040.0,7137.298,,,,,
600829.SH,20000524,11.82,12.19,11.75,11.9,11.81,0.09,0.76,6985.0,8376.361,,,,,
600829.SH,20000525,12.2,12.3,11.9,12.15,11.9,0.25,2.1,7171.0,8647.471,,,,,
600829.SH,20000526,12.15,12.35,11.65,11.85,12.15,-0.3,-2.47,7176.0,8515.699,,,,,
600829.SH,20000529,11.85,11.93,11.45,11.8,11.85,-0.05,-0.42,7004.0,8203.926,,,,,
600829.SH,20000530,11.8,12.3,11.68,12.16,11.8,0.36,3.05,7521.0,9042.506,,,,,
600829.SH,20000531,12.4,13.2,12.34,12.79,12.16,0.63,5.18,17600.0,22560.738,,,,,
600829.SH,20000601,12.79,12.8,12.36,12.41,12.79,-0.38,-2.97,6672.0,8352.676,,,,,
600829.SH,20000602,12.4,12.83,12.25,12.46,12.41,0.05,0.4,5499.0,6853.958,,,,,
600829.SH,20000605,12.69,12.85,12.18,12.28,12.46,-0.18,-1.44,7572.0,9528.46,,,,,
600829.SH,20000606,12.28,12.28,11.8,12.05,12.28,-0.23,-1.87,6598.0,7898.998,,,,,
600829.SH,20000607,12.08,12.08,11.71,11.93,12.05,-0.12,-1.0,6305.0,7499.551,,,,,
600829.SH,20000608,11.93,12.07,11.8,12.03,11.93,0.1,0.84,3566.0,4254.8,,,,,
600829.SH,20000609,12.03,12.05,11.73,11.8,12.03,-0.23,-1.91,3374.0,3990.974,,,,,
600829.SH,20000612,11.75,11.75,11.33,11.5,11.8,-0.3,-2.54,5252.0,6048.693,,,,,
600829.SH,20000613,11.59,11.95,11.5,11.75,11.5,0.25,2.17,3180.0,3742.016,,,,,
600829.SH,20000614,11.9,12.19,11.9,12.15,11.75,0.4,3.4,6131.0,7404.385,,,,,
600829.SH,20000615,12.5,12.5,11.9,12.14,12.15,-0.01,-0.08,5699.0,6909.619,,,,,
600829.SH,20000616,12.14,12.28,11.91,11.98,12.14,-0.16,-1.32,4221.0,5094.783,,,,,
600829.SH,20000619,11.98,12.04,11.7,11.8,11.98,-0.18,-1.5,3751.0,4430.106,,,,,
600829.SH,20000620,11.8,11.83,11.36,11.4,11.8,-0.4,-3.39,4372.0,5030.819,,,,,
600829.SH,20000621,11.4,11.57,11.22,11.4,11.4,0.0,0.0,3039.0,3461.979,,,,,
600829.SH,20000622,11.88,11.88,11.5,11.74,11.4,0.34,2.98,3301.0,3854.135,,,,,
600829.SH,20000623,11.74,11.75,11.4,11.6,11.74,-0.14,-1.19,3631.0,4185.0,,,,,
600829.SH,20000626,11.6,11.6,11.4,11.52,11.6,-0.08,-0.69,6035.0,6922.27,,,,,
600829.SH,20000627,11.42,11.81,11.42,11.8,11.52,0.28,2.43,4191.0,4908.994,,,,,
600829.SH,20000628,11.86,12.2,11.79,12.2,11.8,0.4,3.39,8569.0,10337.315,,,,,
600829.SH,20000630,12.2,12.38,11.95,11.95,12.2,-0.25,-2.05,6842.0,8298.678,,,,,
600829.SH,20000703,11.8,11.95,11.51,11.61,11.95,-0.34,-2.85,4276.0,5008.654,,,,,
600829.SH,20000704,11.72,12.0,11.32,11.95,11.61,0.34,2.93,4369.0,5071.597,,,,,
600829.SH,20000705,12.2,13.15,12.16,13.15,11.95,1.2,10.04,37384.0,47578.253,,,,,
600829.SH,20000706,13.98,13.98,12.6,12.6,13.15,-0.55,-4.18,34979.0,46135.609,,,,,
600829.SH,20000707,12.56,13.14,12.51,12.88,12.6,0.28,2.22,21390.0,27442.279,,,,,
600829.SH,20000710,12.99,13.1,12.78,13.0,12.88,0.12,0.93,10443.0,13514.88,,,,,
600829.SH,20000711,12.95,13.0,12.6,12.8,13.0,-0.2,-1.54,8660.0,11051.042,,,,,
600829.SH,20000712,12.75,12.97,12.6,12.8,12.8,0.0,0.0,5291.0,6759.151,,,,,
600829.SH,20000713,12.8,12.9,12.61,12.71,12.8,-0.09,-0.7,5176.0,6582.253,,,,,
600829.SH,20000714,12.71,13.09,12.65,13.0,12.71,0.29,2.28,7561.0,9792.626,,,,,
600829.SH,20000717,13.1,13.3,12.89,12.9,13.0,-0.1,-0.77,6173.0,8103.174,,,,,
600829.SH,20000718,12.91,13.0,12.66,12.74,12.9,-0.16,-1.24,4512.0,5752.429,,,,,
600829.SH,20000719,12.76,13.28,12.76,13.27,12.74,0.53,4.16,7569.0,9878.216,,,,,
600829.SH,20000720,13.31,13.4,12.99,13.11,13.27,-0.16,-1.21,4925.0,6482.295,,,,,
600829.SH,20000721,13.12,13.78,13.12,13.53,13.11,0.42,3.2,17652.0,23977.293,,,,,
600829.SH,20000724,13.52,14.73,13.5,14.6,13.53,1.07,7.91,26980.0,38389.677,,,,,
600829.SH,20000725,14.56,14.57,14.18,14.51,14.6,-0.09,-0.62,12228.0,17649.625,,,,,
600829.SH,20000726,14.48,14.5,14.01,14.27,14.51,-0.24,-1.65,8785.0,12542.777,,,,,
600829.SH,20000727,14.35,15.19,14.3,14.7,14.27,0.43,3.01,13073.0,19278.155,,,,,
600829.SH,20000728,14.7,14.85,14.1,14.22,14.7,-0.48,-3.27,10941.0,15728.313,,,,,
600829.SH,20000731,14.0,14.45,14.0,14.08,14.22,-0.14,-0.98,7759.0,10980.598,,,,,
600829.SH,20000801,14.15,14.35,14.01,14.28,14.08,0.2,1.42,4810.0,6807.533,,,,,
600829.SH,20000802,14.28,14.78,14.28,14.6,14.28,0.32,2.24,5915.0,8631.779,,,,,
600829.SH,20000803,14.65,14.78,14.01,14.24,14.6,-0.36,-2.47,5098.0,7319.603,,,,,
600829.SH,20000804,14.24,14.25,13.7,13.75,14.24,-0.49,-3.44,9628.0,13419.576,,,,,
600829.SH,20000807,13.57,14.0,13.4,13.97,13.75,0.22,1.6,8800.0,12002.562,,,,,
600829.SH,20000808,14.0,14.38,13.8,14.05,13.97,0.08,0.57,5202.0,7378.073,,,,,
600829.SH,20000809,14.05,14.05,13.61,13.8,14.05,-0.25,-1.78,7522.0,10354.357,,,,,
600829.SH,20000810,13.8,14.0,13.61,13.97,13.8,0.17,1.23,3827.0,5303.156,,,,,
600829.SH,20000811,14.0,14.3,13.79,14.17,13.97,0.2,1.43,9141.0,12971.753,,,,,
600829.SH,20000814,14.36,14.75,14.17,14.62,14.17,0.45,3.18,9495.0,13792.089,,,,,
600829.SH,20000815,14.62,14.7,14.21,14.3,14.62,-0.32,-2.19,4751.0,6880.185,,,,,
600829.SH,20000816,14.45,14.7,14.3,14.7,14.3,0.4,2.8,5216.0,7590.229,,,,,
600829.SH,20000817,14.85,15.58,14.8,15.33,14.7,0.63,4.29,21583.0,32920.868,,,,,
600829.SH,20000818,15.0,15.25,14.87,15.12,15.33,-0.21,-1.37,8746.0,13131.598,,,,,
600829.SH,20000821,15.03,15.4,14.82,14.9,15.12,-0.22,-1.46,7719.0,11579.383,,,,,
600829.SH,20000822,14.9,15.05,14.65,14.7,14.9,-0.2,-1.34,5292.0,7859.488,,,,,
600829.SH,20000823,14.2,14.68,13.5,14.25,14.7,-0.45,-3.06,11431.0,16126.029,,,,,
600829.SH,20000824,14.1,14.25,13.81,14.11,14.25,-0.14,-0.98,5939.0,8341.945,,,,,
600829.SH,20000825,14.1,14.37,14.09,14.27,14.11,0.16,1.13,3437.0,4880.141,,,,,
600829.SH,20000828,14.4,14.8,14.27,14.76,14.27,0.49,3.43,4797.0,6995.188,,,,,
600829.SH,20000829,14.9,14.96,14.6,14.77,14.76,0.01,0.07,7455.0,11017.446,,,,,
600829.SH,20000830,14.71,14.8,14.23,14.36,14.77,-0.41,-2.78,5642.0,8140.487,,,,,
600829.SH,20000831,14.3,14.3,13.7,13.71,14.36,-0.65,-4.53,5707.0,7963.87,,,,,
600829.SH,20000901,13.4,13.7,13.0,13.5,13.71,-0.21,-1.53,8103.0,10856.064,,,,,
600829.SH,20000904,13.57,13.75,13.45,13.7,13.5,0.2,1.48,3460.0,4706.153,,,,,
600829.SH,20000905,13.8,14.32,13.44,13.46,13.7,-0.24,-1.75,4174.0,5778.901,,,,,
600829.SH,20000906,13.5,13.65,12.98,13.0,13.46,-0.46,-3.42,2533.01,3359.764,,,,,
600829.SH,20000907,13.25,13.49,13.2,13.3,13.0,0.3,2.31,1808.0,2405.35,,,,,
600829.SH,20000908,13.25,13.4,13.1,13.25,13.3,-0.05,-0.38,1941.0,2577.371,,,,,
600829.SH,20000911,13.32,13.49,13.21,13.49,13.25,0.24,1.81,2131.0,2845.479,,,,,
600829.SH,20000912,13.5,13.6,13.35,13.58,13.49,0.09,0.67,1487.0,2007.889,,,,,
600829.SH,20000913,13.58,13.75,13.5,13.6,13.58,0.02,0.15,2471.0,3370.631,,,,,
600829.SH,20000914,13.68,13.85,13.2,13.85,13.6,0.25,1.84,4222.0,5754.955,,,,,
600829.SH,20000915,13.8,14.1,13.56,13.99,13.85,0.14,1.01,6347.0,8822.155,,,,,
600829.SH,20000918,14.31,14.4,13.9,13.95,13.99,-0.04,-0.29,6291.0,8905.036,,,,,
600829.SH,20000919,13.8,13.9,13.3,13.4,13.95,-0.55,-3.94,2415.0,3275.696,,,,,
600829.SH,20000920,13.35,13.8,13.32,13.68,13.4,0.28,2.09,2030.0,2746.038,,,,,
600829.SH,20000921,13.8,13.81,13.5,13.52,13.68,-0.16,-1.17,1595.0,2181.884,,,,,
600829.SH,20000922,13.4,13.75,13.4,13.43,13.52,-0.09,-0.67,2188.0,2972.901,,,,,
600829.SH,20000925,13.69,13.69,13.0,13.0,13.43,-0.43,-3.2,1626.0,2156.428,,,,,
600829.SH,20000926,13.05,13.78,13.05,13.4,13.0,0.4,3.08,1936.0,2571.661,,,,,
600829.SH,20000927,13.4,13.55,13.31,13.5,13.4,0.1,0.75,432.0,581.755,,,,,
600829.SH,20000928,13.59,13.6,13.32,13.35,13.5,-0.15,-1.11,1226.0,1644.017,,,,,
600829.SH,20000929,13.33,13.57,13.33,13.5,13.35,0.15,1.12,847.0,1141.751,,,,,
600829.SH,20001009,13.8,13.84,13.52,13.82,13.5,0.32,2.37,3849.0,5279.273,,,,,
600829.SH,20001010,13.9,14.38,13.8,14.3,13.82,0.48,3.47,10755.0,15225.497,,,,,
600829.SH,20001011,14.3,14.49,14.02,14.06,14.3,-0.24,-1.68,4834.0,6897.39,,,,,
600829.SH,20001012,14.13,14.94,14.06,14.68,14.06,0.62,4.41,12666.0,18450.27,,,,,
600829.SH,20001013,14.65,14.88,14.32,14.4,14.68,-0.28,-1.91,8204.0,11987.48,,,,,
600829.SH,20001016,14.6,14.6,13.98,14.01,14.4,-0.39,-2.71,4723.0,6680.945,,,,,
600829.SH,20001017,14.0,14.2,14.0,14.13,14.01,0.12,0.86,2025.0,2851.759,,,,,
600829.SH,20001018,14.17,14.3,14.06,14.2,14.13,0.07,0.5,2517.0,3570.261,,,,,
600829.SH,20001019,14.25,14.38,13.8,13.96,14.2,-0.24,-1.69,3667.0,5124.471,,,,,
600829.SH,20001020,13.92,13.96,13.5,13.7,13.96,-0.26,-1.86,6869.0,9380.39,,,,,
600829.SH,20001023,13.7,14.08,13.65,14.02,13.7,0.32,2.34,4468.0,6166.017,,,,,
600829.SH,20001024,14.02,14.17,13.9,14.17,14.02,0.15,1.07,2039.0,2854.537,,,,,
600829.SH,20001025,14.17,14.6,14.05,14.45,14.17,0.28,1.98,7500.0,10786.08,,,,,
600829.SH,20001026,14.45,14.45,14.1,14.19,14.45,-0.26,-1.8,3192.0,4545.755,,,,,
600829.SH,20001027,14.19,14.42,14.18,14.28,14.19,0.09,0.63,2767.0,3946.236,,,,,
600829.SH,20001030,14.28,14.4,14.0,14.4,14.28,0.12,0.84,3904.0,5564.33,,,,,
600829.SH,20001031,14.5,14.59,14.21,14.22,14.4,-0.18,-1.25,4355.0,6286.913,,,,,
600829.SH,20001101,14.17,14.3,14.02,14.12,14.22,-0.1,-0.7,2660.0,3764.042,,,,,
600829.SH,20001102,14.4,14.4,14.1,14.14,14.12,0.02,0.14,2388.0,3384.674,,,,,
600829.SH,20001103,14.18,14.2,13.83,13.86,14.14,-0.28,-1.98,3178.0,4437.909,,,,,
600829.SH,20001106,13.9,14.18,13.88,13.96,13.86,0.1,0.72,1941.0,2715.515,,,,,
600829.SH,20001107,13.99,14.0,13.8,13.82,13.96,-0.14,-1.0,2444.0,3388.07,,,,,
600829.SH,20001108,13.87,13.87,13.71,13.86,13.82,0.04,0.29,2517.0,3473.172,,,,,
600829.SH,20001109,13.9,14.08,13.8,13.96,13.86,0.1,0.72,4502.0,6250.192,,,,,
600829.SH,20001110,14.1,14.54,13.8,14.36,13.96,0.4,2.87,8713.0,12308.933,,,,,
600829.SH,20001113,14.3,14.88,14.25,14.85,14.36,0.49,3.41,20920.0,30722.399,,,,,
600829.SH,20001114,14.9,14.97,14.55,14.65,14.85,-0.2,-1.35,8007.0,11762.161,,,,,
600829.SH,20001115,14.78,14.8,14.55,14.7,14.65,0.05,0.34,6872.0,10086.63,,,,,
600829.SH,20001116,14.7,15.28,14.6,15.0,14.7,0.3,2.04,12075.0,18044.638,,,,,
600829.SH,20001117,15.18,15.2,14.6,14.7,15.0,-0.3,-2.0,6424.0,9525.086,,,,,
600829.SH,20001120,14.7,14.8,14.4,14.66,14.7,-0.04,-0.27,5412.32,7890.636,,,,,
600829.SH,20001121,14.6,14.95,14.6,14.69,14.66,0.03,0.2,5487.53,8101.905,,,,,
600829.SH,20001122,14.65,15.5,14.61,15.37,14.69,0.68,4.63,15337.57,23232.488,,,,,
600829.SH,20001123,15.4,15.98,15.35,15.38,15.37,0.01,0.07,24171.67,37789.692,,,,,
600829.SH,20001124,15.35,15.77,14.65,14.76,15.38,-0.62,-4.03,18351.44,28059.196,,,,,
600829.SH,20001127,14.61,15.29,14.51,15.19,14.76,0.43,2.91,12418.13,18674.607,,,,,
600829.SH,20001128,15.25,15.55,15.0,15.4,15.19,0.21,1.38,8753.38,13380.912,,,,,
600829.SH,20001129,15.8,15.9,15.18,15.19,15.4,-0.21,-1.36,15012.27,23398.073,,,,,
600829.SH,20001130,15.19,15.35,14.78,14.99,15.19,-0.2,-1.32,8267.09,12367.82,,,,,
600829.SH,20001201,14.91,15.2,14.8,14.98,14.99,-0.01,-0.07,7684.27,11479.874,,,,,
600829.SH,20001204,15.12,15.26,14.85,15.0,14.98,0.02,0.13,6678.05,10046.129,,,,,
600829.SH,20001205,15.2,15.6,15.03,15.42,15.0,0.42,2.8,13609.88,20884.279,,,,,
600829.SH,20001206,15.55,15.56,14.92,14.98,15.42,-0.44,-2.85,7993.0,12172.162,,,,,
600829.SH,20001207,14.98,15.1,14.6,14.8,14.98,-0.18,-1.2,6679.86,9859.289,,,,,
600829.SH,20001208,14.9,14.96,14.6,14.93,14.8,0.13,0.88,5494.38,8124.713,,,,,
600829.SH,20001211,14.98,14.98,14.5,14.7,14.93,-0.23,-1.54,4162.32,6111.608,,,,,
600829.SH,20001212,14.68,15.01,14.55,14.97,14.7,0.27,1.84,4249.87,6300.032,,,,,
600829.SH,20001213,14.98,15.3,14.72,15.05,14.97,0.08,0.53,4823.72,7282.767,,,,,
600829.SH,20001214,15.05,15.28,14.86,15.19,15.05,0.14,0.93,6434.69,9713.721,,,,,
600829.SH,20001215,15.15,16.08,15.01,15.98,15.19,0.79,5.2,49829.41,78267.66,,,,,
600829.SH,20001218,15.95,16.26,15.55,16.03,15.98,0.05,0.31,30281.75,48166.604,,,,,
600829.SH,20001219,16.03,16.19,15.84,16.04,16.03,0.01,0.06,15673.29,25108.991,,,,,
600829.SH,20001220,16.03,16.15,15.59,15.69,16.04,-0.35,-2.18,16187.73,25546.519,,,,,
600829.SH,20001221,15.68,16.6,15.68,16.38,15.69,0.69,4.4,18749.23,30226.31,,,,,
600829.SH,20001222,16.3,16.9,15.35,16.14,16.38,-0.24,-1.47,19323.31,31897.891,,,,,
600829.SH,20001225,16.16,16.45,16.04,16.25,16.14,0.11,0.68,9055.69,14706.819,,,,,
600829.SH,20001226,16.28,16.68,16.2,16.33,16.25,0.08,0.49,7390.87,12139.493,,,,,
600829.SH,20001227,16.35,16.38,15.7,15.73,16.33,-0.6,-3.67,10229.07,16306.283,,,,,
600829.SH,20001228,15.72,15.9,15.58,15.65,15.73,-0.08,-0.51,5997.98,9419.495,,,,,
600829.SH,20001229,15.67,15.88,15.61,15.7,15.65,0.05,0.32,4982.35,7825.062,,,,,
600829.SH,20010102,15.7,15.81,15.55,15.8,15.7,0.1,0.64,4322.2,6771.445,,,,,
600829.SH,20010103,15.8,16.1,15.65,16.0,15.8,0.2,1.27,8664.32,13787.311,,,,,
600829.SH,20010104,16.06,16.08,15.7,15.79,16.0,-0.21,-1.31,6087.73,9641.148,,,,,
600829.SH,20010105,15.85,15.95,15.36,15.5,15.79,-0.29,-1.84,12164.61,18925.635,,,,,
600829.SH,20010108,15.51,16.16,15.48,16.0,15.5,0.5,3.23,10026.07,15896.179,,,,,
600829.SH,20010109,16.1,16.1,15.7,15.95,16.0,-0.05,-0.31,4682.87,7450.062,,,,,
600829.SH,20010110,15.81,16.15,15.8,16.05,15.95,0.1,0.63,4779.01,7652.31,,,,,
600829.SH,20010111,16.1,16.4,16.02,16.2,16.05,0.15,0.93,7903.41,12825.462,,,,,
600829.SH,20010112,15.7,16.23,15.6,15.66,16.2,-0.54,-3.33,6905.96,10921.064,,,,,
600829.SH,20010115,15.6,15.66,14.9,15.01,15.66,-0.65,-4.15,7029.14,10674.625,,,,,
600829.SH,20010116,15.0,15.0,14.3,14.7,15.01,-0.31,-2.07,6143.07,8950.905,,,,,
600829.SH,20010117,14.7,14.84,14.25,14.38,14.7,-0.32,-2.18,5498.0,7942.785,,,,,
600829.SH,20010118,14.4,14.64,14.38,14.4,14.38,0.02,0.14,2525.73,3647.996,,,,,
600829.SH,20010119,14.51,14.69,14.3,14.4,14.4,0.0,0.0,4108.67,5956.473,,,,,
600829.SH,20010205,14.45,14.61,13.9,13.9,14.4,-0.5,-3.47,2831.7,4025.211,,,,,
600829.SH,20010206,13.8,13.82,13.13,13.56,13.9,-0.34,-2.45,4779.82,6451.498,,,,,
600829.SH,20010207,13.6,13.68,13.23,13.38,13.56,-0.18,-1.33,2537.79,3386.061,,,,,
600829.SH,20010208,13.4,13.6,13.08,13.08,13.38,-0.3,-2.24,2718.0,3619.886,,,,,
600829.SH,20010209,13.21,13.45,13.2,13.38,13.08,0.3,2.29,1830.3,2436.79,,,,,
600829.SH,20010212,13.38,13.4,13.07,13.38,13.38,0.0,0.0,2102.9,2771.294,,,,,
600829.SH,20010213,13.39,13.61,13.29,13.3,13.38,-0.08,-0.6,2125.01,2856.429,,,,,
600829.SH,20010214,13.3,13.58,13.3,13.54,13.3,0.24,1.8,1770.77,2391.738,,,,,
600829.SH,20010215,13.57,13.68,13.43,13.43,13.54,-0.11,-0.81,1169.15,1577.079,,,,,
600829.SH,20010216,13.4,13.4,13.1,13.29,13.43,-0.14,-1.04,1799.69,2379.98,,,,,
600829.SH,20010219,13.28,13.6,13.18,13.5,13.29,0.21,1.58,1563.64,2096.177,,,,,
600829.SH,20010220,13.49,13.65,13.35,13.38,13.5,-0.12,-0.89,1869.0,2528.068,,,,,
600829.SH,20010221,13.35,13.35,12.82,12.88,13.38,-0.5,-3.74,4022.66,5235.385,,,,,
600829.SH,20010222,12.9,13.16,12.82,12.86,12.88,-0.02,-0.16,1723.14,2227.938,,,,,
600829.SH,20010223,12.86,13.17,12.84,13.17,12.86,0.31,2.41,2033.67,2627.875,,,,,
600829.SH,20010226,13.05,13.27,12.91,13.26,13.17,0.09,0.68,1664.6,2185.18,,,,,
600829.SH,20010227,13.44,13.48,13.18,13.48,13.26,0.22,1.66,1277.7,1705.91,,,,,
600829.SH,20010228,13.48,13.48,13.2,13.35,13.48,-0.13,-0.96,840.0,1121.617,,,,,
600829.SH,20010301,13.3,13.55,13.22,13.42,13.35,0.07,0.52,1497.93,2005.901,,,,,
600829.SH,20010302,13.43,13.65,13.43,13.6,13.42,0.18,1.34,3294.71,4472.047,,,,,
600829.SH,20010305,13.7,13.75,13.45,13.5,13.6,-0.1,-0.74,1760.02,2385.41,,,,,
600829.SH,20010306,13.45,13.5,13.3,13.4,13.5,-0.1,-0.74,1354.97,1815.963,,,,,
600829.SH,20010307,13.41,13.57,13.37,13.51,13.4,0.11,0.82,1604.71,2163.495,,,,,
600829.SH,20010308,13.49,13.68,13.38,13.6,13.51,0.09,0.67,1614.56,2188.197,,,,,
600829.SH,20010309,13.66,13.91,13.56,13.8,13.6,0.2,1.47,3440.85,4743.396,,,,,
600829.SH,20010312,13.8,14.1,13.7,14.06,13.8,0.26,1.88,3720.59,5191.325,,,,,
600829.SH,20010313,14.06,14.06,13.61,13.7,14.06,-0.36,-2.56,2847.2,3925.022,,,,,
600829.SH,20010314,13.7,13.92,13.66,13.88,13.7,0.18,1.31,1692.25,2331.704,,,,,
600829.SH,20010315,13.9,13.92,13.71,13.9,13.88,0.02,0.14,1946.66,2692.41,,,,,
600829.SH,20010316,13.8,14.17,13.8,14.05,13.9,0.15,1.08,3623.63,5089.213,,,,,
600829.SH,20010319,14.08,14.32,13.8,14.29,14.05,0.24,1.71,3373.26,4757.192,,,,,
600829.SH,20010320,14.3,14.3,14.1,14.25,14.29,-0.04,-0.28,1817.81,2585.829,,,,,
600829.SH,20010321,14.25,14.31,14.16,14.26,14.25,0.01,0.07,2988.24,4252.489,,,,,
600829.SH,20010322,14.27,15.18,14.27,14.95,14.26,0.69,4.84,15024.59,22313.66,,,,,
600829.SH,20010323,14.95,15.05,14.4,14.41,14.95,-0.54,-3.61,7190.79,10572.709,,,,,
600829.SH,20010326,14.41,15.05,14.29,14.98,14.41,0.57,3.96,5041.72,7476.186,,,,,
600829.SH,20010327,15.0,15.17,14.76,14.97,14.98,-0.01,-0.07,4752.69,7098.869,,,,,
600829.SH,20010328,14.97,15.17,14.9,14.9,14.97,-0.07,-0.47,5196.16,7822.067,,,,,
600829.SH,20010329,15.01,15.35,14.95,14.97,14.9,0.07,0.47,6477.56,9789.833,,,,,
600829.SH,20010330,15.0,15.0,14.72,14.85,14.97,-0.12,-0.8,3500.41,5192.113,,,,,
600829.SH,20010402,14.9,15.15,14.85,14.95,14.85,0.1,0.67,3059.65,4581.368,,,,,
600829.SH,20010403,14.95,15.2,14.91,15.2,14.95,0.25,1.67,8564.0,12897.465,,,,,
600829.SH,20010404,15.2,15.65,15.05,15.2,15.2,0.0,0.0,14079.62,21688.814,,,,,
600829.SH,20010405,15.16,15.6,15.05,15.53,15.2,0.33,2.17,9233.89,14191.577,,,,,
600829.SH,20010406,15.58,15.68,15.4,15.64,15.53,0.11,0.71,5974.07,9274.351,,,,,
600829.SH,20010409,15.65,16.05,15.6,16.0,15.64,0.36,2.3,16127.62,25613.606,,,,,
600829.SH,20010410,17.6,17.6,14.6,15.6,16.0,-0.4,-2.5,28818.99,46528.005,,,,,
600829.SH,20010411,15.76,17.15,15.72,16.86,15.6,1.26,8.08,54225.71,89447.732,,,,,
600829.SH,20010412,16.9,16.94,16.61,16.84,16.86,-0.02,-0.12,21023.06,35183.141,,,,,
600829.SH,20010413,16.8,16.8,16.38,16.58,16.84,-0.26,-1.54,16405.02,27136.401,,,,,
600829.SH,20010416,16.65,16.8,16.36,16.7,16.58,0.12,0.72,15907.83,26294.16,,,,,
600829.SH,20010417,16.78,16.85,16.5,16.66,16.7,-0.04,-0.24,14439.47,24062.933,,,,,
600829.SH,20010418,16.4,16.6,16.08,16.1,16.66,-0.56,-3.36,15813.11,25787.769,,,,,
600829.SH,20010419,16.1,16.35,15.86,16.34,16.1,0.24,1.49,11075.11,17896.85,,,,,
600829.SH,20010420,16.3,16.31,15.9,15.9,16.34,-0.44,-2.69,7717.5,12377.116,,,,,
600829.SH,20010423,15.9,15.92,15.45,15.67,15.9,-0.23,-1.45,9572.16,14981.181,,,,,
600829.SH,20010424,15.67,16.27,15.67,16.2,15.67,0.53,3.38,8072.74,13002.194,,,,,
600829.SH,20010425,16.29,16.3,15.6,15.84,16.2,-0.36,-2.22,6967.0,11148.509,,,,,
600829.SH,20010426,15.38,15.96,15.38,15.7,15.84,-0.14,-0.88,4257.97,6682.155,,,,,
600829.SH,20010427,15.3,15.8,15.29,15.6,15.7,-0.1,-0.64,4228.5,6594.452,,,,,
600829.SH,20010430,15.7,16.0,15.7,15.85,15.6,0.25,1.6,5199.66,8273.417,,,,,
600829.SH,20010508,15.88,16.35,15.8,16.3,15.85,0.45,2.84,4520.67,7272.604,,,,,
600829.SH,20010509,16.3,16.5,16.3,16.45,16.3,0.15,0.92,10148.41,16666.618,,,,,
600829.SH,20010510,16.56,16.6,16.29,16.38,16.45,-0.07,-0.43,4642.02,7605.426,,,,,
600829.SH,20010514,16.35,16.36,16.0,16.21,16.38,-0.17,-1.04,8387.53,13550.082,,,,,
600829.SH,20010515,16.19,16.63,16.06,16.5,16.21,0.29,1.79,8974.97,14735.882,,,,,
600829.SH,20010516,16.5,16.65,16.3,16.45,16.5,-0.05,-0.3,6789.42,11200.513,,,,,
600829.SH,20010517,16.4,16.4,16.1,16.16,16.45,-0.29,-1.76,5578.5,9060.455,,,,,
600829.SH,20010518,16.25,16.5,16.25,16.4,16.16,0.24,1.49,7003.14,11469.133,,,,,
600829.SH,20010521,16.5,17.58,16.49,16.9,16.4,0.5,3.05,28633.22,48675.428,,,,,
600829.SH,20010522,17.0,17.5,16.95,17.13,16.9,0.23,1.36,23618.44,40793.448,,,,,
600829.SH,20010523,17.0,17.39,16.65,16.8,17.13,-0.33,-1.93,11823.51,20058.699,,,,,
600829.SH,20010524,16.9,17.58,16.9,17.45,16.8,0.65,3.87,15576.72,27018.994,,,,,
600829.SH,20010525,17.5,17.75,17.3,17.46,17.45,0.01,0.06,11970.71,21035.116,,,,,
600829.SH,20010528,17.46,17.55,17.0,17.0,17.46,-0.46,-2.63,7145.56,12246.111,,,,,
600829.SH,20010529,17.0,17.1,16.75,16.84,17.0,-0.16,-0.94,6116.64,10320.609,,,,,
600829.SH,20010530,16.84,17.28,16.71,17.2,16.84,0.36,2.14,5153.18,8735.626,,,,,
600829.SH,20010531,17.2,17.5,17.01,17.4,17.2,0.2,1.16,5272.42,9137.979,,,,,
600829.SH,20010601,17.4,17.5,17.05,17.08,17.4,-0.32,-1.84,5889.32,10141.41,,,,,
600829.SH,20010604,17.18,17.78,16.99,17.69,17.08,0.61,3.57,13764.89,24134.388,,,,,
600829.SH,20010605,17.76,18.28,17.51,17.74,17.69,0.05,0.28,16386.38,29337.104,,,,,
600829.SH,20010606,17.86,18.25,17.8,17.94,17.74,0.2,1.13,11367.87,20465.805,,,,,
600829.SH,20010607,18.0,18.0,17.58,17.74,17.94,-0.2,-1.11,6499.84,11517.799,1.376,2.4633667362982243,2.499470194665617,2.499470194665617,2.441149223456752
600829.SH,20010608,17.84,17.87,17.44,17.7,17.74,-0.04,-0.23,5184.19,9153.944,1.376,2.4578123580878564,2.4772526818241447,2.4814184654819207,2.4217088997204645
600829.SH,20010611,17.7,17.99,17.66,17.8,17.7,0.1,0.57,4355.3,7742.051,1.376,2.4716983036137767,2.4578123580878564,2.4980816001130246,2.452257979877489
600829.SH,20010612,17.5,17.96,17.5,17.78,17.8,-0.02,-0.11,4908.34,8709.796,1.376,2.4689211145085928,2.4300404670360165,2.493915816455249,2.4300404670360165
600829.SH,20010613,17.75,17.9,17.51,17.85,17.78,0.07,0.39,5410.1,9568.957,1.376,2.4786412763767367,2.4647553308508168,2.4855842491396967,2.4314290615886085
600829.SH,20010614,17.81,18.0,17.5,17.5,17.85,-0.35,-1.96,6028.01,10634.291,1.376,2.4300404670360165,2.4730868981663687,2.499470194665617,2.4300404670360165
600829.SH,20010615,17.4,17.58,17.1,17.27,17.5,-0.23,-1.31,8626.01,14921.812,1.376,2.3981027923264,2.416154521510096,2.441149223456752,2.3744966849323363
600829.SH,20010618,17.26,17.27,16.68,16.9,17.27,-0.37,-2.14,9715.0,16443.977,1.376,2.346724793880496,2.3967141977738087,2.3981027923264,2.316175713723472
600829.SH,20010619,16.69,16.9,16.56,16.79,16.8,-0.01,-0.06,5166.66,8621.112,1.385,2.346699565055049,2.3327227957575207,2.3620740112823304,2.3145529956707334
600829.SH,20010620,16.74,16.95,16.42,16.7,16.79,-0.09,-0.54,3727.44,6246.229,1.385,2.3341204726872737,2.339711180406285,2.369062395931095,2.294985518654194
600829.SH,20010621,16.65,16.9,16.65,16.75,16.7,0.05,0.3,2492.97,4178.101,1.385,2.341108857336038,2.327132088038509,2.3620740112823304,2.327132088038509
600829.SH,20010622,16.85,17.05,16.76,16.83,16.75,0.08,0.48,3167.4,5345.732,1.385,2.3522902727740607,2.3550856266335667,2.383039165228624,2.342506534265791
600829.SH,20010625,16.85,17.8,16.85,17.5,16.83,0.67,3.98,3967.15,6852.775,1.385,2.445934627067502,2.3550856266335667,2.487864934960088,2.3550856266335667
600829.SH,20010626,17.6,17.68,17.39,17.5,17.5,0.0,0.0,4156.21,7293.529,1.385,2.445934627067502,2.459911396365031,2.4710928118030537,2.430560180840221
600829.SH,20010627,17.45,17.75,17.42,17.64,17.5,0.14,0.8,4464.35,7824.937,1.385,2.465502104084042,2.438946242418738,2.4808765503113235,2.43475321162948
600829.SH,20010628,17.6,17.68,17.43,17.53,17.64,-0.11,-0.62,3226.76,5660.092,1.385,2.450127657856761,2.459911396365031,2.4710928118030537,2.4361508885592325
600829.SH,20010629,17.4,17.53,17.34,17.34,17.53,-0.19,-1.08,3068.0,5346.734,1.385,2.423571796191456,2.4319578577699734,2.450127657856761,2.423571796191456
600829.SH,20010702,17.39,17.6,17.21,17.47,17.34,0.13,0.75,3634.0,6352.262,1.385,2.441741596278244,2.430560180840221,2.459911396365031,2.4054019961046693
600829.SH,20010703,17.58,17.6,17.36,17.44,17.47,-0.03,-0.17,1712.47,2988.367,1.385,2.437548565488985,2.457116042505525,2.459911396365031,2.426367150050962
600829.SH,20010704,17.48,17.58,16.9,17.01,17.44,-0.43,-2.47,3890.0,6686.373,1.385,2.3774484575096126,2.4431392732079966,2.457116042505525,2.3620740112823304
600829.SH,20010705,17.5,17.5,16.85,17.08,17.01,0.07,0.41,3504.0,6030.696,1.385,2.387232196017882,2.445934627067502,2.445934627067502,2.3550856266335667
600829.SH,20010706,17.0,17.1,16.8,16.8,17.08,-0.28,-1.64,2575.99,4345.115,1.385,2.348097241984802,2.37605078057986,2.390027549877388,2.348097241984802
600829.SH,20010709,16.78,17.08,16.51,16.89,16.8,0.09,0.54,2617.12,4415.765,1.385,2.360676334352578,2.3453018881252965,2.387232196017882,2.307564611021969
600829.SH,20010710,16.9,17.1,16.85,17.1,16.89,0.21,1.24,1750.97,2973.866,1.385,2.390027549877388,2.3620740112823304,2.390027549877388,2.3550856266335667
600829.SH,20010711,17.11,17.11,16.98,17.07,17.1,-0.03,-0.18,2202.0,3756.016,1.385,2.3858345190881294,2.391425226807141,2.391425226807141,2.373255426720354
600829.SH,20010712,17.07,17.07,16.6,16.83,17.07,-0.24,-1.41,3804.12,6385.31,1.385,2.3522902727740607,2.3858345190881294,2.3858345190881294,2.3201437033897454
600829.SH,20010713,16.75,16.9,16.6,16.63,16.83,-0.2,-1.19,2073.2,3459.936,1.385,2.3243367341790035,2.341108857336038,2.3620740112823304,2.3201437033897454
600829.SH,20010716,16.68,17.02,16.65,16.78,16.63,0.15,0.9,2151.03,3627.465,1.385,2.3453018881252965,2.331325118827768,2.378846134439365,2.327132088038509
600829.SH,20010717,16.8,16.88,16.53,16.87,16.78,0.09,0.54,2329.2,3898.813,1.385,2.3578809804930723,2.348097241984802,2.359278657422825,2.3103599648814748
600829.SH,20010718,16.65,17.2,16.65,17.09,16.87,0.22,1.3,2218.27,3784.114,1.385,2.388629872947635,2.327132088038509,2.4040043191749163,2.327132088038509
600829.SH,20010719,17.09,17.2,16.9,17.03,17.09,-0.06,-0.35,1157.84,1975.723,1.385,2.3802438113691182,2.388629872947635,2.4040043191749163,2.3620740112823304
600829.SH,20010720,17.05,17.48,17.01,17.33,17.03,0.3,1.76,4097.01,7078.955,1.385,2.4221741192617032,2.383039165228624,2.4431392732079966,2.3774484575096126
600829.SH,20010723,17.48,17.49,17.27,17.33,17.33,0.0,0.0,2369.0,4114.124,1.385,2.4221741192617032,2.4431392732079966,2.444536950137749,2.4137880576831865
600829.SH,20010724,17.44,17.46,17.08,17.12,17.33,-0.21,-1.21,2230.12,3833.576,1.385,2.392822903736894,2.437548565488985,2.440343919348491,2.387232196017882
600829.SH,20010725,17.1,17.11,16.76,16.78,17.12,-0.34,-1.99,1614.0,2735.997,1.385,2.3453018881252965,2.390027549877388,2.391425226807141,2.342506534265791
600829.SH,20010726,16.51,16.89,16.38,16.38,16.78,-0.4,-2.38,2639.0,4379.413,1.385,2.289394810935182,2.307564611021969,2.360676334352578,2.289394810935182
600829.SH,20010727,16.38,16.45,16.2,16.37,16.38,-0.01,-0.06,2952.13,4831.44,1.385,2.2879971340054293,2.289394810935182,2.299178549443452,2.2642366261996303
600829.SH,20010730,16.3,16.3,15.84,15.99,16.37,-0.38,-2.32,5201.25,8303.251,1.385,2.2348854106748206,2.2782133954971595,2.2782133954971595,2.213920256728528
600829.SH,20010731,15.8,16.1,15.6,15.81,15.99,-0.18,-1.13,4345.29,6891.989,1.385,2.209727225939269,2.2083295490095165,2.250259856902102,2.180376010414459
600829.SH,20010801,16.1,16.7,15.91,16.45,15.81,0.64,4.05,4032.08,6566.649,1.385,2.299178549443452,2.250259856902102,2.3341204726872737,2.223703995236798
600829.SH,20010802,16.61,16.61,15.91,16.3,16.45,-0.15,-0.91,1139.8,1836.832,1.385,2.2782133954971595,2.321541380319498,2.321541380319498,2.223703995236798
600829.SH,20010803,16.44,16.44,16.0,16.1,16.3,-0.2,-1.23,1896.0,3066.878,1.385,2.250259856902102,2.2977808725136994,2.2977808725136994,2.2362830876045736
600829.SH,20010806,16.4,16.4,15.75,15.82,16.1,-0.28,-1.74,1707.97,2724.068,1.385,2.211124902869022,2.292190164794688,2.292190164794688,2.201341164360752
600829.SH,20010807,15.82,16.26,15.2,16.0,15.82,0.18,1.14,3290.05,5182.97,1.385,2.2362830876045736,2.211124902869022,2.272622687778148,2.1244689332243447
600829.SH,20010808,16.0,16.42,15.21,15.98,16.0,-0.02,-0.13,3945.0,6385.599,1.385,2.233487733745068,2.2362830876045736,2.294985518654194,2.1258666101540977
600829.SH,20010809,16.0,16.4,15.95,16.4,15.98,0.42,2.63,1464.0,2385.05,1.385,2.292190164794688,2.2362830876045736,2.292190164794688,2.229294702955809
600829.SH,20010810,16.43,16.6,16.36,16.6,16.4,0.2,1.22,2143.04,3541.4,1.385,2.3201437033897454,2.2963831955839464,2.3201437033897454,2.286599457075676
600829.SH,20010813,16.56,16.56,16.32,16.4,16.6,-0.2,-1.2,1493.5,2458.135,1.385,2.292190164794688,2.3145529956707334,2.3145529956707334,2.281008749356665
600829.SH,20010814,16.5,16.55,16.28,16.38,16.4,-0.02,-0.12,1806.2,2963.472,1.385,2.289394810935182,2.306166934092216,2.313155318740981,2.275418041637654
600829.SH,20010815,16.46,16.7,16.26,16.51,16.38,0.13,0.79,2911.8,4813.899,1.385,2.307564611021969,2.300576226373205,2.3341204726872737,2.272622687778148
600829.SH,20010816,16.69,17.0,16.48,16.68,16.51,0.17,1.03,3181.8,5354.506,1.385,2.331325118827768,2.3327227957575207,2.37605078057986,2.3033715802327106
600829.SH,20010817,16.99,17.0,16.46,16.6,16.68,-0.08,-0.48,3187.0,5366.899,1.385,2.3201437033897454,2.374653103650106,2.37605078057986,2.300576226373205
600829.SH,20010820,16.55,16.9,16.5,16.8,16.6,0.2,1.2,1162.34,1949.484,1.385,2.348097241984802,2.313155318740981,2.3620740112823304,2.306166934092216
600829.SH,20010821,16.6,16.85,16.59,16.68,16.8,-0.12,-0.71,749.24,1250.7,1.385,2.331325118827768,2.3201437033897454,2.3550856266335667,2.318746026459992
600829.SH,20010822,16.5,16.61,16.0,16.27,16.68,-0.41,-2.46,1567.8,2568.664,1.385,2.274020364707901,2.306166934092216,2.321541380319498,2.2362830876045736
600829.SH,20010823,16.19,16.5,16.03,16.35,16.27,0.08,0.49,1002.5,1641.04,1.385,2.285201780145924,2.262838949269878,2.306166934092216,2.240476118393832
600829.SH,20010824,16.08,16.65,15.99,16.26,16.35,-0.09,-0.55,1562.0,2555.924,1.385,2.272622687778148,2.247464503042596,2.327132088038509,2.2348854106748206
600829.SH,20010827,16.1,16.25,15.8,16.1,16.26,-0.16,-0.98,2459.6,3950.388,1.385,2.250259856902102,2.250259856902102,2.271225010848395,2.2083295490095165
600829.SH,20010828,16.35,16.35,15.55,15.77,16.1,-0.33,-2.05,3176.5,5024.994,1.385,2.204136518220257,2.285201780145924,2.285201780145924,2.1733876257656948
600829.SH,20010829,15.55,16.5,15.55,16.06,15.77,0.29,1.84,3263.0,5260.805,1.385,2.2446691491830904,2.1733876257656948,2.306166934092216,2.1733876257656948
600829.SH,20010830,16.3,16.5,16.01,16.1,16.06,0.04,0.25,2697.62,4420.696,1.385,2.250259856902102,2.2782133954971595,2.306166934092216,2.237680764534326
600829.SH,20010831,16.36,16.36,16.08,16.09,16.1,-0.01,-0.06,441.0,716.846,1.385,2.248862179972349,2.286599457075676,2.286599457075676,2.247464503042596
600829.SH,20010903,16.29,16.33,16.05,16.28,16.09,0.19,1.18,887.2,1441.709,1.385,2.275418041637654,2.2768157185674065,2.2824064262864177,2.243271472253338
600829.SH,20010904,16.1,16.38,16.1,16.33,16.28,0.05,0.31,596.0,971.738,1.385,2.2824064262864177,2.250259856902102,2.289394810935182,2.250259856902102
600829.SH,20010905,16.6,16.62,16.4,16.4,16.33,0.07,0.43,1832.66,3031.484,1.385,2.292190164794688,2.3201437033897454,2.322939057249251,2.292190164794688
600829.SH,20010906,16.55,16.57,15.78,16.35,16.4,-0.05,-0.3,1317.0,2150.052,1.385,2.285201780145924,2.313155318740981,2.3159506726004864,2.2055341951500105
600829.SH,20010907,16.22,16.6,16.13,16.16,16.35,-0.19,-1.16,2830.81,4665.585,1.385,2.258645918480619,2.267031980059136,2.3201437033897454,2.2544528876913605
600829.SH,20010910,16.0,16.55,16.0,16.5,16.16,0.34,2.1,2226.69,3648.452,1.385,2.306166934092216,2.2362830876045736,2.313155318740981,2.2362830876045736
600829.SH,20010911,16.45,16.54,16.3,16.31,16.5,-0.19,-1.15,1143.0,1879.834,1.385,2.279611072426912,2.299178549443452,2.311757641811228,2.2782133954971595
600829.SH,20010912,16.3,16.31,16.0,16.29,16.31,-0.02,-0.12,2625.22,4237.122,1.385,2.2768157185674065,2.2782133954971595,2.279611072426912,2.2362830876045736
600829.SH,20010913,16.1,16.3,16.02,16.1,16.29,-0.19,-1.17,947.0,1528.881,1.385,2.250259856902102,2.250259856902102,2.2782133954971595,2.239078441464079
600829.SH,20010914,16.15,16.15,15.9,15.95,16.1,-0.15,-0.93,1746.0,2796.818,1.385,2.229294702955809,2.257248241550866,2.257248241550866,2.222306318307045
600829.SH,20010918,15.76,16.2,15.76,16.1,15.95,0.15,0.94,2451.05,3929.621,1.385,2.250259856902102,2.202738841290505,2.2642366261996303,2.202738841290505
600829.SH,20010919,16.1,16.24,16.0,16.01,16.1,-0.09,-0.56,1757.34,2826.261,1.385,2.237680764534326,2.250259856902102,2.269827333918642,2.2362830876045736
600829.SH,20010920,16.2,16.46,16.05,16.11,16.01,0.1,0.62,1210.0,1961.344,1.385,2.251657533831855,2.2642366261996303,2.300576226373205,2.243271472253338
600829.SH,20010921,16.1,16.44,16.0,16.2,16.11,0.09,0.56,1038.0,1680.046,1.385,2.2642366261996303,2.250259856902102,2.2977808725136994,2.2362830876045736
600829.SH,20010924,16.2,16.6,16.2,16.32,16.2,0.12,0.74,3527.62,5811.241,1.385,2.281008749356665,2.2642366261996303,2.3201437033897454,2.2642366261996303
600829.SH,20010925,16.36,16.5,16.3,16.42,16.32,0.1,0.61,862.0,1414.362,1.385,2.294985518654194,2.286599457075676,2.306166934092216,2.2782133954971595
600829.SH,20010926,16.6,16.6,16.23,16.25,16.42,-0.17,-1.04,954.0,1563.159,1.385,2.271225010848395,2.3201437033897454,2.3201437033897454,2.2684296569888893
600829.SH,20010927,16.25,16.3,15.83,15.9,16.25,-0.35,-2.15,961.2,1539.884,1.385,2.222306318307045,2.271225010848395,2.2782133954971595,2.212522579798775
600829.SH,20011008,15.8,15.8,14.31,14.31,15.9,-1.59,-10.0,8852.0,12849.599,1.385,2.0000756864763405,2.2083295490095165,2.2083295490095165,2.0000756864763405
600829.SH,20011009,14.0,14.39,13.16,14.33,14.31,0.02,0.14,3225.4,4444.104,1.385,2.002871040335846,1.9567477016540016,2.0112571019143632,1.8393428395547613
600829.SH,20011010,14.0,14.0,13.61,13.9,14.33,-0.43,-3.0,817.62,1133.079,1.385,1.9427709323564728,1.9567477016540016,1.9567477016540016,1.9022383013936404
600829.SH,20011011,13.88,14.09,13.7,13.86,13.9,-0.04,-0.29,2804.18,3880.254,1.385,1.9371802246374616,1.939975578496968,1.9693267940217776,1.914817393761416
600829.SH,20011012,13.86,14.4,13.58,14.4,13.86,0.54,3.9,3030.5,4247.586,1.385,2.0126547788441163,1.9371802246374616,2.0126547788441163,1.8980452706043816
600829.SH,20011015,14.15,14.61,14.1,14.15,14.4,-0.25,-1.74,789.73,1131.499,1.385,1.9777128556002948,1.9777128556002948,2.042005994368926,1.9707244709515304
600829.SH,20011016,14.15,14.46,14.05,14.09,14.15,-0.06,-0.42,384.03,543.195,1.385,1.9693267940217776,1.9777128556002948,2.021040840422633,1.9637360863027664
600829.SH,20011017,14.28,14.4,14.05,14.15,14.09,0.06,0.43,560.88,795.374,1.385,1.9777128556002948,1.9958826556870817,2.0126547788441163,1.9637360863027664
600829.SH,20011018,14.39,14.4,13.86,13.9,14.15,-0.25,-1.77,1909.0,2711.71,1.385,1.9427709323564728,2.0112571019143632,2.0126547788441163,1.9371802246374616
600829.SH,20011019,14.01,14.01,13.0,13.5,13.9,-0.4,-2.88,2998.0,3987.196,1.385,1.886863855166359,1.9581453785837544,1.9581453785837544,1.816980008678716
600829.SH,20011022,13.0,13.54,12.2,13.02,13.5,-0.48,-3.56,1792.01,2378.609,1.385,1.8197753625382216,1.816980008678716,1.8924545628853704,1.705165854298487
600829.SH,20011023,13.8,14.32,13.5,14.32,13.02,1.3,9.98,2002.91,2840.78,1.385,2.001473363406093,1.928794163058945,2.001473363406093,1.886863855166359
600829.SH,20011024,14.33,15.18,14.33,14.75,14.32,0.43,3.0,3597.32,5325.415,1.385,2.0615734713854663,2.002871040335846,2.121673579364839,2.002871040335846
600829.SH,20011025,14.53,14.75,14.15,14.53,14.75,-0.22,-1.49,2687.41,3912.929,1.385,2.030824578930903,2.030824578930903,2.0615734713854663,1.9777128556002948
600829.SH,20011026,14.6,14.6,14.28,14.4,14.53,-0.13,-0.89,969.0,1399.445,1.385,2.0126547788441163,2.0406083174391734,2.0406083174391734,1.9958826556870817
600829.SH,20011029,15.84,15.84,14.4,14.66,14.4,0.26,1.81,3265.09,4934.732,1.385,2.0489943790176905,2.213920256728528,2.213920256728528,2.0126547788441163
600829.SH,20011030,14.05,14.9,14.05,14.9,14.66,0.24,1.64,2154.0,3172.011,1.385,2.08253862533176,1.9637360863027664,2.08253862533176,1.9637360863027664
600829.SH,20011031,15.0,15.0,14.42,14.58,14.9,-0.32,-2.15,1068.94,1570.086,1.385,2.037812963579668,2.096515394629288,2.096515394629288,2.015450132703622
600829.SH,20011101,14.9,14.9,14.4,14.54,14.58,-0.04,-0.27,657.0,957.14,1.385,2.032222255860656,2.08253862533176,2.08253862533176,2.0126547788441163
600829.SH,20011102,14.65,14.65,14.11,14.3,14.54,-0.24,-1.65,2265.0,3238.702,1.385,1.998678009546588,2.047596702087937,2.047596702087937,1.9721221478812831
600829.SH,20011105,14.05,14.34,14.05,14.13,14.3,-0.17,-1.19,391.66,554.542,1.385,1.9749175017407887,1.9637360863027664,2.004268717265599,1.9637360863027664
600829.SH,20011106,14.1,14.25,14.02,14.14,14.13,0.01,0.07,270.3,381.45,1.385,1.9763151786705413,1.9707244709515304,1.9916896248978235,1.959543055513508
600829.SH,20011107,14.23,14.23,13.55,13.62,14.14,-0.52,-3.68,1435.0,1969.947,1.385,1.903635978323393,1.9888942710383173,1.9888942710383173,1.893852239815124
600829.SH,20011108,13.2,13.87,13.18,13.75,13.62,0.13,0.95,453.64,615.884,1.385,1.9218057784101803,1.844933547273773,1.9385779015672149,1.8421381934142675
600829.SH,20011109,13.6,13.98,13.5,13.7,13.75,-0.05,-0.36,1351.0,1855.521,1.385,1.914817393761416,1.900840624463888,1.953952347794496,1.886863855166359
600829.SH,20011112,14.3,14.32,13.63,13.8,13.7,0.1,0.73,552.8,763.431,1.385,1.928794163058945,1.998678009546588,2.001473363406093,1.9050336552531464
600829.SH,20011113,13.8,14.2,13.65,13.83,13.8,0.03,0.22,895.0,1248.736,1.385,1.9329871938482035,1.928794163058945,1.9847012402490587,1.907829009112652
600829.SH,20011114,13.95,14.27,13.8,14.25,13.83,0.42,3.04,961.4,1354.64,1.385,1.9916896248978235,1.9497593170052376,1.994484978757329,1.928794163058945
600829.SH,20011115,14.2,14.3,13.94,14.2,14.25,-0.05,-0.35,502.0,713.966,1.385,1.9847012402490587,1.9847012402490587,1.998678009546588,1.9483616400754848
600829.SH,20011116,14.88,14.9,14.2,14.2,14.2,0.0,0.0,1870.5,2697.612,1.385,1.9847012402490587,2.0797432714722537,2.08253862533176,1.9847012402490587
600829.SH,20011119,14.05,14.3,14.05,14.28,14.2,0.08,0.56,2603.78,3687.281,1.385,1.9958826556870817,1.9637360863027664,1.998678009546588,1.9637360863027664
600829.SH,20011120,14.21,14.45,14.15,14.33,14.28,0.05,0.35,2339.77,3351.091,1.385,2.002871040335846,1.986098917178812,2.0196431634928804,1.9777128556002948
600829.SH,20011121,14.31,14.65,14.26,14.26,14.33,-0.07,-0.49,526.0,755.4,1.385,1.993087301827576,2.0000756864763405,2.047596702087937,1.993087301827576
600829.SH,20011122,14.3,14.34,14.09,14.32,14.26,0.06,0.42,938.5,1332.476,1.385,2.001473363406093,1.998678009546588,2.004268717265599,1.9693267940217776
600829.SH,20011123,14.5,14.5,14.15,14.23,14.32,-0.09,-0.63,1060.0,1518.156,1.385,1.9888942710383173,2.0266315481416446,2.0266315481416446,1.9777128556002948
600829.SH,20011126,14.15,14.36,14.13,14.2,14.23,-0.03,-0.21,303.0,429.277,1.385,1.9847012402490587,1.9777128556002948,2.0070640711251047,1.9749175017407887
600829.SH,20011127,14.05,14.33,14.0,14.13,14.2,-0.07,-0.49,4063.6,5737.362,1.385,1.9749175017407887,1.9637360863027664,2.002871040335846,1.9567477016540016
600829.SH,20011128,14.13,14.32,14.12,14.26,14.13,0.13,0.92,5820.3,8300.825,1.385,1.993087301827576,1.9749175017407887,2.001473363406093,1.973519824811036
600829.SH,20011129,14.39,14.45,14.29,14.29,14.26,0.03,0.21,6394.0,9179.946,1.385,1.997280332616835,2.0112571019143632,2.0196431634928804,1.997280332616835
600829.SH,20011130,14.38,14.45,14.32,14.35,14.29,0.06,0.42,4985.0,7175.691,1.385,2.005666394195352,2.0098594249846102,2.0196431634928804,2.001473363406093
600829.SH,20011203,14.35,14.8,14.35,14.71,14.35,0.36,2.51,6620.58,9615.076,1.385,2.055982763666455,2.005666394195352,2.0685618560342305,2.005666394195352
600829.SH,20011204,14.65,14.72,14.46,14.6,14.71,-0.11,-0.75,1486.0,2170.143,1.385,2.0406083174391734,2.047596702087937,2.057380440596208,2.021040840422633
600829.SH,20011205,14.6,14.6,14.25,14.26,14.6,-0.34,-2.33,1469.37,2118.512,1.385,1.993087301827576,2.0406083174391734,2.0406083174391734,1.9916896248978235
600829.SH,20011206,14.11,14.37,14.1,14.3,14.26,0.04,0.28,685.0,976.017,1.385,1.998678009546588,1.9721221478812831,2.008461748054857,1.9707244709515304
600829.SH,20011207,14.3,14.3,14.15,14.25,14.3,-0.05,-0.35,878.6,1248.112,1.385,1.9916896248978235,1.998678009546588,1.998678009546588,1.9777128556002948
600829.SH,20011210,14.16,14.3,14.05,14.13,14.25,-0.12,-0.84,1465.71,2076.039,1.385,1.9749175017407887,1.9791105325300475,1.998678009546588,1.9637360863027664
600829.SH,20011211,14.24,14.24,13.9,14.03,14.13,-0.1,-0.71,652.94,916.481,1.385,1.96094073244326,1.9902919479680703,1.9902919479680703,1.9427709323564728
600829.SH,20011212,13.8,14.0,13.8,13.85,14.03,-0.18,-1.28,1062.8,1481.667,1.385,1.9357825477077089,1.928794163058945,1.9567477016540016,1.928794163058945
600829.SH,20011213,13.8,14.07,13.61,13.79,13.85,-0.06,-0.43,4066.01,5667.619,1.385,1.927396486129192,1.928794163058945,1.966531440162272,1.9022383013936404
600829.SH,20011214,13.5,13.99,13.5,13.75,13.79,-0.04,-0.29,3168.01,4382.128,1.385,1.9218057784101803,1.886863855166359,1.9553500247242488,1.886863855166359
600829.SH,20011217,13.21,13.75,13.21,13.37,13.75,-0.38,-2.76,5296.01,7179.203,1.385,1.868694055079572,1.846331224203526,1.9218057784101803,1.846331224203526
600829.SH,20011218,13.4,13.55,13.23,13.52,13.37,0.15,1.12,3190.51,4281.904,1.385,1.8896592090258648,1.8728870858688305,1.893852239815124,1.849126578063032
600829.SH,20011219,13.38,13.51,13.3,13.3,13.52,-0.22,-1.63,432.0,578.144,1.385,1.8589103165713017,1.8700917320093249,1.888261532096112,1.8589103165713017
600829.SH,20011220,13.44,13.44,12.8,12.8,13.3,-0.5,-3.76,3124.0,4083.762,1.385,1.789026470083659,1.8784777935878416,1.8784777935878416,1.789026470083659
600829.SH,20011221,12.86,13.1,12.85,12.96,12.8,0.16,1.25,4162.0,5407.426,1.385,1.8113893009597049,1.7974125316621758,1.8309567779762448,1.7960148547324228
600829.SH,20011224,12.87,12.98,12.75,12.78,12.96,-0.18,-1.39,1650.0,2137.7,1.385,1.7862311162241529,1.7988102085919286,1.8141846548192104,1.7820380854348947
600829.SH,20011225,13.42,13.42,12.7,12.92,12.78,0.14,1.1,302.62,388.653,1.385,1.8057985932406933,1.875682439728336,1.875682439728336,1.77504970078613
600829.SH,20011226,12.88,13.67,12.8,13.39,12.92,0.47,3.64,602.15,792.469,1.385,1.8714894089390768,1.800207885521682,1.910624362972157,1.789026470083659
600829.SH,20011227,13.35,13.45,13.0,13.0,13.39,-0.39,-2.91,4335.53,5699.653,1.385,1.816980008678716,1.865898701220066,1.8798754705175944,1.816980008678716
600829.SH,20011231,13.0,13.38,13.0,13.03,13.0,0.03,0.23,2532.66,3349.979,1.385,1.8211730394679744,1.816980008678716,1.8700917320093249,1.816980008678716
600829.SH,20020104,13.0,13.2,13.0,13.0,13.03,-0.03,-0.23,1299.0,1700.348,1.385,1.816980008678716,1.816980008678716,1.844933547273773,1.816980008678716
600829.SH,20020107,13.0,13.02,12.75,12.76,13.0,-0.24,-1.85,822.0,1058.8,1.385,1.7834357623646473,1.816980008678716,1.8197753625382216,1.7820380854348947
600829.SH,20020108,12.7,13.11,12.7,12.73,12.76,-0.03,-0.24,963.0,1240.163,1.385,1.779242731575389,1.77504970078613,1.8323544549059976,1.77504970078613
600829.SH,20020109,12.65,12.89,12.2,12.66,12.73,-0.07,-0.55,1345.5,1695.908,1.385,1.7694589930671187,1.768061316137366,1.8016055624514349,1.705165854298487
600829.SH,20020110,12.6,12.6,12.12,12.33,12.66,-0.33,-2.61,2101.36,2594.104,1.385,1.7233356543852745,1.7610729314886018,1.7610729314886018,1.693984438860464
600829.SH,20020111,12.3,12.37,12.0,12.23,12.33,-0.1,-0.81,2640.0,3238.999,1.385,1.7093588850877457,1.719142623596016,1.7289263621042856,1.6772123157034302
600829.SH,20020114,11.81,12.18,11.6,11.85,12.23,-0.38,-3.11,5220.0,6235.557,1.385,1.6562471617571373,1.650656454038126,1.7023705004389815,1.6213052385133158
600829.SH,20020115,11.82,11.9,11.5,11.63,11.85,-0.22,-1.86,678.36,787.409,1.385,1.6254982693025744,1.652054130967879,1.6632355464059017,1.6073284692157872
600829.SH,20020116,11.4,11.88,11.4,11.74,11.63,0.11,0.95,617.5,721.133,1.385,1.640872715529856,1.5933516999182586,1.660440192546396,1.5933516999182586
600829.SH,20020117,11.84,11.88,11.2,11.56,11.74,-0.18,-1.53,1827.0,2107.25,1.385,1.6157145307943044,1.6548494848273845,1.660440192546396,1.5653981613232013
600829.SH,20020118,11.5,11.67,11.02,11.64,11.56,0.08,0.69,1384.82,1584.946,1.385,1.6268959462323274,1.6073284692157872,1.6310889770215855,1.5402399765876498
600829.SH,20020121,11.36,11.8,11.36,11.6,11.64,-0.04,-0.34,1248.8,1446.731,1.385,1.6213052385133158,1.587760992199247,1.6492587771083729,1.587760992199247
600829.SH,20020122,11.5,12.0,11.5,11.7,11.6,0.1,0.86,1470.95,1727.178,1.385,1.6352820078108443,1.6073284692157872,1.6772123157034302,1.6073284692157872
600829.SH,20020123,11.61,12.31,11.61,12.27,11.7,0.57,4.87,1674.78,1997.426,1.385,1.714949592806757,1.6227029154430688,1.720540300525769,1.6227029154430688
600829.SH,20020124,12.08,12.5,11.91,12.38,12.27,0.11,0.9,2307.32,2838.88,1.385,1.7303240390340386,1.6883937311414527,1.747096162191073,1.6646332233356549
600829.SH,20020125,12.28,12.5,12.25,12.36,12.38,-0.02,-0.16,1248.0,1547.24,1.385,1.727528685174533,1.71634726973651,1.747096162191073,1.7121542389472515
600829.SH,20020128,11.85,12.25,11.85,12.05,12.36,-0.31,-2.51,4057.75,4891.45,1.385,1.6842007003521946,1.6562471617571373,1.7121542389472515,1.6562471617571373
600829.SH,20020129,12.18,12.68,12.0,12.6,12.05,0.55,4.56,2838.8,3518.872,1.385,1.7610729314886018,1.7023705004389815,1.7722543469266243,1.6772123157034302
600829.SH,20020130,12.95,12.95,12.58,12.87,12.6,0.27,2.14,2260.31,2885.936,1.385,1.7988102085919286,1.809991624029952,1.809991624029952,1.758277577629096
600829.SH,20020131,12.86,13.85,12.86,13.58,12.87,0.71,5.52,4519.38,6034.691,1.385,1.8980452706043816,1.7974125316621758,1.9357825477077089,1.7974125316621758
600829.SH,20020201,14.08,14.08,13.5,13.52,13.58,-0.06,-0.44,4081.0,5593.011,1.385,1.8896592090258648,1.9679291170920248,1.9679291170920248,1.886863855166359
600829.SH,20020204,13.52,13.6,13.43,13.55,13.52,0.03,0.22,3326.18,4497.138,1.385,1.893852239815124,1.8896592090258648,1.900840624463888,1.8770801166580888
600829.SH,20020205,13.68,13.75,13.48,13.51,13.55,-0.04,-0.3,2111.26,2882.142,1.385,1.888261532096112,1.9120220399019103,1.9218057784101803,1.8840685013068528
600829.SH,20020206,13.51,13.51,13.0,13.12,13.51,-0.39,-2.89,3463.0,4557.83,1.385,1.83375213183575,1.888261532096112,1.888261532096112,1.816980008678716
600829.SH,20020207,13.08,13.54,13.05,13.51,13.12,0.39,2.97,1267.72,1695.867,1.385,1.888261532096112,1.8281614241167388,1.8924545628853704,1.8239683933274808
600829.SH,20020208,13.45,13.7,12.16,13.44,13.51,-0.07,-0.52,2325.36,3022.359,1.385,1.8784777935878416,1.8798754705175944,1.914817393761416,1.6995751465794755
600829.SH,20020225,13.5,13.65,13.05,13.31,13.44,-0.13,-0.97,1286.47,1713.471,1.385,1.8603079935010547,1.886863855166359,1.907829009112652,1.8239683933274808
600829.SH,20020226,13.38,13.38,13.0,13.05,13.31,-0.26,-1.95,1471.0,1921.806,1.385,1.8239683933274808,1.8700917320093249,1.8700917320093249,1.816980008678716
600829.SH,20020227,13.0,13.2,12.95,13.13,13.05,0.08,0.61,1841.75,2397.444,1.385,1.8351498087655032,1.816980008678716,1.844933547273773,1.809991624029952
600829.SH,20020228,13.0,13.3,13.0,13.08,13.13,-0.05,-0.38,148.0,193.818,1.385,1.8281614241167388,1.816980008678716,1.8589103165713017,1.816980008678716
600829.SH,20020301,13.1,13.1,12.95,12.98,13.08,-0.1,-0.76,827.1,1075.248,1.385,1.8141846548192104,1.8309567779762448,1.8309567779762448,1.809991624029952
600829.SH,20020304,12.82,13.08,12.8,13.06,12.98,0.08,0.62,252.0,326.981,1.385,1.8253660702572327,1.7918218239431647,1.8281614241167388,1.789026470083659
600829.SH,20020305,13.06,13.38,13.03,13.3,13.06,0.24,1.84,3591.5,4749.048,1.385,1.8589103165713017,1.8253660702572327,1.8700917320093249,1.8211730394679744
600829.SH,20020306,13.5,13.5,13.2,13.28,13.3,-0.02,-0.15,1014.0,1361.147,1.385,1.856114962711796,1.886863855166359,1.886863855166359,1.844933547273773
600829.SH,20020307,13.28,13.78,13.21,13.64,13.28,0.36,2.71,5310.2,7166.335,1.385,1.906431332182899,1.856114962711796,1.9259988091994389,1.846331224203526
600829.SH,20020308,13.66,13.98,13.45,13.74,13.64,0.1,0.73,4233.62,5828.339,1.385,1.9204081014804275,1.9092266860424043,1.953952347794496,1.8798754705175944
600829.SH,20020311,13.79,13.8,13.5,13.76,13.74,0.02,0.15,2744.52,3745.076,1.385,1.9232034553399333,1.927396486129192,1.928794163058945,1.886863855166359
600829.SH,20020312,13.78,14.35,13.68,14.02,13.76,0.26,1.89,9303.81,13110.852,1.385,1.959543055513508,1.9259988091994389,2.005666394195352,1.9120220399019103
600829.SH,20020313,14.0,14.76,14.0,14.55,14.02,0.53,3.78,10612.27,15404.215,1.385,2.033619932790409,1.9567477016540016,2.062971148315219,1.9567477016540016
600829.SH,20020314,14.68,14.85,14.55,14.68,14.55,0.13,0.89,4304.54,6315.344,1.385,2.051789732877196,2.051789732877196,2.075550240682995,2.033619932790409
600829.SH,20020315,14.79,14.85,14.46,14.52,14.68,-0.16,-1.09,4469.56,6515.529,1.385,2.02942690200115,2.067164179104477,2.075550240682995,2.021040840422633
600829.SH,20020318,14.5,14.8,14.45,14.75,14.52,0.23,1.58,4169.89,6101.447,1.385,2.0615734713854663,2.0266315481416446,2.0685618560342305,2.0196431634928804
600829.SH,20020319,14.78,15.09,14.61,15.04,14.75,0.29,1.97,4271.12,6388.047,1.385,2.1021061023482988,2.0657665021747245,2.109094486997064,2.042005994368926
600829.SH,20020320,15.5,15.5,14.9,15.05,15.04,0.01,0.07,4269.88,6458.181,1.385,2.103503779278052,2.1663992411169306,2.1663992411169306,2.08253862533176
600829.SH,20020321,15.0,15.2,14.92,15.15,15.05,0.1,0.66,4281.99,6459.537,1.385,2.1174805485755805,2.096515394629288,2.1244689332243447,2.085333979191265
600829.SH,20020322,14.92,15.13,14.6,15.04,15.15,-0.11,-0.73,3603.01,5370.567,1.385,2.1021061023482988,2.085333979191265,2.114685194716075,2.0406083174391734
600829.SH,20020325,15.0,15.47,15.0,15.31,15.04,0.27,1.8,5612.86,8594.172,1.385,2.1398433794516265,2.096515394629288,2.162206210327672,2.096515394629288
600829.SH,20020326,15.3,15.38,15.04,15.31,15.31,0.0,0.0,6017.92,9186.429,1.385,2.1398433794516265,2.138445702521873,2.149627117959896,2.1021061023482988
600829.SH,20020327,15.1,15.5,15.1,15.48,15.31,0.17,1.11,5275.0,8108.03,1.385,2.163603887257425,2.110492163926816,2.1663992411169306,2.110492163926816
600829.SH,20020328,15.5,15.56,15.33,15.51,15.48,0.03,0.19,2901.34,4488.841,1.385,2.167796918046683,2.1663992411169306,2.174785302695448,2.142638733311132
600829.SH,20020329,15.31,15.52,15.22,15.37,15.51,-0.14,-0.9,3711.23,5707.495,1.385,2.1482294410301432,2.1398433794516265,2.169194594976436,2.1272642870838507
600829.SH,20020401,15.25,15.8,15.2,15.76,15.37,0.39,2.54,2200.96,3420.785,1.385,2.202738841290505,2.131457317873109,2.2083295490095165,2.1244689332243447
600829.SH,20020402,15.72,16.31,15.7,16.16,15.76,0.4,2.54,9556.02,15429.914,1.385,2.258645918480619,2.1971481335714937,2.279611072426912,2.194352779711988
600829.SH,20020403,16.18,17.2,16.18,17.03,16.16,0.87,5.38,10846.57,18194.599,1.385,2.3802438113691182,2.2614412723401247,2.4040043191749163,2.2614412723401247
600829.SH,20020404,16.99,17.96,16.98,17.81,17.03,0.78,4.58,50461.8,88313.244,1.385,2.4892626118898407,2.374653103650106,2.5102277658361336,2.373255426720354
600829.SH,20020405,17.96,18.15,17.5,17.94,17.81,0.13,0.73,32537.68,58188.234,1.385,2.507432411976628,2.5102277658361336,2.5367836275014377,2.445934627067502
600829.SH,20020408,17.8,18.5,17.75,18.33,17.94,0.39,2.17,31288.98,56178.24,1.385,2.561941812236989,2.487864934960088,2.585702320042788,2.4808765503113235
600829.SH,20020409,18.28,18.28,17.85,17.87,18.33,-0.46,-2.51,6033.5,10830.71,1.385,2.4976486734683583,2.554953427588225,2.554953427588225,2.4948533196088527
600829.SH,20020410,17.9,18.0,17.0,17.69,17.87,-0.18,-1.01,27988.26,50005.142,1.385,2.4724904887328067,2.5018417042576164,2.515818473555145,2.37605078057986
600829.SH,20020411,17.58,17.68,17.3,17.53,17.69,-0.16,-0.9,4145.1,7223.495,1.385,2.450127657856761,2.457116042505525,2.4710928118030537,2.417981088472445
600829.SH,20020412,17.6,17.7,17.01,17.09,17.53,-0.44,-2.51,4452.33,7636.447,1.385,2.388629872947635,2.459911396365031,2.47388816566256,2.3774484575096126
600829.SH,20020415,17.05,17.58,16.6,17.39,17.09,0.3,1.76,4888.51,8362.658,1.385,2.430560180840221,2.383039165228624,2.457116042505525,2.3201437033897454
600829.SH,20020416,17.27,17.46,17.13,17.37,17.39,-0.02,-0.12,2979.2,5164.491,1.385,2.427764826980716,2.4137880576831865,2.440343919348491,2.3942205806666466
600829.SH,20020417,17.39,17.7,17.3,17.66,17.37,0.29,1.67,2033.8,3572.764,1.385,2.468297457943548,2.430560180840221,2.47388816566256,2.417981088472445
600829.SH,20020418,17.3,17.63,17.1,17.4,17.66,-0.26,-1.47,1487.99,2594.382,1.385,2.4319578577699734,2.417981088472445,2.464104427154289,2.390027549877388
600829.SH,20020419,17.3,17.5,17.3,17.4,17.4,0.0,0.0,1308.0,2275.214,1.385,2.4319578577699734,2.417981088472445,2.445934627067502,2.417981088472445
600829.SH,20020422,17.31,17.67,17.31,17.32,17.4,-0.08,-0.46,1889.0,3292.168,1.385,2.4207764423319507,2.4193787654021977,2.4696951348733007,2.4193787654021977
600829.SH,20020423,17.32,17.5,17.31,17.47,17.32,0.15,0.87,1561.8,2720.635,1.385,2.441741596278244,2.4207764423319507,2.445934627067502,2.4193787654021977
600829.SH,20020424,17.58,17.9,17.45,17.54,17.47,0.07,0.4,3779.05,6683.26,1.385,2.451525334786514,2.457116042505525,2.5018417042576164,2.438946242418738
600829.SH,20020425,17.6,17.9,17.28,17.8,17.54,0.26,1.48,5670.65,10014.851,1.385,2.487864934960088,2.459911396365031,2.5018417042576164,2.4151857346129395
600829.SH,20020426,17.75,17.9,17.59,17.7,17.8,-0.1,-0.56,953.19,1691.079,1.385,2.47388816566256,2.4808765503113235,2.5018417042576164,2.458513719435278
600829.SH,20020429,17.7,18.7,17.31,18.63,17.7,0.93,5.25,19774.06,36182.52,1.385,2.603872120129575,2.47388816566256,2.6136558586378453,2.4193787654021977
600829.SH,20020430,18.8,19.25,18.75,19.22,18.63,0.59,3.17,15022.45,28607.086,1.385,2.686335058984994,2.6276326279353737,2.6905280897742525,2.620644243286609
600829.SH,20020508,19.28,19.68,19.0,19.21,19.22,-0.01,-0.05,5363.19,10275.817,1.385,2.684937382055241,2.6947211205635115,2.7506281977536253,2.6555861665304312
600829.SH,20020509,19.1,19.25,18.99,19.1,19.21,-0.11,-0.57,4393.02,8376.445,1.385,2.66956293582796,2.66956293582796,2.6905280897742525,2.6541884896006778
600829.SH,20020510,18.7,19.18,18.7,19.05,19.1,-0.05,-0.26,4876.12,9241.657,1.385,2.6625745511791954,2.6136558586378453,2.6807443512659823,2.6136558586378453
600829.SH,20020513,19.1,19.15,18.73,18.97,19.05,-0.08,-0.42,6885.42,13016.368,1.385,2.651393135741172,2.66956293582796,2.676551320476724,2.617848889427104
600829.SH,20020514,18.8,18.97,18.78,18.92,18.97,-0.05,-0.26,3299.03,6232.663,1.385,2.6444047510924085,2.6276326279353737,2.651393135741172,2.624837274075868
600829.SH,20020515,18.9,19.1,18.73,18.82,18.92,-0.1,-0.53,3171.5,5966.673,1.385,2.63042798179488,2.641609397232902,2.66956293582796,2.617848889427104
600829.SH,20020516,18.9,18.9,17.45,17.78,18.82,-1.04,-5.53,9445.99,17025.117,1.385,2.4850695811005825,2.641609397232902,2.641609397232902,2.438946242418738
600829.SH,20020517,17.6,17.85,17.25,17.61,17.78,-0.17,-0.96,4276.02,7495.127,1.385,2.4613090732947835,2.459911396365031,2.4948533196088527,2.410992703823681
600829.SH,20020520,17.63,17.63,17.18,17.49,17.61,-0.12,-0.68,1224.78,2138.447,1.385,2.444536950137749,2.464104427154289,2.464104427154289,2.4012089653154107
600829.SH,20020521,17.91,18.0,17.59,17.89,17.49,0.4,2.29,2447.33,4365.406,1.385,2.500444027327864,2.503239381187369,2.515818473555145,2.458513719435278
600829.SH,20020522,17.9,17.9,17.6,17.73,17.89,-0.16,-0.89,1076.71,1914.025,1.385,2.478081196451818,2.5018417042576164,2.5018417042576164,2.459911396365031
600829.SH,20020523,17.85,17.99,17.73,17.9,17.73,0.17,0.96,2395.28,4274.84,1.385,2.5018417042576164,2.4948533196088527,2.514420796625392,2.478081196451818
600829.SH,20020524,17.95,17.95,17.45,17.65,17.9,-0.25,-1.4,2357.85,4151.581,1.385,2.4668997810137947,2.508830088906381,2.508830088906381,2.438946242418738
600829.SH,20020527,17.65,17.86,17.33,17.34,17.65,-0.31,-1.76,2451.0,4273.422,1.385,2.423571796191456,2.4668997810137947,2.4962509965386053,2.4221741192617032
600829.SH,20020528,17.4,17.64,17.25,17.32,17.34,-0.02,-0.12,3482.0,6040.627,1.385,2.4207764423319507,2.4319578577699734,2.465502104084042,2.410992703823681
600829.SH,20020529,17.35,17.59,17.2,17.37,17.32,0.05,0.29,3714.1,6436.827,1.385,2.427764826980716,2.4249694731212097,2.458513719435278,2.4040043191749163
600829.SH,20020530,17.4,17.45,17.25,17.39,17.37,0.02,0.12,1175.8,2036.37,1.385,2.430560180840221,2.4319578577699734,2.438946242418738,2.410992703823681
600829.SH,20020531,17.65,17.99,17.42,17.82,17.39,0.43,2.47,2002.91,3557.216,1.385,2.4906602888195937,2.4668997810137947,2.514420796625392,2.43475321162948
600829.SH,20020603,17.8,17.8,17.5,17.55,17.82,-0.27,-1.52,1477.6,2603.672,1.385,2.452923011716267,2.487864934960088,2.487864934960088,2.445934627067502
600829.SH,20020604,17.55,17.9,17.55,17.75,17.55,0.2,1.14,1496.0,2653.724,1.385,2.4808765503113235,2.452923011716267,2.5018417042576164,2.452923011716267
600829.SH,20020605,17.8,17.8,17.43,17.5,17.75,-0.25,-1.41,3586.55,6280.453,1.385,2.445934627067502,2.487864934960088,2.487864934960088,2.4361508885592325
600829.SH,20020606,17.4,17.91,17.36,17.89,17.5,0.39,2.23,1884.13,3325.056,1.385,2.500444027327864,2.4319578577699734,2.503239381187369,2.426367150050962
600829.SH,20020607,19.68,19.68,17.5,17.85,17.89,-0.04,-0.22,3815.99,6965.771,1.385,2.4948533196088527,2.7506281977536253,2.7506281977536253,2.445934627067502
600829.SH,20020610,17.88,17.95,17.8,17.83,17.85,-0.02,-0.11,2103.19,3762.155,1.385,2.4920579657493467,2.499046350398111,2.508830088906381,2.487864934960088
600829.SH,20020611,17.76,17.95,17.56,17.87,17.83,0.04,0.22,1221.0,2173.428,1.385,2.4976486734683583,2.482274227241077,2.508830088906381,2.45432068864602
600829.SH,20020612,17.38,17.81,17.38,17.66,17.87,-0.21,-1.18,939.68,1668.08,1.385,2.468297457943548,2.429162503910468,2.4892626118898407,2.429162503910468
600829.SH,20020613,17.65,17.93,17.65,17.68,17.66,0.02,0.11,1855.42,3301.742,1.385,2.4710928118030537,2.4668997810137947,2.506034735046875,2.4668997810137947
600829.SH,20020614,17.45,17.78,17.45,17.57,17.68,-0.11,-0.62,1980.0,3481.232,1.385,2.4557183655757724,2.438946242418738,2.4850695811005825,2.438946242418738
600829.SH,20020618,17.51,17.99,17.5,17.86,17.57,0.29,1.65,3095.34,5496.197,1.385,2.4962509965386053,2.447332303997255,2.514420796625392,2.445934627067502
600829.SH,20020619,17.82,18.0,17.62,17.82,17.86,-0.04,-0.22,2040.73,3625.635,1.385,2.4906602888195937,2.4906602888195937,2.515818473555145,2.462706750224537
600829.SH,20020620,17.85,18.35,17.82,18.25,17.82,0.43,2.41,5206.08,9481.138,1.385,2.550760396798967,2.4948533196088527,2.564737166096496,2.4906602888195937
600829.SH,20020621,18.3,19.4,18.28,19.35,18.25,1.1,6.03,8996.83,16993.231,1.385,2.7045048590717813,2.557748781447731,2.711493243720545,2.554953427588225
600829.SH,20020624,21.29,21.29,20.0,20.79,19.35,1.44,7.44,15964.3,33101.824,1.385,2.9057703369561927,2.975654183443836,2.975654183443836,2.795353859505717
600829.SH,20020625,20.79,20.79,19.52,19.97,20.79,-0.82,-3.94,9275.52,18567.33,1.385,2.791160828716458,2.9057703369561927,2.9057703369561927,2.72826536687758
600829.SH,20020626,19.75,19.75,18.0,19.05,19.97,-0.92,-4.61,5133.12,9719.284,1.385,2.6625745511791954,2.7604119362618955,2.7604119362618955,2.515818473555145
600829.SH,20020627,18.89,19.48,18.8,19.27,19.05,0.22,1.15,2873.38,5525.45,1.385,2.693323443633758,2.640211720303149,2.722674659158568,2.6276326279353737
600829.SH,20020628,19.13,19.13,18.78,19.0,19.27,-0.27,-1.4,4541.0,8614.306,1.385,2.6555861665304312,2.673755966617218,2.673755966617218,2.624837274075868
600829.SH,20020701,19.0,19.35,18.9,19.31,19.0,0.31,1.63,2741.4,5250.053,1.385,2.698914151352769,2.6555861665304312,2.7045048590717813,2.641609397232902
600829.SH,20020702,14.7,15.5,14.7,15.44,14.84,0.6,4.04,4818.05,7341.225,1.802,2.807754331789329,2.6731857951621203,2.8186652942185626,2.6731857951621203
600829.SH,20020703,15.44,15.53,15.3,15.42,15.44,-0.02,-0.13,4519.61,6979.591,1.802,2.8041173443129184,2.807754331789329,2.824120775433179,2.782295419454452
600829.SH,20020704,15.4,15.4,14.95,15.3,15.42,-0.12,-0.78,2760.74,4188.526,1.802,2.782295419454452,2.800480356836508,2.800480356836508,2.7186481386172585
600829.SH,20020705,15.3,15.6,14.99,15.54,15.3,0.24,1.57,6008.96,9275.411,1.802,2.8259392691713847,2.782295419454452,2.836850231600617,2.7259221135700806
600829.SH,20020708,15.48,15.68,15.42,15.63,15.54,0.09,0.58,5315.01,8283.247,1.802,2.8423057128152345,2.8150283067421515,2.8513981815062617,2.8041173443129184
600829.SH,20020709,15.65,15.65,15.46,15.47,15.63,-0.16,-1.02,793.91,1233.104,1.802,2.813209813003946,2.845942700291645,2.845942700291645,2.8113913192657405
600829.SH,20020710,15.45,15.63,15.3,15.62,15.47,0.15,0.97,1695.88,2621.097,1.802,2.8404872190770285,2.8095728255275345,2.8423057128152345,2.782295419454452
600829.SH,20020711,15.5,15.65,15.41,15.46,15.62,-0.16,-1.02,1097.5,1705.121,1.802,2.8113913192657405,2.8186652942185626,2.845942700291645,2.802298850574713
600829.SH,20020712,15.29,15.58,15.0,15.47,15.46,0.01,0.06,3065.76,4719.522,1.802,2.813209813003946,2.780476925716246,2.8332132441242064,2.727740607308286
600829.SH,20020715,15.47,15.5,15.3,15.46,15.47,-0.01,-0.06,940.7,1447.534,1.802,2.8113913192657405,2.813209813003946,2.8186652942185626,2.782295419454452
600829.SH,20020716,15.5,15.5,15.3,15.46,15.46,0.0,0.0,1367.3,2105.599,1.802,2.8113913192657405,2.8186652942185626,2.8186652942185626,2.782295419454452
600829.SH,20020717,15.46,15.5,15.3,15.38,15.46,-0.08,-0.52,945.6,1452.3,1.802,2.7968433693600963,2.8113913192657405,2.8186652942185626,2.782295419454452
600829.SH,20020718,15.45,15.64,15.4,15.58,15.38,0.2,1.3,6198.3,9654.959,1.802,2.8332132441242064,2.8095728255275345,2.84412420655344,2.800480356836508
600829.SH,20020719,15.6,15.75,15.58,15.68,15.58,0.1,0.64,8311.2,13026.658,1.802,2.8513981815062617,2.836850231600617,2.8641276376737004,2.8332132441242064
600829.SH,20020722,15.8,15.8,15.48,15.48,15.68,-0.2,-1.28,3677.51,5744.293,1.802,2.8150283067421515,2.8732201063647285,2.8732201063647285,2.8150283067421515
600829.SH,20020723,15.55,15.6,15.2,15.23,15.48,-0.25,-1.62,3600.89,5562.472,1.802,2.7695659632870133,2.8277577629095902,2.836850231600617,2.7641104820723967
600829.SH,20020724,15.34,15.44,14.9,14.92,15.23,-0.31,-2.04,2164.99,3289.588,1.802,2.713192657402642,2.789569394407274,2.807754331789329,2.709555669926232
600829.SH,20020725,15.2,15.2,14.72,15.16,14.92,0.24,1.61,1720.98,2568.726,1.802,2.7568365071195746,2.7641104820723967,2.7641104820723967,2.676822782638532
600829.SH,20020726,15.16,15.18,14.81,15.16,15.16,0.0,0.0,813.09,1221.294,1.802,2.7568365071195746,2.7568365071195746,2.7604734945959857,2.6931892262823816
600829.SH,20020729,15.13,15.46,15.08,15.35,15.16,0.19,1.25,725.52,1103.461,1.802,2.7913878881454792,2.7513810259049585,2.8113913192657405,2.7422885572139304
600829.SH,20020730,15.3,15.38,15.1,15.36,15.35,0.01,0.07,463.2,707.742,1.802,2.7932063818836848,2.782295419454452,2.7968433693600963,2.745925544690341
600829.SH,20020731,15.2,15.3,15.2,15.29,15.36,-0.07,-0.46,851.9,1298.958,1.802,2.780476925716246,2.7641104820723967,2.782295419454452,2.7641104820723967
600829.SH,20020801,15.2,15.35,15.05,15.34,15.29,0.05,0.33,422.31,642.303,1.802,2.789569394407274,2.7641104820723967,2.7913878881454792,2.736833075999314
600829.SH,20020802,15.3,15.3,15.15,15.28,15.34,-0.06,-0.39,623.7,950.386,1.802,2.7786584319780405,2.782295419454452,2.782295419454452,2.755018013381369
600829.SH,20020805,15.2,15.35,15.16,15.35,15.28,0.07,0.46,806.94,1233.362,1.802,2.7913878881454792,2.7641104820723967,2.7913878881454792,2.7568365071195746
600829.SH,20020806,15.38,15.38,15.22,15.32,15.35,-0.03,-0.2,401.95,615.606,1.802,2.785932406930863,2.7968433693600963,2.7968433693600963,2.767747469548808
600829.SH,20020807,14.8,15.38,14.8,15.35,15.32,0.03,0.2,873.7,1334.447,1.802,2.7913878881454792,2.691370732544176,2.7968433693600963,2.691370732544176
600829.SH,20020808,15.3,15.37,15.0,15.08,15.35,-0.27,-1.76,1153.4,1746.204,1.802,2.7422885572139304,2.782295419454452,2.7950248756218903,2.727740607308286
600829.SH,20020809,15.08,15.08,14.9,14.94,15.08,-0.14,-0.93,941.4,1412.932,1.802,2.716829644879053,2.7422885572139304,2.7422885572139304,2.709555669926232
600829.SH,20020812,15.0,15.1,14.86,14.91,14.94,-0.03,-0.2,989.07,1477.69,1.802,2.711374163664437,2.727740607308286,2.745925544690341,2.7022816949734088
600829.SH,20020813,14.98,15.27,14.91,15.0,14.91,0.09,0.6,1477.3,2228.844,1.802,2.727740607308286,2.724103619831875,2.7768399382398354,2.711374163664437
600829.SH,20020814,15.08,15.49,15.08,15.28,15.0,0.28,1.87,2261.8,3443.32,1.802,2.7786584319780405,2.7422885572139304,2.816846800480357,2.7422885572139304
600829.SH,20020815,15.32,15.68,15.32,15.5,15.28,0.22,1.44,6152.01,9567.106,1.802,2.8186652942185626,2.785932406930863,2.8513981815062617,2.785932406930863
600829.SH,20020816,15.5,15.7,15.45,15.55,15.5,0.05,0.32,3296.8,5134.279,1.802,2.8277577629095902,2.8186652942185626,2.8550351689826727,2.8095728255275345
600829.SH,20020819,15.55,15.65,15.3,15.52,15.55,-0.03,-0.19,9684.86,15002.632,1.802,2.8223022816949737,2.8277577629095902,2.845942700291645,2.782295419454452
600829.SH,20020820,15.46,15.62,15.45,15.61,15.52,0.09,0.58,9134.78,14175.925,1.802,2.838668725338823,2.8113913192657405,2.8404872190770285,2.8095728255275345
600829.SH,20020821,15.66,16.4,15.63,16.32,15.61,0.71,4.55,12206.37,19530.176,1.802,2.9677817807514155,2.8477611940298506,2.98232973065706,2.8423057128152345
600829.SH,20020822,16.4,16.5,16.15,16.31,16.32,-0.01,-0.06,7046.81,11499.01,1.802,2.965963287013209,2.98232973065706,3.000514668039115,2.936867387201921
600829.SH,20020823,16.31,16.47,16.15,16.28,16.31,-0.03,-0.18,4025.1,6577.29,1.802,2.9605078057985934,2.965963287013209,2.995059186824498,2.936867387201921
600829.SH,20020826,16.3,16.74,16.3,16.69,16.28,0.41,2.52,17061.21,28433.835,1.802,3.03506604906502,2.9641447932750045,3.044158517756048,2.9641447932750045
600829.SH,20020827,16.68,16.75,16.3,16.44,16.69,-0.25,-1.5,10582.56,17513.364,1.802,2.989603705609882,3.033247555326814,3.0459770114942533,2.9641447932750045
600829.SH,20020828,16.45,16.5,16.18,16.18,16.44,-0.26,-1.58,5059.93,8275.832,1.802,2.942322868416538,2.9914221993480874,3.000514668039115,2.942322868416538
600829.SH,20020829,16.25,16.25,16.0,16.0,16.18,-0.18,-1.11,3236.85,5208.644,1.802,2.9095899811288386,2.955052324583977,2.955052324583977,2.9095899811288386
600829.SH,20020830,16.0,16.38,15.92,16.29,16.0,0.29,1.81,2270.14,3677.38,1.802,2.9623262995367985,2.9095899811288386,2.9786927431806483,2.8950420312231944
600829.SH,20020902,16.4,17.0,16.4,16.78,16.29,0.49,3.01,10058.66,16791.965,1.802,3.05143249270887,2.98232973065706,3.091439354949391,2.98232973065706
600829.SH,20020903,16.83,16.89,16.66,16.78,16.78,0.0,0.0,3409.39,5710.887,1.802,3.05143249270887,3.060524961399897,3.07143592382913,3.029610567850403
600829.SH,20020904,16.81,16.88,16.62,16.78,16.78,0.0,0.0,3281.3,5509.845,1.802,3.05143249270887,3.056887973923486,3.069617430090924,3.0223365928975814
600829.SH,20020905,16.78,16.78,16.51,16.58,16.78,-0.2,-1.19,6373.66,10584.275,1.802,3.0150626179447584,3.05143249270887,3.05143249270887,3.002333161777321
600829.SH,20020906,16.6,16.7,16.3,16.3,16.58,-0.28,-1.69,2721.3,4498.302,1.802,2.9641447932750045,3.0186996054211703,3.036884542803225,2.9641447932750045
600829.SH,20020909,16.45,16.49,16.1,16.38,16.3,0.08,0.49,2199.06,3591.01,1.802,2.9786927431806483,2.9914221993480874,2.998696174300909,2.9277749185108943
600829.SH,20020910,16.46,16.54,16.4,16.49,16.38,0.11,0.67,1863.07,3073.112,1.802,2.998696174300909,2.993240693086293,3.0077886429919367,2.98232973065706
600829.SH,20020911,16.5,16.57,16.4,16.55,16.49,0.06,0.36,1643.1,2706.148,1.802,3.0096071367301427,3.000514668039115,3.0132441242065533,2.98232973065706
600829.SH,20020912,16.5,16.56,16.32,16.5,16.55,-0.05,-0.3,2724.66,4485.116,1.802,3.000514668039115,3.000514668039115,3.011425630468348,2.9677817807514155
600829.SH,20020913,16.52,16.56,16.3,16.37,16.5,-0.13,-0.79,1465.6,2410.843,1.802,2.976874249442443,3.0041516555155257,3.011425630468348,2.9641447932750045
600829.SH,20020916,16.35,16.38,16.15,16.3,16.37,-0.07,-0.43,883.16,1434.395,1.802,2.9641447932750045,2.973237261966032,2.9786927431806483,2.936867387201921
600829.SH,20020917,16.3,16.5,16.2,16.49,16.3,0.19,1.17,803.22,1315.376,1.802,2.998696174300909,2.9641447932750045,3.000514668039115,2.945959855892949
600829.SH,20020918,16.49,16.58,16.32,16.32,16.49,-0.17,-1.03,744.0,1221.648,1.802,2.9677817807514155,2.998696174300909,3.0150626179447584,2.9677817807514155
600829.SH,20020919,16.32,16.49,16.28,16.36,16.32,0.04,0.25,2386.4,3908.029,1.802,2.975055755704237,2.9677817807514155,2.998696174300909,2.9605078057985934
600829.SH,20020920,16.35,16.36,16.28,16.33,16.36,-0.03,-0.18,1159.2,1892.841,1.802,2.9696002744896206,2.973237261966032,2.975055755704237,2.9605078057985934
600829.SH,20020923,16.32,16.4,16.3,16.33,16.33,0.0,0.0,2749.46,4493.74,1.802,2.9696002744896206,2.9677817807514155,2.98232973065706,2.9641447932750045
600829.SH,20020924,16.35,16.37,16.29,16.33,16.33,0.0,0.0,997.85,1628.501,1.802,2.9696002744896206,2.973237261966032,2.976874249442443,2.9623262995367985
600829.SH,20020925,16.31,16.33,16.2,16.22,16.33,-0.11,-0.67,978.78,1592.547,1.802,2.94959684336936,2.965963287013209,2.9696002744896206,2.945959855892949
600829.SH,20020926,16.2,16.39,16.14,16.15,16.22,-0.07,-0.43,1194.0,1946.868,1.802,2.936867387201921,2.945959855892949,2.9805112369188542,2.9350488934637164
600829.SH,20020927,16.13,16.47,16.13,16.35,16.15,0.2,1.24,1012.6,1649.834,1.802,2.973237261966032,2.9332303997255105,2.995059186824498,2.9332303997255105
600829.SH,20021009,16.18,16.22,15.0,16.06,16.35,-0.29,-1.77,2327.02,3726.812,1.802,2.920500943558072,2.942322868416538,2.94959684336936,2.727740607308286
600829.SH,20021010,16.0,16.0,15.9,15.91,16.06,-0.15,-0.93,909.6,1450.981,1.802,2.893223537484989,2.9095899811288386,2.9095899811288386,2.891405043746784
600829.SH,20021011,15.89,15.95,15.6,15.89,15.91,-0.02,-0.13,1578.9,2498.505,1.802,2.889586550008578,2.889586550008578,2.900497512437811,2.836850231600617
600829.SH,20021014,15.86,15.92,15.61,15.88,15.89,-0.01,-0.06,1038.35,1637.107,1.802,2.8877680562703723,2.884131068793961,2.8950420312231944,2.838668725338823
600829.SH,20021015,15.85,15.86,15.71,15.78,15.88,-0.1,-0.63,621.71,979.946,1.802,2.869583118888317,2.882312575055756,2.884131068793961,2.8568536627208787
600829.SH,20021016,15.76,15.96,15.65,15.95,15.78,0.17,1.08,880.4,1391.857,1.802,2.900497512437811,2.865946131411906,2.9023160061760165,2.845942700291645
600829.SH,20021017,15.95,16.18,15.9,16.15,15.95,0.2,1.25,2022.65,3245.846,1.802,2.936867387201921,2.900497512437811,2.942322868416538,2.891405043746784
600829.SH,20021018,16.08,16.2,15.89,16.11,16.15,-0.04,-0.25,5028.29,8070.859,1.802,2.9295934122490994,2.9241379310344824,2.945959855892949,2.889586550008578
600829.SH,20021021,16.02,16.29,16.02,16.26,16.11,0.15,0.93,1125.6,1823.889,1.802,2.9568708183221823,2.9132269686052497,2.9623262995367985,2.9132269686052497
600829.SH,20021022,16.2,16.49,16.08,16.15,16.26,-0.11,-0.68,2026.99,3301.055,1.802,2.936867387201921,2.945959855892949,2.998696174300909,2.9241379310344824
600829.SH,20021023,10.77,11.1,10.77,10.85,10.77,0.08,0.74,3011.0,3283.184,2.702,2.958503627905099,2.936689776270776,3.0266719142623595,2.936689776270776
600829.SH,20021024,10.86,10.99,10.67,10.72,10.85,-0.13,-1.2,5892.58,6341.587,2.702,2.923056118999324,2.9612303593593894,2.996677868265165,2.909422461727872
600829.SH,20021025,10.76,10.86,10.46,10.57,10.72,-0.15,-1.4,22011.92,23405.467,2.702,2.882155147184968,2.933963044816485,2.9612303593593894,2.852161101187773
600829.SH,20021028,10.67,10.85,10.61,10.66,10.57,0.09,0.85,29890.7,31991.968,2.702,2.906695730273581,2.909422461727872,2.958503627905099,2.8930620730021293
600829.SH,20021029,10.6,11.15,10.6,11.05,10.66,0.39,3.66,32783.66,35151.344,2.702,3.013038256990908,2.8903353415478388,3.040305571533812,2.8903353415478388
600829.SH,20021030,11.08,11.18,10.91,10.97,11.05,-0.08,-0.72,3163.1,3497.86,2.702,2.991224405356584,3.021218451353779,3.048485765896683,2.9748640166308418
600829.SH,20021031,10.98,11.09,10.91,10.91,10.97,-0.06,-0.55,2631.64,2889.557,2.702,2.9748640166308418,2.9939511368108747,3.023945182808069,2.9748640166308418
600829.SH,20021101,11.0,11.2,10.6,10.9,10.91,-0.01,-0.09,8235.58,8936.607,2.702,2.972137285176552,2.999404599719456,3.053939228805264,2.8903353415478388
600829.SH,20021104,10.92,11.08,10.79,11.02,10.9,0.12,1.1,8857.69,9659.776,2.702,3.004858062628036,2.977590748085132,3.021218451353779,2.9421432391793565
600829.SH,20021105,11.1,11.18,10.99,11.05,11.02,0.03,0.27,11051.12,12208.935,2.702,3.013038256990908,3.0266719142623595,3.048485765896683,2.996677868265165
600829.SH,20021106,11.06,11.5,11.06,11.39,11.05,0.34,3.08,32053.97,36308.489,2.702,3.105747126436781,3.015764988445198,3.1357411724339763,3.015764988445198
600829.SH,20021107,11.42,11.42,11.26,11.38,11.39,-0.01,-0.09,21058.72,23855.051,2.702,3.1030203949824915,3.1139273207996525,3.1139273207996525,3.0702996175310058
600829.SH,20021108,11.2,11.51,11.2,11.41,11.38,0.03,0.26,16623.41,18908.788,2.702,3.1112005893453625,3.053939228805264,3.138467903888267,3.053939228805264
600829.SH,20021111,11.3,11.41,11.23,11.26,11.41,-0.15,-1.31,8484.3,9613.04,2.702,3.0702996175310058,3.081206543348168,3.1112005893453625,3.0621194231681352
600829.SH,20021112,11.2,11.32,11.05,11.26,11.26,0.0,0.0,12033.72,13432.579,2.702,3.0702996175310058,3.053939228805264,3.0866600062567486,3.013038256990908
600829.SH,20021113,11.12,11.5,11.1,11.45,11.26,0.19,1.69,3484.06,3935.374,2.702,3.122107515162524,3.03212537717094,3.1357411724339763,3.0266719142623595
600829.SH,20021114,11.39,11.42,11.2,11.3,11.45,-0.15,-1.31,6502.56,7366.713,2.702,3.081206543348168,3.105747126436781,3.1139273207996525,3.053939228805264
600829.SH,20021115,11.28,11.35,11.18,11.19,11.3,-0.11,-0.97,3647.25,4103.601,2.702,3.0512124973509733,3.0757530804395867,3.09484020061962,3.048485765896683
600829.SH,20021118,11.2,11.25,11.06,11.1,11.19,-0.09,-0.8,3576.35,3984.632,2.702,3.0266719142623595,3.053939228805264,3.067572886076716,3.015764988445198
600829.SH,20021119,11.09,11.2,11.04,11.12,11.1,0.02,0.18,3490.0,3871.372,2.702,3.03212537717094,3.023945182808069,3.053939228805264,3.010311525536617
600829.SH,20021120,11.1,11.1,10.8,10.84,11.12,-0.28,-2.52,4951.98,5393.34,2.702,2.955776896450809,3.0266719142623595,3.0266719142623595,2.9448699706336474
600829.SH,20021121,10.85,10.85,10.53,10.55,10.84,-0.29,-2.68,2358.75,2514.964,2.702,2.876701684276387,2.958503627905099,2.958503627905099,2.871248221367806
600829.SH,20021122,10.55,10.67,10.46,10.64,10.55,0.09,0.85,3687.45,3882.373,2.702,2.9012422673650007,2.876701684276387,2.909422461727872,2.852161101187773
600829.SH,20021125,10.6,11.0,10.52,10.87,10.64,0.23,2.16,2208.5,2383.047,2.702,2.96395709081368,2.8903353415478388,2.999404599719456,2.8685214899135154
600829.SH,20021126,10.98,11.05,10.68,10.8,10.87,-0.07,-0.64,1972.1,2137.924,2.702,2.9448699706336474,2.9939511368108747,3.013038256990908,2.912149193182162
600829.SH,20021127,10.78,10.85,10.62,10.7,10.8,-0.1,-0.93,5380.45,5755.162,2.702,2.9176026560907427,2.9394165077250665,2.958503627905099,2.89578880445642
600829.SH,20021128,10.77,11.15,10.62,11.12,10.7,0.42,3.93,8554.47,9226.898,2.702,3.03212537717094,2.936689776270776,3.040305571533812,2.89578880445642
600829.SH,20021129,10.86,11.32,10.7,11.05,11.12,-0.07,-0.63,10342.06,11482.546,2.702,3.013038256990908,2.9612303593593894,3.0866600062567486,2.9176026560907427
600829.SH,20021202,10.99,11.0,10.82,10.93,11.05,-0.12,-1.09,1489.5,1624.667,2.702,2.9803174795394227,2.996677868265165,2.999404599719456,2.950323433542228
600829.SH,20021203,10.92,11.2,10.83,11.19,10.93,0.26,2.38,5284.2,5842.281,2.702,3.0512124973509733,2.977590748085132,3.053939228805264,2.9530501649965184
600829.SH,20021204,11.28,11.28,11.0,11.1,11.19,-0.09,-0.8,3876.7,4310.184,2.702,3.0266719142623595,3.0757530804395867,3.0757530804395867,2.999404599719456
600829.SH,20021205,11.06,11.35,10.88,10.89,11.1,-0.21,-1.89,3653.39,4078.488,2.702,2.9694105537222613,3.015764988445198,3.09484020061962,2.966683822267971
600829.SH,20021206,10.99,10.99,10.85,10.88,10.89,-0.01,-0.09,2372.2,2581.394,2.702,2.966683822267971,2.996677868265165,2.996677868265165,2.958503627905099
600829.SH,20021209,10.85,10.88,10.73,10.73,10.88,-0.15,-1.38,2006.65,2160.262,2.702,2.9257828504536145,2.958503627905099,2.966683822267971,2.9257828504536145
600829.SH,20021210,10.79,10.8,10.55,10.66,10.73,-0.07,-0.65,1818.55,1937.703,2.702,2.906695730273581,2.9421432391793565,2.9448699706336474,2.876701684276387
600829.SH,20021211,10.7,10.73,10.58,10.7,10.66,0.04,0.38,1388.35,1475.713,2.702,2.9176026560907427,2.9176026560907427,2.9257828504536145,2.8848818786392583
600829.SH,20021212,10.7,10.75,10.61,10.75,10.7,0.05,0.47,10577.67,11272.147,2.702,2.931236313362195,2.9176026560907427,2.931236313362195,2.8930620730021293
600829.SH,20021213,10.78,10.78,10.62,10.74,10.75,-0.01,-0.09,4960.0,5285.241,2.702,2.928509581907905,2.9394165077250665,2.9394165077250665,2.89578880445642
600829.SH,20021216,10.68,10.82,10.1,10.77,10.74,0.03,0.28,23636.91,24742.77,2.702,2.936689776270776,2.912149193182162,2.950323433542228,2.753998768833318
600829.SH,20021217,10.58,10.72,10.22,10.7,10.77,-0.07,-0.65,14543.75,15233.884,2.702,2.9176026560907427,2.8848818786392583,2.923056118999324,2.786719546284804
600829.SH,20021218,10.62,10.79,10.5,10.75,10.7,0.05,0.47,11725.82,12489.842,2.702,2.931236313362195,2.89578880445642,2.9421432391793565,2.8630680270049345
600829.SH,20021219,10.68,10.9,10.46,10.9,10.75,0.15,1.4,12329.42,13141.826,2.702,2.972137285176552,2.912149193182162,2.972137285176552,2.852161101187773
600829.SH,20021220,10.95,11.16,10.8,11.11,10.9,0.21,1.93,18364.9,20121.459,2.702,3.029398645716649,2.9857709424480032,3.043032302988102,2.9448699706336474
600829.SH,20021223,11.26,11.48,10.98,11.46,11.11,0.35,3.15,16266.86,18209.443,2.702,3.124834246616815,3.0702996175310058,3.130287709525396,2.9939511368108747
600829.SH,20021224,11.56,11.66,11.4,11.54,11.46,0.08,0.7,7753.0,8967.208,2.702,3.146648098251138,3.1521015611597187,3.179368875702623,3.108473857891072
600829.SH,20021225,11.6,11.66,11.41,11.6,11.54,0.06,0.52,11548.6,13352.418,2.702,3.16300848697688,3.16300848697688,3.179368875702623,3.1112005893453625
600829.SH,20021226,11.59,11.59,11.22,11.38,11.6,-0.22,-1.9,7595.0,8691.857,2.702,3.1030203949824915,3.1602817555225897,3.1602817555225897,3.0593926917138448
600829.SH,20021227,11.38,11.55,11.28,11.37,11.38,-0.01,-0.09,10330.15,11816.356,2.702,3.100293663528201,3.1030203949824915,3.1493748297054283,3.0757530804395867
600829.SH,20021230,11.38,11.89,11.1,11.29,11.37,-0.08,-0.7,55297.5,65184.889,2.702,3.078479811893877,3.1030203949824915,3.2420836991513027,3.0266719142623595
600829.SH,20021231,11.3,11.35,11.08,11.33,11.29,0.04,0.35,6723.01,7561.137,2.702,3.089386737711039,3.081206543348168,3.09484020061962,3.021218451353779
600829.SH,20030102,11.27,11.27,10.58,10.68,11.33,-0.65,-5.74,12991.5,14064.159,2.702,2.912149193182162,3.0730263489852963,3.0730263489852963,2.8848818786392583
600829.SH,20030103,10.72,10.98,10.5,10.58,10.68,-0.1,-0.94,1364.0,1443.319,2.702,2.8848818786392583,2.923056118999324,2.9939511368108747,2.8630680270049345
600829.SH,20030106,10.74,10.74,10.55,10.68,10.58,0.1,0.95,396.3,420.842,2.702,2.912149193182162,2.928509581907905,2.928509581907905,2.876701684276387
600829.SH,20030107,10.75,10.75,10.25,10.48,10.68,-0.2,-1.87,2203.3,2299.583,2.702,2.857614564096354,2.931236313362195,2.931236313362195,2.7948997406476743
600829.SH,20030108,10.48,10.6,10.39,10.58,10.48,0.1,0.95,1086.95,1140.284,2.702,2.8848818786392583,2.857614564096354,2.8903353415478388,2.8330739810077405
600829.SH,20030109,10.6,10.75,10.52,10.68,10.58,0.1,0.95,656.51,699.021,2.702,2.912149193182162,2.8903353415478388,2.931236313362195,2.8685214899135154
600829.SH,20030110,10.7,10.88,10.62,10.79,10.68,0.11,1.03,1269.5,1368.498,2.702,2.9421432391793565,2.9176026560907427,2.966683822267971,2.89578880445642
600829.SH,20030113,10.73,10.96,10.48,10.7,10.79,-0.09,-0.83,1161.39,1241.64,2.702,2.9176026560907427,2.9257828504536145,2.9884976739022937,2.857614564096354
600829.SH,20030114,10.73,11.1,10.55,11.0,10.7,0.3,2.8,3420.04,3728.489,2.702,2.999404599719456,2.9257828504536145,3.0266719142623595,2.876701684276387
600829.SH,20030115,11.08,11.12,10.86,10.9,11.0,-0.1,-0.91,3204.9,3514.624,2.702,2.972137285176552,3.021218451353779,3.03212537717094,2.9612303593593894
600829.SH,20030116,10.98,10.98,10.78,10.85,10.9,-0.05,-0.46,1583.85,1720.499,2.702,2.958503627905099,2.9939511368108747,2.9939511368108747,2.9394165077250665
600829.SH,20030117,10.96,11.0,10.6,10.68,10.85,-0.17,-1.57,4036.22,4318.335,2.702,2.912149193182162,2.9884976739022937,2.999404599719456,2.8903353415478388
600829.SH,20030120,10.75,10.89,10.62,10.81,10.68,0.13,1.22,10754.53,11556.865,2.702,2.947596702087937,2.931236313362195,2.9694105537222613,2.89578880445642
600829.SH,20030121,10.86,11.07,10.69,10.71,10.81,-0.1,-0.93,2225.5,2429.051,2.702,2.9203293875450336,2.9612303593593894,3.0184917198994885,2.914875924636452
600829.SH,20030122,10.65,10.8,10.6,10.63,10.71,-0.08,-0.75,1037.4,1105.463,2.702,2.89851553591071,2.9039689988192907,2.9448699706336474,2.8903353415478388
600829.SH,20030123,10.58,10.78,10.46,10.52,10.63,-0.11,-1.03,1601.25,1700.059,2.702,2.8685214899135154,2.8848818786392583,2.9394165077250665,2.852161101187773
600829.SH,20030124,10.52,10.89,10.52,10.88,10.52,0.36,3.42,2234.09,2397.34,2.702,2.966683822267971,2.8685214899135154,2.9694105537222613,2.8685214899135154
600829.SH,20030127,10.88,10.96,10.5,10.85,10.88,-0.03,-0.28,2193.0,2386.888,2.702,2.958503627905099,2.966683822267971,2.9884976739022937,2.8630680270049345
600829.SH,20030128,10.88,10.88,10.74,10.76,10.85,-0.09,-0.83,1179.0,1273.602,2.702,2.933963044816485,2.966683822267971,2.966683822267971,2.928509581907905
600829.SH,20030129,10.76,10.93,10.75,10.83,10.76,0.07,0.65,1396.7,1510.887,2.702,2.9530501649965184,2.933963044816485,2.9803174795394227,2.931236313362195
600829.SH,20030210,10.83,10.9,10.7,10.76,10.83,-0.07,-0.65,653.0,706.263,2.702,2.933963044816485,2.9530501649965184,2.972137285176552,2.9176026560907427
600829.SH,20030211,10.76,10.78,10.6,10.76,10.76,0.0,0.0,892.25,955.63,2.702,2.933963044816485,2.933963044816485,2.9394165077250665,2.8903353415478388
600829.SH,20030212,10.75,10.75,10.58,10.7,10.76,-0.06,-0.56,1256.95,1340.851,2.702,2.9176026560907427,2.931236313362195,2.931236313362195,2.8848818786392583
600829.SH,20030213,10.75,10.75,10.6,10.62,10.7,-0.08,-0.75,811.71,863.162,2.702,2.89578880445642,2.931236313362195,2.931236313362195,2.8903353415478388
600829.SH,20030214,10.62,10.62,10.4,10.51,10.62,-0.11,-1.04,1130.83,1191.112,2.702,2.865794758459225,2.89578880445642,2.89578880445642,2.8358007124620306
600829.SH,20030217,10.56,10.66,10.45,10.5,10.51,-0.01,-0.1,981.04,1030.913,2.702,2.8630680270049345,2.8794284157306773,2.906695730273581,2.8494343697334825
600829.SH,20030218,10.5,10.75,10.49,10.64,10.5,0.14,1.33,6623.6,6996.242,2.702,2.9012422673650007,2.8630680270049345,2.931236313362195,2.860341295550644
600829.SH,20030219,10.16,10.64,10.16,10.37,10.64,-0.27,-2.54,2080.87,2147.177,2.702,2.827620518099159,2.770359157559061,2.9012422673650007,2.770359157559061
600829.SH,20030220,10.3,10.53,10.28,10.51,10.37,0.14,1.35,1605.54,1667.837,2.702,2.865794758459225,2.8085333979191267,2.871248221367806,2.8030799350105453
600829.SH,20030221,10.43,10.5,10.31,10.33,10.51,-0.18,-1.71,1537.6,1598.889,2.702,2.8167135922819977,2.843980906824902,2.8630680270049345,2.811260129373417
600829.SH,20030224,10.28,10.38,10.16,10.33,10.33,0.0,0.0,2934.32,3011.367,2.702,2.8167135922819977,2.8030799350105453,2.83034724955345,2.770359157559061
600829.SH,20030225,10.22,10.47,10.22,10.36,10.33,0.03,0.29,847.35,877.516,2.702,2.8248937866448687,2.786719546284804,2.8548878326420635,2.786719546284804
600829.SH,20030226,10.28,10.41,10.25,10.37,10.36,0.01,0.1,864.21,892.012,2.702,2.827620518099159,2.8030799350105453,2.838527443916321,2.7948997406476743
600829.SH,20030227,10.4,10.45,10.31,10.4,10.37,0.03,0.29,1350.35,1401.983,2.702,2.8358007124620306,2.8358007124620306,2.8494343697334825,2.811260129373417
600829.SH,20030228,10.33,10.4,10.32,10.38,10.4,-0.02,-0.19,769.5,797.639,2.702,2.83034724955345,2.8167135922819977,2.8358007124620306,2.813986860827707
600829.SH,20030303,10.4,10.44,10.31,10.35,10.38,-0.03,-0.29,935.0,969.228,2.702,2.822167055190578,2.8358007124620306,2.846707638279192,2.811260129373417
600829.SH,20030304,10.38,10.45,10.35,10.4,10.35,0.05,0.48,1316.45,1369.178,2.702,2.8358007124620306,2.83034724955345,2.8494343697334825,2.822167055190578
600829.SH,20030305,10.39,10.48,10.35,10.39,10.4,-0.01,-0.1,914.0,948.595,2.702,2.8330739810077405,2.8330739810077405,2.857614564096354,2.822167055190578
600829.SH,20030306,10.44,10.45,10.28,10.29,10.39,-0.1,-0.96,673.0,696.044,2.702,2.805806666464836,2.846707638279192,2.8494343697334825,2.8030799350105453
600829.SH,20030307,10.35,10.39,10.26,10.27,10.29,-0.02,-0.19,801.0,826.292,2.702,2.800353203556256,2.822167055190578,2.8330739810077405,2.797626472101965
600829.SH,20030310,10.3,10.38,10.05,10.19,10.27,-0.08,-0.78,1578.85,1597.184,2.702,2.7785393519219315,2.8085333979191267,2.83034724955345,2.740365111561866
600829.SH,20030311,10.25,10.36,10.1,10.36,10.19,0.17,1.67,1501.6,1542.023,2.702,2.8248937866448687,2.7948997406476743,2.8248937866448687,2.753998768833318
600829.SH,20030312,10.2,10.36,10.2,10.34,10.36,-0.02,-0.19,489.6,504.505,2.702,2.819440323736288,2.781266083376222,2.8248937866448687,2.781266083376222
600829.SH,20030313,10.32,10.43,10.2,10.39,10.34,0.05,0.48,1477.1,1533.677,2.702,2.8330739810077405,2.813986860827707,2.843980906824902,2.781266083376222
600829.SH,20030314,10.42,10.42,10.08,10.39,10.39,0.0,0.0,3682.9,3820.644,2.702,2.8330739810077405,2.8412541753706115,2.8412541753706115,2.748545305924737
600829.SH,20030317,10.39,10.46,10.3,10.44,10.39,0.05,0.48,9408.68,9789.722,2.702,2.846707638279192,2.8330739810077405,2.852161101187773,2.8085333979191267
600829.SH,20030318,10.46,10.51,10.31,10.39,10.44,-0.05,-0.48,12734.45,13256.193,2.702,2.8330739810077405,2.852161101187773,2.865794758459225,2.811260129373417
600829.SH,20030319,10.36,10.48,10.33,10.44,10.39,0.05,0.48,7927.13,8235.835,2.702,2.846707638279192,2.8248937866448687,2.857614564096354,2.8167135922819977
600829.SH,20030320,10.42,10.5,10.35,10.39,10.44,-0.05,-0.48,1515.0,1574.847,2.702,2.8330739810077405,2.8412541753706115,2.8630680270049345,2.822167055190578
600829.SH,20030321,10.41,10.41,10.3,10.35,10.39,-0.04,-0.39,1513.2,1569.251,2.702,2.822167055190578,2.838527443916321,2.838527443916321,2.8085333979191267
600829.SH,20030324,10.3,10.32,10.16,10.2,10.35,-0.15,-1.45,1154.75,1178.179,2.702,2.781266083376222,2.8085333979191267,2.813986860827707,2.770359157559061
600829.SH,20030325,10.25,10.29,10.15,10.22,10.2,0.02,0.2,719.0,732.233,2.702,2.786719546284804,2.7948997406476743,2.805806666464836,2.7676324261047704
600829.SH,20030326,10.23,10.25,10.0,10.18,10.22,-0.04,-0.39,1677.0,1699.55,2.702,2.775812620467641,2.789446277739094,2.7948997406476743,2.726731454290414
600829.SH,20030327,10.2,10.35,10.0,10.24,10.18,0.06,0.59,2461.72,2503.805,2.702,2.792173009193384,2.781266083376222,2.822167055190578,2.726731454290414
600829.SH,20030328,10.25,10.28,10.16,10.25,10.24,0.01,0.1,1190.6,1218.225,2.702,2.7948997406476743,2.7948997406476743,2.8030799350105453,2.770359157559061
600829.SH,20030331,10.3,10.31,10.17,10.25,10.25,0.0,0.0,9212.0,9438.429,2.702,2.7948997406476743,2.8085333979191267,2.811260129373417,2.773085889013351
600829.SH,20030401,10.28,10.34,10.08,10.24,10.25,-0.01,-0.1,5958.76,6068.378,2.702,2.792173009193384,2.8030799350105453,2.819440323736288,2.748545305924737
600829.SH,20030402,10.22,10.36,10.0,10.33,10.24,0.09,0.88,9352.66,9529.165,2.702,2.8167135922819977,2.786719546284804,2.8248937866448687,2.726731454290414
600829.SH,20030403,10.28,10.28,10.0,10.11,10.33,-0.22,-2.13,8352.45,8435.436,2.702,2.7567255002876085,2.8030799350105453,2.8030799350105453,2.726731454290414
600829.SH,20030404,10.03,10.13,10.0,10.09,10.11,-0.02,-0.2,3213.0,3231.694,2.702,2.751272037379028,2.734911648653285,2.76217896319619,2.726731454290414
600829.SH,20030407,10.0,10.0,9.4,9.77,10.09,-0.32,-3.17,4217.46,4114.066,2.702,2.664016630841734,2.726731454290414,2.726731454290414,2.563127567032989
600829.SH,20030408,9.52,9.83,9.52,9.73,9.77,-0.04,-0.41,1293.46,1265.163,2.702,2.6531097050245727,2.595848344484474,2.680377019567477,2.595848344484474
600829.SH,20030409,9.73,10.08,9.4,10.02,9.73,0.29,2.98,7607.43,7432.188,2.702,2.7321849171989947,2.6531097050245727,2.748545305924737,2.563127567032989
600829.SH,20030410,10.0,10.0,9.8,9.9,10.02,-0.12,-1.2,1695.8,1680.591,2.702,2.69946413974751,2.726731454290414,2.726731454290414,2.672196825204606
600829.SH,20030411,9.91,9.91,9.61,9.78,9.9,-0.12,-1.21,1480.3,1449.355,2.702,2.6667433622960246,2.7021908712018003,2.7021908712018003,2.6203889275730874
600829.SH,20030414,9.71,10.08,9.61,9.96,9.78,0.18,1.84,23433.45,23034.083,2.702,2.7158245284732527,2.647656242115992,2.748545305924737,2.6203889275730874
600829.SH,20030415,9.98,10.8,9.98,10.62,9.96,0.66,6.63,30966.06,32361.82,2.702,2.89578880445642,2.721277991381833,2.9448699706336474,2.721277991381833
600829.SH,20030416,10.62,10.75,10.25,10.55,10.62,-0.07,-0.66,10430.34,10997.935,2.702,2.876701684276387,2.89578880445642,2.931236313362195,2.7948997406476743
600829.SH,20030417,10.4,10.62,10.23,10.43,10.55,-0.12,-1.14,7323.81,7660.408,2.702,2.843980906824902,2.8358007124620306,2.89578880445642,2.789446277739094
600829.SH,20030418,10.52,10.73,10.43,10.65,10.43,0.22,2.11,13539.65,14363.703,2.702,2.9039689988192907,2.8685214899135154,2.9257828504536145,2.843980906824902
600829.SH,20030421,10.65,10.65,10.3,10.5,10.65,-0.15,-1.41,1659.45,1734.52,2.702,2.8630680270049345,2.9039689988192907,2.9039689988192907,2.8085333979191267
600829.SH,20030422,10.32,10.45,9.85,10.1,10.5,-0.4,-3.81,2710.0,2734.834,2.702,2.753998768833318,2.813986860827707,2.8494343697334825,2.685830482476058
600829.SH,20030423,10.0,10.1,9.95,10.0,10.1,-0.1,-0.99,681.32,682.397,2.702,2.726731454290414,2.726731454290414,2.753998768833318,2.713097797018962
600829.SH,20030424,10.0,10.01,9.82,9.96,10.0,-0.04,-0.4,555.0,551.693,2.702,2.7158245284732527,2.726731454290414,2.7294581857447047,2.677650288113187
600829.SH,20030425,9.96,10.0,9.8,9.8,9.96,-0.16,-1.61,854.0,845.955,2.702,2.672196825204606,2.7158245284732527,2.726731454290414,2.672196825204606
600829.SH,20030428,9.9,10.36,9.41,10.03,9.8,0.23,2.35,2489.41,2431.095,2.702,2.734911648653285,2.69946413974751,2.8248937866448687,2.56585429848728
600829.SH,20030429,10.02,10.12,9.88,9.96,10.03,-0.07,-0.7,660.23,660.507,2.702,2.7158245284732527,2.7321849171989947,2.759452231741899,2.694010676838929
600829.SH,20030430,9.97,9.97,9.8,9.9,9.96,-0.06,-0.6,723.25,713.364,2.702,2.69946413974751,2.718551259927543,2.718551259927543,2.672196825204606
600829.SH,20030512,9.85,9.95,9.7,9.9,9.9,0.0,0.0,2485.0,2448.236,2.702,2.69946413974751,2.685830482476058,2.713097797018962,2.6449295106617017
600829.SH,20030513,9.83,9.98,9.7,9.83,9.9,-0.07,-0.71,2206.75,2167.658,2.702,2.680377019567477,2.680377019567477,2.721277991381833,2.6449295106617017
600829.SH,20030514,9.85,9.93,9.61,9.89,9.83,0.06,0.61,1827.9,1789.922,2.702,2.6967374082932194,2.685830482476058,2.707644334110381,2.6203889275730874
600829.SH,20030515,9.77,9.95,9.7,9.85,9.89,-0.04,-0.4,2258.85,2218.478,2.702,2.685830482476058,2.664016630841734,2.713097797018962,2.6449295106617017
600829.SH,20030516,9.85,9.88,9.68,9.86,9.85,0.01,0.1,1909.3,1869.278,2.702,2.6885572139303484,2.685830482476058,2.694010676838929,2.6394760477531207
600829.SH,20030519,9.75,10.21,9.75,10.19,9.86,0.33,3.35,2801.5,2811.697,2.702,2.7785393519219315,2.6585631679331536,2.783992814830513,2.6585631679331536
600829.SH,20030520,10.19,10.5,10.15,10.48,10.19,0.29,2.85,2817.78,2931.283,2.702,2.857614564096354,2.7785393519219315,2.8630680270049345,2.7676324261047704
600829.SH,20030521,10.46,10.69,10.44,10.53,10.48,0.05,0.48,5698.48,6024.413,2.702,2.871248221367806,2.852161101187773,2.914875924636452,2.846707638279192
600829.SH,20030522,10.49,10.49,10.2,10.3,10.53,-0.23,-2.18,3020.97,3121.04,2.702,2.8085333979191267,2.860341295550644,2.860341295550644,2.781266083376222
600829.SH,20030523,10.26,10.47,10.25,10.47,10.3,0.17,1.65,1818.47,1882.603,2.702,2.8548878326420635,2.797626472101965,2.8548878326420635,2.7948997406476743
600829.SH,20030526,10.55,10.55,10.37,10.38,10.47,-0.09,-0.86,1878.82,1964.033,2.702,2.83034724955345,2.876701684276387,2.876701684276387,2.827620518099159
600829.SH,20030527,10.35,10.4,10.33,10.35,10.38,-0.03,-0.29,1751.0,1814.619,2.702,2.822167055190578,2.822167055190578,2.8358007124620306,2.8167135922819977
600829.SH,20030528,10.35,10.39,10.2,10.27,10.35,-0.08,-0.77,1948.4,2013.141,2.702,2.800353203556256,2.822167055190578,2.8330739810077405,2.781266083376222
600829.SH,20030529,10.27,10.4,10.2,10.3,10.27,0.03,0.29,5195.19,5364.02,2.702,2.8085333979191267,2.800353203556256,2.8358007124620306,2.781266083376222
600829.SH,20030530,10.28,10.42,10.23,10.41,10.3,0.11,1.07,4036.69,4173.793,2.702,2.838527443916321,2.8030799350105453,2.8412541753706115,2.789446277739094
600829.SH,20030602,10.3,10.52,10.3,10.44,10.41,0.03,0.29,2174.5,2274.983,2.702,2.846707638279192,2.8085333979191267,2.8685214899135154,2.8085333979191267
600829.SH,20030603,10.4,10.63,10.4,10.56,10.44,0.12,1.15,5489.14,5781.356,2.702,2.8794284157306773,2.8358007124620306,2.89851553591071,2.8358007124620306
600829.SH,20030604,10.55,10.6,10.5,10.58,10.56,0.02,0.19,6513.0,6874.15,2.702,2.8848818786392583,2.876701684276387,2.8903353415478388,2.8630680270049345
600829.SH,20030605,10.56,10.64,10.34,10.41,10.58,-0.17,-1.61,5693.0,6010.896,2.702,2.838527443916321,2.8794284157306773,2.9012422673650007,2.819440323736288
600829.SH,20030606,10.36,10.45,10.1,10.23,10.41,-0.18,-1.73,7132.46,7287.773,2.702,2.789446277739094,2.8248937866448687,2.8494343697334825,2.753998768833318
600829.SH,20030609,10.23,10.3,10.19,10.2,10.23,-0.03,-0.29,2029.0,2075.949,2.702,2.781266083376222,2.789446277739094,2.8085333979191267,2.7785393519219315
600829.SH,20030610,10.2,10.29,10.16,10.25,10.2,0.05,0.49,3090.91,3162.668,2.702,2.7948997406476743,2.781266083376222,2.805806666464836,2.770359157559061
600829.SH,20030611,10.24,10.31,10.18,10.26,10.25,0.01,0.1,2122.61,2174.491,2.702,2.797626472101965,2.792173009193384,2.811260129373417,2.775812620467641
600829.SH,20030612,10.3,10.3,10.18,10.19,10.26,-0.07,-0.68,2241.55,2295.177,2.702,2.7785393519219315,2.8085333979191267,2.8085333979191267,2.775812620467641
600829.SH,20030613,10.18,10.31,10.13,10.26,10.19,0.07,0.69,2035.9,2083.767,2.702,2.797626472101965,2.775812620467641,2.811260129373417,2.76217896319619
600829.SH,20030616,10.26,10.38,10.21,10.32,10.26,0.06,0.58,3205.3,3298.452,2.702,2.813986860827707,2.797626472101965,2.83034724955345,2.783992814830513
600829.SH,20030617,10.32,10.38,10.21,10.29,10.32,-0.03,-0.29,2324.0,2402.062,2.702,2.805806666464836,2.813986860827707,2.83034724955345,2.783992814830513
600829.SH,20030618,10.3,10.37,10.26,10.31,10.29,0.02,0.19,1758.0,1814.865,2.702,2.811260129373417,2.8085333979191267,2.827620518099159,2.797626472101965
600829.SH,20030619,10.33,10.37,10.23,10.25,10.31,-0.06,-0.58,1722.0,1775.754,2.702,2.7948997406476743,2.8167135922819977,2.827620518099159,2.789446277739094
600829.SH,20030620,10.25,10.35,10.0,10.33,10.25,0.08,0.78,4478.53,4579.57,2.702,2.8167135922819977,2.7948997406476743,2.822167055190578,2.726731454290414
600829.SH,20030623,10.25,10.25,10.09,10.09,10.33,-0.24,-2.32,1670.0,1694.838,2.702,2.751272037379028,2.7948997406476743,2.7948997406476743,2.751272037379028
600829.SH,20030624,10.13,10.15,10.02,10.08,10.09,-0.01,-0.1,1413.7,1426.363,2.702,2.748545305924737,2.76217896319619,2.7676324261047704,2.7321849171989947
600829.SH,20030625,10.1,10.3,10.01,10.08,10.08,0.0,0.0,2785.5,2837.775,2.702,2.748545305924737,2.753998768833318,2.8085333979191267,2.7294581857447047
600829.SH,20030626,10.05,10.1,9.95,10.06,10.08,-0.02,-0.2,1132.75,1136.953,2.702,2.7430918430161566,2.740365111561866,2.753998768833318,2.713097797018962
600829.SH,20030627,10.05,10.05,9.8,9.88,10.06,-0.18,-1.79,1849.0,1851.208,2.702,2.694010676838929,2.740365111561866,2.740365111561866,2.672196825204606
600829.SH,20030701,9.8,9.93,9.78,9.87,9.88,-0.01,-0.1,2067.85,2041.023,2.702,2.6912839453846384,2.672196825204606,2.707644334110381,2.6667433622960246
600829.SH,20030702,9.87,9.94,9.85,9.88,9.87,0.01,0.1,2756.0,2725.534,2.702,2.694010676838929,2.6912839453846384,2.710371065564672,2.685830482476058
600829.SH,20030703,9.88,9.94,9.87,9.92,9.88,0.04,0.4,6861.81,6804.376,2.702,2.704917602656091,2.694010676838929,2.710371065564672,2.6912839453846384
600829.SH,20030704,9.9,9.93,9.8,9.89,9.92,-0.03,-0.3,3767.0,3729.968,2.702,2.6967374082932194,2.69946413974751,2.707644334110381,2.672196825204606
600829.SH,20030707,9.9,10.88,9.9,10.7,9.89,0.81,8.19,11635.61,12383.559,2.702,2.9176026560907427,2.69946413974751,2.966683822267971,2.69946413974751
600829.SH,20030708,10.7,10.98,10.7,10.84,10.7,0.14,1.31,11870.45,12867.809,2.702,2.955776896450809,2.9176026560907427,2.9939511368108747,2.9176026560907427
600829.SH,20030709,10.83,11.7,10.82,11.55,10.84,0.71,6.55,24272.01,27973.071,2.702,3.1493748297054283,2.9530501649965184,3.1902758015197845,2.950323433542228
600829.SH,20030710,11.55,11.8,11.55,11.73,11.55,0.18,1.56,19031.69,22292.117,2.702,3.1984559958826555,3.1493748297054283,3.217543116062689,3.1493748297054283
600829.SH,20030711,11.98,11.99,11.6,11.71,11.73,-0.02,-0.17,10814.23,12757.02,2.702,3.193002532974075,3.266624282239916,3.2693510136942066,3.16300848697688
600829.SH,20030714,11.83,12.32,11.82,12.0,11.71,0.29,2.48,23241.2,28060.945,2.702,3.272077745148497,3.22572331042556,3.35933315168579,3.22299657897127
600829.SH,20030715,12.08,12.2,11.9,12.2,12.0,0.2,1.67,10893.95,13147.237,2.702,3.326612374234305,3.2938915967828204,3.326612374234305,3.244810430605593
600829.SH,20030716,12.18,12.2,11.96,12.03,12.2,-0.17,-1.39,10208.83,12306.653,2.702,3.280257939511368,3.321158911325724,3.326612374234305,3.261170819331335
600829.SH,20030717,12.01,12.31,12.01,12.3,12.03,0.27,2.24,11732.79,14321.389,2.702,3.353879688777209,3.274804476602787,3.3566064202315,3.274804476602787
600829.SH,20030718,12.31,13.18,12.3,13.08,12.3,0.78,6.34,26927.3,34512.487,2.702,3.5665647422118614,3.3566064202315,3.593832056754765,3.353879688777209
600829.SH,20030721,13.15,13.25,12.96,13.19,13.08,0.11,0.84,24099.13,31606.471,2.702,3.596558788209056,3.5856518623918947,3.612919176934798,3.533843964760377
600829.SH,20030722,13.3,13.45,13.01,13.12,13.19,-0.07,-0.53,8264.49,10925.756,2.702,3.577471668029024,3.6265528342062505,3.6674538060206063,3.5474776220318285
600829.SH,20030723,13.15,13.41,13.02,13.09,13.12,-0.03,-0.23,8946.5,11831.664,2.702,3.569291473666152,3.5856518623918947,3.656546880203445,3.550204353486119
600829.SH,20030724,13.15,13.36,13.09,13.26,13.09,0.17,1.3,8901.41,11785.742,2.702,3.6156459083890886,3.5856518623918947,3.642913222931994,3.569291473666152
600829.SH,20030725,13.59,13.65,12.7,13.05,13.26,-0.21,-1.58,10072.95,13109.713,2.702,3.5583845478489904,3.705628046380673,3.721988435106416,3.462948946948825
600829.SH,20030728,13.08,13.08,12.61,12.71,13.05,-0.34,-2.61,8938.09,11427.589,2.702,3.465675678403117,3.5665647422118614,3.5665647422118614,3.438408363860212
600829.SH,20030729,12.75,12.97,12.65,12.81,12.71,0.1,0.79,4816.32,6149.116,2.702,3.4929429929460203,3.476582604220278,3.5365706962146675,3.449315289677374
600829.SH,20030730,12.75,13.3,12.59,13.26,12.81,0.45,3.51,9096.1,11702.836,2.702,3.6156459083890886,3.476582604220278,3.6265528342062505,3.432954900951632
600829.SH,20030731,13.19,13.19,13.08,13.13,13.26,-0.13,-0.98,4910.76,6446.013,2.702,3.5801983994833138,3.596558788209056,3.596558788209056,3.5665647422118614
600829.SH,20030801,13.14,13.22,13.0,13.09,13.13,-0.04,-0.3,9404.0,12328.285,2.702,3.569291473666152,3.582925130937604,3.604738982571928,3.544750890577538
600829.SH,20030804,12.93,13.33,12.83,13.1,13.09,0.01,0.08,24820.34,32551.155,2.702,3.5720182051204423,3.525663770397505,3.634733028569122,3.498396455854601
600829.SH,20030805,13.05,13.1,12.86,13.07,13.1,-0.03,-0.23,4614.45,5998.663,2.702,3.563838010757572,3.5583845478489904,3.5720182051204423,3.5065766502174727
600829.SH,20030806,13.07,13.16,12.96,13.03,13.07,-0.04,-0.31,5144.5,6718.9,2.702,3.552931084940409,3.563838010757572,3.588378593846185,3.533843964760377
600829.SH,20030807,13.08,13.3,12.96,13.16,13.03,0.13,1.0,9630.2,12696.716,2.702,3.588378593846185,3.5665647422118614,3.6265528342062505,3.533843964760377
600829.SH,20030808,13.16,13.25,12.98,13.1,13.16,-0.06,-0.46,4387.5,5758.457,2.702,3.5720182051204423,3.588378593846185,3.612919176934798,3.539297427668957
600829.SH,20030811,13.08,13.16,13.0,13.07,13.1,-0.03,-0.23,4209.0,5511.813,2.702,3.563838010757572,3.5665647422118614,3.588378593846185,3.544750890577538
600829.SH,20030812,13.05,13.17,12.84,12.91,13.07,-0.16,-1.22,3308.0,4285.565,2.702,3.5202103074889246,3.5583845478489904,3.591105325300476,3.501123187308892
600829.SH,20030813,12.9,13.09,12.8,12.88,12.91,-0.03,-0.23,2420.0,3113.558,2.702,3.5120301131260536,3.517483576034634,3.569291473666152,3.49021626149173
600829.SH,20030814,12.82,13.08,12.82,12.99,12.88,0.11,0.85,3004.0,3902.726,2.702,3.5420241591232475,3.4956697244003108,3.5665647422118614,3.4956697244003108
600829.SH,20030815,13.0,13.06,12.93,13.01,12.99,0.02,0.15,3323.0,4325.744,2.702,3.5474776220318285,3.544750890577538,3.561111279303281,3.525663770397505
600829.SH,20030818,13.0,13.08,12.95,12.96,13.01,-0.05,-0.38,2648.0,3445.268,2.702,3.533843964760377,3.544750890577538,3.5665647422118614,3.5311172333060856
600829.SH,20030819,12.96,13.05,12.96,13.0,12.96,0.04,0.31,2402.6,3126.299,2.702,3.544750890577538,3.533843964760377,3.5583845478489904,3.533843964760377
600829.SH,20030820,13.0,13.0,12.85,12.89,13.0,-0.11,-0.85,2105.8,2720.027,2.702,3.514756844580344,3.544750890577538,3.544750890577538,3.503849918763182
600829.SH,20030821,12.86,12.98,12.81,12.85,12.89,-0.04,-0.31,2007.5,2590.95,2.702,3.503849918763182,3.5065766502174727,3.539297427668957,3.4929429929460203
600829.SH,20030822,12.89,13.09,12.82,12.84,12.85,-0.01,-0.08,1988.5,2572.32,2.702,3.501123187308892,3.514756844580344,3.569291473666152,3.4956697244003108
600829.SH,20030825,12.82,12.89,12.4,12.59,12.84,-0.25,-1.95,1832.75,2333.414,2.702,3.432954900951632,3.4956697244003108,3.514756844580344,3.381147003320114
600829.SH,20030826,12.55,12.64,12.38,12.4,12.59,-0.19,-1.51,2118.0,2638.635,2.702,3.381147003320114,3.4220479751344697,3.4465885582230835,3.375693540411533
600829.SH,20030827,12.35,12.5,11.88,11.99,12.4,-0.41,-3.31,3145.0,3829.192,2.702,3.2693510136942066,3.367513346048661,3.4084143178630173,3.239356967697012
600829.SH,20030828,12.05,12.17,11.78,11.94,11.99,-0.05,-0.42,2338.95,2793.293,2.702,3.255717356422754,3.285711402419949,3.318432179871434,3.2120896531541074
600829.SH,20030829,11.9,12.3,11.9,12.21,11.94,0.27,2.26,2439.1,2944.599,2.702,3.329339105688596,3.244810430605593,3.353879688777209,3.244810430605593
600829.SH,20030901,12.15,12.22,12.11,12.22,12.21,0.01,0.08,2292.45,2791.318,2.702,3.3320658371428857,3.3129787169628533,3.3320658371428857,3.302071791145691
600829.SH,20030902,12.2,12.34,12.2,12.28,12.22,0.06,0.49,2751.24,3373.275,2.702,3.3484262258686286,3.326612374234305,3.364786614594371,3.326612374234305
600829.SH,20030903,12.2,12.38,12.0,12.21,12.28,-0.07,-0.57,3617.65,4409.578,2.702,3.329339105688596,3.326612374234305,3.375693540411533,3.272077745148497
600829.SH,20030904,12.1,12.36,12.1,12.27,12.21,0.06,0.49,10950.26,13461.396,2.702,3.345699494414338,3.2993450596914005,3.370240077502951,3.2993450596914005
600829.SH,20030905,12.2,12.36,12.2,12.27,12.27,0.0,0.0,1827.75,2245.022,2.702,3.345699494414338,3.326612374234305,3.370240077502951,3.326612374234305
600829.SH,20030908,12.26,12.26,12.12,12.17,12.27,-0.1,-0.82,1973.95,2403.193,2.702,3.318432179871434,3.342972762960048,3.342972762960048,3.3047985225999814
600829.SH,20030909,12.25,12.33,12.13,12.18,12.17,0.01,0.08,2095.0,2556.99,2.702,3.321158911325724,3.340246031505757,3.3620598831400805,3.3075252540542723
600829.SH,20030910,12.15,12.22,12.05,12.12,12.18,-0.06,-0.49,2526.0,3061.528,2.702,3.3047985225999814,3.3129787169628533,3.3320658371428857,3.285711402419949
600829.SH,20030911,12.1,12.24,11.94,12.0,12.12,-0.12,-0.99,2277.0,2745.619,2.702,3.272077745148497,3.2993450596914005,3.3375193000514667,3.255717356422754
600829.SH,20030912,11.98,12.0,11.95,11.96,12.0,-0.04,-0.33,2133.0,2554.177,2.702,3.261170819331335,3.266624282239916,3.272077745148497,3.2584440878770446
600829.SH,20030915,11.9,12.05,11.85,12.03,11.96,0.07,0.59,2576.18,3085.831,2.702,3.280257939511368,3.244810430605593,3.285711402419949,3.2311767733341403
600829.SH,20030916,11.98,12.0,11.9,11.95,12.03,-0.08,-0.67,1116.0,1334.342,2.702,3.2584440878770446,3.266624282239916,3.272077745148497,3.244810430605593
600829.SH,20030917,11.95,12.07,11.89,11.96,11.95,0.01,0.08,1045.0,1249.686,2.702,3.261170819331335,3.2584440878770446,3.29116486532853,3.2420836991513027
600829.SH,20030918,11.94,12.0,11.85,11.91,11.96,-0.05,-0.42,949.89,1133.699,2.702,3.2475371620598827,3.255717356422754,3.272077745148497,3.2311767733341403
600829.SH,20030919,11.91,11.96,11.84,11.87,11.91,-0.04,-0.34,1009.9,1200.262,2.702,3.2366302362427213,3.2475371620598827,3.261170819331335,3.2284500418798503
600829.SH,20030922,11.85,12.04,11.83,11.84,11.87,-0.03,-0.25,939.0,1114.994,2.702,3.2284500418798503,3.2311767733341403,3.2829846709656585,3.22572331042556
600829.SH,20030923,11.82,11.89,11.65,11.76,11.84,-0.08,-0.68,1278.0,1504.894,2.702,3.206636190245527,3.22299657897127,3.2420836991513027,3.176642144248333
600829.SH,20030924,11.89,11.89,11.55,11.66,11.76,-0.1,-0.85,1383.5,1620.977,2.702,3.179368875702623,3.2420836991513027,3.2420836991513027,3.1493748297054283
600829.SH,20030925,11.68,11.71,11.32,11.49,11.66,-0.17,-1.46,1258.0,1460.2,2.702,3.133014440979686,3.184822338611204,3.193002532974075,3.0866600062567486
600829.SH,20030926,11.48,11.67,11.38,11.67,11.49,0.18,1.57,1138.02,1311.069,2.702,3.182095607156913,3.130287709525396,3.182095607156913,3.1030203949824915
600829.SH,20030929,11.7,11.8,11.62,11.69,11.67,0.02,0.17,537.0,629.053,2.702,3.187549070065494,3.1902758015197845,3.217543116062689,3.1684619498854607
600829.SH,20030930,11.65,11.8,11.65,11.74,11.69,0.05,0.43,553.35,650.405,2.702,3.201182727336946,3.176642144248333,3.217543116062689,3.176642144248333
600829.SH,20031008,11.72,11.8,11.65,11.8,11.74,0.06,0.51,605.0,709.814,2.702,3.217543116062689,3.195729264428365,3.217543116062689,3.176642144248333
600829.SH,20031009,11.78,11.85,11.64,11.67,11.8,-0.13,-1.1,796.0,937.389,2.702,3.182095607156913,3.2120896531541074,3.2311767733341403,3.173915412794042
600829.SH,20031010,11.67,12.03,11.67,11.94,11.67,0.27,2.31,2110.0,2508.82,2.702,3.255717356422754,3.182095607156913,3.280257939511368,3.182095607156913
600829.SH,20031013,11.93,12.04,11.68,11.93,11.94,-0.01,-0.08,1451.0,1731.563,2.702,3.252990624968464,3.252990624968464,3.2829846709656585,3.184822338611204
600829.SH,20031014,11.9,11.95,11.74,11.74,11.93,-0.19,-1.59,799.0,947.092,2.702,3.201182727336946,3.244810430605593,3.2584440878770446,3.201182727336946
600829.SH,20031015,11.76,11.78,11.5,11.7,11.74,-0.04,-0.34,1415.62,1648.128,2.702,3.1902758015197845,3.206636190245527,3.2120896531541074,3.1357411724339763
600829.SH,20031016,11.67,11.7,11.41,11.61,11.7,-0.09,-0.77,1175.93,1365.735,2.702,3.1657352184311702,3.182095607156913,3.1902758015197845,3.1112005893453625
600829.SH,20031017,11.61,11.78,11.6,11.7,11.61,0.09,0.78,784.5,917.423,2.702,3.1902758015197845,3.1657352184311702,3.2120896531541074,3.16300848697688
600829.SH,20031020,11.68,11.75,11.4,11.6,11.7,-0.1,-0.85,1291.0,1500.371,2.702,3.16300848697688,3.184822338611204,3.2039094587912365,3.108473857891072
600829.SH,20031021,11.6,11.65,11.35,11.5,11.6,-0.1,-0.86,1211.53,1392.546,2.702,3.1357411724339763,3.16300848697688,3.176642144248333,3.09484020061962
600829.SH,20031022,11.5,11.7,11.4,11.7,11.5,0.2,1.74,4699.93,5447.485,2.702,3.1902758015197845,3.1357411724339763,3.1902758015197845,3.108473857891072
600829.SH,20031023,11.7,12.06,11.65,11.95,11.7,0.25,2.14,4930.0,5859.766,2.702,3.2584440878770446,3.1902758015197845,3.2884381338742394,3.176642144248333
600829.SH,20031024,11.91,12.25,11.91,12.11,11.95,0.16,1.34,4725.92,5731.938,2.702,3.302071791145691,3.2475371620598827,3.340246031505757,3.2475371620598827
600829.SH,20031027,12.1,12.1,11.8,11.98,12.11,-0.13,-1.07,1782.0,2129.963,2.702,3.266624282239916,3.2993450596914005,3.2993450596914005,3.217543116062689
600829.SH,20031028,11.97,12.08,11.87,12.02,11.98,0.04,0.33,1061.62,1272.202,2.702,3.277531208057077,3.2638975507856256,3.2938915967828204,3.2366302362427213
600829.SH,20031029,11.98,12.2,11.82,12.06,12.02,0.04,0.33,7184.0,8660.924,2.702,3.2884381338742394,3.266624282239916,3.326612374234305,3.22299657897127
600829.SH,20031030,12.05,12.14,11.98,12.04,12.06,-0.02,-0.17,3039.5,3666.304,2.702,3.2829846709656585,3.285711402419949,3.310251985508563,3.266624282239916
600829.SH,20031031,11.98,12.28,11.98,12.17,12.04,0.13,1.08,6573.8,7983.037,2.702,3.318432179871434,3.266624282239916,3.3484262258686286,3.266624282239916
600829.SH,20031103,12.15,12.4,12.08,12.15,12.17,-0.02,-0.16,2439.05,2966.06,2.702,3.3129787169628533,3.3129787169628533,3.381147003320114,3.2938915967828204
600829.SH,20031104,12.2,12.29,12.12,12.26,12.15,0.11,0.91,11229.0,13727.997,2.702,3.342972762960048,3.326612374234305,3.351152957322919,3.3047985225999814
600829.SH,20031105,12.26,12.29,12.22,12.27,12.26,0.01,0.08,3442.97,4223.343,2.702,3.345699494414338,3.342972762960048,3.351152957322919,3.3320658371428857
600829.SH,20031106,12.3,12.45,12.04,12.24,12.27,-0.03,-0.24,6646.3,8187.259,2.702,3.3375193000514667,3.353879688777209,3.3947806605915654,3.2829846709656585
600829.SH,20031107,12.2,12.3,11.9,12.0,12.24,-0.24,-1.96,2862.0,3460.309,2.702,3.272077745148497,3.326612374234305,3.353879688777209,3.244810430605593
600829.SH,20031110,11.98,12.05,11.44,11.6,12.0,-0.4,-3.33,2585.0,3004.6,2.702,3.16300848697688,3.266624282239916,3.285711402419949,3.119380783708233
600829.SH,20031111,11.6,11.8,11.58,11.68,11.6,0.08,0.69,886.0,1035.748,2.702,3.184822338611204,3.16300848697688,3.217543116062689,3.1575550240682992
600829.SH,20031112,11.68,11.8,11.51,11.51,11.68,-0.17,-1.46,1026.0,1195.685,2.702,3.138467903888267,3.184822338611204,3.217543116062689,3.138467903888267
600829.SH,20031113,11.5,11.68,11.45,11.53,11.51,0.02,0.17,1124.0,1296.334,2.702,3.143921366796848,3.1357411724339763,3.184822338611204,3.122107515162524
600829.SH,20031114,11.5,11.9,11.5,11.69,11.53,0.16,1.39,3283.0,3835.653,2.702,3.187549070065494,3.1357411724339763,3.244810430605593,3.1357411724339763
600829.SH,20031117,11.67,11.78,11.63,11.69,11.69,0.0,0.0,1272.0,1488.252,2.702,3.187549070065494,3.182095607156913,3.2120896531541074,3.171188681339752
600829.SH,20031118,11.7,11.85,11.48,11.58,11.69,-0.11,-0.94,1776.7,2074.834,2.702,3.1575550240682992,3.1902758015197845,3.2311767733341403,3.130287709525396
600829.SH,20031119,11.54,11.7,11.14,11.55,11.58,-0.03,-0.26,3967.05,4548.076,2.702,3.1493748297054283,3.146648098251138,3.1902758015197845,3.0375788400795214
600829.SH,20031120,11.55,11.9,11.5,11.83,11.55,0.28,2.42,8499.75,9900.27,2.702,3.22572331042556,3.1493748297054283,3.244810430605593,3.1357411724339763
600829.SH,20031121,11.79,12.25,11.57,11.79,11.83,-0.04,-0.34,5633.2,6704.918,2.702,3.214816384608398,3.214816384608398,3.340246031505757,3.1548282926140088
600829.SH,20031124,11.75,11.95,11.65,11.89,11.79,0.1,0.85,4525.57,5376.693,2.702,3.2420836991513027,3.2039094587912365,3.2584440878770446,3.176642144248333
600829.SH,20031125,11.88,12.03,11.82,12.02,11.89,0.13,1.09,9937.57,11889.114,2.702,3.277531208057077,3.239356967697012,3.280257939511368,3.22299657897127
600829.SH,20031126,11.98,12.08,11.9,11.98,12.02,-0.04,-0.33,5648.0,6782.182,2.702,3.266624282239916,3.266624282239916,3.2938915967828204,3.244810430605593
600829.SH,20031127,11.95,12.03,11.8,11.87,11.98,-0.11,-0.92,1761.0,2106.905,2.702,3.2366302362427213,3.2584440878770446,3.280257939511368,3.217543116062689
600829.SH,20031128,11.87,12.18,11.82,11.86,11.87,-0.01,-0.08,5097.06,6096.943,2.702,3.233903504788431,3.2366302362427213,3.321158911325724,3.22299657897127
600829.SH,20031201,11.85,11.99,11.6,11.8,11.86,-0.06,-0.51,6444.0,7606.419,2.702,3.217543116062689,3.2311767733341403,3.2693510136942066,3.16300848697688
600829.SH,20031202,11.76,12.05,11.76,11.88,11.8,0.08,0.68,2744.0,3267.715,2.702,3.239356967697012,3.206636190245527,3.285711402419949,3.206636190245527
600829.SH,20031203,11.85,11.95,11.61,11.81,11.88,-0.07,-0.59,4250.0,5030.441,2.702,3.22026984751698,3.2311767733341403,3.2584440878770446,3.1657352184311702
600829.SH,20031204,11.8,11.9,11.65,11.75,11.81,-0.06,-0.51,1413.0,1663.983,2.702,3.2039094587912365,3.217543116062689,3.244810430605593,3.176642144248333
600829.SH,20031205,11.75,11.8,11.52,11.69,11.75,-0.06,-0.51,2931.18,3438.929,2.702,3.187549070065494,3.2039094587912365,3.217543116062689,3.141194635342557
600829.SH,20031208,11.69,11.75,11.53,11.57,11.69,-0.12,-1.03,1544.0,1797.696,2.702,3.1548282926140088,3.187549070065494,3.2039094587912365,3.143921366796848
600829.SH,20031209,11.58,11.7,11.48,11.64,11.57,0.07,0.61,2422.0,2816.237,2.702,3.173915412794042,3.1575550240682992,3.1902758015197845,3.130287709525396
600829.SH,20031210,11.6,11.66,11.4,11.55,11.64,-0.09,-0.77,816.0,941.886,2.702,3.1493748297054283,3.16300848697688,3.179368875702623,3.108473857891072
600829.SH,20031211,11.5,11.63,11.37,11.63,11.55,0.08,0.69,2572.75,2954.872,2.702,3.171188681339752,3.1357411724339763,3.171188681339752,3.100293663528201
600829.SH,20031212,11.58,11.69,11.54,11.68,11.63,0.05,0.43,1650.0,1914.386,2.702,3.184822338611204,3.1575550240682992,3.187549070065494,3.146648098251138
600829.SH,20031215,11.73,11.8,11.55,11.59,11.68,-0.09,-0.77,1075.95,1255.357,2.702,3.1602817555225897,3.1984559958826555,3.217543116062689,3.1493748297054283
600829.SH,20031216,11.58,11.65,11.48,11.62,11.59,0.03,0.26,2240.0,2592.353,2.702,3.1684619498854607,3.1575550240682992,3.176642144248333,3.130287709525396
600829.SH,20031217,11.58,11.68,11.42,11.62,11.62,0.0,0.0,1442.9,1669.939,2.702,3.1684619498854607,3.1575550240682992,3.184822338611204,3.1139273207996525
600829.SH,20031218,11.6,11.65,11.45,11.59,11.62,-0.03,-0.26,1420.0,1643.597,2.702,3.1602817555225897,3.16300848697688,3.176642144248333,3.122107515162524
600829.SH,20031219,11.6,11.73,11.44,11.61,11.59,0.02,0.17,3574.61,4136.041,2.702,3.1657352184311702,3.16300848697688,3.1984559958826555,3.119380783708233
600829.SH,20031222,11.57,11.61,11.3,11.48,11.61,-0.13,-1.12,3559.5,4077.09,2.702,3.130287709525396,3.1548282926140088,3.1657352184311702,3.081206543348168
600829.SH,20031223,11.55,11.58,11.26,11.49,11.48,0.01,0.09,2079.0,2375.539,2.702,3.133014440979686,3.1493748297054283,3.1575550240682992,3.0702996175310058
600829.SH,20031224,11.47,11.52,11.3,11.32,11.49,-0.17,-1.48,1191.85,1362.697,2.702,3.0866600062567486,3.127560978071105,3.141194635342557,3.081206543348168
600829.SH,20031225,11.39,11.87,11.39,11.73,11.32,0.41,3.62,15177.0,17870.331,2.702,3.1984559958826555,3.105747126436781,3.2366302362427213,3.105747126436781
600829.SH,20031226,11.7,11.88,11.58,11.77,11.73,0.04,0.34,10228.0,12070.858,2.702,3.209362921699817,3.1902758015197845,3.239356967697012,3.1575550240682992
600829.SH,20031229,11.7,11.92,11.57,11.69,11.77,-0.08,-0.68,8075.0,9466.317,2.702,3.187549070065494,3.1902758015197845,3.250263893514173,3.1548282926140088
600829.SH,20031230,11.67,11.8,11.43,11.53,11.69,-0.16,-1.37,11872.0,13803.949,2.702,3.143921366796848,3.182095607156913,3.217543116062689,3.116654052253943
600829.SH,20031231,11.5,11.55,11.13,11.49,11.53,-0.04,-0.35,1968.0,2239.304,2.702,3.133014440979686,3.1357411724339763,3.1493748297054283,3.034852108625231
600829.SH,20040102,11.38,11.9,10.99,11.6,11.49,0.11,0.96,5727.59,6502.777,2.702,3.16300848697688,3.1030203949824915,3.244810430605593,2.996677868265165
600829.SH,20040105,11.44,11.76,11.3,11.6,11.6,0.0,0.0,2216.0,2580.59,2.702,3.16300848697688,3.119380783708233,3.206636190245527,3.081206543348168
600829.SH,20040106,11.5,11.63,11.17,11.29,11.6,-0.31,-2.67,1856.0,2115.962,2.702,3.078479811893877,3.1357411724339763,3.171188681339752,3.0457590344423924
600829.SH,20040107,11.3,11.46,11.0,11.32,11.29,0.03,0.27,2165.75,2431.507,2.702,3.0866600062567486,3.081206543348168,3.124834246616815,2.999404599719456
600829.SH,20040108,11.25,11.4,11.0,11.2,11.32,-0.12,-1.06,2016.1,2247.202,2.702,3.053939228805264,3.067572886076716,3.108473857891072,2.999404599719456
600829.SH,20040109,11.15,11.16,11.0,11.08,11.2,-0.12,-1.07,2066.95,2283.678,2.702,3.021218451353779,3.040305571533812,3.043032302988102,2.999404599719456
600829.SH,20040112,11.11,11.3,11.08,11.14,11.08,0.06,0.54,1989.0,2228.068,2.702,3.0375788400795214,3.029398645716649,3.081206543348168,3.021218451353779
600829.SH,20040113,11.14,11.28,10.98,11.15,11.14,0.01,0.09,1957.28,2172.992,2.702,3.040305571533812,3.0375788400795214,3.0757530804395867,2.9939511368108747
600829.SH,20040114,11.12,11.14,11.0,11.0,11.15,-0.15,-1.35,1863.0,2061.805,2.702,2.999404599719456,3.03212537717094,3.0375788400795214,2.999404599719456
600829.SH,20040115,11.03,11.3,11.0,11.17,11.0,0.17,1.55,2836.25,3155.723,2.702,3.0457590344423924,3.0075847940823266,3.081206543348168,2.999404599719456
600829.SH,20040116,11.13,11.49,11.06,11.42,11.17,0.25,2.24,3814.5,4324.612,2.702,3.1139273207996525,3.034852108625231,3.133014440979686,3.015764988445198
600829.SH,20040129,11.35,11.57,11.16,11.5,11.42,0.08,0.7,2037.3,2324.438,2.702,3.1357411724339763,3.09484020061962,3.1548282926140088,3.043032302988102
600829.SH,20040130,11.43,11.53,11.35,11.39,11.5,-0.11,-0.96,1612.0,1842.931,2.702,3.105747126436781,3.116654052253943,3.143921366796848,3.09484020061962
600829.SH,20040202,11.55,11.9,11.4,11.65,11.39,0.26,2.28,2038.0,2354.878,2.702,3.176642144248333,3.1493748297054283,3.244810430605593,3.108473857891072
600829.SH,20040203,11.6,11.9,11.57,11.69,11.65,0.04,0.34,2576.82,3023.278,2.702,3.187549070065494,3.16300848697688,3.244810430605593,3.1548282926140088
600829.SH,20040204,11.65,11.86,11.61,11.78,11.69,0.09,0.77,3127.05,3675.264,2.702,3.2120896531541074,3.176642144248333,3.233903504788431,3.1657352184311702
600829.SH,20040205,11.75,12.15,11.72,11.99,11.78,0.21,1.78,2712.5,3258.764,2.702,3.2693510136942066,3.2039094587912365,3.3129787169628533,3.195729264428365
600829.SH,20040206,11.98,12.05,11.7,11.79,11.99,-0.2,-1.67,1613.43,1913.734,2.702,3.214816384608398,3.266624282239916,3.285711402419949,3.1902758015197845
600829.SH,20040209,11.8,11.88,11.44,11.72,11.79,-0.07,-0.59,2432.0,2830.599,2.702,3.195729264428365,3.217543116062689,3.239356967697012,3.119380783708233
600829.SH,20040210,11.68,11.7,11.38,11.54,11.72,-0.18,-1.54,2814.9,3233.434,2.702,3.146648098251138,3.184822338611204,3.1902758015197845,3.1030203949824915
600829.SH,20040211,11.45,11.54,11.38,11.48,11.54,-0.06,-0.52,1730.5,1980.992,2.702,3.130287709525396,3.122107515162524,3.146648098251138,3.1030203949824915
600829.SH,20040212,11.45,11.58,11.42,11.48,11.48,0.0,0.0,1682.0,1930.061,2.702,3.130287709525396,3.122107515162524,3.1575550240682992,3.1139273207996525
600829.SH,20040213,11.48,11.58,11.28,11.3,11.48,-0.18,-1.57,1327.0,1513.311,2.702,3.081206543348168,3.130287709525396,3.1575550240682992,3.0757530804395867
600829.SH,20040216,11.36,12.43,11.36,12.43,11.3,1.13,10.0,26522.81,32641.138,2.702,3.3893271976829844,3.09756693207391,3.3893271976829844,3.09756693207391
600829.SH,20040217,12.56,12.85,11.9,12.29,12.43,-0.14,-1.13,18446.53,22467.599,2.702,3.351152957322919,3.42477470658876,3.503849918763182,3.244810430605593
600829.SH,20040218,12.25,12.25,11.9,12.11,12.29,-0.18,-1.46,20230.85,24421.178,2.702,3.302071791145691,3.340246031505757,3.340246031505757,3.244810430605593
600829.SH,20040219,12.1,12.2,11.85,11.92,12.11,-0.19,-1.57,13580.9,16346.903,2.702,3.250263893514173,3.2993450596914005,3.326612374234305,3.2311767733341403
600829.SH,20040220,11.9,11.98,11.79,11.89,11.92,-0.03,-0.25,4836.16,5728.787,2.702,3.2420836991513027,3.244810430605593,3.266624282239916,3.214816384608398
600829.SH,20040223,11.96,12.05,11.79,11.84,11.89,-0.05,-0.42,3600.0,4275.942,2.702,3.2284500418798503,3.261170819331335,3.285711402419949,3.214816384608398
600829.SH,20040224,11.8,11.9,11.27,11.48,11.84,-0.36,-3.04,4981.22,5749.907,2.702,3.130287709525396,3.217543116062689,3.244810430605593,3.0730263489852963
600829.SH,20040225,11.4,11.7,11.38,11.54,11.48,0.06,0.52,3099.0,3581.588,2.702,3.146648098251138,3.108473857891072,3.1902758015197845,3.1030203949824915
600829.SH,20040226,11.5,11.6,11.2,11.43,11.54,-0.11,-0.95,3593.7,4085.718,2.702,3.116654052253943,3.1357411724339763,3.16300848697688,3.053939228805264
600829.SH,20040227,11.4,11.47,11.3,11.37,11.43,-0.06,-0.52,3735.0,4257.648,2.702,3.100293663528201,3.108473857891072,3.127560978071105,3.081206543348168
600829.SH,20040301,11.37,11.48,11.21,11.39,11.37,0.02,0.18,2964.8,3366.71,2.702,3.105747126436781,3.100293663528201,3.130287709525396,3.0566659602595543
600829.SH,20040302,11.39,12.18,11.32,11.93,11.39,0.54,4.74,17971.25,21295.036,2.702,3.252990624968464,3.105747126436781,3.321158911325724,3.0866600062567486
600829.SH,20040303,11.88,11.95,11.68,11.93,11.93,0.0,0.0,7733.15,9146.657,2.702,3.252990624968464,3.239356967697012,3.2584440878770446,3.184822338611204
600829.SH,20040304,11.9,11.98,11.75,11.76,11.93,-0.17,-1.43,3429.0,4059.449,2.702,3.206636190245527,3.244810430605593,3.266624282239916,3.2039094587912365
600829.SH,20040305,11.76,11.82,11.5,11.54,11.76,-0.22,-1.87,2081.93,2418.107,2.702,3.146648098251138,3.206636190245527,3.22299657897127,3.1357411724339763
600829.SH,20040308,11.5,11.65,11.4,11.5,11.54,-0.04,-0.35,3210.15,3696.403,2.702,3.1357411724339763,3.1357411724339763,3.176642144248333,3.108473857891072
600829.SH,20040309,11.55,11.58,11.25,11.41,11.5,-0.09,-0.78,4167.85,4757.289,2.702,3.1112005893453625,3.1493748297054283,3.1575550240682992,3.067572886076716
600829.SH,20040310,11.39,11.49,11.35,11.46,11.41,0.05,0.44,2272.0,2593.958,2.702,3.124834246616815,3.105747126436781,3.133014440979686,3.09484020061962
600829.SH,20040311,11.41,11.62,11.41,11.5,11.46,0.04,0.35,4154.0,4789.416,2.702,3.1357411724339763,3.1112005893453625,3.1684619498854607,3.1112005893453625
600829.SH,20040312,11.48,11.84,11.48,11.65,11.5,0.15,1.3,3587.0,4194.483,2.702,3.176642144248333,3.130287709525396,3.2284500418798503,3.130287709525396
600829.SH,20040315,11.53,11.94,11.53,11.86,11.65,0.21,1.8,4491.75,5322.38,2.702,3.233903504788431,3.143921366796848,3.255717356422754,3.143921366796848
600829.SH,20040316,11.82,11.95,11.66,11.76,11.86,-0.1,-0.84,2398.0,2829.453,2.702,3.206636190245527,3.22299657897127,3.2584440878770446,3.179368875702623
600829.SH,20040317,11.7,11.85,11.49,11.5,11.76,-0.26,-2.21,3129.15,3640.015,2.702,3.1357411724339763,3.1902758015197845,3.2311767733341403,3.133014440979686
600829.SH,20040318,11.5,11.73,11.31,11.38,11.5,-0.12,-1.04,2622.0,3010.518,2.702,3.1030203949824915,3.1357411724339763,3.1984559958826555,3.0839332748024586
600829.SH,20040319,11.45,11.58,11.38,11.55,11.38,0.17,1.49,2110.5,2424.237,2.702,3.1493748297054283,3.122107515162524,3.1575550240682992,3.1030203949824915
600829.SH,20040322,11.55,11.62,11.4,11.58,11.55,0.03,0.26,2178.0,2514.979,2.702,3.1575550240682992,3.1493748297054283,3.1684619498854607,3.108473857891072
600829.SH,20040323,11.55,11.68,11.45,11.54,11.58,-0.04,-0.35,2137.6,2468.784,2.702,3.146648098251138,3.1493748297054283,3.184822338611204,3.122107515162524
600829.SH,20040324,11.5,11.59,11.4,11.5,11.54,-0.04,-0.35,2101.0,2417.159,2.702,3.1357411724339763,3.1357411724339763,3.1602817555225897,3.108473857891072
600829.SH,20040325,11.48,11.85,11.48,11.67,11.5,0.17,1.48,3764.57,4395.154,2.702,3.182095607156913,3.130287709525396,3.2311767733341403,3.130287709525396
600829.SH,20040326,11.78,11.8,11.55,11.63,11.67,-0.04,-0.34,2078.45,2424.188,2.702,3.171188681339752,3.2120896531541074,3.217543116062689,3.1493748297054283
600829.SH,20040329,11.63,11.71,11.55,11.57,11.63,-0.06,-0.52,2060.0,2396.446,2.702,3.1548282926140088,3.171188681339752,3.193002532974075,3.1493748297054283
600829.SH,20040330,11.55,11.68,11.5,11.56,11.57,-0.01,-0.09,2145.45,2479.991,2.702,3.1521015611597187,3.1493748297054283,3.184822338611204,3.1357411724339763
600829.SH,20040331,11.6,11.65,11.43,11.47,11.56,-0.09,-0.78,2126.2,2451.275,2.702,3.127560978071105,3.16300848697688,3.176642144248333,3.116654052253943
600829.SH,20040401,11.5,11.6,11.4,11.55,11.47,0.08,0.7,2639.0,3037.679,2.702,3.1493748297054283,3.1357411724339763,3.16300848697688,3.108473857891072
600829.SH,20040402,11.55,11.64,11.5,11.53,11.55,-0.02,-0.17,1887.34,2183.862,2.702,3.143921366796848,3.1493748297054283,3.173915412794042,3.1357411724339763
600829.SH,20040405,11.55,11.65,11.48,11.52,11.53,-0.01,-0.09,2390.14,2758.039,2.702,3.141194635342557,3.1493748297054283,3.176642144248333,3.130287709525396
600829.SH,20040406,11.52,11.81,11.5,11.8,11.52,0.28,2.43,7646.53,8922.464,2.702,3.217543116062689,3.141194635342557,3.22026984751698,3.1357411724339763
600829.SH,20040407,11.8,11.96,11.79,11.89,11.8,0.09,0.76,6027.0,7167.322,2.702,3.2420836991513027,3.217543116062689,3.261170819331335,3.214816384608398
600829.SH,20040408,11.88,12.23,11.85,12.05,11.89,0.16,1.35,10130.0,12226.725,2.702,3.285711402419949,3.239356967697012,3.334792568597176,3.2311767733341403
600829.SH,20040409,12.07,12.18,11.7,11.78,12.05,-0.27,-2.24,3571.0,4272.199,2.702,3.2120896531541074,3.29116486532853,3.321158911325724,3.1902758015197845
600829.SH,20040412,11.8,11.8,11.65,11.79,11.78,0.01,0.08,1817.06,2130.098,2.702,3.214816384608398,3.217543116062689,3.217543116062689,3.176642144248333
600829.SH,20040413,11.77,12.13,11.77,11.97,11.79,0.18,1.53,5066.0,6073.668,2.702,3.2638975507856256,3.209362921699817,3.3075252540542723,3.209362921699817
600829.SH,20040414,11.97,12.1,11.86,12.02,11.97,0.05,0.42,2663.0,3194.857,2.702,3.277531208057077,3.2638975507856256,3.2993450596914005,3.233903504788431
600829.SH,20040415,12.0,12.05,11.77,11.77,12.02,-0.25,-2.08,1890.07,2251.487,2.702,3.209362921699817,3.272077745148497,3.285711402419949,3.209362921699817
600829.SH,20040416,11.8,12.07,11.8,12.05,11.77,0.28,2.38,5272.21,6323.673,2.702,3.285711402419949,3.217543116062689,3.29116486532853,3.217543116062689
600829.SH,20040419,12.1,12.85,12.1,12.76,12.05,0.71,5.89,23262.15,29449.977,2.702,3.4793093356745683,3.2993450596914005,3.503849918763182,3.2993450596914005
600829.SH,20040420,13.3,13.3,12.0,12.19,12.76,-0.57,-4.47,9268.0,11566.709,2.702,3.3238856427800143,3.6265528342062505,3.6265528342062505,3.272077745148497
600829.SH,20040421,12.2,12.46,11.8,12.04,12.19,-0.15,-1.23,3456.9,4159.396,2.702,3.2829846709656585,3.326612374234305,3.3975073920458563,3.217543116062689
600829.SH,20040422,11.99,12.2,11.8,11.83,12.04,-0.21,-1.74,2126.15,2540.572,2.702,3.22572331042556,3.2693510136942066,3.326612374234305,3.217543116062689
600829.SH,20040423,11.81,12.1,11.55,11.64,11.83,-0.19,-1.61,3016.0,3557.013,2.702,3.173915412794042,3.22026984751698,3.2993450596914005,3.1493748297054283
600829.SH,20040426,11.58,11.7,11.47,11.53,11.64,-0.11,-0.95,1998.0,2310.82,2.702,3.143921366796848,3.1575550240682992,3.1902758015197845,3.127560978071105
600829.SH,20040427,11.53,11.58,11.43,11.5,11.53,-0.03,-0.26,2048.0,2355.661,2.702,3.1357411724339763,3.143921366796848,3.1575550240682992,3.116654052253943
600829.SH,20040428,11.45,11.58,11.43,11.51,11.5,0.01,0.09,1874.0,2153.5,2.702,3.138467903888267,3.122107515162524,3.1575550240682992,3.116654052253943
600829.SH,20040429,11.46,11.55,11.38,11.44,11.51,-0.07,-0.61,2100.0,2411.013,2.702,3.119380783708233,3.124834246616815,3.1493748297054283,3.1030203949824915
600829.SH,20040430,11.38,11.58,11.38,11.46,11.44,0.02,0.17,2205.0,2532.507,2.702,3.124834246616815,3.1030203949824915,3.1575550240682992,3.1030203949824915
600829.SH,20040510,11.43,11.55,11.3,11.48,11.46,0.02,0.17,2107.0,2414.347,2.702,3.130287709525396,3.116654052253943,3.1493748297054283,3.081206543348168
600829.SH,20040511,11.5,11.58,11.48,11.51,11.48,0.03,0.26,1778.0,2048.676,2.702,3.138467903888267,3.1357411724339763,3.1575550240682992,3.130287709525396
600829.SH,20040512,11.48,11.64,11.47,11.53,11.51,0.02,0.17,2158.15,2489.914,2.702,3.143921366796848,3.130287709525396,3.173915412794042,3.127560978071105
600829.SH,20040513,11.5,11.55,11.1,11.29,11.53,-0.24,-2.08,3152.65,3564.767,2.702,3.078479811893877,3.1357411724339763,3.1493748297054283,3.0266719142623595
600829.SH,20040514,11.25,11.25,11.08,11.1,11.29,-0.19,-1.68,1469.0,1640.432,2.702,3.0266719142623595,3.067572886076716,3.067572886076716,3.021218451353779
600829.SH,20040517,11.03,11.13,11.03,11.05,11.1,-0.05,-0.45,416.0,460.533,2.702,3.013038256990908,3.0075847940823266,3.034852108625231,3.0075847940823266
600829.SH,20040518,11.03,11.1,10.8,10.8,11.05,-0.25,-2.26,981.0,1066.7,2.702,2.9448699706336474,3.0075847940823266,3.0266719142623595,2.9448699706336474
600829.SH,20040519,10.9,11.15,10.51,10.97,10.8,0.17,1.57,1675.0,1832.476,2.702,2.991224405356584,2.972137285176552,3.040305571533812,2.865794758459225
600829.SH,20040520,10.95,11.04,10.8,10.89,10.97,-0.08,-0.73,1661.0,1818.97,2.702,2.9694105537222613,2.9857709424480032,3.010311525536617,2.9448699706336474
600829.SH,20040521,10.88,10.94,10.75,10.88,10.89,-0.01,-0.09,1393.9,1514.226,2.702,2.966683822267971,2.966683822267971,2.9830442109937128,2.931236313362195
600829.SH,20040524,10.85,10.98,10.85,10.95,10.88,0.07,0.64,1641.0,1792.966,2.702,2.9857709424480032,2.958503627905099,2.9939511368108747,2.958503627905099
600829.SH,20040525,10.93,10.96,10.75,10.84,10.95,-0.11,-1.0,1566.77,1703.229,2.702,2.955776896450809,2.9803174795394227,2.9884976739022937,2.931236313362195
600829.SH,20040526,10.8,10.88,10.75,10.79,10.84,-0.05,-0.46,1497.75,1616.67,2.702,2.9421432391793565,2.9448699706336474,2.966683822267971,2.931236313362195
600829.SH,20040527,10.76,10.81,10.59,10.64,10.79,-0.15,-1.39,1473.0,1569.369,2.702,2.9012422673650007,2.933963044816485,2.947596702087937,2.8876086100935483
600829.SH,20040528,10.65,10.79,10.63,10.68,10.64,0.04,0.38,1763.0,1886.774,2.702,2.912149193182162,2.9039689988192907,2.9421432391793565,2.89851553591071
600829.SH,20040531,10.68,10.68,10.0,10.6,10.68,-0.08,-0.75,2031.75,2120.55,2.702,2.8903353415478388,2.912149193182162,2.912149193182162,2.726731454290414
600829.SH,20040601,10.58,10.7,10.5,10.6,10.6,0.0,0.0,1551.0,1650.414,2.702,2.8903353415478388,2.8848818786392583,2.9176026560907427,2.8630680270049345
600829.SH,20040602,10.56,10.66,10.5,10.56,10.6,-0.04,-0.38,1388.0,1467.019,2.702,2.8794284157306773,2.8794284157306773,2.906695730273581,2.8630680270049345
600829.SH,20040603,10.53,10.6,10.48,10.55,10.56,-0.01,-0.09,1543.0,1628.306,2.702,2.876701684276387,2.871248221367806,2.8903353415478388,2.857614564096354
600829.SH,20040604,10.53,10.6,10.47,10.5,10.55,-0.05,-0.47,3626.0,3807.394,2.702,2.8630680270049345,2.871248221367806,2.8903353415478388,2.8548878326420635
600829.SH,20040607,10.5,10.58,10.35,10.49,10.5,-0.01,-0.1,4510.0,4734.269,2.702,2.860341295550644,2.8630680270049345,2.8848818786392583,2.822167055190578
600829.SH,20040608,10.47,10.54,10.45,10.5,10.49,0.01,0.1,1393.0,1461.582,2.702,2.8630680270049345,2.8548878326420635,2.873974952822096,2.8494343697334825
600829.SH,20040609,10.48,10.55,10.48,10.5,10.5,0.0,0.0,1786.0,1878.764,2.702,2.8630680270049345,2.857614564096354,2.876701684276387,2.857614564096354
600829.SH,20040610,10.48,10.65,10.45,10.6,10.5,0.1,0.95,1795.5,1899.705,2.702,2.8903353415478388,2.857614564096354,2.9039689988192907,2.8494343697334825
600829.SH,20040611,10.57,10.68,10.52,10.62,10.6,0.02,0.19,1761.0,1867.776,2.702,2.89578880445642,2.882155147184968,2.912149193182162,2.8685214899135154
600829.SH,20040614,10.59,10.64,10.35,10.35,10.62,-0.27,-2.54,1409.0,1482.518,2.702,2.822167055190578,2.8876086100935483,2.9012422673650007,2.822167055190578
600829.SH,20040615,10.37,10.52,10.37,10.43,10.35,0.08,0.77,1668.0,1746.694,2.702,2.843980906824902,2.827620518099159,2.8685214899135154,2.827620518099159
600829.SH,20040616,10.4,10.52,10.36,10.47,10.43,0.04,0.38,1689.0,1764.36,2.702,2.8548878326420635,2.8358007124620306,2.8685214899135154,2.8248937866448687
600829.SH,20040617,10.45,10.54,10.41,10.46,10.47,-0.01,-0.1,1577.5,1653.765,2.702,2.852161101187773,2.8494343697334825,2.873974952822096,2.838527443916321
600829.SH,20040618,10.46,10.52,10.25,10.4,10.46,-0.06,-0.57,1619.0,1691.229,2.702,2.8358007124620306,2.852161101187773,2.8685214899135154,2.7948997406476743
600829.SH,20040621,10.41,10.47,10.33,10.41,10.4,0.01,0.1,1345.0,1399.635,2.702,2.838527443916321,2.838527443916321,2.8548878326420635,2.8167135922819977
600829.SH,20040622,10.39,10.5,10.36,10.47,10.41,0.06,0.58,2109.0,2201.854,2.702,2.8548878326420635,2.8330739810077405,2.8630680270049345,2.8248937866448687
600829.SH,20040623,10.45,10.5,10.38,10.49,10.47,0.02,0.19,1763.0,1841.691,2.702,2.860341295550644,2.8494343697334825,2.8630680270049345,2.83034724955345
600829.SH,20040624,10.47,11.0,10.43,10.69,10.49,0.2,1.91,2811.75,3015.56,2.702,2.914875924636452,2.8548878326420635,2.999404599719456,2.843980906824902
600829.SH,20040628,10.69,10.73,10.5,10.7,10.69,0.01,0.09,2053.5,2181.443,2.702,2.9176026560907427,2.914875924636452,2.9257828504536145,2.8630680270049345
600829.SH,20040629,10.65,10.83,10.5,10.67,10.7,-0.03,-0.28,1965.9,2104.38,2.702,2.909422461727872,2.9039689988192907,2.9530501649965184,2.8630680270049345
600829.SH,20040630,10.62,10.76,10.62,10.71,10.67,0.04,0.37,1708.4,1830.295,2.702,2.9203293875450336,2.89578880445642,2.933963044816485,2.89578880445642
600829.SH,20040701,10.65,10.85,10.6,10.74,10.71,0.03,0.28,2247.0,2417.169,2.702,2.928509581907905,2.9039689988192907,2.958503627905099,2.8903353415478388
600829.SH,20040702,10.7,10.8,10.65,10.69,10.74,-0.05,-0.47,1990.0,2133.048,2.702,2.914875924636452,2.9176026560907427,2.9448699706336474,2.9039689988192907
600829.SH,20040705,10.65,10.75,10.65,10.71,10.69,0.02,0.19,1994.0,2136.158,2.702,2.9203293875450336,2.9039689988192907,2.931236313362195,2.9039689988192907
600829.SH,20040706,10.68,11.03,10.68,10.9,10.71,0.19,1.77,2486.0,2704.947,2.702,2.972137285176552,2.912149193182162,3.0075847940823266,2.912149193182162
600829.SH,20040707,10.85,10.99,10.75,10.89,10.9,-0.01,-0.09,1866.0,2035.682,2.702,2.9694105537222613,2.958503627905099,2.996677868265165,2.931236313362195
600829.SH,20040708,10.85,10.95,10.83,10.9,10.89,0.01,0.09,2012.0,2191.55,2.702,2.972137285176552,2.958503627905099,2.9857709424480032,2.9530501649965184
600829.SH,20040709,10.9,11.0,10.86,10.92,10.9,0.02,0.18,2042.0,2232.293,2.702,2.977590748085132,2.972137285176552,2.999404599719456,2.9612303593593894
600829.SH,20040712,10.9,10.93,10.61,10.72,10.92,-0.2,-1.83,1548.0,1668.243,2.702,2.923056118999324,2.972137285176552,2.9803174795394227,2.8930620730021293
600829.SH,20040713,10.7,10.75,10.63,10.69,10.72,-0.03,-0.28,1827.5,1953.887,2.702,2.914875924636452,2.9176026560907427,2.931236313362195,2.89851553591071
600829.SH,20040714,10.65,10.73,10.33,10.54,10.69,-0.15,-1.4,2232.9,2366.004,2.702,2.873974952822096,2.9039689988192907,2.9257828504536145,2.8167135922819977
600829.SH,20040715,10.5,10.6,10.2,10.37,10.54,-0.17,-1.61,1509.62,1581.186,2.702,2.827620518099159,2.8630680270049345,2.8903353415478388,2.781266083376222
600829.SH,20040716,10.33,10.4,10.18,10.29,10.37,-0.08,-0.77,1250.0,1288.949,2.702,2.805806666464836,2.8167135922819977,2.8358007124620306,2.775812620467641
600829.SH,20040719,10.3,10.5,10.3,10.36,10.29,0.07,0.68,2311.0,2397.29,2.702,2.8248937866448687,2.8085333979191267,2.8630680270049345,2.8085333979191267
600829.SH,20040720,10.36,10.4,10.25,10.3,10.36,-0.06,-0.58,1830.5,1889.706,2.702,2.8085333979191267,2.8248937866448687,2.8358007124620306,2.7948997406476743
600829.SH,20040721,10.3,10.45,10.3,10.34,10.3,0.04,0.39,1920.0,1992.986,2.702,2.819440323736288,2.8085333979191267,2.8494343697334825,2.8085333979191267
600829.SH,20040722,10.3,10.43,10.3,10.36,10.34,0.02,0.19,1747.0,1812.813,2.702,2.8248937866448687,2.8085333979191267,2.843980906824902,2.8085333979191267
600829.SH,20040723,10.33,10.4,10.2,10.32,10.36,-0.04,-0.39,1980.0,2048.769,2.702,2.813986860827707,2.8167135922819977,2.8358007124620306,2.781266083376222
600829.SH,20040726,10.3,10.3,10.16,10.2,10.32,-0.12,-1.16,1397.35,1429.166,2.702,2.781266083376222,2.8085333979191267,2.8085333979191267,2.770359157559061
600829.SH,20040727,10.2,10.27,10.0,10.13,10.2,-0.07,-0.69,1172.0,1189.981,2.702,2.76217896319619,2.781266083376222,2.800353203556256,2.726731454290414
600829.SH,20040728,10.13,10.4,10.05,10.14,10.13,0.01,0.1,1159.0,1184.927,2.702,2.76490569465048,2.76217896319619,2.8358007124620306,2.740365111561866
600829.SH,20040729,10.15,10.26,10.0,10.09,10.14,-0.05,-0.49,1202.0,1216.722,2.702,2.751272037379028,2.7676324261047704,2.797626472101965,2.726731454290414
600829.SH,20040730,10.08,10.15,10.0,10.11,10.09,0.02,0.2,1402.11,1412.104,2.702,2.7567255002876085,2.748545305924737,2.7676324261047704,2.726731454290414
600829.SH,20040802,10.11,10.18,9.98,10.12,10.11,0.01,0.1,1967.0,1988.242,2.702,2.759452231741899,2.7567255002876085,2.775812620467641,2.721277991381833
600829.SH,20040803,10.1,10.2,10.01,10.11,10.12,-0.01,-0.1,2038.5,2060.014,2.702,2.7567255002876085,2.753998768833318,2.781266083376222,2.7294581857447047
600829.SH,20040804,10.11,10.25,10.11,10.25,10.11,0.14,1.38,2489.5,2540.67,2.702,2.7948997406476743,2.7567255002876085,2.7948997406476743,2.7567255002876085
600829.SH,20040805,10.22,10.38,10.2,10.27,10.25,0.02,0.2,2052.9,2108.07,2.702,2.800353203556256,2.786719546284804,2.83034724955345,2.781266083376222
600829.SH,20040806,10.24,10.4,10.2,10.3,10.27,0.03,0.29,2114.0,2180.62,2.702,2.8085333979191267,2.792173009193384,2.8358007124620306,2.781266083376222
600829.SH,20040809,10.25,10.35,10.2,10.31,10.3,0.01,0.1,2083.0,2142.771,2.702,2.811260129373417,2.7948997406476743,2.822167055190578,2.781266083376222
600829.SH,20040810,10.26,10.37,10.25,10.34,10.31,0.03,0.29,2127.0,2191.57,2.702,2.819440323736288,2.797626472101965,2.827620518099159,2.7948997406476743
600829.SH,20040811,10.28,10.36,10.1,10.11,10.34,-0.23,-2.22,1472.0,1509.866,2.702,2.7567255002876085,2.8030799350105453,2.8248937866448687,2.753998768833318
600829.SH,20040812,10.1,10.1,9.98,10.0,10.11,-0.11,-1.09,693.0,694.846,2.702,2.726731454290414,2.753998768833318,2.753998768833318,2.721277991381833
600829.SH,20040813,10.05,10.2,10.0,10.0,10.0,0.0,0.0,1609.0,1626.145,2.702,2.726731454290414,2.740365111561866,2.781266083376222,2.726731454290414
600829.SH,20040816,10.02,10.03,9.7,9.73,10.0,-0.27,-2.7,1807.0,1795.444,2.702,2.6531097050245727,2.7321849171989947,2.734911648653285,2.6449295106617017
600829.SH,20040817,9.7,9.75,9.0,9.4,9.73,-0.33,-3.39,1853.6,1723.572,2.702,2.563127567032989,2.6449295106617017,2.6585631679331536,2.4540583088613723
600829.SH,20040818,9.28,9.6,8.55,8.67,9.4,-0.73,-7.77,2917.3,2591.84,2.702,2.364076170869789,2.530406789581504,2.6176621961187974,2.331355393418304
600829.SH,20040819,8.7,9.2,8.65,9.17,8.67,0.5,5.77,4684.15,4138.699,2.702,2.500412743584309,2.37225636523266,2.5085929379471805,2.358622707961208
600829.SH,20040820,9.1,9.4,8.89,9.35,9.17,0.18,1.96,5695.0,5214.077,2.702,2.549493909761537,2.4813256234042766,2.563127567032989,2.4240642628641784
600829.SH,20040823,9.3,9.51,9.26,9.35,9.35,0.0,0.0,4482.0,4219.599,2.702,2.549493909761537,2.5358602524900853,2.593121613030184,2.5249533266729234
600829.SH,20040824,9.31,9.4,9.2,9.2,9.35,-0.15,-1.6,1485.0,1386.269,2.702,2.5085929379471805,2.538586983944376,2.563127567032989,2.5085929379471805
600829.SH,20040825,6.5,6.5,6.14,6.23,6.13,0.1,1.63,1379.0,872.078,4.055,2.5493879486946605,2.659875066856387,2.659875066856387,2.512558909307418
600829.SH,20040826,6.18,6.26,6.1,6.11,6.23,-0.12,-1.93,1172.0,724.18,4.055,2.500282562845004,2.5289273712573035,2.5616642951570743,2.4961904473575327
600829.SH,20040827,6.08,6.2,5.98,6.0,6.11,-0.11,-1.8,694.5,418.881,4.055,2.4552692924828188,2.48800621638259,2.537111602232246,2.4470850615078765
600829.SH,20040830,6.02,6.06,5.84,5.88,6.0,-0.12,-2.0,843.0,501.167,4.055,2.4061639066331626,2.463453523457761,2.479821985407647,2.389795444683277
600829.SH,20040831,6.0,6.1,5.82,6.0,5.88,0.12,2.04,3627.0,2157.094,4.055,2.4552692924828188,2.4552692924828188,2.4961904473575327,2.3816112137083345
600829.SH,20040901,5.97,6.1,5.9,6.01,6.0,0.01,0.17,4875.0,2931.992,4.055,2.4593614079702903,2.4429929460204045,2.4961904473575327,2.4143481376081053
600829.SH,20040902,5.98,6.04,5.87,5.9,6.01,-0.11,-1.83,5410.0,3229.224,4.055,2.4143481376081053,2.4470850615078765,2.471637754432704,2.4020717911456915
600829.SH,20040903,5.87,5.99,5.87,5.89,5.9,-0.01,-0.17,3705.0,2196.796,4.055,2.410256022120634,2.4020717911456915,2.451177176995348,2.4020717911456915
600829.SH,20040906,5.9,5.94,5.75,5.79,5.89,-0.1,-1.7,1644.0,964.893,4.055,2.36933486724592,2.4143481376081053,2.430716599557991,2.352966405296035
600829.SH,20040907,5.79,5.81,5.69,5.8,5.79,0.01,0.17,1393.25,801.78,4.055,2.373426982733392,2.36933486724592,2.377519098220863,2.3284137123712068
600829.SH,20040908,5.78,5.8,5.5,5.58,5.8,-0.22,-3.79,2247.0,1280.967,4.055,2.2834004420090217,2.365242751758449,2.373426982733392,2.250663518109251
600829.SH,20040909,5.58,5.74,5.5,5.52,5.58,-0.06,-1.08,1537.5,862.813,4.055,2.2588477490841936,2.2834004420090217,2.348874289808564,2.250663518109251
600829.SH,20040910,5.5,5.88,5.31,5.52,5.52,0.0,0.0,1601.0,883.423,4.055,2.2588477490841936,2.250663518109251,2.4061639066331626,2.172913323847294
600829.SH,20040913,5.5,5.5,5.35,5.38,5.52,-0.14,-2.54,1728.0,935.442,4.055,2.2015581322595943,2.250663518109251,2.250663518109251,2.18928178579718
600829.SH,20040914,5.4,5.6,5.39,5.51,5.38,0.13,2.42,3330.0,1824.446,4.055,2.254755633596722,2.209742363234537,2.2915846729839644,2.205650247747066
600829.SH,20040915,5.49,5.9,5.45,5.81,5.51,0.3,5.44,4619.59,2658.103,4.055,2.377519098220863,2.24657140262178,2.4143481376081053,2.230202940671894
600829.SH,20040916,5.75,6.05,5.75,5.82,5.81,0.01,0.17,3943.0,2341.781,4.055,2.3816112137083345,2.352966405296035,2.475729869920176,2.352966405296035
600829.SH,20040917,5.85,6.4,5.76,6.4,5.82,0.58,9.97,16211.74,10186.392,4.055,2.6189539119816736,2.3938875601707483,2.6189539119816736,2.357058520783506
600829.SH,20040920,6.4,7.04,6.4,7.04,6.4,0.64,10.0,26781.62,18134.223,4.055,2.880849303179841,2.6189539119816736,2.880849303179841,2.6189539119816736
600829.SH,20040921,6.97,7.36,6.95,7.34,7.04,0.3,4.26,30088.77,21592.625,4.055,3.0036127678039817,2.852204494767541,3.011796998778925,2.844020263792599
600829.SH,20040922,7.27,7.37,6.92,7.04,7.34,-0.3,-4.09,12219.58,8669.393,4.055,2.880849303179841,2.974967959391682,3.015889114266396,2.8317439173301846
600829.SH,20040923,6.98,7.09,6.9,7.04,7.04,0.0,0.0,9935.12,6937.835,4.055,2.880849303179841,2.8562966102550127,2.9013098806171977,2.823559686355242
600829.SH,20040924,6.97,7.23,6.9,7.17,7.04,0.13,1.85,14244.05,10121.731,4.055,2.934046804516969,2.852204494767541,2.958599497441797,2.823559686355242
600829.SH,20040927,7.13,7.23,6.9,7.0,7.17,-0.17,-2.37,9430.0,6673.009,4.055,2.8644808412299554,2.917678342567083,2.958599497441797,2.823559686355242
600829.SH,20040928,6.93,7.13,6.81,6.86,7.0,-0.14,-2.0,10927.3,7600.19,4.055,2.8071912244053565,2.835836032817656,2.917678342567083,2.7867306469679995
600829.SH,20040929,6.83,7.1,6.82,7.02,6.86,0.16,2.33,13545.95,9486.653,4.055,2.872665072204898,2.7949148779429422,2.9054019961046693,2.790822762455471
600829.SH,20040930,7.02,7.45,7.0,7.44,7.02,0.42,5.98,24875.4,17953.6,4.055,3.044533922678696,2.872665072204898,3.048626038166167,2.8644808412299554
600829.SH,20041008,7.44,7.59,7.11,7.21,7.44,-0.23,-3.09,19945.48,14824.749,4.055,2.950415266466854,3.044533922678696,3.105915654990766,2.9094941115921404
600829.SH,20041011,7.21,7.51,7.0,7.17,7.21,-0.04,-0.55,20838.95,15160.225,4.055,2.934046804516969,2.950415266466854,3.073178731090996,2.8644808412299554
600829.SH,20041012,7.14,7.3,7.08,7.18,7.17,0.01,0.14,11781.5,8474.522,4.055,2.93813892000444,2.9217704580545543,2.9872443058540963,2.8972177651297266
600829.SH,20041013,7.15,7.32,6.6,6.69,7.18,-0.49,-6.82,9676.25,6693.856,4.055,2.737625261118344,2.9258625735420263,2.9954285368290394,2.700796221731101
600829.SH,20041014,6.6,6.82,6.45,6.47,6.69,-0.22,-3.29,7170.0,4773.913,4.055,2.647598720393973,2.700796221731101,2.790822762455471,2.6394144894190306
600829.SH,20041015,6.45,6.59,6.41,6.46,6.47,-0.01,-0.15,11788.0,7629.438,4.055,2.643506604906502,2.6394144894190306,2.696704106243629,2.6230460274691447
600829.SH,20041018,6.42,6.85,6.42,6.67,6.46,0.21,3.25,9201.98,6097.7,4.055,2.7294410301434007,2.6271381429566163,2.803099108917885,2.6271381429566163
600829.SH,20041019,6.65,6.8,6.46,6.53,6.67,-0.14,-2.1,8034.5,5365.654,4.055,2.672151413318802,2.721256799168458,2.782638531480528,2.643506604906502
600829.SH,20041020,6.5,6.7,6.47,6.6,6.53,0.07,1.07,6808.0,4482.387,4.055,2.700796221731101,2.659875066856387,2.7417173766058145,2.647598720393973
600829.SH,20041021,6.6,6.73,6.55,6.55,6.6,-0.05,-0.76,6447.1,4281.774,4.055,2.680335644293744,2.700796221731101,2.7539937230682288,2.680335644293744
600829.SH,20041022,6.56,6.6,6.25,6.29,6.55,-0.26,-3.97,4835.38,3076.335,4.055,2.5739406416194885,2.684427759781215,2.700796221731101,2.557572179669603
600829.SH,20041025,6.29,6.57,6.29,6.5,6.29,0.21,3.34,5819.0,3763.327,4.055,2.659875066856387,2.5739406416194885,2.6885198752686867,2.5739406416194885
600829.SH,20041026,6.48,6.56,6.25,6.44,6.5,-0.06,-0.92,5329.25,3429.192,4.055,2.6353223739315594,2.6516908358814444,2.684427759781215,2.557572179669603
600829.SH,20041027,6.42,6.51,6.28,6.51,6.44,0.07,1.09,6362.0,4067.774,4.055,2.6639671823438587,2.6271381429566163,2.6639671823438587,2.5698485261320174
600829.SH,20041028,6.48,6.82,6.48,6.7,6.51,0.19,2.92,12107.96,8090.658,4.055,2.7417173766058145,2.6516908358814444,2.790822762455471,2.6516908358814444
600829.SH,20041029,6.6,6.72,6.37,6.39,6.7,-0.31,-4.63,6941.0,4560.135,4.055,2.6148617964942025,2.700796221731101,2.749901607580757,2.60667756551926
600829.SH,20041101,6.37,6.45,6.09,6.09,6.39,-0.3,-4.69,7365.0,4645.994,4.055,2.492098331870061,2.60667756551926,2.6394144894190306,2.492098331870061
600829.SH,20041102,6.19,6.23,5.95,6.02,6.09,-0.07,-1.15,4968.0,3003.033,4.055,2.463453523457761,2.533019486744775,2.5493879486946605,2.4348087150454623
600829.SH,20041103,6.02,6.34,6.0,6.31,6.02,0.29,4.82,6427.95,3931.152,4.055,2.5821248725944312,2.463453523457761,2.594401219056845,2.4552692924828188
600829.SH,20041104,6.29,6.31,6.06,6.06,6.31,-0.25,-3.96,3889.0,2406.234,4.055,2.479821985407647,2.5739406416194885,2.5821248725944312,2.479821985407647
600829.SH,20041105,6.05,6.16,6.01,6.12,6.06,0.06,0.99,4390.0,2679.312,4.055,2.5043746783324754,2.475729869920176,2.520743140282361,2.4593614079702903
600829.SH,20041108,6.12,6.18,6.0,6.18,6.12,0.06,0.98,5050.8,3084.736,4.055,2.5289273712573035,2.5043746783324754,2.5289273712573035,2.4552692924828188
600829.SH,20041109,6.17,6.18,6.05,6.15,6.18,-0.03,-0.49,4196.0,2582.872,4.055,2.5166510247948897,2.5248352557698324,2.5289273712573035,2.475729869920176
600829.SH,20041110,6.16,6.34,6.15,6.31,6.15,0.16,2.6,10315.85,6450.758,4.055,2.5821248725944312,2.520743140282361,2.594401219056845,2.5166510247948897
600829.SH,20041111,6.33,6.47,6.3,6.41,6.31,0.1,1.58,17403.36,11117.679,4.055,2.6230460274691447,2.590309103569374,2.647598720393973,2.57803275710696
600829.SH,20041115,6.48,6.61,6.45,6.57,6.41,0.16,2.5,10217.5,6677.876,4.055,2.6885198752686867,2.6516908358814444,2.704888337218572,2.6394144894190306
600829.SH,20041116,6.57,6.6,6.42,6.49,6.57,-0.08,-1.22,7507.83,4873.931,4.055,2.655782951368916,2.6885198752686867,2.700796221731101,2.6271381429566163
600829.SH,20041117,6.5,6.52,6.2,6.3,6.49,-0.19,-2.93,6266.18,3967.903,4.055,2.57803275710696,2.659875066856387,2.66805929783133,2.537111602232246
600829.SH,20041118,6.3,6.4,6.13,6.25,6.3,-0.05,-0.79,7753.18,4847.64,4.055,2.557572179669603,2.57803275710696,2.6189539119816736,2.5084667938199465
600829.SH,20041119,6.28,6.44,6.13,6.41,6.25,0.16,2.56,6927.64,4340.34,4.055,2.6230460274691447,2.5698485261320174,2.6353223739315594,2.5084667938199465
600829.SH,20041122,6.41,7.05,6.28,7.04,6.41,0.63,9.83,21401.97,14542.695,4.055,2.880849303179841,2.6230460274691447,2.8849414186673124,2.5698485261320174
600829.SH,20041123,7.0,7.39,6.68,6.77,7.04,-0.27,-3.84,18747.99,13225.305,4.055,2.7703621850181137,2.8644808412299554,3.024073345241338,2.733533145630872
600829.SH,20041124,6.75,6.81,6.53,6.54,6.77,-0.23,-3.4,6030.8,4045.64,4.055,2.6762435288062725,2.762177954043171,2.7867306469679995,2.672151413318802
600829.SH,20041125,6.52,7.0,6.41,6.88,6.54,0.34,5.2,13540.53,9198.553,4.055,2.815375455380299,2.66805929783133,2.8644808412299554,2.6230460274691447
600829.SH,20041126,6.9,6.9,6.61,6.66,6.88,-0.22,-3.2,8103.37,5448.555,4.055,2.725348914655929,2.823559686355242,2.823559686355242,2.704888337218572
600829.SH,20041129,6.65,6.82,6.56,6.68,6.66,0.02,0.3,8164.7,5459.187,4.055,2.733533145630872,2.721256799168458,2.790822762455471,2.684427759781215
600829.SH,20041130,6.68,6.79,6.52,6.64,6.68,-0.04,-0.6,8303.99,5499.02,4.055,2.7171646836809864,2.733533145630872,2.778546415993057,2.66805929783133
600829.SH,20041201,6.64,6.7,6.51,6.6,6.64,-0.04,-0.6,5223.49,3436.98,4.055,2.700796221731101,2.7171646836809864,2.7417173766058145,2.6639671823438587
600829.SH,20041202,6.6,6.6,6.39,6.54,6.6,-0.06,-0.91,4398.48,2850.87,4.055,2.6762435288062725,2.700796221731101,2.700796221731101,2.6148617964942025
600829.SH,20041203,6.52,6.68,6.47,6.61,6.54,0.07,1.07,8636.44,5707.154,4.055,2.704888337218572,2.66805929783133,2.733533145630872,2.647598720393973
600829.SH,20041206,6.6,6.61,6.48,6.58,6.61,-0.03,-0.45,5880.0,3852.43,4.055,2.6926119907561583,2.700796221731101,2.704888337218572,2.6516908358814444
600829.SH,20041207,6.56,6.64,6.41,6.46,6.58,-0.12,-1.82,3669.0,2395.319,4.055,2.643506604906502,2.684427759781215,2.7171646836809864,2.6230460274691447
600829.SH,20041208,6.46,6.62,6.35,6.48,6.46,0.02,0.31,5209.45,3363.204,4.055,2.6516908358814444,2.643506604906502,2.708980452706044,2.5984933345443166
600829.SH,20041209,6.46,6.53,6.36,6.49,6.48,0.01,0.15,5746.0,3705.751,4.055,2.655782951368916,2.643506604906502,2.672151413318802,2.602585450031788
600829.SH,20041210,6.46,6.48,6.34,6.4,6.49,-0.09,-1.39,6444.13,4130.653,4.055,2.6189539119816736,2.643506604906502,2.6516908358814444,2.594401219056845
600829.SH,20041213,6.38,6.39,6.17,6.32,6.4,-0.08,-1.25,4393.5,2746.195,4.055,2.586216988081903,2.610769681006731,2.6148617964942025,2.5248352557698324
600829.SH,20041214,6.3,6.43,6.28,6.35,6.32,0.03,0.47,3736.5,2370.533,4.055,2.5984933345443166,2.57803275710696,2.6312302584440874,2.5698485261320174
600829.SH,20041215,6.33,6.39,6.25,6.29,6.35,-0.06,-0.94,2958.5,1866.673,4.055,2.5739406416194885,2.590309103569374,2.6148617964942025,2.557572179669603
600829.SH,20041216,6.29,6.49,6.2,6.37,6.29,0.08,1.27,6598.5,4196.738,4.055,2.60667756551926,2.5739406416194885,2.655782951368916,2.537111602232246
600829.SH,20041217,6.35,6.39,6.24,6.27,6.37,-0.1,-1.57,3443.0,2182.651,4.055,2.5657564106445454,2.5984933345443166,2.6148617964942025,2.553480064182132
600829.SH,20041220,6.27,6.7,6.27,6.66,6.27,0.39,6.22,12054.21,7867.162,4.055,2.725348914655929,2.5657564106445454,2.7417173766058145,2.5657564106445454
600829.SH,20041221,6.65,7.0,6.5,6.54,6.66,-0.12,-1.8,12614.0,8511.74,4.055,2.6762435288062725,2.721256799168458,2.8644808412299554,2.659875066856387
600829.SH,20041222,6.52,6.63,6.41,6.55,6.54,0.01,0.15,10660.0,6914.975,4.055,2.680335644293744,2.66805929783133,2.713072568193515,2.6230460274691447
600829.SH,20041223,6.55,6.59,6.34,6.38,6.55,-0.17,-2.6,3010.5,1936.835,4.055,2.610769681006731,2.680335644293744,2.696704106243629,2.594401219056845
600829.SH,20041224,6.38,6.4,6.31,6.37,6.38,-0.01,-0.16,4151.5,2640.364,4.055,2.60667756551926,2.610769681006731,2.6189539119816736,2.5821248725944312
600829.SH,20041227,6.4,6.53,6.36,6.45,6.37,0.08,1.26,4135.0,2668.662,4.055,2.6394144894190306,2.6189539119816736,2.672151413318802,2.602585450031788
600829.SH,20041228,6.45,6.5,6.38,6.47,6.45,0.02,0.31,4138.0,2669.908,4.055,2.647598720393973,2.6394144894190306,2.659875066856387,2.610769681006731
600829.SH,20041229,6.47,6.63,6.41,6.6,6.47,0.13,2.01,21204.0,13732.513,4.055,2.700796221731101,2.647598720393973,2.713072568193515,2.6230460274691447
600829.SH,20041230,6.56,6.61,6.48,6.54,6.6,-0.06,-0.91,20615.22,13491.055,4.055,2.6762435288062725,2.684427759781215,2.704888337218572,2.6516908358814444
600829.SH,20041231,6.52,6.53,6.35,6.4,6.54,-0.14,-2.14,13305.0,8586.911,4.055,2.6189539119816736,2.66805929783133,2.672151413318802,2.5984933345443166
600829.SH,20050104,6.3,6.43,6.25,6.32,6.4,-0.08,-1.25,3502.03,2207.282,4.055,2.586216988081903,2.57803275710696,2.6312302584440874,2.557572179669603
600829.SH,20050105,6.3,6.41,6.3,6.35,6.32,0.03,0.47,4134.0,2628.635,4.055,2.5984933345443166,2.57803275710696,2.6230460274691447,2.57803275710696
600829.SH,20050106,6.33,6.4,6.23,6.26,6.35,-0.09,-1.42,3857.24,2447.106,4.055,2.5616642951570743,2.590309103569374,2.6189539119816736,2.5493879486946605
600829.SH,20050107,6.26,6.3,6.13,6.23,6.26,-0.03,-0.48,3594.0,2237.445,4.055,2.5493879486946605,2.5616642951570743,2.57803275710696,2.5084667938199465
600829.SH,20050110,6.23,6.32,6.19,6.25,6.23,0.02,0.32,3905.0,2444.732,4.055,2.557572179669603,2.5493879486946605,2.586216988081903,2.533019486744775
600829.SH,20050111,6.25,6.29,6.13,6.28,6.25,0.03,0.48,3289.61,2038.716,4.055,2.5698485261320174,2.557572179669603,2.5739406416194885,2.5084667938199465
600829.SH,20050112,6.25,6.27,6.15,6.22,6.28,-0.06,-0.96,3588.0,2230.465,4.055,2.545295833207189,2.557572179669603,2.5657564106445454,2.5166510247948897
600829.SH,20050113,6.2,6.4,6.2,6.33,6.22,0.11,1.77,6260.5,3946.905,4.055,2.590309103569374,2.537111602232246,2.6189539119816736,2.537111602232246
600829.SH,20050114,6.3,6.39,6.17,6.17,6.33,-0.16,-2.53,2927.0,1844.685,4.055,2.5248352557698324,2.57803275710696,2.6148617964942025,2.5248352557698324
600829.SH,20050117,6.15,6.25,6.13,6.18,6.17,0.01,0.16,3096.0,1910.619,4.055,2.5289273712573035,2.5166510247948897,2.557572179669603,2.5084667938199465
600829.SH,20050118,6.18,6.3,6.18,6.23,6.18,0.05,0.81,3372.22,2105.945,4.055,2.5493879486946605,2.5289273712573035,2.57803275710696,2.5289273712573035
600829.SH,20050119,6.23,6.28,6.16,6.21,6.23,-0.02,-0.32,2591.0,1609.493,4.055,2.5412037177197178,2.5493879486946605,2.5698485261320174,2.520743140282361
600829.SH,20050120,6.22,6.22,6.14,6.16,6.21,-0.05,-0.81,3009.18,1861.121,4.055,2.520743140282361,2.545295833207189,2.545295833207189,2.512558909307418
600829.SH,20050121,6.16,6.25,6.13,6.2,6.16,0.04,0.65,4901.0,3030.427,4.055,2.537111602232246,2.520743140282361,2.557572179669603,2.5084667938199465
600829.SH,20050124,6.26,6.31,6.18,6.21,6.2,0.01,0.16,6548.0,4093.913,4.055,2.5412037177197178,2.5616642951570743,2.5821248725944312,2.5289273712573035
600829.SH,20050125,6.22,6.23,6.13,6.2,6.21,-0.01,-0.16,3524.0,2176.144,4.055,2.537111602232246,2.545295833207189,2.5493879486946605,2.5084667938199465
600829.SH,20050126,6.2,6.25,6.12,6.14,6.2,-0.06,-0.97,4297.0,2658.379,4.055,2.512558909307418,2.537111602232246,2.557572179669603,2.5043746783324754
600829.SH,20050127,6.15,6.28,6.0,6.12,6.14,-0.02,-0.33,2903.0,1779.312,4.055,2.5043746783324754,2.5166510247948897,2.5698485261320174,2.4552692924828188
600829.SH,20050128,6.1,6.15,5.9,5.97,6.12,-0.15,-2.45,2254.0,1366.22,4.055,2.4429929460204045,2.4961904473575327,2.5166510247948897,2.4143481376081053
600829.SH,20050131,5.97,5.97,5.65,5.67,5.97,-0.3,-5.03,3244.0,1871.682,4.055,2.320229481396264,2.4429929460204045,2.4429929460204045,2.3120452504213214
600829.SH,20050201,5.66,5.81,5.57,5.67,5.67,0.0,0.0,2669.0,1527.526,4.055,2.320229481396264,2.316137365908793,2.377519098220863,2.2793083265215506
600829.SH,20050202,5.65,6.11,5.64,6.09,5.67,0.42,7.41,5298.64,3054.739,4.055,2.492098331870061,2.3120452504213214,2.500282562845004,2.30795313493385
600829.SH,20050203,6.05,6.14,5.66,5.9,6.09,-0.19,-3.12,3566.0,2115.292,4.055,2.4143481376081053,2.475729869920176,2.512558909307418,2.316137365908793
600829.SH,20050204,5.95,6.0,5.8,5.99,5.9,0.09,1.53,3139.0,1854.883,4.055,2.451177176995348,2.4348087150454623,2.4552692924828188,2.373426982733392
600829.SH,20050216,5.95,6.05,5.95,6.03,5.99,0.04,0.67,5344.13,3213.84,4.055,2.467545638945233,2.4348087150454623,2.475729869920176,2.4348087150454623
600829.SH,20050217,6.01,6.03,5.95,5.98,6.03,-0.05,-0.83,2328.0,1394.357,4.055,2.4470850615078765,2.4593614079702903,2.467545638945233,2.4348087150454623
600829.SH,20050218,5.98,6.05,5.9,5.98,5.98,0.0,0.0,4169.0,2497.195,4.055,2.4470850615078765,2.4470850615078765,2.475729869920176,2.4143481376081053
600829.SH,20050221,5.96,6.05,5.84,5.93,5.98,-0.05,-0.84,4331.0,2580.08,4.055,2.426624484070519,2.438900830532934,2.475729869920176,2.389795444683277
600829.SH,20050222,5.93,6.12,5.86,6.06,5.93,0.13,2.19,6580.5,3935.187,4.055,2.479821985407647,2.426624484070519,2.5043746783324754,2.39797967565822
600829.SH,20050223,6.06,6.16,5.98,6.13,6.06,0.07,1.16,6852.34,4175.303,4.055,2.5084667938199465,2.479821985407647,2.520743140282361,2.4470850615078765
600829.SH,20050224,6.12,6.12,5.89,6.01,6.13,-0.12,-1.96,4643.1,2791.446,4.055,2.4593614079702903,2.5043746783324754,2.5043746783324754,2.410256022120634
600829.SH,20050225,5.97,6.05,5.88,5.95,6.01,-0.06,-1.0,4155.9,2477.581,4.055,2.4348087150454623,2.4429929460204045,2.475729869920176,2.4061639066331626
600829.SH,20050228,5.94,6.36,5.79,6.33,5.95,0.38,6.39,15510.12,9507.03,4.055,2.590309103569374,2.430716599557991,2.602585450031788,2.36933486724592
600829.SH,20050301,6.34,6.5,6.05,6.2,6.33,-0.13,-2.05,17313.0,11029.973,4.055,2.537111602232246,2.594401219056845,2.659875066856387,2.475729869920176
600829.SH,20050302,6.18,6.19,5.97,6.06,6.2,-0.14,-2.26,4224.0,2560.331,4.055,2.479821985407647,2.5289273712573035,2.533019486744775,2.4429929460204045
600829.SH,20050303,6.05,6.16,5.98,6.1,6.06,0.04,0.66,4817.0,2928.886,4.055,2.4961904473575327,2.475729869920176,2.520743140282361,2.4470850615078765
600829.SH,20050304,6.08,6.2,5.93,6.1,6.1,0.0,0.0,4238.0,2556.096,4.055,2.4961904473575327,2.48800621638259,2.537111602232246,2.426624484070519
600829.SH,20050307,6.08,6.13,5.93,6.03,6.1,-0.07,-1.15,4186.0,2527.715,4.055,2.467545638945233,2.48800621638259,2.5084667938199465,2.426624484070519
600829.SH,20050309,6.03,6.18,6.03,6.08,6.03,0.05,0.83,4851.9,2960.043,4.055,2.48800621638259,2.467545638945233,2.5289273712573035,2.467545638945233
600829.SH,20050310,6.05,6.09,5.94,5.98,6.08,-0.1,-1.64,4234.5,2542.135,4.055,2.4470850615078765,2.475729869920176,2.492098331870061,2.430716599557991
600829.SH,20050311,5.98,6.04,5.82,5.87,5.98,-0.11,-1.84,3166.0,1865.504,4.055,2.4020717911456915,2.4470850615078765,2.471637754432704,2.3816112137083345
600829.SH,20050314,5.88,5.98,5.74,5.97,5.87,0.1,1.7,4763.67,2791.379,4.055,2.4429929460204045,2.4061639066331626,2.4470850615078765,2.348874289808564
600829.SH,20050315,5.95,6.17,5.83,6.16,5.97,0.19,3.18,12444.58,7528.057,4.055,2.520743140282361,2.4348087150454623,2.5248352557698324,2.3857033291958056
600829.SH,20050316,6.16,6.16,5.73,5.87,6.16,-0.29,-4.71,8172.5,4795.154,4.055,2.4020717911456915,2.520743140282361,2.520743140282361,2.3447821743210926
600829.SH,20050317,5.85,5.92,5.67,5.87,5.87,0.0,0.0,3463.0,2008.523,4.055,2.4020717911456915,2.3938875601707483,2.422532368583048,2.320229481396264
600829.SH,20050318,5.88,5.9,5.67,5.72,5.87,-0.15,-2.56,3774.0,2172.131,4.055,2.3406900588336206,2.4061639066331626,2.4143481376081053,2.320229481396264
600829.SH,20050321,5.74,5.82,5.7,5.72,5.72,0.0,0.0,3351.0,1930.61,4.055,2.3406900588336206,2.348874289808564,2.3816112137083345,2.332505827858678
600829.SH,20050322,5.74,5.78,5.6,5.62,5.72,-0.1,-1.75,1829.0,1038.871,4.055,2.299768903958907,2.348874289808564,2.365242751758449,2.2915846729839644
600829.SH,20050323,5.65,5.76,5.62,5.71,5.62,0.09,1.6,2321.8,1321.618,4.055,2.336597943346149,2.3120452504213214,2.357058520783506,2.299768903958907
600829.SH,20050324,5.69,5.75,5.58,5.67,5.71,-0.04,-0.7,1330.0,756.36,4.055,2.320229481396264,2.3284137123712068,2.352966405296035,2.2834004420090217
600829.SH,20050325,5.67,5.84,5.63,5.75,5.67,0.08,1.41,1973.6,1134.005,4.055,2.352966405296035,2.320229481396264,2.389795444683277,2.3038610194463782
600829.SH,20050328,5.76,5.88,5.65,5.84,5.75,0.09,1.57,2486.5,1432.935,4.055,2.389795444683277,2.357058520783506,2.4061639066331626,2.3120452504213214
600829.SH,20050329,5.85,5.95,5.71,5.86,5.84,0.02,0.34,4270.0,2496.924,4.055,2.39797967565822,2.3938875601707483,2.4348087150454623,2.336597943346149
600829.SH,20050330,5.86,5.9,5.72,5.85,5.86,-0.01,-0.17,2774.5,1613.415,4.055,2.3938875601707483,2.39797967565822,2.4143481376081053,2.3406900588336206
600829.SH,20050331,5.87,5.87,5.65,5.75,5.85,-0.1,-1.71,1712.84,980.309,4.055,2.352966405296035,2.4020717911456915,2.4020717911456915,2.3120452504213214
600829.SH,20050401,5.75,5.88,5.63,5.81,5.75,0.06,1.04,2761.5,1583.514,4.055,2.377519098220863,2.352966405296035,2.4061639066331626,2.3038610194463782
600829.SH,20050404,5.76,5.76,5.61,5.66,5.81,-0.15,-2.58,3005.0,1703.164,4.055,2.316137365908793,2.357058520783506,2.357058520783506,2.2956767884714355
600829.SH,20050405,5.66,5.74,5.55,5.55,5.66,-0.11,-1.94,1331.0,750.445,4.055,2.2711240955466074,2.316137365908793,2.348874289808564,2.2711240955466074
600829.SH,20050406,5.58,5.75,5.58,5.68,5.55,0.13,2.34,2258.8,1279.743,4.055,2.324321596883735,2.2834004420090217,2.352966405296035,2.2834004420090217
600829.SH,20050407,5.68,5.88,5.66,5.86,5.68,0.18,3.17,5782.7,3335.902,4.055,2.39797967565822,2.324321596883735,2.4061639066331626,2.316137365908793
600829.SH,20050408,5.88,5.9,5.7,5.86,5.86,0.0,0.0,4900.45,2843.217,4.055,2.39797967565822,2.4061639066331626,2.4143481376081053,2.332505827858678
600829.SH,20050411,5.86,5.94,5.8,5.87,5.86,0.01,0.17,2497.0,1464.907,4.055,2.4020717911456915,2.39797967565822,2.430716599557991,2.373426982733392
600829.SH,20050412,5.87,5.93,5.75,5.75,5.87,-0.12,-2.04,2013.0,1180.537,4.055,2.352966405296035,2.4020717911456915,2.426624484070519,2.352966405296035
600829.SH,20050413,5.73,5.9,5.73,5.83,5.75,0.08,1.39,2388.45,1389.652,4.055,2.3857033291958056,2.3447821743210926,2.4143481376081053,2.3447821743210926
600829.SH,20050414,5.83,6.1,5.78,5.9,5.83,0.07,1.2,5204.64,3090.695,4.055,2.4143481376081053,2.3857033291958056,2.4961904473575327,2.365242751758449
600829.SH,20050415,5.88,5.88,5.65,5.66,5.9,-0.24,-4.07,3025.0,1739.052,4.055,2.316137365908793,2.4061639066331626,2.4061639066331626,2.3120452504213214
600829.SH,20050419,5.71,5.9,5.69,5.73,5.66,0.07,1.24,2303.0,1334.561,4.055,2.3447821743210926,2.336597943346149,2.4143481376081053,2.3284137123712068
600829.SH,20050420,5.71,5.88,5.65,5.73,5.73,0.0,0.0,1601.89,930.271,4.055,2.3447821743210926,2.336597943346149,2.4061639066331626,2.3120452504213214
600829.SH,20050421,5.73,5.73,5.55,5.64,5.73,-0.09,-1.57,2144.49,1202.086,4.055,2.30795313493385,2.3447821743210926,2.3447821743210926,2.2711240955466074
600829.SH,20050422,5.64,5.75,5.56,5.69,5.64,0.05,0.89,1448.51,818.429,4.055,2.3284137123712068,2.30795313493385,2.352966405296035,2.2752162110340786
600829.SH,20050425,5.68,5.68,5.45,5.56,5.69,-0.13,-2.28,1031.4,574.825,4.055,2.2752162110340786,2.324321596883735,2.324321596883735,2.230202940671894
600829.SH,20050426,5.55,5.68,5.48,5.6,5.56,0.04,0.72,6613.25,3698.756,4.055,2.2915846729839644,2.2711240955466074,2.324321596883735,2.242479287134308
600829.SH,20050427,5.62,5.65,5.43,5.52,5.6,-0.08,-1.43,2420.0,1333.107,4.055,2.2588477490841936,2.299768903958907,2.3120452504213214,2.222018709696952
600829.SH,20050428,5.54,6.07,5.52,6.06,5.52,0.54,9.78,14302.95,8358.833,4.055,2.479821985407647,2.267031980059136,2.483914100895119,2.2588477490841936
600829.SH,20050429,6.04,6.1,5.8,5.82,6.06,-0.24,-3.96,8053.0,4764.853,4.055,2.3816112137083345,2.471637754432704,2.4961904473575327,2.373426982733392
600829.SH,20050509,5.95,6.04,5.78,5.87,5.82,0.05,0.86,3915.0,2293.234,4.055,2.4020717911456915,2.4348087150454623,2.471637754432704,2.365242751758449
600829.SH,20050510,5.87,5.93,5.8,5.83,5.87,-0.04,-0.68,1878.88,1100.308,4.055,2.3857033291958056,2.4020717911456915,2.426624484070519,2.373426982733392
600829.SH,20050511,5.82,5.83,5.61,5.63,5.83,-0.2,-3.43,3554.19,2027.761,4.055,2.3038610194463782,2.3816112137083345,2.3857033291958056,2.2956767884714355
600829.SH,20050512,5.63,5.69,5.52,5.54,5.63,-0.09,-1.6,2040.0,1139.018,4.055,2.267031980059136,2.3038610194463782,2.3284137123712068,2.2588477490841936
600829.SH,20050513,5.52,5.6,5.5,5.54,5.54,0.0,0.0,2293.32,1270.499,4.055,2.267031980059136,2.2588477490841936,2.2915846729839644,2.250663518109251
600829.SH,20050516,5.52,5.75,5.52,5.67,5.54,0.13,2.35,2437.62,1381.259,4.055,2.320229481396264,2.2588477490841936,2.352966405296035,2.2588477490841936
600829.SH,20050517,5.63,5.82,5.58,5.79,5.67,0.12,2.12,3659.0,2099.442,4.055,2.36933486724592,2.3038610194463782,2.3816112137083345,2.2834004420090217
600829.SH,20050518,5.79,5.89,5.7,5.85,5.79,0.06,1.04,4676.25,2722.049,4.055,2.3938875601707483,2.36933486724592,2.410256022120634,2.332505827858678
600829.SH,20050519,5.86,5.9,5.78,5.81,5.85,-0.04,-0.68,2296.84,1339.89,4.055,2.377519098220863,2.39797967565822,2.4143481376081053,2.365242751758449
600829.SH,20050520,5.8,6.0,5.78,5.87,5.81,0.06,1.03,4965.5,2930.339,4.055,2.4020717911456915,2.373426982733392,2.4552692924828188,2.365242751758449
600829.SH,20050523,5.87,5.9,5.73,5.77,5.87,-0.1,-1.7,1430.0,827.815,4.055,2.361150636270977,2.4020717911456915,2.4143481376081053,2.3447821743210926
600829.SH,20050524,5.78,5.84,5.58,5.66,5.77,-0.11,-1.91,3248.15,1843.32,4.055,2.316137365908793,2.365242751758449,2.389795444683277,2.2834004420090217
600829.SH,20050525,5.66,5.77,5.55,5.75,5.66,0.09,1.59,3486.65,1968.872,4.055,2.352966405296035,2.316137365908793,2.361150636270977,2.2711240955466074
600829.SH,20050526,5.75,5.84,5.66,5.7,5.75,-0.05,-0.87,2367.0,1360.294,4.055,2.332505827858678,2.352966405296035,2.389795444683277,2.316137365908793
600829.SH,20050527,5.7,5.79,5.6,5.72,5.7,0.02,0.35,1741.0,991.622,4.055,2.3406900588336206,2.332505827858678,2.36933486724592,2.2915846729839644
600829.SH,20050530,5.72,5.75,5.65,5.73,5.72,0.01,0.17,1847.0,1054.03,4.055,2.3447821743210926,2.3406900588336206,2.352966405296035,2.3120452504213214
600829.SH,20050531,5.73,5.78,5.66,5.66,5.73,-0.07,-1.22,1325.0,760.553,4.055,2.316137365908793,2.3447821743210926,2.365242751758449,2.316137365908793
600829.SH,20050601,5.68,5.84,5.61,5.74,5.66,0.08,1.41,2870.0,1650.777,4.055,2.348874289808564,2.324321596883735,2.389795444683277,2.2956767884714355
600829.SH,20050602,5.74,5.78,5.5,5.54,5.74,-0.2,-3.48,3260.0,1847.63,4.055,2.267031980059136,2.348874289808564,2.365242751758449,2.250663518109251
600829.SH,20050603,5.54,5.6,5.45,5.58,5.54,0.04,0.72,2695.0,1489.12,4.055,2.2834004420090217,2.267031980059136,2.2915846729839644,2.230202940671894
600829.SH,20050606,5.55,5.64,5.5,5.61,5.56,0.05,0.9,1826.98,1019.49,4.069,2.303602676273804,2.278965214495474,2.315921407162968,2.258433996346866
600829.SH,20050607,5.61,5.76,5.58,5.61,5.61,0.0,0.0,3774.0,2137.769,4.069,2.303602676273804,2.303602676273804,2.365196330719627,2.291283945384639
600829.SH,20050608,5.61,6.0,5.58,5.88,5.61,0.27,4.81,9431.5,5491.631,4.069,2.4144712542762856,2.303602676273804,2.463746177832945,2.291283945384639
600829.SH,20050609,5.89,6.17,5.71,5.97,5.88,0.09,1.53,10239.89,6057.898,4.069,2.45142744694378,2.4185774979060075,2.533552319538212,2.344665112571019
600829.SH,20050610,5.97,5.99,5.7,5.74,5.97,-0.23,-3.85,8231.0,4783.804,4.069,2.356983843460184,2.45142744694378,2.459639934203224,2.3405588689412977
600829.SH,20050613,5.74,5.78,5.64,5.68,5.74,-0.06,-1.05,2034.0,1161.871,4.069,2.3323463816818544,2.356983843460184,2.37340881797907,2.315921407162968
600829.SH,20050614,5.67,5.74,5.6,5.61,5.68,-0.07,-1.23,2138.17,1209.016,4.069,2.303602676273804,2.328240138052133,2.356983843460184,2.299496432644081
600829.SH,20050615,5.63,5.63,5.54,5.58,5.61,-0.03,-0.53,2159.0,1205.022,4.069,2.291283945384639,2.3118151635332462,2.3118151635332462,2.2748589708657523
600829.SH,20050616,5.58,5.66,5.56,5.64,5.58,0.06,1.08,1907.26,1068.803,4.069,2.315921407162968,2.291283945384639,2.3241338944224115,2.283071458125195
600829.SH,20050617,5.66,5.69,5.48,5.61,5.64,-0.03,-0.53,4775.5,2661.392,4.069,2.303602676273804,2.3241338944224115,2.3364526253115763,2.250221509087423
600829.SH,20050621,5.69,5.85,5.69,5.75,5.61,0.14,2.5,4828.0,2779.207,4.069,2.3610900870899054,2.3364526253115763,2.402152523387121,2.3364526253115763
600829.SH,20050622,5.75,5.84,5.68,5.74,5.75,-0.01,-0.17,2889.0,1662.822,4.069,2.356983843460184,2.3610900870899054,2.3980462797574,2.3323463816818544
600829.SH,20050623,5.74,5.83,5.67,5.73,5.74,-0.01,-0.17,2378.0,1366.267,4.069,2.3528775998304625,2.356983843460184,2.3939400361276784,2.328240138052133
600829.SH,20050624,5.72,5.77,5.68,5.75,5.73,0.02,0.35,2225.68,1273.237,4.069,2.3610900870899054,2.3487713562007406,2.3693025743493483,2.3323463816818544
600829.SH,20050627,5.75,5.89,5.75,5.83,5.75,0.08,1.39,5880.5,3423.78,4.069,2.3939400361276784,2.3610900870899054,2.4185774979060075,2.3610900870899054
600829.SH,20050628,5.83,6.13,5.8,6.11,5.83,0.28,4.8,18890.57,11356.894,4.069,2.508914857759882,2.3939400361276784,2.517127345019325,2.381621305238513
600829.SH,20050629,6.3,6.69,6.23,6.25,6.11,0.14,2.29,28936.86,18499.448,4.069,2.566402268575984,2.586933486724592,2.747076988283734,2.5581897813165413
600829.SH,20050630,6.19,6.37,6.08,6.27,6.25,0.02,0.32,8815.53,5467.332,4.069,2.574614755835427,2.5417648067976546,2.6156771921326434,2.4965961268707173
600829.SH,20050701,6.25,6.25,6.06,6.07,6.27,-0.2,-3.19,6031.3,3687.558,4.069,2.492489883240996,2.566402268575984,2.566402268575984,2.4883836396112744
600829.SH,20050704,5.98,6.13,5.95,6.06,6.07,-0.01,-0.16,4389.4,2645.965,4.069,2.4883836396112744,2.455533690573502,2.517127345019325,2.443214959684337
600829.SH,20050705,6.06,6.12,5.89,5.95,6.06,-0.11,-1.82,4934.01,2959.984,4.069,2.443214959684337,2.4883836396112744,2.513021101389604,2.4185774979060075
600829.SH,20050706,5.96,6.07,5.88,6.0,5.95,0.05,0.84,3156.99,1880.041,4.069,2.463746177832945,2.4473212033140586,2.492489883240996,2.4144712542762856
600829.SH,20050707,6.0,6.05,5.98,6.01,6.0,0.01,0.17,2889.98,1736.097,4.069,2.4678524214626663,2.463746177832945,2.4842773959815525,2.455533690573502
600829.SH,20050708,6.01,6.04,5.91,5.94,6.01,-0.07,-1.16,4218.0,2525.754,4.069,2.439108716054615,2.4678524214626663,2.480171152351831,2.4267899851654504
600829.SH,20050711,5.96,6.08,5.9,5.91,5.94,-0.03,-0.51,3451.83,2067.81,4.069,2.4267899851654504,2.4473212033140586,2.4965961268707173,2.4226837415357294
600829.SH,20050712,5.91,6.05,5.87,6.03,5.91,0.12,2.03,5205.0,3106.866,4.069,2.4760649087221096,2.4267899851654504,2.4842773959815525,2.410365010646564
600829.SH,20050713,6.04,6.08,5.99,6.06,6.03,0.03,0.5,5783.53,3498.387,4.069,2.4883836396112744,2.480171152351831,2.4965961268707173,2.459639934203224
600829.SH,20050714,6.06,6.09,5.95,5.97,6.06,-0.09,-1.49,3193.63,1921.904,4.069,2.45142744694378,2.4883836396112744,2.500702370500439,2.443214959684337
600829.SH,20050715,5.97,6.06,5.83,5.85,5.97,-0.12,-2.01,2625.0,1560.972,4.069,2.402152523387121,2.45142744694378,2.4883836396112744,2.3939400361276784
600829.SH,20050718,5.82,5.93,5.79,5.86,5.85,0.01,0.17,4047.22,2371.459,4.069,2.406258767016843,2.3898337924979565,2.4350024724248938,2.377515061608792
600829.SH,20050719,5.86,5.93,5.85,5.88,5.86,0.02,0.34,2378.0,1398.107,4.069,2.4144712542762856,2.406258767016843,2.4350024724248938,2.402152523387121
600829.SH,20050720,5.88,5.93,5.84,5.86,5.88,-0.02,-0.34,2341.0,1374.287,4.069,2.406258767016843,2.4144712542762856,2.4350024724248938,2.3980462797574
600829.SH,20050721,5.87,5.9,5.8,5.83,5.86,-0.03,-0.51,1905.4,1114.184,4.069,2.3939400361276784,2.410365010646564,2.4226837415357294,2.381621305238513
600829.SH,20050722,5.84,5.96,5.81,5.93,5.83,0.1,1.72,5730.0,3369.976,4.069,2.4350024724248938,2.3980462797574,2.4473212033140586,2.3857275488682346
600829.SH,20050725,5.94,5.95,5.84,5.86,5.93,-0.07,-1.18,2537.06,1490.656,4.069,2.406258767016843,2.439108716054615,2.443214959684337,2.3980462797574
600829.SH,20050726,5.85,5.94,5.85,5.93,5.86,0.07,1.19,5197.75,3066.315,4.069,2.4350024724248938,2.402152523387121,2.439108716054615,2.402152523387121
600829.SH,20050727,5.93,6.08,5.9,6.07,5.93,0.14,2.36,7771.89,4651.667,4.069,2.492489883240996,2.4350024724248938,2.4965961268707173,2.4226837415357294
600829.SH,20050729,6.08,6.14,5.9,6.02,6.07,-0.05,-0.82,6183.75,3729.314,4.069,2.471958665092388,2.4965961268707173,2.5212335886490465,2.4226837415357294
600829.SH,20050801,6.03,6.12,5.99,6.02,6.02,0.0,0.0,2560.14,1546.532,4.069,2.471958665092388,2.4760649087221096,2.513021101389604,2.459639934203224
600829.SH,20050802,6.03,6.07,6.0,6.06,6.02,0.04,0.66,3300.0,1990.897,4.069,2.4883836396112744,2.4760649087221096,2.492489883240996,2.463746177832945
600829.SH,20050803,6.06,6.15,6.05,6.05,6.06,-0.01,-0.17,5832.43,3545.0,4.069,2.4842773959815525,2.4883836396112744,2.525339832278769,2.4842773959815525
600829.SH,20050804,6.04,6.04,5.9,5.91,6.05,-0.14,-2.31,4782.0,2845.361,4.069,2.4267899851654504,2.480171152351831,2.480171152351831,2.4226837415357294
600829.SH,20050805,5.89,6.03,5.89,6.02,5.91,0.11,1.86,4860.55,2902.431,4.069,2.471958665092388,2.4185774979060075,2.4760649087221096,2.4185774979060075
600829.SH,20050808,6.03,6.1,6.0,6.08,6.02,0.06,1.0,6325.48,3824.545,4.069,2.4965961268707173,2.4760649087221096,2.50480861413016,2.463746177832945
600829.SH,20050809,6.1,6.13,6.04,6.07,6.08,-0.01,-0.16,4924.0,2991.248,4.069,2.492489883240996,2.50480861413016,2.517127345019325,2.480171152351831
600829.SH,20050810,6.06,6.12,6.0,6.12,6.07,0.05,0.82,6542.02,3971.397,4.069,2.513021101389604,2.4883836396112744,2.513021101389604,2.463746177832945
600829.SH,20050811,6.12,6.28,6.11,6.28,6.12,0.16,2.61,10519.43,6520.455,4.069,2.578720999465149,2.513021101389604,2.578720999465149,2.508914857759882
600829.SH,20050812,6.28,6.34,6.03,6.08,6.28,-0.2,-3.18,4906.0,3034.646,4.069,2.4965961268707173,2.578720999465149,2.603358461243478,2.4760649087221096
600829.SH,20050815,6.08,6.25,6.06,6.14,6.08,0.06,0.99,3302.12,2022.324,4.069,2.5212335886490465,2.4965961268707173,2.566402268575984,2.4883836396112744
600829.SH,20050816,6.15,6.17,6.03,6.06,6.14,-0.08,-1.3,3967.5,2414.179,4.069,2.4883836396112744,2.525339832278769,2.533552319538212,2.4760649087221096
600829.SH,20050817,6.07,6.15,5.96,6.05,6.06,-0.01,-0.17,4749.7,2866.027,4.069,2.4842773959815525,2.492489883240996,2.525339832278769,2.4473212033140586
600829.SH,20050818,6.07,6.15,5.95,5.99,6.05,-0.06,-0.99,6585.49,4016.45,4.069,2.459639934203224,2.492489883240996,2.525339832278769,2.443214959684337
600829.SH,20050819,6.01,6.1,5.9,5.96,5.99,-0.03,-0.5,2799.5,1673.936,4.069,2.4473212033140586,2.4678524214626663,2.50480861413016,2.4226837415357294
600829.SH,20050822,5.96,5.99,5.9,5.96,5.96,0.0,0.0,2083.49,1234.978,4.069,2.4473212033140586,2.4473212033140586,2.459639934203224,2.4226837415357294
600829.SH,20050823,5.96,6.05,5.95,6.05,5.96,0.09,1.51,1915.7,1148.176,4.069,2.4842773959815525,2.4473212033140586,2.4842773959815525,2.443214959684337
600829.SH,20050824,6.1,6.1,5.94,5.95,6.05,-0.1,-1.65,2433.18,1454.531,4.069,2.443214959684337,2.50480861413016,2.50480861413016,2.439108716054615
600829.SH,20050825,5.96,6.0,5.9,5.95,5.95,0.0,0.0,2160.0,1282.431,4.069,2.443214959684337,2.4473212033140586,2.463746177832945,2.4226837415357294
600829.SH,20050826,5.95,5.95,5.82,5.88,5.95,-0.07,-1.18,3880.0,2277.847,4.069,2.4144712542762856,2.443214959684337,2.443214959684337,2.3898337924979565
600829.SH,20050829,5.89,5.98,5.87,5.93,5.88,0.05,0.85,2442.0,1444.0,4.069,2.4350024724248938,2.4185774979060075,2.455533690573502,2.410365010646564
600829.SH,20050830,5.93,5.97,5.8,5.87,5.93,-0.06,-1.01,3414.0,2013.459,4.069,2.410365010646564,2.4350024724248938,2.45142744694378,2.381621305238513
600829.SH,20050831,5.83,5.89,5.8,5.87,5.87,0.0,0.0,2144.5,1252.566,4.069,2.410365010646564,2.3939400361276784,2.4185774979060075,2.381621305238513
600829.SH,20050901,5.9,5.98,5.83,5.93,5.87,0.06,1.02,4954.0,2915.349,4.069,2.4350024724248938,2.4226837415357294,2.455533690573502,2.3939400361276784
600829.SH,20050902,5.94,5.97,5.85,5.89,5.93,-0.04,-0.67,4256.89,2503.33,4.069,2.4185774979060075,2.439108716054615,2.45142744694378,2.402152523387121
600829.SH,20050905,5.9,6.08,5.9,6.07,5.89,0.18,3.06,6568.44,3909.606,4.069,2.492489883240996,2.4226837415357294,2.4965961268707173,2.4226837415357294
600829.SH,20050906,6.07,6.13,5.79,5.8,6.07,-0.27,-4.45,8038.92,4788.774,4.069,2.381621305238513,2.492489883240996,2.517127345019325,2.377515061608792
600829.SH,20050907,5.85,5.89,5.71,5.87,5.8,0.07,1.21,7223.15,4186.266,4.069,2.410365010646564,2.402152523387121,2.4185774979060075,2.344665112571019
600829.SH,20050908,5.88,5.93,5.81,5.83,5.87,-0.04,-0.68,4723.0,2766.835,4.069,2.3939400361276784,2.4144712542762856,2.4350024724248938,2.3857275488682346
600829.SH,20050909,5.85,5.9,5.8,5.83,5.83,0.0,0.0,2793.7,1628.882,4.069,2.3939400361276784,2.402152523387121,2.4226837415357294,2.381621305238513
600829.SH,20050912,5.85,5.87,5.75,5.81,5.83,-0.02,-0.34,2244.0,1301.478,4.069,2.3857275488682346,2.402152523387121,2.410365010646564,2.3610900870899054
600829.SH,20050913,5.82,5.86,5.76,5.85,5.81,0.04,0.69,4145.39,2409.084,4.069,2.402152523387121,2.3898337924979565,2.406258767016843,2.365196330719627
600829.SH,20050914,5.86,6.0,5.86,6.0,5.85,0.15,2.56,9233.24,5475.431,4.069,2.463746177832945,2.406258767016843,2.463746177832945,2.406258767016843
600829.SH,20050915,6.02,6.1,5.97,6.09,6.0,0.09,1.5,8608.15,5191.363,4.069,2.500702370500439,2.471958665092388,2.50480861413016,2.45142744694378
600829.SH,20050916,6.09,6.13,6.0,6.03,6.09,-0.06,-0.99,3587.0,2164.398,4.069,2.4760649087221096,2.500702370500439,2.517127345019325,2.463746177832945
600829.SH,20050919,6.04,6.1,6.02,6.1,6.03,0.07,1.16,6262.73,3797.747,4.069,2.50480861413016,2.480171152351831,2.50480861413016,2.471958665092388
600829.SH,20050920,6.1,6.13,5.95,5.99,6.1,-0.11,-1.8,4133.12,2485.177,4.069,2.459639934203224,2.50480861413016,2.517127345019325,2.443214959684337
600829.SH,20050921,5.99,5.99,5.86,5.89,5.99,-0.1,-1.67,3672.0,2163.542,4.069,2.4185774979060075,2.459639934203224,2.459639934203224,2.406258767016843
600829.SH,20050922,5.89,5.89,5.76,5.83,5.89,-0.06,-1.02,5151.0,2989.356,4.069,2.3939400361276784,2.4185774979060075,2.4185774979060075,2.365196330719627
600829.SH,20050923,5.83,5.89,5.8,5.84,5.83,0.01,0.17,2223.0,1299.552,4.069,2.3980462797574,2.3939400361276784,2.4185774979060075,2.381621305238513
600829.SH,20050926,5.93,5.93,5.8,5.92,5.84,0.08,1.37,2206.02,1295.308,4.069,2.4308962287951723,2.4350024724248938,2.4350024724248938,2.381621305238513
600829.SH,20050927,5.93,5.97,5.81,5.86,5.92,-0.06,-1.01,2146.06,1259.112,4.069,2.406258767016843,2.4350024724248938,2.45142744694378,2.3857275488682346
600829.SH,20050928,5.9,6.11,5.85,6.09,5.86,0.23,3.92,10073.56,6093.991,4.069,2.500702370500439,2.4226837415357294,2.508914857759882,2.402152523387121
600829.SH,20050929,6.11,6.13,6.02,6.07,6.09,-0.02,-0.33,9681.0,5896.264,4.069,2.492489883240996,2.508914857759882,2.517127345019325,2.471958665092388
600829.SH,20050930,6.09,6.13,6.01,6.13,6.07,0.06,0.99,7250.56,4414.399,4.069,2.517127345019325,2.500702370500439,2.517127345019325,2.4678524214626663
600829.SH,20051010,6.13,6.3,6.1,6.12,6.13,-0.01,-0.16,6479.0,3998.462,4.069,2.513021101389604,2.517127345019325,2.586933486724592,2.50480861413016
600829.SH,20051011,6.13,6.23,6.01,6.2,6.12,0.08,1.31,4717.8,2887.353,4.069,2.5458710504273765,2.517127345019325,2.5581897813165413,2.4678524214626663
600829.SH,20051012,6.21,6.23,6.05,6.17,6.2,-0.03,-0.48,6969.5,4269.834,4.069,2.533552319538212,2.549977294057098,2.5581897813165413,2.4842773959815525
600829.SH,20051013,6.18,6.2,6.08,6.15,6.17,-0.02,-0.32,5416.9,3320.034,4.069,2.525339832278769,2.537658563167933,2.5458710504273765,2.4965961268707173
600829.SH,20051014,6.15,6.18,6.05,6.06,6.15,-0.09,-1.46,4682.74,2865.057,4.069,2.4883836396112744,2.525339832278769,2.537658563167933,2.4842773959815525
600829.SH,20051017,6.07,6.08,5.93,5.97,6.06,-0.09,-1.49,4332.09,2601.087,4.069,2.45142744694378,2.492489883240996,2.4965961268707173,2.4350024724248938
600829.SH,20051018,6.02,6.04,5.9,6.0,5.97,0.03,0.5,5637.99,3369.116,4.069,2.463746177832945,2.471958665092388,2.480171152351831,2.4226837415357294
600829.SH,20051019,6.0,6.19,5.93,6.16,6.0,0.16,2.67,10125.44,6171.43,4.069,2.52944607590849,2.463746177832945,2.5417648067976546,2.4350024724248938
600829.SH,20051020,6.17,6.17,6.03,6.12,6.16,-0.04,-0.65,3754.27,2282.596,4.069,2.513021101389604,2.533552319538212,2.533552319538212,2.4760649087221096
600829.SH,20051021,6.12,6.6,6.08,6.42,6.12,0.3,4.9,18865.86,11955.481,4.069,2.63620841028125,2.513021101389604,2.7101207956162394,2.4965961268707173
600829.SH,20051024,6.42,6.88,6.23,6.24,6.42,-0.18,-2.8,12176.51,7767.229,4.069,2.5622960249462627,2.63620841028125,2.825095617248444,2.5581897813165413
600829.SH,20051025,6.24,6.24,6.12,6.16,6.24,-0.08,-1.28,4214.16,2595.392,4.069,2.52944607590849,2.5622960249462627,2.5622960249462627,2.513021101389604
600829.SH,20051026,6.15,6.2,6.11,6.15,6.16,-0.01,-0.16,3785.4,2331.821,4.069,2.525339832278769,2.525339832278769,2.5458710504273765,2.508914857759882
600829.SH,20051027,6.13,6.47,6.13,6.4,6.15,0.25,4.07,15287.8,9733.585,4.069,2.627995923021808,2.517127345019325,2.656739628429859,2.517127345019325
600829.SH,20051028,6.38,6.4,6.18,6.19,6.4,-0.21,-3.28,6335.8,3975.285,4.069,2.5417648067976546,2.619783435762365,2.627995923021808,2.537658563167933
600829.SH,20051031,6.22,6.4,6.2,6.31,6.19,0.12,1.94,8549.76,5424.234,4.069,2.5910397303543133,2.5540835376868194,2.627995923021808,2.5458710504273765
600829.SH,20051101,6.33,6.69,6.33,6.65,6.31,0.34,5.39,25322.58,16601.447,4.069,2.730652013764847,2.5992522176137567,2.747076988283734,2.5992522176137567
600829.SH,20051102,6.68,6.68,6.53,6.65,6.65,0.0,0.0,14295.6,9449.885,4.069,2.730652013764847,2.7429707446540115,2.7429707446540115,2.6813770902081884
600829.SH,20051103,6.75,6.86,6.6,6.64,6.65,-0.01,-0.15,18114.0,12168.044,4.069,2.726545770135125,2.771714450062063,2.8168831299890003,2.7101207956162394
600829.SH,20051104,6.6,6.7,6.41,6.69,6.64,0.05,0.75,8606.75,5648.681,4.069,2.747076988283734,2.7101207956162394,2.751183231913455,2.6321021666515296
600829.SH,20051107,6.63,6.66,6.52,6.64,6.69,-0.05,-0.75,5674.0,3746.432,4.069,2.726545770135125,2.722439526505404,2.734758257394569,2.6772708465784665
600829.SH,20051108,6.72,6.82,6.63,6.65,6.64,0.01,0.15,12109.07,8142.889,4.069,2.730652013764847,2.759395719172898,2.800458155470114,2.722439526505404
600829.SH,20051109,6.65,6.72,6.5,6.5,6.65,-0.15,-2.26,9990.74,6586.865,4.069,2.669058359319024,2.730652013764847,2.759395719172898,2.669058359319024
600829.SH,20051110,6.5,6.52,6.36,6.4,6.5,-0.1,-1.54,8274.66,5296.696,4.069,2.627995923021808,2.669058359319024,2.6772708465784665,2.611570948502921
600829.SH,20051111,6.36,6.45,6.3,6.4,6.4,0.0,0.0,3152.0,2017.132,4.069,2.627995923021808,2.611570948502921,2.6485271411704154,2.586933486724592
600829.SH,20051114,6.4,6.5,6.4,6.49,6.4,0.09,1.41,1765.92,1136.616,4.069,2.664952115689302,2.627995923021808,2.669058359319024,2.627995923021808
600829.SH,20051115,6.54,6.62,6.51,6.56,6.49,0.07,1.08,5516.67,3614.224,4.069,2.6936958210973527,2.68548333383791,2.7183332828756823,2.673164602948745
600829.SH,20051116,6.5,6.69,6.5,6.61,6.56,0.05,0.76,6129.8,4021.401,4.069,2.714227039245961,2.669058359319024,2.747076988283734,2.669058359319024
600829.SH,20051117,6.65,6.72,6.6,6.61,6.61,0.0,0.0,6718.55,4465.213,4.069,2.714227039245961,2.730652013764847,2.759395719172898,2.7101207956162394
600829.SH,20051118,6.6,6.73,6.52,6.66,6.61,0.05,0.76,6643.26,4400.79,4.069,2.734758257394569,2.7101207956162394,2.76350196280262,2.6772708465784665
600829.SH,20051121,6.6,6.66,6.5,6.56,6.66,-0.1,-1.5,5000.0,3273.632,4.069,2.6936958210973527,2.7101207956162394,2.734758257394569,2.669058359319024
600829.SH,20051122,6.52,6.55,6.46,6.47,6.56,-0.09,-1.37,3381.62,2198.094,4.069,2.656739628429859,2.6772708465784665,2.689589577467632,2.6526333848001373
600829.SH,20051123,6.41,6.5,6.41,6.43,6.47,-0.04,-0.62,2372.0,1530.656,4.069,2.6403146539109725,2.6321021666515296,2.669058359319024,2.6321021666515296
600829.SH,20051124,6.43,6.49,6.41,6.48,6.43,0.05,0.78,2370.42,1529.534,4.069,2.66084587205958,2.6403146539109725,2.664952115689302,2.6321021666515296
600829.SH,20051125,6.5,6.56,6.42,6.46,6.48,-0.02,-0.31,1677.0,1082.105,4.069,2.6526333848001373,2.669058359319024,2.6936958210973527,2.63620841028125
600829.SH,20051128,6.52,6.52,6.3,6.31,6.46,-0.15,-2.32,3651.23,2325.881,4.069,2.5910397303543133,2.6772708465784665,2.6772708465784665,2.586933486724592
600829.SH,20051129,6.31,6.31,6.2,6.23,6.31,-0.08,-1.27,4642.73,2897.405,4.069,2.5581897813165413,2.5910397303543133,2.5910397303543133,2.5458710504273765
600829.SH,20051130,6.2,6.24,6.15,6.23,6.23,0.0,0.0,3235.15,1999.515,4.069,2.5581897813165413,2.5458710504273765,2.5622960249462627,2.525339832278769
600829.SH,20051201,6.18,6.26,6.17,6.23,6.23,0.0,0.0,1538.0,958.217,4.069,2.5581897813165413,2.537658563167933,2.5705085122057056,2.533552319538212
600829.SH,20051202,6.22,6.23,6.18,6.18,6.23,-0.05,-0.8,1292.0,801.031,4.069,2.537658563167933,2.5540835376868194,2.5581897813165413,2.537658563167933
600829.SH,20051205,6.16,6.16,6.02,6.03,6.18,-0.15,-2.43,2567.5,1562.158,4.069,2.4760649087221096,2.52944607590849,2.52944607590849,2.471958665092388
600829.SH,20051206,6.01,6.12,5.98,6.07,6.03,0.04,0.66,1308.0,790.254,4.069,2.492489883240996,2.4678524214626663,2.513021101389604,2.455533690573502
600829.SH,20051207,6.05,6.15,6.05,6.15,6.07,0.08,1.32,2114.26,1288.201,4.069,2.525339832278769,2.4842773959815525,2.525339832278769,2.4842773959815525
600829.SH,20051208,6.15,6.18,6.03,6.04,6.15,-0.11,-1.79,10775.0,6559.033,4.069,2.480171152351831,2.525339832278769,2.537658563167933,2.4760649087221096
600829.SH,20051209,6.04,6.16,6.04,6.15,6.04,0.11,1.82,18348.29,11196.803,4.069,2.525339832278769,2.480171152351831,2.52944607590849,2.480171152351831
600829.SH,20051212,6.17,6.19,6.12,6.18,6.15,0.03,0.49,21035.07,12929.093,4.069,2.537658563167933,2.533552319538212,2.5417648067976546,2.513021101389604
600829.SH,20051213,6.18,6.25,6.14,6.23,6.18,0.05,0.81,25020.74,15427.584,4.069,2.5581897813165413,2.537658563167933,2.566402268575984,2.5212335886490465
600829.SH,20051214,6.23,6.27,6.16,6.27,6.23,0.04,0.64,30687.34,19060.204,4.069,2.574614755835427,2.5581897813165413,2.574614755835427,2.52944607590849
600829.SH,20051215,6.27,6.36,6.2,6.21,6.27,-0.06,-0.96,55644.2,34905.554,4.069,2.549977294057098,2.574614755835427,2.611570948502921,2.5458710504273765
600829.SH,20051216,6.2,6.26,6.2,6.25,6.21,0.04,0.64,6644.75,4138.177,4.069,2.566402268575984,2.5458710504273765,2.5705085122057056,2.5458710504273765
600829.SH,20051219,6.22,6.27,6.2,6.22,6.25,-0.03,-0.48,3067.0,1911.842,4.069,2.5540835376868194,2.5540835376868194,2.574614755835427,2.5458710504273765
600829.SH,20051220,6.2,6.2,6.1,6.18,6.22,-0.04,-0.64,5712.95,3513.057,4.069,2.537658563167933,2.5458710504273765,2.5458710504273765,2.50480861413016
600829.SH,20051221,6.11,6.23,6.11,6.19,6.18,0.01,0.16,2690.5,1662.916,4.069,2.5417648067976546,2.508914857759882,2.5581897813165413,2.508914857759882
600829.SH,20051222,6.15,6.24,6.13,6.15,6.19,-0.04,-0.65,2401.0,1477.659,4.069,2.525339832278769,2.525339832278769,2.5622960249462627,2.517127345019325
600829.SH,20051223,6.16,6.26,6.16,6.23,6.15,0.08,1.3,5854.3,3627.241,4.069,2.5581897813165413,2.52944607590849,2.5705085122057056,2.52944607590849
600829.SH,20051226,6.23,6.29,6.15,6.17,6.23,-0.06,-0.96,6800.0,4217.791,4.069,2.533552319538212,2.5581897813165413,2.5828272430948704,2.525339832278769
600829.SH,20051227,6.18,6.2,6.1,6.12,6.17,-0.05,-0.81,4247.0,2605.335,4.069,2.513021101389604,2.537658563167933,2.5458710504273765,2.50480861413016
600829.SH,20051228,6.1,6.16,6.08,6.09,6.12,-0.03,-0.49,6669.0,4068.393,4.069,2.500702370500439,2.50480861413016,2.52944607590849,2.4965961268707173
600829.SH,20051229,6.11,6.2,6.08,6.16,6.09,0.07,1.15,11355.03,6955.476,4.069,2.52944607590849,2.508914857759882,2.5458710504273765,2.4965961268707173
600829.SH,20051230,6.18,6.19,6.08,6.1,6.16,-0.06,-0.97,4945.72,3029.24,4.069,2.50480861413016,2.537658563167933,2.5417648067976546,2.4965961268707173
600829.SH,20060104,6.13,6.18,6.1,6.17,6.1,0.07,1.15,3594.47,2213.779,4.069,2.533552319538212,2.517127345019325,2.537658563167933,2.50480861413016
600829.SH,20060105,6.16,6.35,6.16,6.3,6.17,0.13,2.11,14361.01,8978.107,4.069,2.586933486724592,2.52944607590849,2.6074647048732,2.52944607590849
600829.SH,20060106,6.3,6.79,6.24,6.49,6.3,0.19,3.02,26187.6,17062.851,4.069,2.664952115689302,2.586933486724592,2.788139424580949,2.5622960249462627
600829.SH,20060109,6.55,6.57,6.43,6.46,6.49,-0.03,-0.46,12610.73,8175.855,4.069,2.6526333848001373,2.689589577467632,2.697802064727074,2.6403146539109725
600829.SH,20060110,6.44,6.57,6.44,6.51,6.46,0.05,0.77,12843.14,8357.749,4.069,2.673164602948745,2.6444208975406944,2.697802064727074,2.6444208975406944
600829.SH,20060111,6.52,6.52,6.3,6.31,6.51,-0.2,-3.07,14647.59,9356.342,4.069,2.5910397303543133,2.6772708465784665,2.6772708465784665,2.586933486724592
600829.SH,20060112,6.3,6.4,6.28,6.38,6.31,0.07,1.11,18766.52,11915.748,4.069,2.619783435762365,2.586933486724592,2.627995923021808,2.578720999465149
600829.SH,20060113,6.38,6.41,6.27,6.38,6.38,0.0,0.0,16578.03,10533.283,4.069,2.619783435762365,2.619783435762365,2.6321021666515296,2.574614755835427
600829.SH,20060116,6.37,6.55,6.34,6.35,6.38,-0.03,-0.47,10189.01,6551.825,4.069,2.6074647048732,2.6156771921326434,2.689589577467632,2.603358461243478
600829.SH,20060117,6.35,6.4,6.24,6.27,6.35,-0.08,-1.26,9208.74,5798.129,4.069,2.574614755835427,2.6074647048732,2.627995923021808,2.5622960249462627
600829.SH,20060118,6.27,6.46,6.27,6.4,6.27,0.13,2.07,12362.55,7848.766,4.069,2.627995923021808,2.574614755835427,2.6526333848001373,2.574614755835427
600829.SH,20060119,6.4,6.41,6.31,6.4,6.4,0.0,0.0,12070.04,7685.246,4.069,2.627995923021808,2.627995923021808,2.6321021666515296,2.5910397303543133
600829.SH,20060120,6.4,6.51,6.34,6.48,6.4,0.08,1.25,16264.24,10476.123,4.069,2.66084587205958,2.627995923021808,2.673164602948745,2.603358461243478
600829.SH,20060123,6.47,6.56,6.37,6.5,6.48,0.02,0.31,16652.41,10792.248,4.069,2.669058359319024,2.656739628429859,2.6936958210973527,2.6156771921326434
600829.SH,20060124,6.51,6.68,6.48,6.54,6.5,0.04,0.62,22883.34,15103.483,4.069,2.68548333383791,2.673164602948745,2.7429707446540115,2.66084587205958
600829.SH,20060125,6.54,6.61,6.47,6.58,6.54,0.04,0.61,13792.13,9023.033,4.069,2.701908308356796,2.68548333383791,2.714227039245961,2.656739628429859
600829.SH,20060206,6.6,6.69,6.55,6.6,6.58,0.02,0.3,19235.86,12657.405,4.069,2.7101207956162394,2.7101207956162394,2.747076988283734,2.689589577467632
600829.SH,20060207,6.6,6.61,6.45,6.49,6.6,-0.11,-1.67,15952.27,10385.696,4.069,2.664952115689302,2.7101207956162394,2.714227039245961,2.6485271411704154
600829.SH,20060208,6.5,6.7,6.49,6.68,6.49,0.19,2.93,22936.21,15160.783,4.069,2.7429707446540115,2.669058359319024,2.751183231913455,2.664952115689302
600829.SH,20060209,6.68,6.69,6.52,6.54,6.68,-0.14,-2.1,10054.81,6634.883,4.069,2.68548333383791,2.7429707446540115,2.747076988283734,2.6772708465784665
600829.SH,20060213,6.6,6.75,6.56,6.66,6.54,0.12,1.83,16970.1,11286.204,4.069,2.734758257394569,2.7101207956162394,2.771714450062063,2.6936958210973527
600829.SH,20060214,6.7,6.9,6.61,6.79,6.66,0.13,1.95,28611.07,19442.509,4.069,2.788139424580949,2.751183231913455,2.8333081045078865,2.714227039245961
600829.SH,20060215,6.8,6.82,6.66,6.72,6.79,-0.07,-1.03,16446.0,11044.761,4.069,2.759395719172898,2.7922456682106707,2.800458155470114,2.734758257394569
600829.SH,20060216,6.73,6.75,6.43,6.45,6.72,-0.27,-4.02,18278.8,11947.017,4.069,2.6485271411704154,2.76350196280262,2.771714450062063,2.6403146539109725
600829.SH,20060217,6.42,6.49,6.37,6.38,6.45,-0.07,-1.09,10464.0,6725.498,4.069,2.619783435762365,2.63620841028125,2.664952115689302,2.6156771921326434
600829.SH,20060220,6.41,6.44,6.32,6.35,6.38,-0.03,-0.47,7749.61,4940.867,4.069,2.6074647048732,2.6321021666515296,2.6444208975406944,2.5951459739840352
600829.SH,20060221,6.3,6.42,6.27,6.41,6.35,0.06,0.94,8822.8,5590.709,4.069,2.6321021666515296,2.586933486724592,2.63620841028125,2.574614755835427
600829.SH,20060222,6.42,6.48,6.35,6.36,6.41,-0.05,-0.78,8394.5,5400.954,4.069,2.611570948502921,2.63620841028125,2.66084587205958,2.6074647048732
600829.SH,20060223,6.36,6.37,6.27,6.31,6.36,-0.05,-0.79,11750.19,7407.874,4.069,2.5910397303543133,2.611570948502921,2.6156771921326434,2.574614755835427
600829.SH,20060224,6.29,6.41,6.29,6.38,6.31,0.07,1.11,7514.03,4778.459,4.069,2.619783435762365,2.5828272430948704,2.6321021666515296,2.5828272430948704
600829.SH,20060227,6.4,6.45,6.35,6.39,6.38,0.01,0.16,7389.67,4731.489,4.069,2.623889679392086,2.627995923021808,2.6485271411704154,2.6074647048732
600829.SH,20060228,6.32,6.45,6.3,6.44,6.39,0.05,0.78,5097.67,3238.304,4.069,2.6444208975406944,2.5951459739840352,2.6485271411704154,2.586933486724592
600829.SH,20060301,6.44,6.44,6.33,6.4,6.44,-0.04,-0.62,6793.75,4337.069,4.069,2.627995923021808,2.6444208975406944,2.6444208975406944,2.5992522176137567
600829.SH,20060302,6.4,6.42,6.28,6.3,6.4,-0.1,-1.56,6945.92,4412.071,4.069,2.586933486724592,2.627995923021808,2.63620841028125,2.578720999465149
600829.SH,20060303,6.28,6.3,6.16,6.2,6.3,-0.1,-1.59,9506.0,5914.37,4.069,2.5458710504273765,2.578720999465149,2.586933486724592,2.52944607590849
600829.SH,20060306,6.22,6.28,6.16,6.25,6.2,0.05,0.81,4087.44,2539.316,4.069,2.566402268575984,2.5540835376868194,2.578720999465149,2.52944607590849
600829.SH,20060307,6.23,6.23,6.02,6.03,6.25,-0.22,-3.52,8069.0,4907.481,4.069,2.4760649087221096,2.5581897813165413,2.5581897813165413,2.471958665092388
600829.SH,20060308,6.01,6.03,5.85,5.91,6.03,-0.12,-1.99,7046.0,4177.469,4.069,2.4267899851654504,2.4678524214626663,2.4760649087221096,2.402152523387121
600829.SH,20060309,5.91,6.1,5.91,5.93,5.91,0.02,0.34,3091.82,1838.952,4.069,2.4350024724248938,2.4267899851654504,2.50480861413016,2.4267899851654504
600829.SH,20060310,5.94,6.06,5.93,5.98,5.93,0.05,0.84,4306.0,2576.013,4.069,2.455533690573502,2.439108716054615,2.4883836396112744,2.4350024724248938
600829.SH,20060313,5.99,6.0,5.85,5.94,5.98,-0.04,-0.67,4670.0,2756.794,4.069,2.439108716054615,2.459639934203224,2.463746177832945,2.402152523387121
600829.SH,20060314,5.91,6.01,5.91,6.0,5.94,0.06,1.01,4021.7,2398.667,4.069,2.463746177832945,2.4267899851654504,2.4678524214626663,2.4267899851654504
600829.SH,20060315,6.0,6.01,5.91,6.0,6.0,0.0,0.0,2687.13,1606.416,4.069,2.463746177832945,2.463746177832945,2.4678524214626663,2.4267899851654504
600829.SH,20060316,6.0,6.01,5.95,5.97,6.0,-0.03,-0.5,2305.0,1376.738,4.069,2.45142744694378,2.463746177832945,2.4678524214626663,2.443214959684337
600829.SH,20060317,5.98,6.09,5.98,6.08,5.97,0.11,1.84,4536.9,2741.741,4.069,2.4965961268707173,2.455533690573502,2.500702370500439,2.455533690573502
600829.SH,20060320,6.08,6.2,6.08,6.2,6.08,0.12,1.97,8617.71,5295.558,4.069,2.5458710504273765,2.4965961268707173,2.5458710504273765,2.4965961268707173
600829.SH,20060321,6.22,6.24,6.0,6.16,6.2,-0.04,-0.65,7587.79,4679.764,4.069,2.52944607590849,2.5540835376868194,2.5622960249462627,2.463746177832945
600829.SH,20060322,6.23,6.5,6.23,6.45,6.16,0.29,4.71,27355.15,17584.956,4.069,2.6485271411704154,2.5581897813165413,2.669058359319024,2.5581897813165413
600829.SH,20060323,6.44,7.1,6.42,6.93,6.45,0.48,7.44,91402.66,63299.986,4.069,2.845626835397051,2.6444208975406944,2.9154329771023177,2.63620841028125
600829.SH,20060324,6.88,7.45,6.8,7.3,6.93,0.37,5.34,90712.09,65350.457,4.069,2.997557849696749,2.825095617248444,3.0591515041425734,2.7922456682106707
600829.SH,20060327,7.26,7.4,7.11,7.26,7.3,-0.04,-0.55,28495.42,20634.931,4.069,2.981132875177863,2.981132875177863,3.0386202859939653,2.91953922073204
600829.SH,20060328,7.28,7.38,7.15,7.38,7.26,0.12,1.65,23252.77,16913.297,4.069,3.030407798734522,2.9893453624373065,3.030407798734522,2.935964195250926
600829.SH,20060329,7.32,7.68,7.3,7.48,7.38,0.1,1.36,34305.07,25630.421,4.069,3.071470235031738,3.005770336956193,3.153595107626169,2.997557849696749
600829.SH,20060330,7.48,7.58,7.2,7.21,7.48,-0.27,-3.61,19307.64,14162.154,4.069,2.960601657029255,3.071470235031738,3.1125326713289536,2.956495413399534
600829.SH,20060331,7.16,7.46,7.11,7.2,7.21,-0.01,-0.14,18958.89,13734.175,4.069,2.956495413399534,2.940070438880648,3.063257747772295,2.91953922073204
600829.SH,20060403,7.2,7.48,7.13,7.45,7.2,0.25,3.47,21060.7,15526.346,4.069,3.0591515041425734,2.956495413399534,3.071470235031738,2.9277517079914825
600829.SH,20060404,7.49,8.13,7.39,8.05,7.45,0.6,8.05,41953.61,33092.219,4.069,3.305526121925868,3.07557647866146,3.33837607096364,3.0345140423642434
600829.SH,20060405,8.02,8.29,7.9,8.06,8.05,0.01,0.12,26870.56,21841.689,4.069,3.309632365555589,3.2932073910367023,3.404075969039185,3.243932467480044
600829.SH,20060406,8.06,8.48,8.06,8.34,8.06,0.28,3.47,43317.52,36040.287,4.069,3.424607187187793,3.309632365555589,3.482094598003896,3.309632365555589
600829.SH,20060407,8.34,8.53,8.18,8.46,8.34,0.12,1.44,39422.88,32951.354,4.069,3.4738821107444524,3.424607187187793,3.5026258161525026,3.358907289112248
600829.SH,20060410,8.47,8.65,8.3,8.53,8.46,0.07,0.83,25232.75,21282.993,4.069,3.5026258161525026,3.477988354374174,3.5519007397091618,3.408182212668907
600829.SH,20060517,9.38,9.38,9.38,9.38,8.53,0.85,9.96,22203.39,20826.78,4.069,3.851656524678837,3.851656524678837,3.851656524678837,3.851656524678837
600829.SH,20060518,10.08,10.32,9.88,10.32,9.38,0.94,10.02,81627.83,83698.831,4.069,4.237643425872665,4.139093578759348,4.237643425872665,4.056968706164916
600829.SH,20060519,10.89,11.35,10.5,11.35,10.32,1.03,9.98,76142.72,84601.062,4.069,4.660586519733987,4.471699312766795,4.660586519733987,4.311555811207653
600829.SH,20060601,10.98,11.49,10.38,11.18,11.35,-0.17,-1.5,58055.02,64130.22,4.069,4.59078037802872,4.508655505434289,4.71807393055009,4.262280887650995
600829.SH,20060602,11.21,11.35,10.06,10.26,11.18,-0.92,-8.23,75044.61,78996.54,4.069,4.213005964094336,4.603099108917886,4.660586519733987,4.130881091499904
600829.SH,20060605,10.14,10.49,10.06,10.41,10.26,0.15,1.46,27918.5,28883.184,4.069,4.274599618540159,4.1637310405376775,4.307449567577932,4.130881091499904
600829.SH,20060606,10.3,10.88,10.3,10.58,10.41,0.17,1.63,25977.7,27669.752,4.069,4.344405760245426,4.229430938613223,4.467593069137074,4.229430938613223
600829.SH,20060607,10.42,10.58,9.9,9.9,10.58,-0.68,-6.43,21563.78,21985.244,4.069,4.065181193424358,4.278705862169881,4.344405760245426,4.065181193424358
600829.SH,20060608,9.9,10.2,9.83,10.11,9.9,0.21,2.12,17840.16,17900.688,4.069,4.151412309648512,4.065181193424358,4.188368502316006,4.036437488016308
600829.SH,20060609,10.1,10.18,9.61,9.74,10.11,-0.37,-3.66,9840.76,9790.661,4.069,3.999481295348814,4.14730606601879,4.180156015056562,3.9461001281624326
600829.SH,20060612,9.62,9.82,9.53,9.72,9.74,-0.02,-0.21,7673.35,7421.583,4.069,3.991268808089371,3.950206371792155,4.032331244386587,3.913250179124661
600829.SH,20060613,9.72,10.15,9.61,9.8,9.72,0.08,0.82,14212.22,14063.547,4.069,4.024118757127144,3.991268808089371,4.167837284167399,3.9461001281624326
600829.SH,20060614,9.7,10.01,9.55,10.0,9.8,0.2,2.04,15503.07,15187.564,4.069,4.106243629721575,3.983056320829927,4.110349873351296,3.921462666384104
600829.SH,20060615,9.99,10.09,9.59,9.72,10.0,-0.28,-2.8,18097.07,17643.468,4.069,3.991268808089371,4.1021373860918535,4.143199822389069,3.93788764090299
600829.SH,20060616,9.79,9.98,9.7,9.95,9.72,0.23,2.37,10026.51,9892.757,4.069,4.085712411572966,4.020012513497422,4.098031142462132,3.983056320829927
600829.SH,20060619,9.79,10.95,9.7,10.95,9.95,1.0,10.05,39301.36,41495.674,4.069,4.496336774545124,4.020012513497422,4.496336774545124,3.983056320829927
600829.SH,20060620,11.0,11.4,10.9,10.92,10.95,-0.03,-0.27,29086.4,32479.751,4.069,4.48401804365596,4.516867992693732,4.681117737882595,4.475805556396517
600829.SH,20060621,10.85,10.95,10.5,10.76,10.92,-0.16,-1.47,17861.14,19152.411,4.069,4.418318145580415,4.455274338247908,4.496336774545124,4.311555811207653
600829.SH,20060622,10.76,11.8,10.7,11.59,10.76,0.83,7.71,36192.97,41001.286,4.069,4.759136366847304,4.418318145580415,4.845367483071459,4.393680683802085
600829.SH,20060623,11.58,11.75,11.31,11.5,11.59,-0.09,-0.78,21294.44,24473.853,4.069,4.722180174179811,4.755030123217583,4.82483626492285,4.644161545215101
600829.SH,20060626,11.55,12.51,11.55,12.14,11.5,0.64,5.57,46556.85,56710.195,4.069,4.984979766481992,4.742711392328419,5.136910780781689,4.742711392328419
600829.SH,20060627,12.18,12.48,11.91,12.19,12.14,0.05,0.41,11450.34,14002.214,4.069,5.005510984630599,5.001404741000878,5.1245920498925255,4.890536162998395
600829.SH,20060628,12.17,12.5,12.01,12.15,12.19,-0.04,-0.33,15277.87,18809.584,4.069,4.989086010111714,4.997298497371156,5.132804537151968,4.931598599295612
600829.SH,20060629,12.2,12.28,10.94,11.34,12.15,-0.81,-6.67,108765.27,123266.892,4.069,4.656480276104266,5.00961722826032,5.042467177298093,4.4922305309154025
600829.SH,20060630,11.25,11.34,10.77,11.1,11.34,-0.24,-2.12,87674.0,96566.959,4.069,4.557930428990948,4.619524083436772,4.656480276104266,4.422424389210136
600829.SH,20060703,11.0,11.28,10.91,11.26,11.1,0.16,1.44,32979.37,36693.237,4.069,4.6236303270664925,4.516867992693732,4.631842814325936,4.479911800026238
600829.SH,20060705,11.46,11.46,10.98,11.16,11.26,-0.1,-0.89,15260.7,16991.281,4.069,4.582567890769278,4.705755199660925,4.705755199660925,4.508655505434289
600829.SH,20060706,11.16,11.59,11.11,11.48,11.16,0.32,2.87,33024.74,37737.112,4.069,4.713967686920368,4.582567890769278,4.759136366847304,4.562036672620669
600829.SH,20060707,11.41,11.99,11.32,11.66,11.48,0.18,1.57,23852.24,27785.718,4.069,4.787880072255357,4.6852239815123164,4.923386112036168,4.648267788844823
600829.SH,20060710,11.68,11.92,11.5,11.72,11.66,0.06,0.51,18371.51,21509.472,4.069,4.812517534033686,4.796092559514799,4.894642406628117,4.722180174179811
600829.SH,20060711,11.7,11.79,11.22,11.48,11.62,-0.14,-1.2,17593.95,20154.837,4.104,4.754515455178469,4.8456298628561045,4.882903938724229,4.646834791559444
600829.SH,20060712,11.48,11.7,11.22,11.28,11.48,-0.2,-1.74,15652.93,17828.019,4.104,4.671684175471527,4.754515455178469,4.8456298628561045,4.646834791559444
600829.SH,20060713,11.4,11.4,10.15,10.25,11.28,-1.03,-9.13,47975.66,50478.839,4.104,4.245103084980776,4.721382943295692,4.721382943295692,4.203687445127304
600829.SH,20060714,10.2,10.49,10.01,10.24,10.25,-0.01,-0.1,20046.86,20650.67,4.104,4.240961520995429,4.22439526505404,4.344500620629106,4.145705549332446
600829.SH,20060717,10.18,10.43,9.93,10.34,10.24,0.1,0.98,10090.5,10351.196,4.104,4.2823771608489,4.216112137083346,4.319651236717024,4.1125730374496685
600829.SH,20060718,10.31,10.36,10.08,10.2,10.34,-0.14,-1.35,10939.1,11131.776,4.104,4.22439526505404,4.269952468892859,4.290660288819594,4.174696497229875
600829.SH,20060719,10.25,10.35,9.9,9.98,10.2,-0.22,-2.16,15724.74,15768.859,4.104,4.133280857376404,4.245103084980776,4.286518724834246,4.100148345493627
600829.SH,20060720,9.9,10.68,9.89,10.5,9.98,0.52,5.21,24372.45,25251.196,4.104,4.348642184614453,4.100148345493627,4.423190336350701,4.09600678150828
600829.SH,20060721,10.5,10.6,10.36,10.5,10.5,0.0,0.0,11666.3,12217.229,4.104,4.348642184614453,4.348642184614453,4.390057824467924,4.290660288819594
600829.SH,20060724,10.31,10.54,10.02,10.41,10.5,-0.09,-0.86,4261.75,4419.306,4.104,4.311368108746329,4.269952468892859,4.365208440555841,4.149847113317792
600829.SH,20060725,10.45,10.68,10.45,10.66,10.41,0.25,2.4,12368.78,13127.921,4.104,4.414907208380007,4.327934364687717,4.423190336350701,4.327934364687717
600829.SH,20060726,10.7,11.07,10.58,10.95,10.66,0.29,2.72,14996.87,16359.165,4.104,4.535012563955073,4.431473464321395,4.584711331779237,4.381774696497231
600829.SH,20060727,11.1,11.1,10.72,10.87,10.95,-0.08,-0.73,9778.99,10631.695,4.104,4.501880052072296,4.597136023735279,4.597136023735279,4.439756592292089
600829.SH,20060728,10.86,10.95,10.72,10.88,10.87,0.01,0.09,12826.15,13891.313,4.104,4.506021616057644,4.497738488086949,4.535012563955073,4.439756592292089
600829.SH,20060731,10.9,10.9,10.22,10.28,10.88,-0.6,-5.51,9371.0,9774.496,4.104,4.257527776936817,4.514304744028338,4.514304744028338,4.232678393024735
600829.SH,20060801,10.28,10.47,10.16,10.29,10.28,0.01,0.1,4387.1,4522.523,4.104,4.261669340922164,4.257527776936817,4.336217492658412,4.207829009112652
600829.SH,20060802,10.28,10.39,9.9,10.24,10.29,-0.05,-0.49,5925.75,5987.174,4.104,4.240961520995429,4.257527776936817,4.303084980775635,4.100148345493627
600829.SH,20060803,10.36,10.48,10.2,10.33,10.24,0.09,0.88,4225.94,4375.2,4.104,4.278235596863553,4.290660288819594,4.340359056643759,4.22439526505404
600829.SH,20060804,10.4,10.45,10.0,10.02,10.33,-0.31,-3.0,5535.0,5625.022,4.104,4.149847113317792,4.307226544760982,4.327934364687717,4.141563985347098
600829.SH,20060807,9.98,10.04,9.81,9.92,10.02,-0.1,-1.0,6395.2,6340.088,4.104,4.1084314734643215,4.133280857376404,4.158130241288486,4.062874269625504
600829.SH,20060808,10.0,10.12,9.9,10.12,9.92,0.2,2.02,5024.42,5039.502,4.104,4.191262753171263,4.141563985347098,4.191262753171263,4.100148345493627
600829.SH,20060809,10.28,10.28,10.0,10.08,10.12,-0.04,-0.4,2553.34,2577.387,4.104,4.174696497229875,4.257527776936817,4.257527776936817,4.141563985347098
600829.SH,20060810,10.1,10.19,10.0,10.08,10.08,0.0,0.0,5392.5,5445.629,4.104,4.174696497229875,4.182979625200569,4.220253701068693,4.141563985347098
600829.SH,20060811,10.15,10.19,10.0,10.18,10.08,0.1,0.99,7144.3,7229.303,4.104,4.216112137083346,4.203687445127304,4.220253701068693,4.141563985347098
600829.SH,20060814,10.2,10.78,10.2,10.45,10.18,0.27,2.65,17304.29,18212.474,4.104,4.327934364687717,4.22439526505404,4.464605976204171,4.22439526505404
600829.SH,20060815,10.36,10.5,10.35,10.47,10.45,0.02,0.19,5969.63,6232.105,4.104,4.336217492658412,4.290660288819594,4.348642184614453,4.286518724834246
600829.SH,20060816,10.75,10.88,10.58,10.65,10.47,0.18,1.72,7103.88,7590.612,4.104,4.41076564439466,4.452181284248131,4.506021616057644,4.381774696497231
600829.SH,20060817,10.6,10.65,10.3,10.51,10.65,-0.14,-1.31,7057.62,7395.598,4.104,4.3527837485998,4.390057824467924,4.41076564439466,4.265810904907511
600829.SH,20060818,10.4,10.6,10.4,10.47,10.51,-0.04,-0.38,5526.0,5772.958,4.104,4.336217492658412,4.307226544760982,4.390057824467924,4.307226544760982
600829.SH,20060821,10.38,10.5,10.01,10.49,10.47,0.02,0.19,5743.19,5947.535,4.104,4.344500620629106,4.298943416790288,4.348642184614453,4.145705549332446
600829.SH,20060822,10.5,11.0,10.5,10.8,10.49,0.31,2.96,17094.57,18426.651,4.104,4.472889104174866,4.348642184614453,4.555720383881808,4.348642184614453
600829.SH,20060823,10.75,11.1,10.75,10.83,10.8,0.03,0.28,11911.7,12984.286,4.104,4.485313796130908,4.452181284248131,4.597136023735279,4.452181284248131
600829.SH,20060824,10.93,10.93,10.75,10.9,10.83,0.07,0.65,10670.62,11601.922,4.104,4.514304744028338,4.526729435984379,4.526729435984379,4.452181284248131
600829.SH,20060825,10.9,11.0,10.85,10.89,10.9,-0.01,-0.09,8067.55,8787.372,4.104,4.51016318004299,4.514304744028338,4.555720383881808,4.493596924101602
600829.SH,20060828,10.9,11.18,10.9,11.12,10.89,0.23,2.11,11967.78,13239.538,4.104,4.6054191517059735,4.514304744028338,4.630268535618056,4.514304744028338
600829.SH,20060829,11.1,11.19,11.05,11.11,11.12,-0.01,-0.09,15272.64,16977.448,4.104,4.601277587720626,4.597136023735279,4.634410099603403,4.576428203808544
600829.SH,20060830,11.01,11.11,10.88,10.98,11.11,-0.13,-1.17,7260.83,7982.874,4.104,4.547437255911114,4.559861947867155,4.601277587720626,4.506021616057644
600829.SH,20060831,10.98,11.29,10.92,11.28,10.98,0.3,2.73,13711.83,15310.979,4.104,4.671684175471527,4.547437255911114,4.675825739456873,4.522587871999031
600829.SH,20060901,11.25,11.3,11.02,11.15,11.28,-0.13,-1.15,8471.43,9459.548,4.104,4.617843843662015,4.659259483515486,4.679967303442222,4.564003511852502
600829.SH,20060904,11.06,11.25,11.06,11.16,11.15,0.01,0.09,3488.88,3902.658,4.104,4.621985407647362,4.580569767793891,4.659259483515486,4.580569767793891
600829.SH,20060905,11.13,11.15,10.94,10.95,11.16,-0.21,-1.88,7023.5,7741.26,4.104,4.535012563955073,4.6095607156913205,4.617843843662015,4.530870999969725
600829.SH,20060906,10.9,10.99,10.83,10.85,10.95,-0.1,-0.91,5307.52,5779.315,4.104,4.493596924101602,4.514304744028338,4.551578819896461,4.485313796130908
600829.SH,20060907,10.85,10.86,10.45,10.6,10.85,-0.25,-2.3,12396.09,13161.259,4.104,4.390057824467924,4.493596924101602,4.497738488086949,4.327934364687717
600829.SH,20060908,10.65,10.76,10.57,10.75,10.6,0.15,1.42,3845.75,4110.793,4.104,4.452181284248131,4.41076564439466,4.456322848233477,4.377633132511883
600829.SH,20060911,10.71,10.88,10.66,10.77,10.75,0.02,0.19,3193.8,3430.891,4.104,4.460464412218824,4.435615028306743,4.506021616057644,4.414907208380007
600829.SH,20060912,10.88,10.89,10.74,10.8,10.77,0.03,0.28,2049.86,2221.087,4.104,4.472889104174866,4.506021616057644,4.51016318004299,4.448039720262783
600829.SH,20060913,10.71,10.84,10.66,10.7,10.8,-0.1,-0.93,2699.2,2899.063,4.104,4.431473464321395,4.435615028306743,4.489455360116255,4.414907208380007
600829.SH,20060914,10.7,10.74,10.58,10.74,10.7,0.04,0.37,2629.7,2794.269,4.104,4.448039720262783,4.431473464321395,4.448039720262783,4.381774696497231
600829.SH,20060915,10.7,10.83,10.69,10.74,10.74,0.0,0.0,4601.51,4941.472,4.104,4.448039720262783,4.431473464321395,4.485313796130908,4.427331900336048
600829.SH,20060918,10.74,10.84,10.66,10.76,10.74,0.02,0.19,4920.28,5278.459,4.104,4.456322848233477,4.448039720262783,4.489455360116255,4.414907208380007
600829.SH,20060919,10.79,11.24,10.74,11.15,10.76,0.39,3.62,15009.18,16686.994,4.104,4.617843843662015,4.468747540189519,4.655117919530138,4.448039720262783
600829.SH,20060920,11.15,11.19,11.02,11.09,11.15,-0.06,-0.54,3661.14,4058.517,4.104,4.592994459749932,4.617843843662015,4.634410099603403,4.564003511852502
600829.SH,20060921,11.1,11.78,11.1,11.74,11.09,0.65,5.86,30687.33,35567.689,4.104,4.862196118797494,4.597136023735279,4.878762374738882,4.597136023735279
600829.SH,20060922,11.8,12.32,11.74,12.05,11.74,0.31,2.64,45551.45,55128.83,4.104,4.990584602343254,4.887045502709577,5.1024068299476255,4.862196118797494
600829.SH,20061017,12.3,12.68,12.0,12.17,12.05,0.12,1.0,48090.89,58878.546,4.104,5.040283370167419,5.094123701976931,5.25150313342012,4.969876782416518
600829.SH,20061018,12.01,12.25,11.85,11.92,12.17,-0.25,-2.05,26350.11,31643.068,4.104,4.936744270533741,4.974018346401865,5.073415882050195,4.907753322636311
600829.SH,20061019,11.93,12.35,11.93,12.29,11.92,0.37,3.1,37458.23,45126.557,4.104,5.089982137991584,4.940885834519088,5.114831521903666,4.940885834519088
600829.SH,20061020,12.3,12.56,12.16,12.34,12.29,0.05,0.41,25175.12,31108.882,4.104,5.11068995791832,5.094123701976931,5.201804365595955,5.036141806182071
600829.SH,20061023,12.65,12.8,11.8,11.84,12.34,-0.5,-4.05,35422.0,43523.177,4.104,4.903611758650964,5.23907844146408,5.301201901244286,4.887045502709577
600829.SH,20061109,9.7,10.42,9.52,10.26,11.84,-1.58,-13.34,49084.71,49967.828,5.129,5.310520420211316,5.02066745380602,5.3933355534699725,4.927500428890032
600829.SH,20061110,10.35,10.74,10.06,10.34,10.26,0.08,0.78,35574.45,37124.562,5.129,5.351927986840645,5.35710393266931,5.558965819987284,5.207001503637996
600829.SH,20061113,10.3,10.43,10.08,10.22,10.34,-0.12,-1.16,17631.55,17976.623,5.129,5.289816636896653,5.331224203525981,5.398511499298638,5.217353395295328
600829.SH,20061114,10.3,10.6,10.15,10.45,10.22,0.23,2.25,23035.01,24000.879,5.129,5.40886339095597,5.331224203525981,5.48650257838596,5.253585016095991
600829.SH,20061115,10.5,10.56,10.15,10.33,10.45,-0.12,-1.15,24656.05,25433.973,5.129,5.346752041011978,5.4347431200993,5.465798795071296,5.253585016095991
600829.SH,20061116,10.31,10.31,9.96,9.97,10.33,-0.36,-3.49,16322.95,16473.51,5.129,5.160417991180003,5.336400149354646,5.336400149354646,5.155242045351336
600829.SH,20061117,9.97,10.02,9.7,10.01,9.97,0.04,0.4,15655.54,15399.546,5.129,5.181121774494666,5.160417991180003,5.186297720323332,5.02066745380602
600829.SH,20061120,9.92,10.11,9.7,9.71,10.01,-0.3,-3.0,16535.3,16359.989,5.129,5.025843399634687,5.134538262036672,5.232881232781327,5.02066745380602
600829.SH,20061121,9.66,9.88,9.1,9.57,9.71,-0.14,-1.44,20615.81,19442.602,5.129,4.953380158033362,4.999963670491356,5.1138344787220085,4.71011070408606
600829.SH,20061122,9.52,9.74,9.43,9.57,9.57,0.0,0.0,22913.51,21943.726,5.129,4.953380158033362,4.927500428890032,5.041371237120685,4.880916916432038
600829.SH,20061123,9.57,9.72,9.22,9.71,9.57,0.14,1.46,29795.05,28080.909,5.129,5.025843399634687,4.953380158033362,5.031019345463352,4.772222054030053
600829.SH,20061124,9.67,10.06,9.55,10.02,9.71,0.31,3.19,24139.76,23829.78,5.129,5.186297720323332,5.005139616320022,5.207001503637996,4.943028266376031
600829.SH,20061127,10.02,10.38,10.02,10.33,10.02,0.31,3.09,15495.04,15939.927,5.129,5.346752041011978,5.186297720323332,5.372631770155309,5.186297720323332
600829.SH,20061128,10.34,10.39,10.1,10.25,10.33,-0.08,-0.77,13779.8,14048.362,5.129,5.30534447438265,5.351927986840645,5.377807715983974,5.22770528695266
600829.SH,20061129,10.15,10.7,9.95,10.61,10.25,0.36,3.51,32221.17,33811.872,5.129,5.491678524214626,5.253585016095991,5.53826203667262,5.15006609952267
600829.SH,20061130,10.68,10.89,10.6,10.61,10.61,0.0,0.0,22284.31,23902.906,5.129,5.491678524214626,5.527910145015288,5.636605007417275,5.48650257838596
600829.SH,20061201,10.6,10.79,10.5,10.69,10.61,0.08,0.75,31353.87,33354.511,5.129,5.533086090843954,5.48650257838596,5.5848455491306135,5.4347431200993
600829.SH,20061204,10.61,10.9,10.61,10.72,10.69,0.03,0.28,26080.54,28041.204,5.129,5.548613928329953,5.491678524214626,5.64178095324594,5.491678524214626
600829.SH,20061205,10.84,10.85,10.4,10.45,10.72,-0.27,-2.52,34502.82,36451.238,5.129,5.40886339095597,5.610725278273944,5.61590122410261,5.3829836618126405
600829.SH,20061206,10.4,10.46,9.88,10.1,10.45,-0.35,-3.35,21495.98,21799.095,5.129,5.22770528695266,5.3829836618126405,5.4140393367846364,5.1138344787220085
600829.SH,20061207,10.1,10.14,9.78,10.13,10.1,0.03,0.3,26624.07,26378.894,5.129,5.2432331244386585,5.22770528695266,5.248409070267325,5.062075020435348
600829.SH,20061208,10.0,10.0,9.6,9.63,10.13,-0.5,-4.94,18729.46,18371.101,5.129,4.984435833005358,5.175945828665999,5.175945828665999,4.96890799551936
600829.SH,20061211,9.51,9.86,9.46,9.79,9.63,0.16,1.66,9542.07,9266.03,5.129,5.067250966264014,4.922324483061366,5.103482587064676,4.896444753918036
600829.SH,20061212,9.61,10.15,9.6,9.82,9.79,0.03,0.31,34766.59,34332.386,5.129,5.082778803750013,4.974083941348026,5.253585016095991,4.96890799551936
600829.SH,20061213,9.85,10.05,9.55,9.9,9.82,0.08,0.81,23557.33,23172.487,5.129,5.12418637037934,5.09830664123601,5.201825557809331,4.943028266376031
600829.SH,20061214,9.91,10.49,9.82,10.45,9.9,0.55,5.56,35930.01,36850.448,5.129,5.40886339095597,5.129362316208007,5.429567174270635,5.082778803750013
600829.SH,20061215,10.45,10.63,10.25,10.53,10.45,0.08,0.77,37252.07,38962.157,5.129,5.450270957585298,5.40886339095597,5.502030415871959,5.30534447438265
600829.SH,20061218,10.62,10.78,10.4,10.56,10.53,0.03,0.28,30039.35,31751.19,5.129,5.465798795071296,5.496854470043292,5.579669603301948,5.3829836618126405
600829.SH,20061219,10.61,11.62,10.2,11.62,10.56,1.06,10.04,58764.67,64567.752,5.129,6.014449052909892,5.491678524214626,6.014449052909892,5.279464745239319
600829.SH,20061220,11.58,12.47,11.41,12.01,11.62,0.39,3.36,53853.56,65131.463,5.129,6.216310940227866,5.9937452695952285,6.454404448346502,5.905754190507906
600829.SH,20061221,12.01,12.3,11.88,12.01,12.01,0.0,0.0,44888.27,54166.099,5.129,6.216310940227866,6.216310940227866,6.366413369259181,6.149023644455208
600829.SH,20061222,11.9,12.07,11.32,11.49,12.01,-0.52,-4.33,25154.61,29127.078,5.129,5.947161757137234,6.159375536112541,6.247366615199863,5.859170678049913
600829.SH,20061225,11.47,11.66,11.36,11.48,11.49,-0.01,-0.09,13445.15,15484.769,5.129,5.941985811308569,5.936809865479903,6.035152836224556,5.879874461364576
600829.SH,20061226,11.6,12.3,11.45,12.06,11.48,0.58,5.05,39459.91,47324.789,5.129,6.242190669371197,6.00409716125256,6.366413369259181,5.92645797382257
600829.SH,20061227,12.0,12.39,11.88,12.01,12.06,-0.05,-0.41,20015.66,24265.007,5.129,6.216310940227866,6.2111349943992,6.412996881717175,6.149023644455208
600829.SH,20061228,12.17,12.17,11.5,11.57,12.01,-0.44,-3.66,17214.55,20267.487,5.129,5.988569323766562,6.299126073486522,6.299126073486522,5.9523377029659
600829.SH,20061229,11.61,11.94,11.5,11.65,11.57,0.08,0.69,16726.21,19535.043,5.129,6.02997689039589,6.009273107081226,6.180079319427204,5.9523377029659
600829.SH,20070104,11.65,12.5,11.65,11.85,11.65,0.2,1.72,33411.47,40624.168,5.129,6.13349580696921,6.02997689039589,6.469932285832501,6.02997689039589
600829.SH,20070105,11.85,12.81,11.8,12.8,11.85,0.95,8.02,36177.91,45451.96,5.129,6.625210660692481,6.13349580696921,6.630386606521147,6.10761607782588
600829.SH,20070108,12.97,14.08,12.97,14.08,12.8,1.28,10.0,32256.57,44553.863,5.129,7.287731726761728,6.7132017397798025,7.287731726761728,6.7132017397798025
600829.SH,20070109,14.28,15.49,14.28,15.49,14.08,1.41,10.01,57939.02,88442.875,5.129,8.017540088603633,7.391250643335048,8.017540088603633,7.391250643335048
600829.SH,20070110,15.49,16.0,15.1,15.95,15.49,0.46,2.97,32286.24,50109.498,5.129,8.25563359672227,8.017540088603633,8.2815133258656,7.81567820128566
600829.SH,20070111,15.7,15.8,15.21,15.41,15.95,-0.54,-3.39,29125.42,45278.652,5.129,7.976132521974306,8.12623495100562,8.177994409292282,7.872613605400987
600829.SH,20070112,15.2,15.45,14.75,15.0,15.41,-0.41,-2.66,26556.33,40207.476,5.129,7.763918742998999,7.86743765957232,7.996836305288969,7.63452009728235
600829.SH,20070115,14.95,16.17,14.95,16.0,15.0,1.0,6.67,25833.75,40612.278,5.129,8.2815133258656,7.73803901385567,8.369504404952924,7.73803901385567
600829.SH,20070116,16.1,17.6,15.95,17.6,16.0,1.6,10.0,45121.55,76954.324,5.129,9.10966465845216,8.33327278415226,9.10966465845216,8.25563359672227
600829.SH,20070117,17.7,19.36,17.2,19.36,17.6,1.76,10.0,40919.68,76896.035,5.129,10.020631124297376,9.16142411673882,10.020631124297376,8.90262682530552
600829.SH,20070118,19.35,21.2,18.51,20.42,19.36,1.06,5.48,38099.61,77276.329,5.129,10.569281382135973,10.015455178468711,10.97300515677192,9.580675728860768
600829.SH,20070119,20.1,22.11,19.5,20.99,20.42,0.57,2.79,22653.3,47066.611,5.129,10.864310294369933,10.40365111561866,11.444016227180526,10.0930943658987
600829.SH,20070122,20.88,21.2,20.3,20.42,20.99,-0.57,-2.72,38015.05,78825.275,5.129,10.569281382135973,10.807374890254607,10.97300515677192,10.50717003219198
600829.SH,20070123,20.2,20.2,18.38,18.67,20.42,-1.75,-8.57,42774.08,79814.571,5.129,9.663490862119424,10.45541057390532,10.45541057390532,9.513388433088108
600829.SH,20070124,18.6,19.8,17.1,18.8,18.67,0.13,0.7,54439.41,98645.026,5.129,9.73077815789208,9.62725924131876,10.24837274075868,8.85086736701886
600829.SH,20070125,18.2,18.6,17.8,17.93,18.8,-0.87,-4.63,21115.83,38756.788,5.129,9.280470870798135,9.42022140817212,9.62725924131876,9.21318357502548
600829.SH,20070126,18.0,18.2,16.36,17.38,17.93,-0.55,-3.07,49880.71,84837.082,5.129,8.995793850221508,9.3167024915988,9.42022140817212,8.467847375697577
600829.SH,20070129,17.38,18.49,17.2,18.4,17.38,1.02,5.87,30533.87,54307.17,5.129,9.52374032474544,8.995793850221508,9.570323837203434,8.90262682530552
600829.SH,20070130,18.38,18.5,17.65,17.87,18.4,-0.53,-2.88,19180.65,34608.505,5.129,9.249415195826144,9.513388433088108,9.5754997830321,9.13554438759549
600829.SH,20070131,17.9,18.0,16.43,16.7,17.87,-1.17,-6.55,22783.41,38853.622,5.129,8.64382953387222,9.26494303331214,9.3167024915988,8.504078996498238
600829.SH,20070201,16.69,17.1,16.2,16.89,16.7,0.19,1.14,14683.12,24401.057,5.129,8.742172504616875,8.638653588043555,8.85086736701886,8.38503224243892
600829.SH,20070202,16.89,17.29,16.21,16.26,16.89,-0.63,-3.73,10343.79,17430.482,5.129,8.416087917410918,8.742172504616875,8.949210337763514,8.390208188267586
600829.SH,20070205,16.27,16.76,16.01,16.74,16.26,0.48,2.95,9160.32,15069.488,5.129,8.664533317186883,8.42126386323958,8.674885208844218,8.286689271694268
600829.SH,20070206,16.74,17.4,16.53,17.07,16.74,0.33,1.97,12245.35,20696.288,5.129,8.835339529532861,8.664533317186883,9.006145741878841,8.5558384547849
600829.SH,20070207,17.22,17.5,16.88,17.33,17.07,0.26,1.52,17948.11,30732.754,5.129,8.969914121078178,8.912978716962852,9.0579052001655,8.736996558788208
600829.SH,20070208,17.33,17.47,17.02,17.46,17.33,0.13,0.75,15766.81,27296.303,5.129,9.037201416850838,8.969914121078178,9.0423773626795,8.809459800389531
600829.SH,20070209,17.59,17.59,17.0,17.0,17.46,-0.46,-2.63,11395.75,19507.304,5.129,8.799107908732202,9.104488712623494,9.104488712623494,8.799107908732202
600829.SH,20070212,16.84,17.4,16.72,17.37,17.0,0.37,2.18,14231.44,24307.441,5.129,8.990617904392842,8.716292775473544,9.006145741878841,8.65418142552955
600829.SH,20070213,17.53,18.15,17.53,17.98,17.37,0.61,3.51,13084.16,23438.395,5.129,9.306350599941467,9.0734330376515,9.39434167902879,9.0734330376515
600829.SH,20070214,18.06,18.19,17.79,18.07,17.98,0.09,0.5,12617.47,22657.034,5.129,9.352934112399462,9.347758166570795,9.415045462343455,9.208007629196814
600829.SH,20070215,18.11,18.88,18.11,18.82,18.07,0.75,4.15,18567.2,34330.903,5.129,9.741130049549412,9.373637895714126,9.772185724521409,9.373637895714126
600829.SH,20070216,19.2,19.62,17.5,18.44,18.82,-0.38,-2.02,26711.16,51364.82,5.129,9.544444108060103,9.93781599103872,10.155205715842692,9.0579052001655
600829.SH,20070227,19.06,19.38,16.6,16.6,18.44,-1.84,-9.98,37085.36,65563.001,5.129,8.592070075585562,9.865352749437395,10.030983015954709,8.592070075585562
600829.SH,20070228,16.41,16.9,15.98,16.75,16.6,0.15,0.9,23256.97,37678.88,5.129,8.66970926301555,8.493727104840907,8.74734845044554,8.271161434208269
600829.SH,20070301,16.78,16.78,15.6,15.81,16.75,-0.94,-5.61,20928.72,33559.291,5.129,8.183170355120946,8.68523710050155,8.68523710050155,8.07447549271896
600829.SH,20070302,15.7,16.5,15.6,16.28,15.81,0.47,2.97,12365.12,19802.037,5.129,8.426439809068249,8.12623495100562,8.5403106172989,8.07447549271896
600829.SH,20070305,16.31,16.31,15.77,16.23,16.28,-0.05,-0.31,24709.69,39358.215,5.129,8.400560079924919,8.441967646554247,8.441967646554247,8.162466571806283
600829.SH,20070306,16.26,16.43,15.93,16.26,16.23,0.03,0.18,9271.34,15050.366,5.129,8.416087917410918,8.416087917410918,8.504078996498238,8.245281705064938
600829.SH,20070307,16.27,16.79,16.26,16.63,16.26,0.37,2.28,8691.22,14349.395,5.129,8.607597913071558,8.42126386323958,8.690413046330214,8.416087917410918
600829.SH,20070308,16.81,17.2,16.68,17.14,16.63,0.51,3.07,12469.51,21252.843,5.129,8.871571150333525,8.700764937987547,8.90262682530552,8.633477642214888
600829.SH,20070309,17.31,17.8,17.14,17.15,17.14,0.01,0.06,18778.09,32734.161,5.129,8.87674709616219,8.959562229420845,9.21318357502548,8.871571150333525
600829.SH,20070312,17.2,17.23,16.4,16.74,17.15,-0.41,-2.39,13600.23,22731.093,5.129,8.664533317186883,8.90262682530552,8.918154662791519,8.488551159012239
600829.SH,20070313,16.85,17.15,16.76,16.88,16.74,0.14,0.84,19825.26,33610.399,5.129,8.736996558788208,8.72146872130221,8.87674709616219,8.674885208844218
600829.SH,20070314,16.94,16.94,16.0,16.26,16.88,-0.62,-3.67,40294.28,65054.23,5.129,8.416087917410918,8.768052233760205,8.768052233760205,8.2815133258656
600829.SH,20070315,16.23,16.48,16.23,16.29,16.26,0.03,0.18,15200.16,24815.214,5.129,8.431615754896914,8.400560079924919,8.529958725641569,8.400560079924919
600829.SH,20070316,16.32,16.47,16.1,16.16,16.29,-0.13,-0.8,17115.21,27840.506,5.129,8.364328459124255,8.447143592382911,8.524782779812902,8.33327278415226
600829.SH,20070319,15.75,16.45,15.65,16.3,16.16,0.14,0.87,18212.67,29355.557,5.129,8.43679170072558,8.15211468014895,8.51443088815557,8.10035522186229
600829.SH,20070320,16.32,16.92,16.2,16.82,16.3,0.52,3.19,21947.35,36594.106,5.129,8.705940883816213,8.447143592382911,8.757700342102874,8.38503224243892
600829.SH,20070321,16.8,17.5,16.8,17.3,16.82,0.48,2.85,19418.13,33484.048,5.129,8.95438628359218,8.69558899215888,9.0579052001655,8.69558899215888
600829.SH,20070322,17.33,17.52,17.05,17.15,17.3,-0.15,-0.87,21021.51,36250.938,5.129,8.87674709616219,8.969914121078178,9.068257091822831,8.82498763787553
600829.SH,20070323,17.15,17.35,16.58,17.1,17.15,-0.05,-0.29,16646.09,28088.446,5.129,8.85086736701886,8.87674709616219,8.98026601273551,8.581718183928228
600829.SH,20070326,17.16,17.89,17.02,17.77,17.1,0.67,3.92,24037.04,42205.992,5.129,9.19765573753948,8.881923041990857,9.259767087483477,8.809459800389531
600829.SH,20070327,17.83,18.49,17.83,18.07,17.77,0.3,1.69,22410.53,40720.56,5.129,9.352934112399462,9.228711412511478,9.570323837203434,9.228711412511478
600829.SH,20070328,18.1,18.38,16.8,17.49,18.07,-0.58,-3.21,24376.75,42829.958,5.129,9.052729254336834,9.36846194988546,9.513388433088108,8.69558899215888
600829.SH,20070329,17.5,17.5,16.8,17.0,17.49,-0.49,-2.8,14596.17,24933.203,5.129,8.799107908732202,9.0579052001655,9.0579052001655,8.69558899215888
600829.SH,20070330,16.96,17.43,16.8,17.14,17.0,0.14,0.82,7768.13,13338.432,5.129,8.871571150333525,8.778404125417536,9.02167357936484,8.69558899215888
600829.SH,20070402,17.14,17.41,17.11,17.34,17.14,0.2,1.17,8468.37,14639.062,5.129,8.975090066906844,8.871571150333525,9.011321687707508,8.856043312847527
600829.SH,20070403,17.4,18.98,17.4,18.59,17.34,1.25,7.21,39892.62,73269.482,5.129,9.622083295490096,9.006145741878841,9.823945182808067,9.006145741878841
600829.SH,20070404,18.6,18.73,18.0,18.68,18.59,0.09,0.48,25953.71,47557.309,5.129,9.668666807948089,9.62725924131876,9.69454653709142,9.3167024915988
600829.SH,20070405,18.6,19.18,18.12,18.92,18.68,0.24,1.28,26599.14,50013.667,5.129,9.792889507836072,9.62725924131876,9.927464099381387,9.378813841542792
600829.SH,20070406,18.84,19.65,18.62,19.39,18.92,0.47,2.48,26236.18,50328.665,5.129,10.036158961783377,9.751481941206745,10.17073355332869,9.637611132976094
600829.SH,20070409,19.4,20.45,19.4,19.54,19.39,0.15,0.77,17508.28,34729.682,5.129,10.113798149213364,10.04133490761204,10.58480921962197,10.04133490761204
600829.SH,20070410,19.42,20.13,18.71,19.87,19.54,0.33,1.69,29238.81,56224.304,5.129,10.284604361559342,10.051686799269374,10.419178953104655,9.684194645434086
600829.SH,20070411,19.87,19.88,19.12,19.54,19.87,-0.33,-1.66,11061.59,21552.87,5.129,10.113798149213364,10.284604361559342,10.289780307388009,9.896408424409392
600829.SH,20070412,19.49,20.3,19.02,20.2,19.54,0.66,3.38,21979.26,43442.271,5.129,10.45541057390532,10.087918420070034,10.50717003219198,9.844648966122731
600829.SH,20070413,20.25,21.2,19.72,19.81,20.2,-0.39,-1.93,37787.98,77567.027,5.129,10.253548686587346,10.48129030304865,10.97300515677192,10.206965174129351
600829.SH,20070416,19.69,20.5,19.21,19.49,19.81,-0.32,-1.62,33171.46,64550.907,5.129,10.087918420070034,10.191437336643355,10.6106889487653,9.942991936867386
600829.SH,20070417,19.53,19.8,18.7,19.76,19.49,0.27,1.39,48096.74,92945.339,5.129,10.227668957444015,10.1086222033847,10.24837274075868,9.67901869960542
600829.SH,20070418,19.8,20.96,19.3,20.92,19.76,1.16,5.87,39837.13,80676.243,5.129,10.828078673569271,10.24837274075868,10.848782456883937,9.98957544932538
600829.SH,20070419,20.7,20.88,19.68,20.8,20.92,-0.12,-0.57,40078.27,81757.467,5.129,10.76596732362528,10.71420786533862,10.807374890254607,10.186261390814687
600829.SH,20070420,21.0,21.95,20.64,21.65,20.8,0.85,4.09,38463.78,81822.353,5.129,11.20592271906189,10.8694862401986,11.36120109392187,10.683152190366624
600829.SH,20070423,21.7,22.69,21.67,22.08,21.65,0.43,1.99,29271.15,64701.236,5.129,11.428488389694529,11.23180244820522,11.744221085243156,11.216274610719225
600829.SH,20070424,22.12,24.15,22.1,22.75,22.08,0.67,3.03,46314.68,106241.205,5.129,11.775276760215151,11.449192173009193,12.499909176228387,11.438840281351862
600829.SH,20070425,22.4,23.58,22.0,22.75,22.75,0.0,0.0,21121.03,48063.057,5.129,11.775276760215151,11.59411865621184,12.204880263994427,11.3870808230652
600829.SH,20070426,22.7,24.0,22.5,22.83,22.75,0.08,0.35,16152.53,37111.837,5.129,11.816684326844475,11.74939703107182,12.4222699887984,11.6458781144985
600829.SH,20070427,22.83,22.98,21.7,21.75,22.83,-1.08,-4.73,21811.61,48457.219,5.129,11.257682177348553,11.816684326844475,11.894323514274468,11.23180244820522
600829.SH,20070430,21.5,21.5,20.55,21.36,21.75,-0.39,-1.79,27962.75,58409.12,5.129,11.055820290030576,11.1282835316319,11.1282835316319,10.636568677908633
600829.SH,20070508,21.48,22.75,21.38,21.94,21.36,0.58,2.72,39393.4,86075.607,5.129,11.356025148093206,11.117931639974568,11.775276760215151,11.066172181687907
600829.SH,20070509,21.93,21.93,20.35,20.64,21.94,-1.3,-5.93,36851.02,76840.222,5.129,10.683152190366624,11.350849202264538,11.350849202264538,10.533049761335311
600829.SH,20070511,20.5,20.5,19.93,20.3,20.64,-0.34,-1.65,23248.11,46993.691,5.129,10.50717003219198,10.6106889487653,10.6106889487653,10.31566003653134
600829.SH,20070514,20.3,21.3,20.13,20.37,20.3,0.07,0.34,28197.32,58029.421,5.129,10.543401652992642,10.50717003219198,11.02476461505858,10.419178953104655
600829.SH,20070515,20.5,20.9,19.9,19.92,20.37,-0.45,-2.21,22068.86,45071.458,5.129,10.310484090702673,10.6106889487653,10.81772678191194,10.30013219904534
600829.SH,20070516,20.02,20.99,19.7,20.96,19.92,1.04,5.22,27807.38,57070.53,5.129,10.848782456883937,10.362243548989332,10.864310294369933,10.19661328247202
600829.SH,20070517,21.28,22.12,20.99,22.0,20.96,1.04,4.96,53056.46,113787.458,5.129,11.3870808230652,11.014412723401248,11.449192173009193,10.864310294369933
600829.SH,20070518,22.36,22.55,21.7,21.72,22.0,-0.28,-1.27,28593.8,63181.794,5.129,11.242154339862552,11.573414872897176,11.67175784364183,11.23180244820522
600829.SH,20070521,20.7,21.88,20.6,21.64,21.72,-0.08,-0.37,23945.33,51297.499,5.129,11.200746773233224,10.71420786533862,11.324969473121207,10.66244840705196
600829.SH,20070522,21.62,22.4,21.05,21.96,21.64,0.32,1.48,37594.22,81457.328,5.129,11.366377039750535,11.190394881575893,11.59411865621184,10.895365969341931
600829.SH,20070523,21.76,23.61,21.7,23.33,21.96,1.37,6.24,55022.23,126987.003,5.129,12.07548161827778,11.262858123177216,12.220408101480428,11.23180244820522
600829.SH,20070524,23.75,23.76,22.3,22.73,23.33,-0.6,-2.57,21157.93,48367.865,5.129,11.764924868557818,12.29287134308175,12.298047288910416,11.54235919792518
600829.SH,20070525,22.5,23.16,22.3,22.76,22.73,0.03,0.13,25031.76,57363.458,5.129,11.780452706043818,11.6458781144985,11.987490539190455,11.54235919792518
600829.SH,20070529,23.3,23.95,22.86,23.42,22.76,0.66,2.9,37479.81,88025.559,5.129,12.122065130735772,12.05995378079178,12.396390259655073,11.832212164330477
600829.SH,20070530,21.09,23.3,21.08,21.17,23.42,-2.25,-9.61,48727.68,106967.472,5.129,10.957477319285925,10.916069752656597,12.05995378079178,10.910893806827929
600829.SH,20070531,20.75,22.18,20.2,22.0,21.17,0.83,3.92,23977.18,52025.563,5.129,11.3870808230652,10.740087594481947,11.48024784798119,10.45541057390532
600829.SH,20070601,22.0,23.65,22.0,22.77,22.0,0.77,3.5,30711.75,70423.852,5.129,11.785628651872482,11.3870808230652,12.24111188479509,11.3870808230652
600829.SH,20070604,22.5,23.18,20.49,20.49,22.77,-2.28,-10.01,36152.75,74631.853,5.129,10.605513002936634,11.6458781144985,11.997842430847788,10.605513002936634
600829.SH,20070605,19.0,20.78,18.44,20.67,20.49,0.18,0.88,24119.53,45502.556,5.129,10.698680027852625,9.8342970744654,10.755615431967948,9.544444108060103
600829.SH,20070606,20.7,20.88,19.7,20.2,20.67,-0.47,-2.27,14218.64,28877.27,5.129,10.45541057390532,10.71420786533862,10.807374890254607,10.19661328247202
600829.SH,20070607,20.2,21.0,20.2,20.59,20.2,0.39,1.93,26801.42,55174.14,5.129,10.657272461223291,10.45541057390532,10.8694862401986,10.45541057390532
600829.SH,20070608,20.66,21.38,20.4,20.66,20.59,0.07,0.34,18609.01,38678.49,5.129,10.693504082023956,10.693504082023956,11.066172181687907,10.558929490478638
600829.SH,20070611,21.19,22.22,20.67,21.9,20.66,1.24,6.0,48973.45,103606.914,5.129,11.335321364778538,10.967829210943256,11.500951631295852,10.698680027852625
600829.SH,20070612,21.99,23.0,21.25,22.9,21.9,1.0,4.57,39720.16,88968.629,5.129,11.85291594764514,11.381904877236536,11.9046754059318,10.99888488591525
600829.SH,20070613,23.07,23.65,22.6,22.91,22.9,0.01,0.04,32568.2,75222.145,5.129,11.858091893473809,11.940907026732464,12.24111188479509,11.69763757278516
600829.SH,20070614,22.6,25.2,22.22,25.2,22.91,2.29,10.0,44259.62,107914.263,5.129,13.04338348823832,11.69763757278516,13.04338348823832,11.500951631295852
600829.SH,20070615,25.58,27.7,25.2,26.99,25.2,1.79,7.1,55393.8,147288.703,5.129,13.969877791569534,13.240069429727628,14.33736994540482,13.04338348823832
600829.SH,20070618,27.9,27.9,26.4,26.75,26.99,-0.24,-0.89,27671.36,74274.36,5.129,13.845655091681552,14.44088886197814,14.44088886197814,13.66449698767824
600829.SH,20070619,26.75,27.18,26.19,26.39,26.75,-0.36,-1.35,28633.23,75747.311,5.129,13.659321041849577,13.845655091681552,14.068220762314189,13.555802125276257
600829.SH,20070620,26.41,26.8,24.02,24.87,26.39,-1.52,-5.76,25146.89,65407.32,5.129,12.872577275892343,13.669672933506906,13.871534820824882,12.432621880455732
600829.SH,20070621,24.95,25.49,24.05,25.04,24.87,0.17,0.68,17039.12,42096.028,5.129,12.960568354979662,12.91398484252167,13.193485917269632,12.44814971794173
600829.SH,20070622,25.0,25.2,22.54,23.59,25.04,-1.45,-5.79,22598.81,53362.33,5.129,12.210056209823094,12.939864571665002,13.04338348823832,11.666581897813163
600829.SH,20070625,23.5,24.52,22.15,22.53,23.59,-1.06,-4.49,31350.51,74339.189,5.129,11.6614059519845,12.1634726973651,12.691419171889033,11.46472001049519
600829.SH,20070626,22.44,23.45,22.0,23.0,22.53,0.47,2.09,18396.95,41337.495,5.129,11.9046754059318,11.614822439526504,12.13759296822177,11.3870808230652
600829.SH,20070627,23.0,24.28,22.7,24.17,23.0,1.17,5.09,24151.9,56823.569,5.129,12.510261067885724,11.9046754059318,12.567196472001047,11.74939703107182
600829.SH,20070628,23.8,24.9,22.69,22.75,24.17,-1.42,-5.88,24086.72,58023.459,5.129,11.775276760215151,12.318751072225082,12.88810511337834,11.744221085243156
600829.SH,20070629,21.8,22.7,21.2,21.52,22.75,-1.23,-5.41,12275.71,26789.6,5.129,11.138635423289232,11.28356190649188,11.74939703107182,10.97300515677192
600829.SH,20070702,21.31,22.21,20.0,21.11,21.52,-0.41,-1.91,12216.43,25293.221,5.129,10.926421644313926,11.029940560887246,11.495775685467189,10.351891657332
600829.SH,20070703,21.18,21.92,20.4,21.73,21.11,0.62,2.94,7471.92,15770.757,5.129,11.247330285691218,10.962653265114588,11.345673256435871,10.558929490478638
600829.SH,20070704,21.8,22.0,20.49,20.9,21.73,-0.83,-3.82,6106.6,12779.275,5.129,10.81772678191194,11.28356190649188,11.3870808230652,10.605513002936634
600829.SH,20070705,20.06,20.89,19.03,19.28,20.9,-1.62,-7.75,10748.52,21220.381,5.129,9.979223557668048,10.382947332303996,10.812550836083275,9.849824911951398
600829.SH,20070706,19.2,20.1,18.51,20.08,19.28,0.8,4.15,8561.15,16654.035,5.129,10.393299223961328,9.93781599103872,10.40365111561866,9.580675728860768
600829.SH,20070709,20.28,20.45,19.86,20.29,20.08,0.21,1.05,7971.23,16123.785,5.129,10.501994086363313,10.49681814053465,10.58480921962197,10.279428415730676
600829.SH,20070710,20.5,20.5,18.6,19.08,20.29,-1.21,-5.96,13725.12,26398.712,5.129,9.875704641094726,10.6106889487653,10.6106889487653,9.62725924131876
600829.SH,20070711,19.11,19.22,18.72,19.12,19.08,0.04,0.21,4949.78,9380.77,5.129,9.896408424409392,9.891232478580726,9.948167882696051,9.689370591262753
600829.SH,20070712,19.2,20.0,19.0,19.98,19.12,0.86,4.5,7454.47,14673.107,5.129,10.34153976567467,9.93781599103872,10.351891657332,9.8342970744654
600829.SH,20070713,20.0,20.2,19.35,20.05,19.98,0.07,0.35,7364.17,14636.43,5.129,10.377771386475333,10.351891657332,10.45541057390532,10.015455178468711
600829.SH,20070716,20.0,20.0,19.02,19.03,20.05,-1.02,-5.09,4255.5,8228.593,5.129,9.849824911951398,10.351891657332,10.351891657332,9.844648966122731
600829.SH,20070717,19.0,19.41,18.81,19.29,19.03,0.26,1.37,2479.39,4761.407,5.129,9.984399503496714,9.8342970744654,10.046510853440706,9.735954103720744
600829.SH,20070718,19.35,19.39,18.86,18.87,19.29,-0.42,-2.18,6224.06,11835.182,5.129,9.767009778692742,10.015455178468711,10.036158961783377,9.761833832864076
600829.SH,20070719,18.65,18.97,18.51,18.77,18.87,-0.1,-0.53,4442.23,8329.1,5.129,9.715250320406083,9.65313897046209,9.8187692369794,9.580675728860768
600829.SH,20070723,19.05,20.48,19.05,20.47,18.77,1.7,9.06,30641.22,60599.586,5.129,10.5951611112793,9.86017680360873,10.600337057107968,9.86017680360873
600829.SH,20070724,20.55,21.48,20.0,20.1,20.47,-0.37,-1.81,28911.57,59945.153,5.129,10.40365111561866,10.636568677908633,11.117931639974568,10.351891657332
600829.SH,20070725,19.61,20.7,19.61,20.69,20.1,0.59,2.94,22081.26,44408.009,5.129,10.709031919509956,10.150029770014026,10.71420786533862,10.150029770014026
600829.SH,20070726,20.99,21.28,20.35,20.9,20.69,0.21,1.02,17794.94,37219.439,5.129,10.81772678191194,10.864310294369933,11.014412723401248,10.533049761335311
600829.SH,20070727,20.92,21.2,20.5,21.19,20.9,0.29,1.39,25877.26,53985.493,5.129,10.967829210943256,10.828078673569271,10.97300515677192,10.6106889487653
600829.SH,20070730,21.4,21.9,21.36,21.83,21.19,0.64,3.02,26792.87,57847.885,5.129,11.29908974397788,11.07652407334524,11.335321364778538,11.055820290030576
600829.SH,20070731,21.8,22.54,21.48,22.29,21.83,0.46,2.11,22624.18,50248.578,5.129,11.537183252096517,11.28356190649188,11.666581897813163,11.117931639974568
600829.SH,20070801,22.3,22.79,20.68,20.68,22.29,-1.61,-7.22,31168.0,67132.369,5.129,10.70385597368129,11.54235919792518,11.795980543529812,10.70385597368129
600829.SH,20070802,20.68,22.75,20.63,22.75,20.68,2.07,10.01,68192.12,152139.793,5.129,11.775276760215151,10.70385597368129,11.775276760215151,10.677976244537955
600829.SH,20070803,23.18,24.89,23.18,24.6,22.75,1.85,8.13,52841.01,127444.297,5.129,12.732826738518362,11.997842430847788,12.882929167549676,11.997842430847788
600829.SH,20070806,24.51,24.6,23.35,24.14,24.6,-0.46,-1.87,30767.3,73827.591,5.129,12.494733230399726,12.686243226060366,12.732826738518362,12.08583350993511
600829.SH,20070807,24.1,24.5,23.5,23.87,24.14,-0.27,-1.12,18223.37,43546.165,5.129,12.354982693025743,12.47402944708506,12.6810672802317,12.1634726973651
600829.SH,20070808,23.58,24.5,22.8,23.86,23.87,-0.01,-0.04,25391.75,60266.082,5.129,12.349806747197077,12.204880263994427,12.6810672802317,11.80115648935848
600829.SH,20070809,23.79,23.8,23.11,23.36,23.86,-0.5,-2.1,10569.19,24725.461,5.129,12.091009455763777,12.313575126396415,12.318751072225082,11.961610810047125
600829.SH,20070810,23.0,23.15,21.8,22.09,23.36,-1.27,-5.44,13696.7,30667.092,5.129,11.433664335523194,11.9046754059318,11.98231459336179,11.28356190649188
600829.SH,20070813,22.02,22.7,21.68,22.01,22.09,-0.08,-0.36,11596.84,25456.328,5.129,11.392256768893867,11.397432714722532,11.74939703107182,11.221450556547888
600829.SH,20070814,22.6,22.95,22.02,22.6,22.01,0.59,2.68,10220.98,22972.469,5.129,11.69763757278516,11.69763757278516,11.878795676788467,11.397432714722532
600829.SH,20070815,22.5,23.3,22.5,23.02,22.6,0.42,1.86,18297.17,41924.331,5.129,11.915027297589132,11.6458781144985,12.05995378079178,11.6458781144985
600829.SH,20070816,22.9,23.04,22.21,22.92,23.02,-0.1,-0.43,7834.84,17731.889,5.129,11.863267839302472,11.85291594764514,11.925379189246463,11.495775685467189
600829.SH,20070817,22.41,23.18,21.98,22.25,22.92,-0.67,-2.92,15614.6,34896.191,5.129,11.51647946878185,11.599294602040509,11.997842430847788,11.376728931407868
600829.SH,20070820,22.6,23.45,22.6,23.2,22.25,0.95,4.27,28105.93,64695.109,5.129,12.00819432250512,11.69763757278516,12.13759296822177,11.69763757278516
600829.SH,20070821,23.69,25.52,23.22,25.52,23.2,2.32,10.0,32221.38,78998.546,5.129,13.209013754755633,12.261815668109756,13.209013754755633,12.018546214162452
600829.SH,20070822,25.52,26.0,24.5,25.52,25.52,0.0,0.0,20500.18,51848.83,5.129,13.209013754755633,13.209013754755633,13.4574591545316,12.6810672802317
600829.SH,20070823,25.41,25.98,24.75,25.2,25.52,-0.32,-1.25,16711.14,42513.967,5.129,13.04338348823832,13.152078350640307,13.447107262874267,12.81046592594835
600829.SH,20070824,25.2,26.5,25.0,26.27,25.2,1.07,4.25,24296.39,62823.283,5.129,13.59720969190558,13.04338348823832,13.716256445964902,12.939864571665002
600829.SH,20070828,26.35,28.9,25.0,28.9,26.27,2.63,10.01,41865.62,113512.011,5.129,14.95848344484474,13.63861725853491,14.95848344484474,12.939864571665002
600829.SH,20070829,27.98,30.8,27.6,28.61,28.9,-0.29,-1.0,32875.36,95148.812,5.129,14.808381015813424,14.482296428607468,15.94191315229128,14.28561048711816
600829.SH,20070830,28.55,29.0,27.4,27.99,28.61,-0.62,-2.17,28799.57,80399.477,5.129,14.487472374436132,14.777325340841433,15.0102429031314,14.18209157054484
600829.SH,20070831,28.11,28.65,27.85,27.98,27.99,-0.01,-0.04,16605.64,46577.181,5.129,14.482296428607468,14.549583724380128,14.82908479912809,14.415009132834811
600829.SH,20070903,27.92,28.69,27.0,27.69,27.98,-0.29,-1.04,21549.01,59899.075,5.129,14.332193999576155,14.451240753635474,14.849788582442754,13.975053737398198
600829.SH,20070904,27.69,28.2,27.0,27.35,27.69,-0.34,-1.23,19268.54,52726.226,5.129,14.15621184140151,14.332193999576155,14.596167236838118,13.975053737398198
600829.SH,20070905,27.35,27.6,27.03,27.48,27.35,0.13,0.48,7891.13,21637.3,5.129,14.22349913717417,14.15621184140151,14.28561048711816,13.990581574884198
600829.SH,20070906,27.6,28.0,26.8,27.48,27.48,0.0,0.0,21343.09,58565.349,5.129,14.22349913717417,14.28561048711816,14.4926483202648,13.871534820824882
600829.SH,20070907,27.1,27.5,26.5,27.26,27.48,-0.22,-0.8,11613.09,31264.932,5.129,14.109628328943518,14.026813195684865,14.2338510288315,13.716256445964902
600829.SH,20070910,26.8,27.2,26.08,26.51,27.26,-0.75,-2.75,7909.15,20965.025,5.129,13.721432391793568,13.871534820824882,14.07857265397152,13.498866721160926
600829.SH,20070911,26.88,27.55,24.01,24.92,26.51,-1.59,-6.0,12748.47,34363.034,5.129,12.898457005035674,13.912942387454208,14.25973075797483,12.427445934627068
600829.SH,20070912,24.52,25.26,24.04,24.9,24.92,-0.02,-0.08,10140.22,24950.423,5.129,12.88810511337834,12.691419171889033,13.074439163210316,12.442973772113064
600829.SH,20070913,25.15,25.15,24.38,24.95,24.9,0.05,0.2,7004.13,17318.439,5.129,12.91398484252167,13.01750375909499,13.01750375909499,12.618955930287708
600829.SH,20070914,24.79,26.26,24.3,25.98,24.95,1.03,4.13,11660.4,29245.992,5.129,13.447107262874267,12.831169709263014,13.592033746076917,12.577548363658382
600829.SH,20070917,25.9,26.85,25.2,26.69,25.98,0.71,2.73,7758.38,20364.312,5.129,13.814599416709555,13.40569969624494,13.897414549968213,13.04338348823832
600829.SH,20070918,26.69,26.7,25.3,25.83,26.69,-0.86,-3.22,8969.31,23270.413,5.129,13.36946807544428,13.814599416709555,13.819775362538222,13.095142946524982
600829.SH,20070919,25.56,25.87,24.1,24.88,25.83,-0.95,-3.68,4761.96,11905.372,5.129,12.877753221721008,13.229717538070297,13.390171858758944,12.47402944708506
600829.SH,20070920,24.89,27.37,24.89,27.37,24.88,2.49,10.01,17701.37,47506.532,5.129,14.166563733058844,12.882929167549676,14.166563733058844,12.882929167549676
600829.SH,20070921,28.5,30.11,27.37,30.11,27.37,2.74,10.01,43398.36,125096.109,5.129,15.584772890113324,14.7514456116981,15.584772890113324,14.166563733058844
600829.SH,20070924,30.12,32.0,28.0,28.27,30.11,-1.84,-6.11,26854.27,79685.887,5.129,14.632398857638783,15.589948835941993,16.5630266517312,14.4926483202648
600829.SH,20070925,28.17,28.17,26.25,26.76,28.27,-1.51,-5.34,11529.13,31217.563,5.129,13.850831037510217,14.580639399352124,14.580639399352124,13.58685780024825
600829.SH,20070926,26.76,27.5,26.2,26.5,26.76,-0.26,-0.97,5115.7,13689.905,5.129,13.716256445964902,13.850831037510217,14.2338510288315,13.56097807110492
600829.SH,20070927,26.28,27.0,26.22,27.0,26.5,0.5,1.89,4284.22,11424.512,5.129,13.975053737398198,13.60238563773425,13.975053737398198,13.57132996276225
600829.SH,20070928,27.0,27.5,26.62,27.27,27.0,0.27,1.0,5925.31,16149.069,5.129,14.114804274772183,13.975053737398198,14.2338510288315,13.778367795908892
600829.SH,20071009,27.6,27.61,26.0,26.69,27.27,-0.58,-2.13,8071.74,21395.121,5.129,13.814599416709555,14.28561048711816,14.290786432946826,13.4574591545316
600829.SH,20071010,26.65,26.65,25.3,25.53,26.69,-1.16,-4.35,16361.92,42008.276,5.129,13.2141897005843,13.793895633394888,13.793895633394888,13.095142946524982
600829.SH,20071011,25.5,25.55,24.88,25.1,25.53,-0.43,-1.68,10166.31,25598.093,5.129,12.99162402995166,13.1986618630983,13.224541592241632,12.877753221721008
600829.SH,20071012,25.1,25.49,22.89,24.0,25.1,-1.1,-4.38,20173.9,48303.836,5.129,12.4222699887984,12.99162402995166,13.193485917269632,11.847740001816474
600829.SH,20071015,24.2,24.2,22.7,23.7,24.0,-0.3,-1.25,12996.43,30397.799,5.129,12.26699161393842,12.52578890537172,12.52578890537172,11.74939703107182
600829.SH,20071016,24.0,24.5,23.5,24.5,23.7,0.8,3.38,11530.62,27740.445,5.129,12.6810672802317,12.4222699887984,12.6810672802317,12.1634726973651
600829.SH,20071017,24.5,24.58,23.88,24.28,24.5,-0.22,-0.9,9509.7,22847.426,5.129,12.567196472001047,12.6810672802317,12.722474846861028,12.360158638854408
600829.SH,20071018,24.23,24.23,23.23,23.62,24.28,-0.66,-2.72,5029.81,11870.244,5.129,12.225584047309091,12.54131674285772,12.54131674285772,12.023722159991118
600829.SH,20071019,23.8,23.98,23.26,23.6,23.62,-0.02,-0.08,3410.01,8056.245,5.129,12.21523215565176,12.318751072225082,12.411918097141069,12.039249997477118
600829.SH,20071022,23.58,24.55,23.0,23.91,23.6,0.31,1.31,6728.83,16110.555,5.129,12.375686476340409,12.204880263994427,12.706947009375032,11.9046754059318
600829.SH,20071023,23.5,24.49,23.5,24.13,23.91,0.22,0.92,6237.75,15016.678,5.129,12.489557284571058,12.1634726973651,12.675891334403032,12.1634726973651
600829.SH,20071025,24.1,24.11,21.72,21.72,24.13,-2.41,-9.99,12151.23,27368.656,5.129,11.242154339862552,12.47402944708506,12.479205392913729,11.242154339862552
600829.SH,20071026,21.0,21.55,20.68,20.87,21.72,-0.85,-3.91,9681.28,20327.447,5.129,10.802198944425944,10.8694862401986,11.154163260775231,10.70385597368129
600829.SH,20071029,21.0,21.5,19.91,20.09,20.87,-0.78,-3.74,12788.04,25807.946,5.129,10.398475169789997,10.8694862401986,11.1282835316319,10.305308144874006
600829.SH,20071030,20.22,21.47,20.22,20.99,20.09,0.9,4.48,9338.25,19574.358,5.129,10.864310294369933,10.465762465562651,11.112755694145902,10.465762465562651
600829.SH,20071031,21.5,22.69,21.2,22.67,20.99,1.68,8.0,10092.85,22185.162,5.129,11.733869193585823,11.1282835316319,11.744221085243156,10.97300515677192
600829.SH,20071101,22.67,23.0,21.48,21.52,22.67,-1.15,-5.07,9108.16,19816.769,5.129,11.138635423289232,11.733869193585823,11.9046754059318,11.117931639974568
600829.SH,20071102,21.0,21.2,19.5,20.28,21.52,-1.24,-5.76,8525.0,17413.182,5.129,10.49681814053465,10.8694862401986,10.97300515677192,10.0930943658987
600829.SH,20071105,20.33,20.79,20.3,20.5,20.28,0.22,1.08,5456.23,11181.373,5.129,10.6106889487653,10.522697869677978,10.760791377796616,10.50717003219198
600829.SH,20071106,20.51,20.98,20.08,20.59,20.5,0.09,0.44,4029.33,8285.857,5.129,10.657272461223291,10.615864894593969,10.85913434854127,10.393299223961328
600829.SH,20071107,20.68,20.8,20.45,20.7,20.59,0.11,0.53,3203.05,6602.912,5.129,10.71420786533862,10.70385597368129,10.76596732362528,10.58480921962197
600829.SH,20071108,20.7,20.85,19.61,19.68,20.7,-1.02,-4.93,5475.19,11093.673,5.129,10.186261390814687,10.71420786533862,10.791847052768611,10.150029770014026
600829.SH,20071109,19.7,19.7,18.62,18.97,19.68,-0.71,-3.61,8401.4,15930.902,5.129,9.8187692369794,10.19661328247202,10.19661328247202,9.637611132976094
600829.SH,20071112,18.7,18.7,17.89,18.07,18.97,-0.9,-4.74,15140.15,27492.041,5.129,9.352934112399462,9.67901869960542,9.67901869960542,9.259767087483477
600829.SH,20071113,18.2,18.53,17.88,18.03,18.07,-0.04,-0.22,18418.25,33313.988,5.129,9.3322303290848,9.42022140817212,9.5910276205181,9.254591141654808
600829.SH,20071114,18.3,18.9,18.28,18.88,18.03,0.85,4.71,8174.68,15183.041,5.129,9.772185724521409,9.47198086645878,9.78253761617874,9.461628974801448
600829.SH,20071115,18.88,19.18,18.5,18.78,18.88,-0.1,-0.53,9475.94,17976.842,5.129,9.72042626623475,9.772185724521409,9.927464099381387,9.5754997830321
600829.SH,20071116,18.38,19.16,18.38,19.15,18.78,0.37,1.97,5044.46,9469.875,5.129,9.91193626189539,9.513388433088108,9.917112207724056,9.513388433088108
600829.SH,20071119,19.26,20.0,19.25,19.66,19.15,0.51,2.66,9239.44,18117.366,5.129,10.175909499157356,9.968871666010717,10.351891657332,9.96369572018205
600829.SH,20071120,19.67,20.5,19.36,20.17,19.66,0.51,2.59,19058.79,38090.192,5.129,10.439882736419325,10.181085444986024,10.6106889487653,10.020631124297376
600829.SH,20071121,20.17,20.46,19.53,19.59,20.17,-0.58,-2.88,9241.73,18377.725,5.129,10.139677878356697,10.439882736419325,10.589985165450637,10.1086222033847
600829.SH,20071122,19.3,19.48,18.61,18.62,19.59,-0.97,-4.95,5914.03,11252.791,5.129,9.637611132976094,9.98957544932538,10.08274247424137,9.632435187147427
600829.SH,20071123,18.6,19.38,18.5,19.35,18.62,0.73,3.92,4521.85,8603.14,5.129,10.015455178468711,9.62725924131876,10.030983015954709,9.5754997830321
600829.SH,20071126,19.63,20.99,19.63,20.45,19.35,1.1,5.68,23653.49,48525.348,5.129,10.58480921962197,10.16038166167136,10.864310294369933,10.16038166167136
600829.SH,20071127,20.35,22.1,20.15,21.19,20.45,0.74,3.62,31283.85,66847.222,5.129,10.967829210943256,10.533049761335311,11.438840281351862,10.42953084476199
600829.SH,20071128,21.26,21.98,20.41,20.98,21.19,-0.21,-0.99,24328.07,51283.93,5.129,10.85913434854127,11.004060831743915,11.376728931407868,10.564105436307306
600829.SH,20071129,20.8,21.46,19.95,21.41,20.98,0.43,2.05,15529.38,32032.982,5.129,11.081700019173908,10.76596732362528,11.107579748317235,10.32601192818867
600829.SH,20071130,21.1,21.1,20.15,20.2,21.41,-1.21,-5.65,7772.96,15952.079,5.129,10.45541057390532,10.92124569848526,10.92124569848526,10.42953084476199
600829.SH,20071203,20.23,20.38,19.61,19.92,20.2,-0.28,-1.39,8283.06,16485.457,5.129,10.310484090702673,10.47093841139132,10.548577598821309,10.150029770014026
600829.SH,20071204,19.96,20.26,19.6,19.85,19.92,-0.07,-0.35,5669.58,11321.182,5.129,10.274252469902011,10.331187874017337,10.486466248877315,10.14485382418536
600829.SH,20071205,20.0,20.74,19.71,20.62,19.85,0.77,3.88,12344.11,24976.419,5.129,10.672800298709292,10.351891657332,10.734911648653284,10.201789228300688
600829.SH,20071206,20.55,20.74,20.17,20.24,20.62,-0.38,-1.84,9065.69,18391.924,5.129,10.476114357219982,10.636568677908633,10.734911648653284,10.439882736419325
600829.SH,20071207,20.2,20.98,20.15,20.78,20.24,0.54,2.67,16916.74,34738.652,5.129,10.755615431967948,10.45541057390532,10.85913434854127,10.42953084476199
600829.SH,20071210,20.4,21.74,20.28,21.55,20.78,0.77,3.71,17691.51,37514.316,5.129,11.154163260775231,10.558929490478638,11.252506231519884,10.49681814053465
600829.SH,20071211,21.59,22.05,21.1,21.78,21.55,0.23,1.07,18667.51,40477.269,5.129,11.27321001483455,11.174867044089895,11.412960552208531,10.92124569848526
600829.SH,20071212,21.92,23.96,21.7,23.96,21.78,2.18,10.01,45912.26,106773.676,5.129,12.401566205483736,11.345673256435871,12.401566205483736,11.23180244820522
600829.SH,20071213,24.17,24.17,23.0,23.13,23.96,-0.83,-3.46,23716.71,55903.73,5.129,11.971962701704458,12.510261067885724,12.510261067885724,11.9046754059318
600829.SH,20071214,22.6,24.28,22.52,24.21,23.13,1.08,4.67,15605.12,36568.666,5.129,12.530964851200386,11.69763757278516,12.567196472001047,11.656230006155832
600829.SH,20071217,24.11,26.3,23.72,25.01,24.21,0.8,3.3,26834.27,67696.221,5.129,12.945040517493666,12.479205392913729,13.61273752939158,12.277343505595752
600829.SH,20071218,24.6,24.93,23.6,23.72,25.01,-1.29,-5.16,12024.84,28952.338,5.129,12.277343505595752,12.732826738518362,12.903632950864338,12.21523215565176
600829.SH,20071219,23.91,24.77,23.91,24.06,23.72,0.34,1.43,13741.01,33554.057,5.129,12.453325663770396,12.375686476340409,12.820817817605684,12.375686476340409
600829.SH,20071220,24.1,25.19,24.01,25.02,24.06,0.96,3.99,13606.71,33867.054,5.129,12.950216463322333,12.47402944708506,13.038207542409657,12.427445934627068
600829.SH,20071221,25.0,25.4,24.6,25.0,25.02,-0.02,-0.08,13173.27,32917.43,5.129,12.939864571665002,12.939864571665002,13.14690240481164,12.732826738518362
600829.SH,20071224,25.01,26.1,24.83,25.71,25.0,0.71,2.84,20115.03,51491.61,5.129,13.307356725500288,12.945040517493666,13.50921861281826,12.851873492577678
600829.SH,20071225,25.31,26.0,25.3,25.49,25.71,-0.22,-0.86,7573.31,19418.761,5.129,13.193485917269632,13.100318892353648,13.4574591545316,13.095142946524982
600829.SH,20071226,25.52,26.35,25.22,26.06,25.49,0.57,2.24,19734.67,50897.64,5.129,13.488514829503597,13.209013754755633,13.63861725853491,13.053735379895652
600829.SH,20071227,26.05,27.06,25.88,26.62,26.06,0.56,2.15,21330.1,56905.075,5.129,13.778367795908892,13.48333888367493,14.006109412370195,13.395347804587608
600829.SH,20071228,26.41,26.92,25.6,25.69,26.62,-0.93,-3.49,18540.86,48193.046,5.129,13.297004833842957,13.669672933506906,13.933646170768872,13.250421321384962
600829.SH,20080102,26.16,26.36,25.38,26.11,25.69,0.42,1.63,13119.02,33989.891,5.129,13.514394558646924,13.540274287790256,13.643793204363575,13.136550513154308
600829.SH,20080103,26.2,28.18,25.1,27.68,26.11,1.57,6.01,44352.92,121206.891,5.129,14.327018053747487,13.56097807110492,14.585815345180787,12.99162402995166
600829.SH,20080104,27.87,27.9,27.0,27.24,27.68,-0.44,-1.59,19253.33,52978.235,5.129,14.099276437286184,14.425361024492142,14.44088886197814,13.975053737398198
600829.SH,20080107,27.24,27.46,26.41,27.4,27.24,0.16,0.59,19554.91,52603.989,5.129,14.18209157054484,14.099276437286184,14.213147245516836,13.669672933506906
600829.SH,20080108,27.39,27.5,25.79,26.12,27.4,-1.28,-4.67,10905.39,29035.045,5.129,13.519570504475594,14.176915624716177,14.2338510288315,13.348764292129614
600829.SH,20080109,26.05,27.2,26.05,26.71,26.12,0.59,2.26,9965.76,26681.003,5.129,13.824951308366886,13.48333888367493,14.07857265397152,13.48333888367493
600829.SH,20080110,27.0,27.0,26.15,26.23,26.71,-0.48,-1.8,10341.65,27462.409,5.129,13.57650590859092,13.975053737398198,13.975053737398198,13.535098341961591
600829.SH,20080111,26.22,26.5,25.0,26.25,26.23,0.02,0.08,15503.13,39937.764,5.129,13.58685780024825,13.57132996276225,13.716256445964902,12.939864571665002
600829.SH,20080114,26.25,26.77,25.5,26.46,26.25,0.21,0.8,7374.9,19373.646,5.129,13.695552662650236,13.58685780024825,13.856006983338885,13.1986618630983
600829.SH,20080115,26.46,27.23,26.25,27.22,26.46,0.76,2.87,10213.1,27456.845,5.129,14.088924545628853,13.695552662650236,14.09410049145752,13.58685780024825
600829.SH,20080116,27.23,28.0,26.6,26.83,27.22,-0.39,-1.43,12031.23,33059.797,5.129,13.887062658310878,14.09410049145752,14.4926483202648,13.76801590425156
600829.SH,20080117,26.98,28.0,25.0,27.3,26.83,0.47,1.75,20865.73,56707.766,5.129,14.13033211225818,13.96470184574087,14.4926483202648,12.939864571665002
600829.SH,20080118,27.4,27.75,26.17,26.73,27.3,-0.57,-2.09,8113.37,21890.87,5.129,13.835303200024216,14.18209157054484,14.36324967454815,13.545450233618924
600829.SH,20080121,26.45,26.88,24.22,24.39,26.73,-2.34,-8.75,10457.03,26777.692,5.129,12.624131876116374,13.690376716821572,13.912942387454208,12.536140797029052
600829.SH,20080122,23.44,24.25,21.95,21.96,24.39,-2.43,-9.96,13474.64,30333.14,5.129,11.366377039750535,12.132417022393104,12.551668634515051,11.36120109392187
600829.SH,20080123,22.01,24.02,22.01,23.59,21.96,1.63,7.42,11057.66,25455.229,5.129,12.210056209823094,11.392256768893867,12.432621880455732,11.392256768893867
600829.SH,20080124,23.83,24.7,23.6,24.39,23.59,0.8,3.39,11350.65,27590.055,5.129,12.624131876116374,12.334278909711076,12.78458619680502,12.21523215565176
600829.SH,20080125,24.6,24.75,23.85,24.66,24.39,0.27,1.11,9804.28,23965.11,5.129,12.763882413490355,12.732826738518362,12.81046592594835,12.344630801368412
600829.SH,20080128,24.58,24.58,22.21,22.29,24.66,-2.37,-9.61,5933.27,13843.575,5.129,11.537183252096517,12.722474846861028,12.722474846861028,11.495775685467189
600829.SH,20080129,23.01,23.4,22.5,23.3,22.29,1.01,4.53,5625.76,12998.749,5.129,12.05995378079178,11.909851351760468,12.11171323907844,11.6458781144985
600829.SH,20080130,23.37,23.96,22.8,23.49,23.3,0.19,0.82,3257.26,7664.421,5.129,12.158296751536437,12.096185401592445,12.401566205483736,11.80115648935848
600829.SH,20080131,23.49,23.85,22.75,22.8,23.49,-0.69,-2.94,2266.45,5277.11,5.129,11.80115648935848,12.158296751536437,12.344630801368412,11.775276760215151
600829.SH,20080201,22.81,23.0,21.02,21.4,22.8,-1.4,-6.14,3607.76,7825.906,5.129,11.07652407334524,11.806332435187146,11.9046754059318,10.879838131855932
600829.SH,20080205,23.52,23.52,22.8,22.99,21.4,1.59,7.43,7778.15,17934.69,5.129,11.899499460103131,12.173824589022432,12.173824589022432,11.80115648935848
600829.SH,20080213,22.8,23.2,22.5,22.89,22.99,-0.1,-0.44,2724.66,6256.208,5.129,11.847740001816474,11.80115648935848,12.00819432250512,11.6458781144985
600829.SH,20080214,23.18,23.77,23.12,23.75,22.89,0.86,3.76,5348.27,12588.301,5.129,12.29287134308175,11.997842430847788,12.303223234739082,11.966786755875791
600829.SH,20080215,24.08,24.18,23.5,23.92,23.75,0.17,0.72,8402.48,20075.685,5.129,12.380862422169074,12.463677555427727,12.515437013714388,12.1634726973651
600829.SH,20080218,24.3,25.6,24.02,25.16,23.92,1.24,5.18,8795.7,22012.435,5.129,13.022679704923656,12.577548363658382,13.250421321384962,12.432621880455732
600829.SH,20080219,25.45,25.85,25.16,25.79,25.16,0.63,2.5,9322.62,23931.99,5.129,13.348764292129614,13.17278213395497,13.37981996710161,13.022679704923656
600829.SH,20080220,26.07,26.07,25.2,25.3,25.79,-0.49,-1.9,7356.23,18874.837,5.129,13.095142946524982,13.493690775332263,13.493690775332263,13.04338348823832
600829.SH,20080221,25.3,25.7,25.1,25.64,25.3,0.34,1.34,5122.3,13023.009,5.129,13.271125104699625,13.095142946524982,13.30218077967162,12.99162402995166
600829.SH,20080222,25.68,26.09,25.2,25.9,25.64,0.26,1.01,12053.85,31181.83,5.129,13.40569969624494,13.291828888014289,13.504042666989594,13.04338348823832
600829.SH,20080225,25.95,26.45,24.5,24.72,25.9,-1.18,-4.56,8749.9,22263.961,5.129,12.79493808846235,13.43157942538827,13.690376716821572,12.6810672802317
600829.SH,20080226,25.25,25.7,22.38,24.68,24.72,-0.04,-0.16,10983.15,26540.896,5.129,12.774234305147688,13.069263217381652,13.30218077967162,11.583766764554507
600829.SH,20080227,24.68,24.95,24.32,24.5,24.68,-0.18,-0.73,5898.69,14484.464,5.129,12.6810672802317,12.774234305147688,12.91398484252167,12.587900255315713
600829.SH,20080228,24.55,25.0,24.35,24.99,24.5,0.49,2.0,3661.56,9050.005,5.129,12.934688625836332,12.706947009375032,12.939864571665002,12.60342809280171
600829.SH,20080229,25.0,26.1,25.0,25.99,24.99,1.0,4.0,13676.61,35474.588,5.129,13.452283208702935,12.939864571665002,13.50921861281826,12.939864571665002
600829.SH,20080303,25.99,26.4,25.51,26.27,25.99,0.28,1.08,8643.57,22646.488,5.129,13.59720969190558,13.452283208702935,13.66449698767824,13.203837808926968
600829.SH,20080304,26.29,26.5,25.82,25.85,26.27,-0.42,-1.6,7450.39,19364.866,5.129,13.37981996710161,13.607561583562916,13.716256445964902,13.364292129615611
600829.SH,20080305,25.51,26.08,24.38,25.25,25.85,-0.6,-2.32,4395.72,10953.418,5.129,13.069263217381652,13.203837808926968,13.498866721160926,12.618955930287708
600829.SH,20080306,25.22,25.6,24.41,25.1,25.25,-0.15,-0.59,3978.88,9913.077,5.129,12.99162402995166,13.053735379895652,13.250421321384962,12.634483767773707
600829.SH,20080307,24.0,25.29,24.0,24.45,25.1,-0.65,-2.59,2835.14,6953.871,5.129,12.65518755108837,12.4222699887984,13.089967000696314,12.4222699887984
600829.SH,20080310,24.1,24.1,22.51,22.83,24.45,-1.62,-6.63,8131.43,18694.005,5.129,11.816684326844475,12.47402944708506,12.47402944708506,11.651054060327168
600829.SH,20080311,22.8,23.3,22.7,23.3,22.83,0.47,2.06,1879.14,4322.717,5.129,12.05995378079178,11.80115648935848,12.05995378079178,11.74939703107182
600829.SH,20080312,23.45,23.98,22.5,22.68,23.3,-0.62,-2.66,2323.49,5322.945,5.129,11.739045139414488,12.13759296822177,12.411918097141069,11.6458781144985
600829.SH,20080313,22.03,22.48,21.25,21.72,22.68,-0.96,-4.23,4902.99,10639.932,5.129,11.242154339862552,11.402608660551198,11.635526222841168,10.99888488591525
600829.SH,20080314,21.72,22.15,21.5,21.99,21.72,0.27,1.24,1791.3,3927.208,5.129,11.381904877236536,11.242154339862552,11.46472001049519,11.1282835316319
600829.SH,20080317,21.08,21.91,19.81,20.07,21.99,-1.92,-8.73,2234.2,4651.955,5.129,10.388123278132662,10.910893806827929,11.340497310607208,10.253548686587346
600829.SH,20080318,19.0,20.0,18.06,19.01,20.07,-1.06,-5.28,8498.0,15795.462,5.129,9.839473020294069,9.8342970744654,10.351891657332,9.347758166570795
600829.SH,20080319,19.57,20.0,19.0,19.52,19.01,0.51,2.68,8245.51,16003.909,5.129,10.103446257556032,10.129325986699362,10.351891657332,9.8342970744654
600829.SH,20080320,18.88,20.99,18.4,20.36,19.52,0.84,4.3,5541.73,10866.123,5.129,10.538225707163976,9.772185724521409,10.864310294369933,9.52374032474544
600829.SH,20080321,20.38,20.76,19.6,19.93,20.36,-0.43,-2.11,5340.49,10695.928,5.129,10.31566003653134,10.548577598821309,10.745263540310615,10.14485382418536
600829.SH,20080324,20.0,20.91,19.11,19.11,19.93,-0.82,-4.11,4113.5,8133.067,5.129,9.891232478580726,10.351891657332,10.822902727740606,9.891232478580726
600829.SH,20080325,18.7,19.0,18.08,18.65,19.11,-0.46,-2.41,9509.62,17669.381,5.129,9.65313897046209,9.67901869960542,9.8342970744654,9.358110058228128
600829.SH,20080326,18.65,19.49,18.65,19.25,18.65,0.6,3.22,4537.99,8656.373,5.129,9.96369572018205,9.65313897046209,10.087918420070034,9.65313897046209
600829.SH,20080327,19.25,19.25,18.4,18.7,19.25,-0.55,-2.86,2961.6,5516.812,5.129,9.67901869960542,9.96369572018205,9.96369572018205,9.52374032474544
600829.SH,20080328,18.8,19.2,17.71,19.07,18.7,0.37,1.98,4948.53,9169.84,5.129,9.870528695266064,9.73077815789208,9.93781599103872,9.166600062567486
600829.SH,20080331,18.53,19.15,18.1,18.39,19.07,-0.68,-3.57,4137.19,7808.866,5.129,9.518564378916777,9.5910276205181,9.91193626189539,9.36846194988546
600829.SH,20080401,18.65,18.65,16.76,16.78,18.39,-1.61,-8.75,5477.32,9600.135,5.129,8.68523710050155,9.65313897046209,9.65313897046209,8.674885208844218
600829.SH,20080402,17.15,17.15,15.18,15.88,16.78,-0.9,-5.36,7213.1,11540.084,5.129,8.21940197592161,8.87674709616219,8.87674709616219,7.857085767914988
600829.SH,20080403,15.88,16.2,15.21,15.91,15.88,0.03,0.19,3678.86,5754.686,5.129,8.234929813407607,8.21940197592161,8.38503224243892,7.872613605400987
600829.SH,20080407,15.61,17.25,15.61,17.05,15.91,1.14,7.17,5513.92,9225.576,5.129,8.82498763787553,8.079651438547627,8.92850655444885,8.079651438547627
600829.SH,20080408,16.9,17.6,16.9,17.58,17.05,0.53,3.11,7125.26,12338.288,5.129,9.099312766794826,8.74734845044554,9.10966465845216,8.74734845044554
600829.SH,20080409,17.58,17.58,16.94,17.09,17.58,-0.49,-2.79,8079.75,13971.614,5.129,8.845691421190194,9.099312766794826,9.099312766794826,8.768052233760205
600829.SH,20080410,17.28,17.28,16.59,17.11,17.09,0.02,0.12,2392.42,4043.194,5.129,8.856043312847527,8.94403439193485,8.94403439193485,8.586894129756894
600829.SH,20080411,17.17,17.53,16.9,17.23,17.11,0.12,0.7,3124.22,5395.419,5.129,8.918154662791519,8.887098987819524,9.0734330376515,8.74734845044554
600829.SH,20080414,17.0,17.0,16.0,16.0,17.23,-1.23,-7.14,3523.5,5752.529,5.129,8.2815133258656,8.799107908732202,8.799107908732202,8.2815133258656
600829.SH,20080415,15.5,16.4,15.5,16.4,16.0,0.4,2.5,2859.23,4600.174,5.129,8.488551159012239,8.022716034432301,8.488551159012239,8.022716034432301
600829.SH,20080416,16.4,17.0,16.0,16.59,16.4,0.19,1.16,2990.68,4940.592,5.129,8.586894129756894,8.488551159012239,8.799107908732202,8.2815133258656
600829.SH,20080417,16.78,16.78,15.7,16.35,16.59,-0.24,-1.45,5166.16,8398.943,5.129,8.46267142986891,8.68523710050155,8.68523710050155,8.12623495100562
600829.SH,20080418,16.05,17.99,16.02,17.71,16.35,1.36,8.32,9375.12,15918.273,5.129,9.166600062567486,8.30739305500893,9.311526545770134,8.291865217522933
600829.SH,20080421,19.46,19.46,16.89,17.77,17.71,0.06,0.34,12873.16,23603.046,5.129,9.19765573753948,10.072390582584037,10.072390582584037,8.742172504616875
600829.SH,20080422,17.5,17.87,16.9,17.76,17.77,-0.01,-0.06,4403.09,7651.656,5.129,9.192479791710818,9.0579052001655,9.249415195826144,8.74734845044554
600829.SH,20080423,17.4,18.6,17.4,18.53,17.76,0.77,4.34,7311.74,13278.879,5.129,9.5910276205181,9.006145741878841,9.62725924131876,9.006145741878841
600829.SH,20080424,20.38,20.38,19.08,20.31,18.53,1.78,9.61,21098.03,42173.535,5.129,10.512345978020646,10.548577598821309,10.548577598821309,9.875704641094726
600829.SH,20080425,19.6,20.27,19.38,19.47,20.31,-0.84,-4.14,9947.82,19687.792,5.129,10.077566528412705,10.14485382418536,10.491642194705982,10.030983015954709
600829.SH,20080428,19.05,19.05,18.57,18.7,19.47,-0.77,-3.95,4831.39,9066.027,5.129,9.67901869960542,9.86017680360873,9.86017680360873,9.611731403832762
600829.SH,20080429,18.88,19.46,18.5,19.45,18.7,0.75,4.01,4758.22,9011.976,5.129,10.06721463675537,9.772185724521409,10.072390582584037,9.5754997830321
600829.SH,20080430,19.53,19.95,19.12,19.7,19.45,0.25,1.29,6044.16,11842.354,5.129,10.19661328247202,10.1086222033847,10.32601192818867,9.896408424409392
600829.SH,20080505,19.7,20.1,19.4,19.98,19.7,0.28,1.42,6882.63,13613.792,5.129,10.34153976567467,10.19661328247202,10.40365111561866,10.04133490761204
600829.SH,20080506,19.98,20.0,19.4,19.8,19.98,-0.18,-0.9,5949.79,11775.11,5.129,10.24837274075868,10.34153976567467,10.351891657332,10.04133490761204
600829.SH,20080507,19.5,19.84,18.18,18.29,19.8,-1.51,-7.63,5697.0,10801.697,5.129,9.466804920630114,10.0930943658987,10.269076524073345,9.409869516514789
600829.SH,20080509,19.55,19.55,18.49,18.78,18.29,0.49,2.68,6461.13,12248.1,5.129,9.72042626623475,10.11897409504203,10.11897409504203,9.570323837203434
600829.SH,20080512,18.71,20.66,18.05,20.66,18.78,1.88,10.01,14087.82,28088.386,5.129,10.693504082023956,9.684194645434086,10.693504082023956,9.34258222074213
600829.SH,20080513,20.88,22.73,20.88,22.73,20.66,2.07,10.02,48973.86,109292.282,5.129,11.764924868557818,10.807374890254607,11.764924868557818,10.807374890254607
600829.SH,20080514,21.98,22.73,20.46,22.3,22.73,-0.43,-1.89,19795.89,43428.741,5.129,11.54235919792518,11.376728931407868,11.764924868557818,10.589985165450637
600829.SH,20080515,21.65,22.35,20.89,21.01,22.3,-1.29,-5.78,10820.19,23305.407,5.129,10.874662186027267,11.20592271906189,11.568238927068512,10.812550836083275
600829.SH,20080516,20.87,21.65,19.88,20.39,21.01,-0.62,-2.95,7279.29,15056.344,5.129,10.553753544649975,10.802198944425944,11.20592271906189,10.289780307388009
600829.SH,20080519,20.0,21.65,20.0,20.86,20.39,0.47,2.31,10080.72,21450.39,5.129,10.797022998597276,10.351891657332,11.20592271906189,10.351891657332
600829.SH,20080520,20.86,21.32,19.39,19.51,20.86,-1.35,-6.47,6804.17,13725.973,5.129,10.098270311727369,10.797022998597276,11.035116506715912,10.036158961783377
600829.SH,20080521,19.4,20.3,18.0,19.89,19.51,0.38,1.95,9465.92,18073.212,5.129,10.294956253216672,10.04133490761204,10.50717003219198,9.3167024915988
600829.SH,20080522,19.67,19.67,18.7,18.91,19.89,-0.98,-4.93,6378.78,12172.454,5.129,9.787713562007406,10.181085444986024,10.181085444986024,9.67901869960542
600829.SH,20080523,19.09,19.09,18.21,18.28,18.91,-0.63,-3.33,4636.44,8580.764,5.129,9.461628974801448,9.880880586923396,9.880880586923396,9.425397354000788
600829.SH,20080526,18.35,18.54,18.0,18.14,18.28,-0.14,-0.77,3747.5,6858.712,5.129,9.389165733200125,9.497860595602113,9.596203566346764,9.3167024915988
600829.SH,20080527,17.5,18.87,17.5,18.13,18.14,-0.01,-0.06,5765.29,10525.909,5.129,9.383989787371458,9.0579052001655,9.767009778692742,9.0579052001655
600829.SH,20080528,18.05,18.55,17.8,18.43,18.13,0.3,1.65,3468.09,6307.954,5.129,9.53926816223144,9.34258222074213,9.60137951217543,9.21318357502548
600829.SH,20080529,18.25,18.58,17.93,18.0,18.43,-0.43,-2.33,3553.0,6479.849,5.129,9.3167024915988,9.44610113731545,9.616907349661428,9.280470870798135
600829.SH,20080530,17.88,18.11,17.62,17.94,18.0,-0.06,-0.33,2051.54,3664.234,5.129,9.285646816626803,9.254591141654808,9.373637895714126,9.120016550109494
600829.SH,20080602,17.63,18.35,17.63,18.18,17.94,0.24,1.34,1646.3,2978.164,5.129,9.409869516514789,9.125192495938158,9.497860595602113,9.125192495938158
600829.SH,20080603,18.18,18.98,18.18,18.57,18.18,0.39,2.15,4524.76,8399.177,5.129,9.611731403832762,9.409869516514789,9.823945182808067,9.409869516514789
600829.SH,20080604,18.25,18.65,17.89,18.06,18.57,-0.51,-2.75,3189.84,5774.187,5.129,9.347758166570795,9.44610113731545,9.65313897046209,9.259767087483477
600829.SH,20080605,17.96,18.15,17.61,17.88,18.06,-0.18,-1.0,1568.04,2809.852,5.129,9.254591141654808,9.295998708284136,9.39434167902879,9.114840604280824
600829.SH,20080606,17.82,18.05,17.75,17.99,17.88,0.11,0.62,2157.32,3863.94,5.129,9.311526545770134,9.223535466682812,9.34258222074213,9.18730384588215
600829.SH,20080610,17.58,17.58,16.19,16.19,17.99,-1.8,-10.01,4843.0,7954.661,5.129,8.379856296610255,9.099312766794826,9.099312766794826,8.379856296610255
600829.SH,20080611,16.14,16.14,15.2,15.29,16.19,-0.9,-5.56,2904.5,4529.121,5.129,7.9140211720303135,8.353976567466924,8.353976567466924,7.86743765957232
600829.SH,20080612,15.35,15.6,14.6,15.01,15.29,-0.28,-1.83,2931.9,4421.414,5.129,7.769094688827667,7.94507684700231,8.07447549271896,7.55688090985236
600829.SH,20080613,15.2,15.21,14.6,14.7,15.01,-0.31,-2.07,1966.73,2925.386,5.129,7.608640368139021,7.86743765957232,7.872613605400987,7.55688090985236
600829.SH,20080616,14.81,15.2,14.33,14.36,14.7,-0.34,-2.31,2149.07,3126.36,5.129,7.432658209964376,7.665575772254346,7.86743765957232,7.417130372478379
600829.SH,20080617,14.76,14.92,13.61,13.7,14.36,-0.66,-4.6,2556.06,3638.727,5.129,7.09104578527242,7.639696043111016,7.722511176369672,7.0444622728144255
600829.SH,20080618,13.65,14.47,13.02,14.41,13.7,0.71,5.18,4474.28,6259.104,5.129,7.458537939107707,7.06516605612909,7.489593614079703,6.739081468923132
600829.SH,20080619,14.1,14.29,12.97,12.98,14.41,-1.43,-9.92,3563.54,4769.277,5.129,6.718377685608469,7.298083618419059,7.396426589163714,6.7132017397798025
600829.SH,20080620,13.2,13.79,12.06,13.5,12.98,0.52,4.01,5028.39,6703.606,5.129,6.987526868699099,6.832248493839121,7.137629297730413,6.242190669371197
600829.SH,20080623,12.6,13.99,12.58,13.79,13.5,0.29,2.15,3141.83,4171.64,5.129,7.137629297730413,6.521691744119161,7.241148214303734,6.511339852461829
600829.SH,20080624,13.76,14.5,13.66,14.4,13.79,0.61,4.42,6766.06,9603.935,5.129,7.45336199327904,7.122101460244416,7.5051214515657,7.070342001957757
600829.SH,20080625,14.2,14.99,14.2,14.75,14.4,0.35,2.43,4742.14,6985.38,5.129,7.63452009728235,7.34984307670572,7.758742797170334,7.34984307670572
600829.SH,20080626,14.8,15.18,14.66,14.77,14.75,0.02,0.14,3589.1,5340.174,5.129,7.6448719889396815,7.660399826425681,7.857085767914988,7.587936584824356
600829.SH,20080627,14.2,14.48,13.29,13.29,14.77,-1.48,-10.02,3147.4,4295.42,5.129,6.878832006297114,7.34984307670572,7.494769559908367,6.878832006297114
600829.SH,20080630,13.06,13.57,13.0,13.35,13.29,0.06,0.45,3769.09,5006.113,5.129,6.909887681269111,6.759785252237797,7.023758489499762,6.7287295772658
600829.SH,20080701,13.33,13.36,13.0,13.25,13.35,-0.1,-0.75,2063.1,2721.268,5.129,6.858128222982451,6.899535789611779,6.915063627097776,6.7287295772658
600829.SH,20080702,13.2,13.67,13.02,13.48,13.15,0.33,2.51,1713.32,2312.691,5.168,7.030228169497342,6.884199691199177,7.129318922628239,6.790324240864643
600829.SH,20080703,13.04,14.59,13.04,14.34,13.48,0.86,6.38,3676.18,5199.539,5.168,7.47874420998456,6.800754846457369,7.609126779893636,6.800754846457369
600829.SH,20080704,14.6,14.6,14.21,14.34,14.34,0.0,0.0,2338.71,3360.927,5.168,7.47874420998456,7.614342082689998,7.614342082689998,7.410945273631841
600829.SH,20080707,14.34,15.36,14.1,15.29,14.34,0.95,6.62,8989.44,13539.378,5.168,7.974197975639046,7.47874420998456,8.010705095213588,7.353576942871848
600829.SH,20080708,15.28,15.88,15.28,15.65,15.29,0.36,2.35,7226.59,11259.11,5.168,8.161948876308115,7.968982672842682,8.281900840624465,7.968982672842682
600829.SH,20080709,15.98,15.98,15.32,15.66,15.65,0.01,0.06,6056.7,9494.61,5.168,8.167164179104478,8.334053868588095,8.334053868588095,7.989843884028136
600829.SH,20080710,15.72,15.72,15.3,15.4,15.66,-0.26,-1.66,5435.3,8429.146,5.168,8.031566306399041,8.198455995882656,8.198455995882656,7.97941327843541
600829.SH,20080711,15.47,15.53,14.82,14.93,15.4,-0.47,-3.05,3638.51,5490.848,5.168,7.786447074969979,8.06807342597358,8.099365242751759,7.729078744209985
600829.SH,20080715,15.29,16.42,15.29,15.78,14.93,0.85,5.69,16869.76,26963.319,5.168,8.229747812660834,7.974197975639046,8.563527191628067,7.974197975639046
600829.SH,20080716,15.6,15.6,14.41,14.74,15.78,-1.04,-6.59,8635.57,12783.513,5.168,7.687356321839081,8.1358723623263,8.1358723623263,7.515251329559102
600829.SH,20080717,14.86,15.79,14.69,14.71,14.74,-0.03,-0.2,5889.37,8927.322,5.168,7.671710413449992,7.749939955395437,8.234963115457198,7.661279807857265
600829.SH,20080718,14.8,15.15,13.58,14.88,14.71,0.17,1.16,6104.57,8840.916,5.168,7.7603705609881635,7.718648138617259,7.901183736489965,7.082381197460972
600829.SH,20080721,14.69,15.71,13.82,15.49,14.88,0.61,4.1,7567.05,11493.324,5.168,8.078504031566307,7.661279807857265,8.193240693086294,7.207548464573684
600829.SH,20080722,15.25,15.8,15.2,15.33,15.49,-0.16,-1.03,5387.15,8372.38,5.168,7.995059186824498,7.953336764453594,8.24017841825356,7.92726025047178
600829.SH,20080723,15.39,15.72,15.32,15.51,15.33,0.18,1.17,6925.0,10760.213,5.168,8.088934637159033,8.026351003602677,8.198455995882656,7.989843884028136
600829.SH,20080724,15.6,15.65,15.4,15.59,15.51,0.08,0.52,6434.43,9998.508,5.168,8.130657059529936,8.1358723623263,8.161948876308115,8.031566306399041
600829.SH,20080725,15.57,15.57,15.04,15.38,15.59,-0.21,-1.35,3064.12,4669.277,5.168,8.021135700806314,8.12022645393721,8.12022645393721,7.843815405729971
600829.SH,20080728,15.42,15.68,15.38,15.4,15.38,0.02,0.13,2770.71,4298.149,5.168,8.031566306399041,8.041996911991767,8.177594784697204,8.021135700806314
600829.SH,20080729,15.43,15.74,15.01,15.36,15.4,-0.04,-0.26,4482.17,6923.408,5.168,8.010705095213588,8.047212214788129,8.208886601475383,7.828169497340882
600829.SH,20080730,15.76,15.76,15.4,15.54,15.36,0.18,1.17,4397.69,6847.978,5.168,8.104580545548123,8.219317207068109,8.219317207068109,8.031566306399041
600829.SH,20080731,15.45,15.69,15.12,15.25,15.54,-0.29,-1.87,4201.6,6518.234,5.168,7.953336764453594,8.057642820380854,8.182810087493566,7.885537828100874
600829.SH,20080801,15.11,15.35,14.5,15.05,15.25,-0.2,-1.31,1916.05,2848.805,5.168,7.849030708526334,7.880322525304512,8.005489792417224,7.562189054726369
600829.SH,20080804,14.86,15.35,14.86,15.24,15.05,0.19,1.26,3308.24,5015.386,5.168,7.948121461657232,7.749939955395437,8.005489792417224,7.749939955395437
600829.SH,20080805,15.31,15.58,15.01,15.34,15.24,0.1,0.66,3563.58,5472.756,5.168,8.00027448962086,7.984628581231774,8.125441756733574,7.828169497340882
600829.SH,20080806,15.5,16.87,15.4,16.87,15.34,1.53,9.97,14840.96,23946.653,5.168,8.798215817464403,8.08371933436267,8.798215817464403,8.031566306399041
600829.SH,20080807,16.58,16.87,16.21,16.49,16.87,-0.38,-2.25,8963.57,14728.727,5.168,8.600034311202608,8.646972036369874,8.798215817464403,8.454005832904443
600829.SH,20080808,16.38,17.56,15.72,16.77,16.49,0.28,1.7,15683.75,26290.972,5.168,8.746062789500773,8.542665980442614,9.15807171041345,8.198455995882656
600829.SH,20080811,16.6,16.6,15.09,15.09,16.77,-1.68,-10.02,7292.6,11365.765,5.168,7.869891919711786,8.657402641962602,8.657402641962602,7.869891919711786
600829.SH,20080812,14.5,14.6,13.58,14.31,15.09,-0.78,-5.17,7221.56,10193.884,5.168,7.463098301595472,7.562189054726369,7.614342082689998,7.082381197460972
600829.SH,20080813,13.75,14.2,13.1,13.9,14.31,-0.41,-2.87,4369.11,6027.492,5.168,7.249270886944587,7.171041344999143,7.405729970835478,6.8320466632355465
600829.SH,20080814,13.9,14.39,13.75,14.01,13.9,0.11,0.79,1633.64,2297.477,5.168,7.30663921770458,7.249270886944587,7.504820723966375,7.171041344999143
600829.SH,20080815,13.66,14.6,13.66,13.75,14.01,-0.26,-1.86,4349.88,6007.445,5.168,7.171041344999143,7.124103619831876,7.614342082689998,7.124103619831876
600829.SH,20080818,13.99,13.99,12.38,12.39,13.75,-1.36,-9.89,5162.67,6709.492,5.168,6.461760164693772,7.296208612111855,7.296208612111855,6.4565448618974095
600829.SH,20080819,11.61,12.5,11.6,12.4,12.39,0.01,0.08,1563.0,1929.201,5.168,6.466975467490136,6.054966546577457,6.519128495453766,6.049751243781095
600829.SH,20080820,12.3,13.54,12.04,13.52,12.4,1.12,9.03,10649.55,13589.947,5.168,7.051089380682792,6.414822439526506,7.061519986275518,6.279224566821067
600829.SH,20080821,13.3,13.43,12.55,12.7,13.52,-0.82,-6.07,5779.11,7482.673,5.168,6.623434551381026,6.936352719162808,7.004151655515526,6.545205009435581
600829.SH,20080822,12.36,12.5,11.62,12.05,12.7,-0.65,-5.12,5745.59,6889.031,5.168,6.28443986961743,6.446114256304684,6.519128495453766,6.06018184937382
600829.SH,20080825,12.15,12.28,11.62,11.93,12.05,-0.12,-1.0,1846.0,2211.771,5.168,6.2218562360610745,6.336592897581061,6.404391833933779,6.06018184937382
600829.SH,20080826,11.67,11.9,11.05,11.22,11.93,-0.71,-5.95,3941.27,4484.835,5.168,5.851569737519301,6.086258363355636,6.206210327671985,5.762909589981129
600829.SH,20080828,11.39,11.39,10.92,11.1,11.22,-0.12,-1.07,3467.82,3861.06,5.168,5.788986103962944,5.940229885057471,5.940229885057471,5.69511065362841
600829.SH,20080829,11.03,11.56,11.03,11.31,11.1,0.21,1.89,8998.88,10158.381,5.168,5.898507462686568,5.752478984388403,6.028890032595642,5.752478984388403
600829.SH,20080901,11.15,11.31,10.88,10.95,11.31,-0.36,-3.18,3629.5,4002.413,5.168,5.710756562017498,5.81506261794476,5.898507462686568,5.674249442442958
600829.SH,20080902,10.95,11.38,10.87,11.24,10.95,0.29,2.65,3142.71,3523.933,5.168,5.862000343112026,5.710756562017498,5.9350145822611085,5.669034139646595
600829.SH,20080903,11.06,11.45,10.91,11.0,11.24,-0.24,-2.14,1787.0,1975.099,5.168,5.736833075999313,5.768124892777492,5.971521701835649,5.689895350832047
600829.SH,20080904,11.0,11.26,10.82,11.25,11.0,0.25,2.27,2064.59,2302.535,5.168,5.867215645908389,5.736833075999313,5.872430948704752,5.64295762566478
600829.SH,20080905,11.18,11.58,10.85,11.49,11.25,0.24,2.13,4349.03,4894.156,5.168,5.9923829130211015,5.830708526333848,6.039320638188369,5.658603534053869
600829.SH,20080908,11.49,12.34,11.49,11.75,11.49,0.26,2.26,14108.84,16748.344,5.168,6.12798078572654,5.9923829130211015,6.435683650711957,5.9923829130211015
600829.SH,20080909,11.8,12.0,11.18,11.45,11.75,-0.3,-2.55,8816.93,10184.28,5.168,5.971521701835649,6.154057299708355,6.258363355635615,5.830708526333848
600829.SH,20080910,11.23,11.6,11.2,11.39,11.45,-0.06,-0.52,3967.0,4530.892,5.168,5.940229885057471,5.856785040315664,6.049751243781095,5.841139131926574
600829.SH,20080911,11.45,11.77,11.05,11.17,11.39,-0.22,-1.93,5060.76,5803.655,5.168,5.825493223537485,5.971521701835649,6.1384113913192655,5.762909589981129
600829.SH,20080912,11.15,11.4,10.99,11.16,11.17,-0.01,-0.09,3470.9,3878.526,5.168,5.820277920741122,5.81506261794476,5.945445187853835,5.731617773202951
600829.SH,20080916,11.16,11.2,10.85,11.06,11.16,-0.1,-0.9,3256.88,3598.205,5.168,5.768124892777492,5.820277920741122,5.841139131926574,5.658603534053869
600829.SH,20080917,10.9,11.66,10.9,11.48,11.06,0.42,3.8,5085.08,5747.877,5.168,5.98716761022474,5.684680048035684,6.081043060559273,5.684680048035684
600829.SH,20080918,11.25,11.48,10.33,11.17,11.48,-0.31,-2.7,5607.83,6194.237,5.168,5.825493223537485,5.867215645908389,5.98716761022474,5.387407788642992
600829.SH,20080919,12.16,12.29,11.66,12.29,11.17,1.12,10.03,8593.01,10444.66,5.168,6.409607136730142,6.341808200377423,6.409607136730142,6.081043060559273
600829.SH,20080922,12.58,13.23,12.03,12.5,12.29,0.21,1.71,21182.52,27198.974,5.168,6.519128495453766,6.56085091782467,6.899845599588266,6.274009264024704
600829.SH,20080923,12.0,12.02,11.25,11.3,12.5,-1.2,-9.6,9030.49,10398.983,5.168,5.893292159890205,6.258363355635615,6.268793961228341,5.867215645908389
600829.SH,20080924,11.27,11.86,10.9,11.78,11.3,0.48,4.25,9513.33,11019.671,5.168,6.143626694115628,5.877646251501115,6.185349116486533,5.684680048035684
600829.SH,20080925,11.8,12.46,11.8,12.39,11.78,0.61,5.18,9529.93,11661.676,5.168,6.461760164693772,6.154057299708355,6.498267284268314,6.154057299708355
600829.SH,20080926,12.21,12.45,11.7,12.11,12.39,-0.28,-2.26,5303.8,6392.41,5.168,6.315731686395608,6.367884714359239,6.49305198147195,6.101904271744724
600829.SH,20081006,12.09,12.09,11.63,11.8,12.11,-0.31,-2.56,2014.5,2376.228,5.168,6.154057299708355,6.305301080802883,6.305301080802883,6.065397152170184
600829.SH,20081007,11.61,12.15,11.31,12.07,11.8,0.27,2.29,3077.34,3641.368,5.168,6.294870475210156,6.054966546577457,6.336592897581061,5.898507462686568
600829.SH,20081008,12.0,12.77,12.0,12.31,12.07,0.24,1.99,13562.76,16852.134,5.168,6.420037742322869,6.258363355635615,6.659941670955567,6.258363355635615
600829.SH,20081009,12.5,12.65,11.72,12.0,12.31,-0.31,-2.52,7417.27,8963.768,5.168,6.258363355635615,6.519128495453766,6.597358037399212,6.112334877337451
600829.SH,20081010,11.7,11.7,11.1,11.15,12.0,-0.85,-7.08,7063.42,7984.16,5.168,5.81506261794476,6.101904271744724,6.101904271744724,5.788986103962944
600829.SH,20081013,11.1,11.56,10.6,11.55,11.15,0.4,3.59,4516.85,4938.787,5.168,6.023674729799279,5.788986103962944,6.028890032595642,5.5282209641447935
600829.SH,20081014,11.98,11.98,11.15,11.45,11.55,-0.1,-0.87,8314.8,9546.102,5.168,5.971521701835649,6.24793275004289,6.24793275004289,5.81506261794476
600829.SH,20081015,11.3,11.75,11.27,11.74,11.45,0.29,2.53,4735.14,5484.69,5.168,6.122765482930177,5.893292159890205,6.12798078572654,5.877646251501115
600829.SH,20081016,11.0,11.7,11.0,11.47,11.74,-0.27,-2.3,5460.65,6306.703,5.168,5.981952307428376,5.736833075999313,6.101904271744724,5.736833075999313
600829.SH,20081017,11.69,11.98,11.47,11.85,11.47,0.38,3.31,3453.43,4034.632,5.168,6.18013381369017,6.096688968948361,6.24793275004289,5.981952307428376
600829.SH,20081020,11.4,12.0,11.01,11.88,11.85,0.03,0.25,16648.31,19127.274,5.168,6.195779722079259,5.945445187853835,6.258363355635615,5.742048378795677
600829.SH,20081021,11.69,11.85,11.3,11.72,11.88,-0.16,-1.35,8689.51,10116.215,5.168,6.112334877337451,6.096688968948361,6.18013381369017,5.893292159890205
600829.SH,20081022,11.57,11.57,11.33,11.5,11.72,-0.22,-1.88,5006.0,5737.635,5.168,5.997598215817464,6.034105335392006,6.034105335392006,5.908938068279293
600829.SH,20081023,11.45,11.62,11.21,11.6,11.5,0.1,0.87,5433.88,6239.899,5.168,6.049751243781095,5.971521701835649,6.06018184937382,5.8463544347229375
600829.SH,20081024,11.6,11.71,11.45,11.6,11.6,0.0,0.0,2971.9,3437.365,5.168,6.049751243781095,6.049751243781095,6.107119574541088,5.971521701835649
600829.SH,20081027,11.35,11.48,10.81,10.82,11.6,-0.78,-6.72,5589.5,6182.195,5.168,5.64295762566478,5.919368673872019,5.98716761022474,5.637742322868417
600829.SH,20081028,10.44,11.0,10.44,10.95,10.82,0.13,1.2,1670.07,1815.483,5.168,5.710756562017498,5.444776119402984,5.736833075999313,5.444776119402984
600829.SH,20081029,11.0,11.18,10.77,10.8,10.95,-0.15,-1.37,4472.85,4885.808,5.168,5.632527020072054,5.736833075999313,5.830708526333848,5.6168811116829644
600829.SH,20081030,10.94,11.05,10.7,10.82,10.8,0.02,0.19,2031.2,2215.223,5.168,5.64295762566478,5.705541259221135,5.762909589981129,5.580373992108423
600829.SH,20081031,10.83,11.37,10.5,10.62,10.82,-0.2,-1.85,1522.2,1633.155,5.168,5.538651569737519,5.648172928461142,5.929799279464745,5.476067936181163
600829.SH,20081103,10.68,10.85,10.51,10.53,10.62,-0.09,-0.85,1373.98,1458.637,5.168,5.491713844570252,5.569943386515697,5.658603534053869,5.481283238977526
600829.SH,20081104,10.4,10.75,10.34,10.7,10.53,0.17,1.61,2123.29,2231.544,5.168,5.580373992108423,5.423914908217534,5.606450506090239,5.392623091439355
600829.SH,20081105,10.61,10.95,10.61,10.84,10.7,0.14,1.31,3039.31,3285.255,5.168,5.653388231257506,5.533436266941156,5.710756562017498,5.533436266941156
600829.SH,20081106,10.51,10.6,10.38,10.38,10.84,-0.46,-4.24,1320.99,1381.068,5.168,5.413484302624807,5.481283238977526,5.5282209641447935,5.413484302624807
600829.SH,20081107,10.2,10.32,10.01,10.06,10.38,-0.32,-3.08,3693.98,3740.536,5.168,5.246594613141191,5.319608852290273,5.3821924858466295,5.220518099159375
600829.SH,20081110,10.37,10.8,10.17,10.67,10.06,0.61,6.06,4737.47,4995.064,5.168,5.564728083719334,5.408268999828444,5.632527020072054,5.303962943901184
600829.SH,20081111,10.65,10.85,10.48,10.74,10.67,0.07,0.66,3794.9,4079.686,5.168,5.601235203293875,5.554297478126609,5.658603534053869,5.465637330588438
600829.SH,20081112,10.75,11.18,10.75,10.98,10.74,0.24,2.23,3495.12,3825.112,5.168,5.726402470406589,5.606450506090239,5.830708526333848,5.606450506090239
600829.SH,20081113,10.8,11.5,10.51,11.42,10.98,0.44,4.01,6737.02,7476.953,5.168,5.955875793446561,5.632527020072054,5.997598215817464,5.481283238977526
600829.SH,20081114,11.35,11.78,11.35,11.75,11.42,0.33,2.89,9979.71,11606.718,5.168,6.12798078572654,5.919368673872019,6.143626694115628,5.919368673872019
600829.SH,20081117,11.72,12.55,11.59,12.38,11.75,0.63,5.36,10263.21,12463.115,5.168,6.4565448618974095,6.112334877337451,6.545205009435581,6.044535940984732
600829.SH,20081118,12.29,12.48,11.8,11.86,12.38,-0.52,-4.2,12119.91,14741.861,5.168,6.185349116486533,6.409607136730142,6.50869788986104,6.154057299708355
600829.SH,20081119,11.5,12.54,11.5,12.5,11.86,0.64,5.4,9398.9,11489.604,5.168,6.519128495453766,5.997598215817464,6.539989706639218,5.997598215817464
600829.SH,20081120,12.35,13.08,11.7,12.96,12.5,0.46,3.68,33241.9,41374.293,5.168,6.759032424086465,6.440898953508321,6.821616057642821,6.101904271744724
600829.SH,20081121,12.6,13.88,12.4,13.26,12.96,0.3,2.31,14972.08,19650.738,5.168,6.915491507977355,6.571281523417396,7.238840281351861,6.466975467490136
600829.SH,20081124,13.26,14.18,12.82,12.88,13.26,-0.38,-2.87,16189.82,21929.073,5.168,6.7173100017155605,6.915491507977355,7.395299365242752,6.686018184937382
600829.SH,20081125,12.86,13.26,12.31,12.88,12.88,0.0,0.0,5265.33,6656.915,5.168,6.7173100017155605,6.706879396122835,6.915491507977355,6.420037742322869
600829.SH,20081126,12.79,12.94,12.4,12.85,12.88,-0.03,-0.23,2613.87,3335.293,5.168,6.701664093326471,6.670372276548293,6.748601818493738,6.466975467490136
600829.SH,20081127,13.65,14.0,13.01,13.12,12.85,0.27,2.1,7510.89,10045.095,5.168,6.842477268828272,7.118888317035512,7.301423914908218,6.785108938068279
600829.SH,20081128,12.89,13.58,12.77,13.5,13.12,0.38,2.9,4399.99,5858.205,5.168,7.040658775090067,6.722525304511923,7.082381197460972,6.659941670955567
600829.SH,20081201,13.6,14.2,13.31,14.12,13.5,0.62,4.59,6118.25,8477.045,5.168,7.364007548464574,7.0928118030536975,7.405729970835478,6.94156802195917
600829.SH,20081202,13.8,14.35,13.78,14.3,14.12,0.18,1.27,5117.15,7260.95,5.168,7.457882998799108,7.197117858980959,7.483959512780922,7.186687253388231
600829.SH,20081203,14.3,15.15,14.3,15.11,14.3,0.81,5.66,5288.03,7870.619,5.168,7.880322525304512,7.457882998799108,7.901183736489965,7.457882998799108
600829.SH,20081204,14.8,15.82,14.8,15.77,15.11,0.66,4.37,9335.31,14502.589,5.168,8.22453250986447,7.718648138617259,8.250609023846286,7.718648138617259
600829.SH,20081205,15.79,15.79,15.25,15.72,15.77,-0.05,-0.32,3762.07,5827.215,5.168,8.198455995882656,8.234963115457198,8.234963115457198,7.953336764453594
600829.SH,20081208,15.69,16.0,15.43,15.84,15.72,0.12,0.76,4075.79,6403.54,5.168,8.261039629439011,8.182810087493566,8.34448447418082,8.047212214788129
600829.SH,20081209,15.9,15.9,14.95,15.6,15.84,-0.24,-1.52,5481.37,8433.012,5.168,8.1358723623263,8.29233144621719,8.29233144621719,7.796877680562704
600829.SH,20081210,15.57,15.92,15.12,15.88,15.6,0.28,1.79,3193.86,4969.678,5.168,8.281900840624465,8.12022645393721,8.302762051809916,7.885537828100874
600829.SH,20081211,15.9,15.9,15.11,15.82,15.88,-0.06,-0.38,1984.86,3110.892,5.168,8.250609023846286,8.29233144621719,8.29233144621719,7.880322525304512
600829.SH,20081212,15.66,15.8,15.1,15.73,15.82,-0.09,-0.57,2043.4,3169.495,5.168,8.20367129867902,8.167164179104478,8.24017841825356,7.875107222508149
600829.SH,20081215,15.7,15.98,15.23,15.73,15.73,0.0,0.0,2195.0,3450.792,5.168,8.20367129867902,8.188025390289928,8.334053868588095,7.942906158860868
600829.SH,20081216,15.73,15.85,15.3,15.82,15.73,0.09,0.57,1723.07,2692.865,5.168,8.250609023846286,8.20367129867902,8.266254932235375,7.97941327843541
600829.SH,20081217,15.82,17.3,15.64,16.78,15.82,0.96,6.07,7004.83,11790.578,5.168,8.751278092297136,8.250609023846286,9.022473837708011,8.156733573511753
600829.SH,20081218,16.42,16.8,15.55,16.78,16.78,0.0,0.0,3722.37,6074.619,5.168,8.751278092297136,8.563527191628067,8.761708697889862,8.109795848344485
600829.SH,20081219,16.3,16.78,15.64,16.66,16.78,-0.12,-0.72,7857.2,12846.379,5.168,8.68869445874078,8.500943558071711,8.751278092297136,8.156733573511753
600829.SH,20081222,16.25,16.59,16.08,16.51,16.66,-0.15,-0.9,2747.13,4497.219,5.168,8.610464916795335,8.474867044089896,8.652187339166238,8.386206896551723
600829.SH,20081223,16.51,16.51,15.77,15.8,16.51,-0.71,-4.3,3258.95,5276.86,5.168,8.24017841825356,8.610464916795335,8.610464916795335,8.22453250986447
600829.SH,20081224,15.7,15.7,15.01,15.47,15.8,-0.33,-2.09,4353.35,6596.352,5.168,8.06807342597358,8.188025390289928,8.188025390289928,7.828169497340882
600829.SH,20081225,15.29,15.59,15.03,15.56,15.47,0.09,0.58,3612.04,5504.828,5.168,8.115011151140846,7.974197975639046,8.130657059529936,7.838600102933607
600829.SH,20081226,15.45,15.57,15.2,15.56,15.56,0.0,0.0,1452.81,2239.728,5.168,8.115011151140846,8.057642820380854,8.12022645393721,7.92726025047178
600829.SH,20081229,15.21,15.54,15.12,15.49,15.56,-0.07,-0.45,1170.0,1795.893,5.168,8.078504031566307,7.932475553268143,8.104580545548123,7.885537828100874
600829.SH,20081230,15.48,15.84,15.21,15.64,15.49,0.15,0.97,5542.18,8588.085,5.168,8.156733573511753,8.073288728769944,8.261039629439011,7.932475553268143
600829.SH,20081231,15.69,16.38,15.51,16.34,15.64,0.7,4.48,6797.86,10931.783,5.168,8.521804769257162,8.182810087493566,8.542665980442614,8.088934637159033
600829.SH,20090105,16.56,16.7,16.13,16.28,16.34,-0.06,-0.3672,7683.87,12529.349,5.168,8.490512952478985,8.636541430777148,8.70955566992623,8.412283410533538
600829.SH,20090106,16.15,16.7,16.1,16.29,16.28,0.01,0.0614,6347.33,10368.232,5.168,8.495728255275347,8.422714016126266,8.70955566992623,8.39663750214445
600829.SH,20090107,16.29,16.36,16.08,16.19,16.29,-0.1,-0.6139,2093.39,3386.071,5.168,8.443575227311717,8.495728255275347,8.532235374849888,8.386206896551723
600829.SH,20090108,16.16,16.16,15.41,15.54,16.19,-0.65,-4.0148,2193.25,3456.332,5.168,8.104580545548123,8.42792931892263,8.42792931892263,8.036781609195403
600829.SH,20090109,15.69,15.97,15.5,15.88,15.54,0.34,2.1879,2476.16,3906.64,5.168,8.281900840624465,8.182810087493566,8.328838565791731,8.08371933436267
600829.SH,20090112,15.98,16.2,15.65,15.89,15.88,0.01,0.063,5136.8,8148.039,5.168,8.287116143420828,8.334053868588095,8.448790530108079,8.161948876308115
600829.SH,20090113,15.8,15.9,14.74,15.22,15.89,-0.67,-4.2165,7984.76,12250.418,5.168,7.937690856064506,8.24017841825356,8.29233144621719,7.687356321839081
600829.SH,20090114,15.21,15.5,14.8,14.98,15.22,-0.24,-1.5769,18685.31,28069.022,5.168,7.812523588951793,7.932475553268143,8.08371933436267,7.718648138617259
600829.SH,20090115,15.07,15.42,15.05,15.2,14.98,0.22,1.4686,10572.25,16061.787,5.168,7.92726025047178,7.85946131411906,8.041996911991767,7.849030708526334
600829.SH,20090116,15.1,15.41,15.01,15.11,15.2,-0.09,-0.5921,7948.29,12093.23,5.168,7.880322525304512,7.875107222508149,8.036781609195403,7.828169497340882
600829.SH,20090119,15.2,15.32,14.75,14.91,15.11,-0.2,-1.3236,7238.62,10833.824,5.168,7.776016469377251,7.92726025047178,7.989843884028136,7.692571624635445
600829.SH,20090120,14.81,15.12,14.8,15.11,14.91,0.2,1.3414,6141.79,9232.421,5.168,7.880322525304512,7.723863441413623,7.885537828100874,7.718648138617259
600829.SH,20090121,15.11,15.4,14.95,15.32,15.11,0.21,1.3898,12806.63,19559.507,5.168,7.989843884028136,7.880322525304512,8.031566306399041,7.796877680562704
600829.SH,20090122,15.7,16.17,15.38,15.53,15.32,0.21,1.3708,24752.09,39065.292,5.168,8.099365242751759,8.188025390289928,8.433144621718991,8.021135700806314
600829.SH,20090123,15.53,15.53,14.69,15.13,15.53,-0.4,-2.5757,37683.62,56119.848,5.168,7.890753130897239,8.099365242751759,8.099365242751759,7.661279807857265
600829.SH,20090202,15.1,15.17,14.84,15.12,15.13,-0.01,-0.0661,9904.48,14863.107,5.168,7.885537828100874,7.875107222508149,7.91161434208269,7.739509349802711
600829.SH,20090203,15.17,15.37,15.05,15.35,15.12,0.23,1.5212,12303.51,18731.468,5.168,8.005489792417224,7.91161434208269,8.01592039800995,7.849030708526334
600829.SH,20090204,15.38,15.54,15.28,15.5,15.35,0.15,0.9772,17976.69,27673.291,5.168,8.08371933436267,8.021135700806314,8.104580545548123,7.968982672842682
600829.SH,20090205,15.5,15.95,15.28,15.75,15.5,0.25,1.6129,25969.77,40435.08,5.168,8.214101904271745,8.08371933436267,8.318407960199004,7.968982672842682
600829.SH,20090206,15.78,16.3,15.78,16.29,15.75,0.54,3.4286,26428.29,42606.976,5.168,8.495728255275347,8.229747812660834,8.500943558071711,8.229747812660834
600829.SH,20090209,16.3,16.6,16.01,16.41,16.29,0.12,0.7366,30244.1,49146.358,5.168,8.558311888831705,8.500943558071711,8.657402641962602,8.349699776977184
600829.SH,20090210,16.38,16.45,16.0,16.34,16.41,-0.07,-0.4266,16043.69,26015.692,5.168,8.521804769257162,8.542665980442614,8.579173100017154,8.34448447418082
600829.SH,20090211,16.0,16.8,15.92,16.41,16.34,0.07,0.4284,25960.29,42714.205,5.168,8.558311888831705,8.34448447418082,8.761708697889862,8.302762051809916
600829.SH,20090212,16.46,16.8,16.2,16.71,16.41,0.3,1.8282,19187.66,31636.898,5.168,8.714770972722594,8.584388402813518,8.761708697889862,8.448790530108079
600829.SH,20090213,16.63,17.1,16.55,16.89,16.71,0.18,1.0772,23385.15,39260.801,5.168,8.808646423057128,8.67304855035169,8.918167781780753,8.631326127980786
600829.SH,20090216,16.89,16.95,16.3,16.71,16.89,-0.18,-1.0657,23227.44,38789.772,5.168,8.714770972722594,8.808646423057128,8.839938239835305,8.500943558071711
600829.SH,20090217,16.5,16.7,16.0,16.0,16.71,-0.71,-4.249,13821.31,22543.812,5.168,8.34448447418082,8.605249613998971,8.70955566992623,8.34448447418082
600829.SH,20090218,15.8,15.99,15.54,15.57,16.0,-0.43,-2.6875,9159.63,14480.015,5.168,8.12022645393721,8.24017841825356,8.339269171384457,8.104580545548123
600829.SH,20090219,15.41,15.97,15.41,15.9,15.57,0.33,2.1195,9397.68,14754.883,5.168,8.29233144621719,8.036781609195403,8.328838565791731,8.036781609195403
600829.SH,20090220,16.06,16.47,15.9,16.4,15.9,0.5,3.1447,11771.93,19173.388,5.168,8.553096586035341,8.375776290958997,8.58960370560988,8.29233144621719
600829.SH,20090223,16.4,16.68,16.22,16.45,16.4,0.05,0.3049,23191.71,38197.892,5.168,8.579173100017154,8.553096586035341,8.699125064333506,8.459221135700805
600829.SH,20090224,16.5,16.9,16.31,16.7,16.45,0.25,1.5198,35923.96,59722.006,5.168,8.70955566992623,8.605249613998971,8.81386172585349,8.506158860868073
600829.SH,20090225,17.01,17.8,16.89,17.6,16.7,0.9,5.3892,41179.72,71917.406,5.168,9.178932921598904,8.871230056613486,9.283238977526164,8.808646423057128
600829.SH,20090226,17.6,17.96,16.19,16.34,17.6,-1.26,-7.1591,26844.8,45906.576,5.168,8.521804769257162,9.178932921598904,9.366683822267971,8.443575227311717
600829.SH,20090227,16.05,16.28,14.71,15.18,16.34,-1.16,-7.0991,24781.89,37617.391,5.168,7.916829644879052,8.370560988162635,8.490512952478985,7.671710413449992
600829.SH,20090302,14.49,15.0,14.49,14.87,15.18,-0.31,-2.0422,11275.63,16697.544,5.168,7.755155258191799,7.556973751930005,7.8229541945445185,7.556973751930005
600829.SH,20090303,14.48,15.8,14.37,15.41,14.87,0.54,3.6315,18732.49,28635.554,5.168,8.036781609195403,7.551758449133642,8.24017841825356,7.49439011837365
600829.SH,20090304,15.32,16.1,15.32,16.05,15.41,0.64,4.1531,19793.25,31042.939,5.168,8.370560988162635,7.989843884028136,8.39663750214445,7.989843884028136
600829.SH,20090305,16.15,16.25,15.6,16.01,16.05,-0.04,-0.2492,15964.73,25495.526,5.168,8.349699776977184,8.422714016126266,8.474867044089896,8.1358723623263
600829.SH,20090306,15.55,16.02,15.2,15.71,16.01,-0.3,-1.8738,9703.01,15259.464,5.168,8.193240693086294,8.109795848344485,8.354915079773546,7.92726025047178
600829.SH,20090309,15.62,15.97,14.93,14.96,15.71,-0.75,-4.774,5422.9,8302.585,5.168,7.802092983359067,8.146302967919025,8.328838565791731,7.786447074969979
600829.SH,20090310,14.93,15.18,14.92,15.1,14.96,0.14,0.9358,3393.47,5104.48,5.168,7.875107222508149,7.786447074969979,7.916829644879052,7.781231772173615
600829.SH,20090311,15.4,15.8,15.15,15.38,15.1,0.28,1.8543,5422.0,8398.355,5.168,8.021135700806314,8.031566306399041,8.24017841825356,7.901183736489965
600829.SH,20090312,15.35,15.35,14.81,15.18,15.38,-0.2,-1.3004,3261.71,4913.515,5.168,7.916829644879052,8.005489792417224,8.005489792417224,7.723863441413623
600829.SH,20090313,15.27,15.36,15.08,15.09,15.18,-0.09,-0.5929,3402.35,5165.556,5.168,7.869891919711786,7.96376737004632,8.010705095213588,7.864676616915423
600829.SH,20090317,15.15,15.59,15.01,15.3,15.09,0.21,1.3917,11582.12,17749.781,5.168,7.97941327843541,7.901183736489965,8.130657059529936,7.828169497340882
600829.SH,20090318,15.36,15.73,15.36,15.67,15.3,0.37,2.4183,23010.83,35831.735,5.168,8.17237948190084,8.010705095213588,8.20367129867902,8.010705095213588
600829.SH,20090319,15.61,15.76,15.4,15.75,15.67,0.08,0.5105,14659.76,22859.972,5.168,8.214101904271745,8.141087665122662,8.219317207068109,8.031566306399041
600829.SH,20090320,15.7,15.7,15.11,15.36,15.75,-0.39,-2.4762,13378.82,20557.911,5.168,8.010705095213588,8.188025390289928,8.188025390289928,7.880322525304512
600829.SH,20090323,15.32,15.65,15.3,15.64,15.36,0.28,1.8229,19467.16,30134.181,5.168,8.156733573511753,7.989843884028136,8.161948876308115,7.97941327843541
600829.SH,20090324,15.7,15.76,15.3,15.47,15.64,-0.17,-1.087,61212.64,94833.584,5.168,8.06807342597358,8.188025390289928,8.219317207068109,7.97941327843541
600829.SH,20090325,15.5,15.5,15.0,15.01,15.47,-0.46,-2.9735,32174.68,49225.362,5.168,7.828169497340882,8.08371933436267,8.08371933436267,7.8229541945445185
600829.SH,20090326,14.94,15.2,14.58,14.94,15.01,-0.07,-0.4664,40696.18,60291.514,5.168,7.79166237776634,7.79166237776634,7.92726025047178,7.603911477097272
600829.SH,20090327,15.0,15.12,14.74,14.8,14.94,-0.14,-0.9371,49010.18,72947.983,5.168,7.718648138617259,7.8229541945445185,7.885537828100874,7.687356321839081
600829.SH,20090330,14.85,15.27,14.85,15.22,14.8,0.42,2.8378,44844.52,67978.62,5.168,7.937690856064506,7.744724652599073,7.96376737004632,7.744724652599073
600829.SH,20090331,15.15,15.27,15.02,15.24,15.22,0.02,0.1314,31792.18,48162.745,5.168,7.948121461657232,7.901183736489965,7.96376737004632,7.833384800137245
600829.SH,20090401,15.24,15.39,15.17,15.35,15.24,0.11,0.7218,41778.28,63826.232,5.168,8.005489792417224,7.948121461657232,8.026351003602677,7.91161434208269
600829.SH,20090402,15.43,15.97,15.43,15.64,15.35,0.29,1.8893,80644.43,127039.56,5.168,8.156733573511753,8.047212214788129,8.328838565791731,8.047212214788129
600829.SH,20090403,15.76,15.88,15.19,15.32,15.64,-0.32,-2.046,55995.15,86467.401,5.168,7.989843884028136,8.219317207068109,8.281900840624465,7.922044947675416
600829.SH,20090407,15.55,15.94,15.3,15.47,15.32,0.15,0.9791,60220.57,93548.856,5.168,8.06807342597358,8.109795848344485,8.313192657402642,7.97941327843541
600829.SH,20090408,15.55,15.55,14.85,14.96,15.47,-0.51,-3.2967,39681.45,60062.99,5.168,7.802092983359067,8.109795848344485,8.109795848344485,7.744724652599073
600829.SH,20090409,14.88,15.06,14.62,14.94,14.96,-0.02,-0.1337,26148.99,38814.653,5.168,7.79166237776634,7.7603705609881635,7.854246011322698,7.624772688282723
600829.SH,20090410,14.97,15.17,14.78,15.02,14.94,0.08,0.5355,41554.07,62283.76,5.168,7.833384800137245,7.807308286155431,7.91161434208269,7.7082175330245315
600829.SH,20090413,15.14,15.2,14.84,15.09,15.02,0.07,0.466,65002.95,97388.897,5.168,7.869891919711786,7.895968433693601,7.92726025047178,7.739509349802711
600829.SH,20090414,15.09,15.17,14.9,15.16,15.09,0.07,0.4639,53733.07,80609.113,5.168,7.906399039286327,7.869891919711786,7.91161434208269,7.770801166580889
600829.SH,20090415,15.14,16.68,15.08,16.66,15.16,1.5,9.8945,129146.29,205177.724,5.168,8.68869445874078,7.895968433693601,8.699125064333506,7.864676616915423
600829.SH,20090416,16.6,16.6,15.75,16.14,16.66,-0.52,-3.1212,89860.92,145330.689,5.168,8.417498713329904,8.657402641962602,8.657402641962602,8.214101904271745
600829.SH,20090417,16.51,16.58,16.01,16.06,16.14,-0.08,-0.4957,90376.89,146765.296,5.168,8.375776290958997,8.610464916795335,8.646972036369874,8.349699776977184
600829.SH,20090420,16.11,16.32,16.05,16.3,16.06,0.24,1.4944,54486.38,88303.514,5.168,8.500943558071711,8.401852804940813,8.511374163664437,8.370560988162635
600829.SH,20090421,16.2,16.2,15.65,15.91,16.3,-0.39,-2.3926,55802.16,89098.953,5.168,8.297546749013554,8.448790530108079,8.448790530108079,8.161948876308115
600829.SH,20090422,16.02,16.43,15.66,15.92,15.91,0.01,0.0629,66662.16,107688.76,5.168,8.302762051809916,8.354915079773546,8.56874249442443,8.167164179104478
600829.SH,20090423,15.8,16.2,15.68,16.18,15.92,0.26,1.6332,34351.22,54965.749,5.168,8.438359924515355,8.24017841825356,8.448790530108079,8.177594784697204
600829.SH,20090424,16.27,16.59,16.23,16.41,16.18,0.23,1.4215,67088.17,110341.512,5.168,8.558311888831705,8.485297649682622,8.652187339166238,8.46443643849717
600829.SH,20090427,16.71,16.97,15.9,16.0,16.41,-0.41,-2.4985,57275.8,93807.582,5.168,8.34448447418082,8.714770972722594,8.850368845428031,8.29233144621719
600829.SH,20090428,15.9,16.8,15.81,16.75,16.0,0.75,4.6875,68790.93,113337.209,5.168,8.735632183908047,8.29233144621719,8.761708697889862,8.245393721049922
600829.SH,20090429,16.8,16.9,16.28,16.52,16.75,-0.23,-1.3731,53601.66,88338.544,5.168,8.615680219591697,8.761708697889862,8.81386172585349,8.490512952478985
600829.SH,20090430,16.51,16.66,16.21,16.33,16.52,-0.19,-1.1501,46355.86,75986.121,5.168,8.516589466460799,8.610464916795335,8.68869445874078,8.454005832904443
600829.SH,20090504,16.84,17.4,16.7,16.87,16.33,0.54,3.3068,62231.23,105322.245,5.168,8.798215817464403,8.782569909075313,9.07462686567164,8.70955566992623
600829.SH,20090505,16.84,16.84,16.45,16.69,16.87,-0.18,-1.067,45735.59,76073.854,5.168,8.704340367129868,8.782569909075313,8.782569909075313,8.579173100017154
600829.SH,20090506,16.64,16.78,16.4,16.53,16.69,-0.16,-0.9587,49071.9,81107.402,5.168,8.62089552238806,8.678263853148053,8.751278092297136,8.553096586035341
600829.SH,20090508,16.31,16.86,16.01,16.22,16.53,-0.31,-1.8754,52493.19,85778.521,5.168,8.459221135700805,8.506158860868073,8.793000514668039,8.349699776977184
600829.SH,20090511,16.36,16.74,16.0,16.29,16.22,0.07,0.4316,65253.98,106874.17,5.168,8.495728255275347,8.532235374849888,8.730416881111681,8.34448447418082
600829.SH,20090512,16.06,16.32,15.8,16.05,16.29,-0.24,-1.4733,41570.63,66397.76,5.168,8.370560988162635,8.375776290958997,8.511374163664437,8.24017841825356
600829.SH,20090513,16.18,16.23,15.97,16.08,16.05,0.03,0.1869,29043.84,46767.285,5.168,8.386206896551723,8.438359924515355,8.46443643849717,8.328838565791731
600829.SH,20090514,16.15,16.28,16.03,16.21,16.08,0.13,0.8085,27731.59,44829.621,5.168,8.454005832904443,8.422714016126266,8.490512952478985,8.36013038256991
600829.SH,20090515,16.28,16.57,16.2,16.43,16.21,0.22,1.3572,38382.61,62913.11,5.168,8.56874249442443,8.490512952478985,8.641756733573512,8.448790530108079
600829.SH,20090518,16.54,16.54,16.06,16.39,16.43,-0.04,-0.2435,31166.44,50937.237,5.168,8.54788128323898,8.626110825184423,8.626110825184423,8.375776290958997
600829.SH,20090519,16.57,16.99,16.4,16.5,16.39,0.11,0.6711,59726.0,99734.899,5.168,8.605249613998971,8.641756733573512,8.860799451020757,8.553096586035341
600829.SH,20090520,16.3,16.88,16.15,16.47,16.5,-0.03,-0.1818,56727.11,93669.568,5.168,8.58960370560988,8.500943558071711,8.803431120260765,8.422714016126266
600829.SH,20090521,16.45,16.85,16.03,16.07,16.47,-0.4,-2.4287,44037.87,71888.162,5.168,8.380991593755361,8.579173100017154,8.787785211871677,8.36013038256991
600829.SH,20090522,16.0,16.13,15.85,15.93,16.07,-0.14,-0.8712,28820.61,45988.9,5.168,8.30797735460628,8.34448447418082,8.412283410533538,8.266254932235375
600829.SH,20090525,15.6,15.76,15.35,15.68,15.93,-0.25,-1.5694,25176.52,39091.483,5.168,8.177594784697204,8.1358723623263,8.219317207068109,8.005489792417224
600829.SH,20090526,15.6,15.68,15.3,15.61,15.68,-0.07,-0.4464,26065.27,40473.596,5.168,8.141087665122662,8.1358723623263,8.177594784697204,7.97941327843541
600829.SH,20090527,15.62,15.71,15.43,15.44,15.61,-0.17,-1.089,24296.13,37786.153,5.168,8.05242751758449,8.146302967919025,8.193240693086294,8.047212214788129
600829.SH,20090601,15.5,15.63,15.4,15.59,15.44,0.15,0.9715,30881.53,47867.415,5.168,8.130657059529936,8.08371933436267,8.151518270715389,8.031566306399041
600829.SH,20090602,15.69,15.77,15.57,15.71,15.59,0.12,0.7697,29405.83,46098.86,5.168,8.193240693086294,8.182810087493566,8.22453250986447,8.12022645393721
600829.SH,20090603,15.75,15.89,15.62,15.8,15.71,0.09,0.5729,28436.39,44863.507,5.168,8.24017841825356,8.214101904271745,8.287116143420828,8.146302967919025
600829.SH,20090604,15.97,16.85,15.92,16.62,15.8,0.82,5.1899,88411.1,144327.187,5.168,8.667833247555327,8.328838565791731,8.787785211871677,8.302762051809916
600829.SH,20090605,16.49,16.6,16.18,16.2,16.62,-0.42,-2.5271,49181.03,80425.521,5.168,8.448790530108079,8.600034311202608,8.657402641962602,8.438359924515355
600829.SH,20090608,16.22,16.52,16.18,16.38,16.2,0.18,1.1111,28381.14,46317.529,5.168,8.542665980442614,8.459221135700805,8.615680219591697,8.438359924515355
600829.SH,20090609,16.42,16.59,16.1,16.4,16.38,0.02,0.1221,28156.91,45859.533,5.168,8.553096586035341,8.563527191628067,8.652187339166238,8.39663750214445
600829.SH,20090610,16.44,16.5,16.21,16.41,16.4,0.01,0.061,28610.6,46788.291,5.168,8.558311888831705,8.573957797220793,8.605249613998971,8.454005832904443
600829.SH,20090611,16.4,16.74,16.35,16.54,16.41,0.13,0.7922,51170.11,84720.025,5.168,8.626110825184423,8.553096586035341,8.730416881111681,8.527020072053526
600829.SH,20090612,16.7,16.94,16.29,16.39,16.54,-0.15,-0.9069,61033.44,101832.024,5.168,8.54788128323898,8.70955566992623,8.834722937038944,8.495728255275347
600829.SH,20090615,16.5,16.79,16.35,16.72,16.39,0.33,2.0134,44862.85,74375.52,5.168,8.719986275518956,8.605249613998971,8.756493395093498,8.527020072053526
600829.SH,20090616,16.61,17.08,16.51,16.95,16.72,0.23,1.3756,56283.38,94643.05,5.168,8.839938239835305,8.662617944758964,8.907737176188025,8.610464916795335
600829.SH,20090617,16.96,17.2,16.84,16.96,16.95,0.01,0.059,75161.46,128052.552,5.168,8.84515354263167,8.84515354263167,8.970320809744381,8.782569909075313
600829.SH,20090618,17.06,17.46,16.94,17.21,16.96,0.25,1.4741,72643.93,124907.246,5.168,8.975536112540745,8.8973065705953,9.10591868244982,8.834722937038944
600829.SH,20090619,17.51,18.5,17.5,17.87,17.21,0.66,3.835,130661.62,236454.488,5.168,9.319746097100705,9.131995196431635,9.648310173271572,9.126779893635272
600829.SH,20090622,17.8,17.8,17.01,17.04,17.87,-0.83,-4.6447,86351.07,148680.296,5.168,8.886875965002574,9.283238977526164,9.283238977526164,8.871230056613486
600829.SH,20090623,16.9,17.2,16.71,17.09,17.04,0.05,0.2934,37991.03,64719.242,5.168,8.912952478984389,8.81386172585349,8.970320809744381,8.714770972722594
600829.SH,20090624,17.48,17.65,17.28,17.39,17.09,0.3,1.7554,44601.47,77653.019,5.168,9.06941156287528,9.116349288042546,9.205009435580717,9.012043232115287
600829.SH,20090625,17.52,17.58,17.22,17.27,17.39,-0.12,-0.6901,36653.47,63604.8,5.168,9.006827929318924,9.137210499228,9.168502316006176,8.980751415337107
600829.SH,20090626,17.43,17.79,17.35,17.69,17.27,0.42,2.432,50247.71,88531.693,5.168,9.22587064676617,9.090272774060733,9.2780236747298,9.048550351689828
600829.SH,20090629,17.8,18.48,17.8,18.29,17.69,0.6,3.3917,69220.61,125807.25,5.168,9.53878881454795,9.283238977526164,9.637879567678848,9.283238977526164
600829.SH,20090630,18.43,18.44,18.0,18.18,18.29,-0.11,-0.6014,49142.56,89437.429,5.168,9.481420483787955,9.611803053697033,9.617018356493396,9.387545033453424
600829.SH,20090701,18.33,18.41,17.98,18.35,18.18,0.17,0.9351,98733.92,179109.73,5.168,9.570080631326128,9.559650025733404,9.601372448104309,9.377114427860697
600829.SH,20090702,17.4,17.4,17.08,17.11,17.61,-0.5,-2.8393,46026.34,78927.96,5.385,9.298068481123792,9.455662862159787,9.455662862159787,9.281765614120069
600829.SH,20090703,17.11,17.11,16.6,16.78,17.11,-0.33,-1.9287,44095.27,74008.779,5.385,9.118736944082832,9.298068481123792,9.298068481123792,9.020919742060489
600829.SH,20090706,16.69,16.78,16.43,16.64,16.78,-0.14,-0.8343,36824.46,61010.54,5.385,9.042656898065452,9.06982834307166,9.118736944082832,8.928536829039388
600829.SH,20090707,16.7,16.96,16.7,16.79,16.64,0.15,0.9014,40809.02,68708.924,5.385,9.124171233084072,9.0752626320729,9.216554146105176,9.0752626320729
600829.SH,20090708,16.77,16.93,16.51,16.75,16.79,-0.04,-0.2382,36666.24,61127.775,5.385,9.102434077079106,9.11330265508159,9.20025127910145,8.972011141049318
600829.SH,20090709,16.92,17.51,16.92,17.37,16.75,0.62,3.7015,77299.92,133045.66,5.385,9.439359995156066,9.19481699010021,9.515440041173443,9.19481699010021
600829.SH,20090710,17.6,17.66,17.0,17.12,17.37,-0.25,-1.4393,56663.96,97335.097,5.385,9.303502770125034,9.564348642184616,9.59695437619206,9.23829130211014
600829.SH,20090713,17.0,17.06,16.81,16.97,17.12,-0.15,-0.8762,33859.35,57435.537,5.385,9.221988435106416,9.23829130211014,9.270897036117583,9.135039811086552
600829.SH,20090714,17.06,17.2,16.95,17.15,16.97,0.18,1.0607,35715.06,60987.063,5.385,9.319805637128756,9.270897036117583,9.346977082134964,9.211119857103933
600829.SH,20090715,17.17,17.25,16.99,17.06,17.15,-0.09,-0.5248,50462.66,86214.681,5.385,9.270897036117583,9.33067421513124,9.37414852714117,9.232857013108896
600829.SH,20090716,17.11,17.11,16.75,16.84,17.06,-0.22,-1.2896,57046.78,96335.182,5.385,9.15134267809028,9.298068481123792,9.298068481123792,9.102434077079106
600829.SH,20090717,16.8,16.9,16.69,16.87,16.84,0.03,0.1781,40086.67,67285.94,5.385,9.167645545094002,9.129605522085312,9.183948412097726,9.06982834307166
600829.SH,20090720,16.86,17.08,16.85,16.99,16.87,0.12,0.7113,49051.61,83170.343,5.385,9.232857013108896,9.162211256092762,9.281765614120069,9.15677696709152
600829.SH,20090721,16.98,17.0,16.65,16.7,16.99,-0.29,-1.7069,41625.93,69891.408,5.385,9.0752626320729,9.227422724107656,9.23829130211014,9.048091187066694
600829.SH,20090722,16.7,16.81,16.66,16.8,16.7,0.1,0.5988,35769.89,59831.525,5.385,9.129605522085312,9.0752626320729,9.135039811086552,9.053525476067936
600829.SH,20090723,16.9,16.95,16.75,16.89,16.8,0.09,0.5357,27706.95,46625.278,5.385,9.178514123096486,9.183948412097726,9.211119857103933,9.102434077079106
600829.SH,20090724,16.81,17.08,16.6,16.75,16.89,-0.14,-0.8289,41029.14,69002.805,5.385,9.102434077079106,9.135039811086552,9.281765614120069,9.020919742060489
600829.SH,20090728,16.83,16.97,16.72,16.89,16.75,0.14,0.8358,42617.87,71764.018,5.385,9.178514123096486,9.145908389089035,9.221988435106416,9.086131210075385
600829.SH,20090729,16.89,17.03,15.23,15.86,16.89,-1.03,-6.0983,55461.4,91727.647,5.385,8.618782355968635,9.178514123096486,9.254594169113863,8.276422148890436
600829.SH,20090730,15.86,16.13,15.45,15.78,15.86,-0.08,-0.5044,38613.6,60632.057,5.385,8.575308043958705,8.618782355968635,8.765508159002149,8.395976506917743
600829.SH,20090731,15.86,16.15,15.78,16.14,15.78,0.36,2.2814,32975.32,52667.671,5.385,8.77094244800339,8.618782355968635,8.776376737004632,8.575308043958705
600829.SH,20090803,16.19,16.44,16.15,16.3,16.14,0.16,0.9913,27698.72,45077.654,5.385,8.85789107202325,8.798113893009598,8.93397111804063,8.776376737004632
600829.SH,20090804,16.41,16.46,16.0,16.44,16.3,0.14,0.8589,40950.83,66445.445,5.385,8.93397111804063,8.917668251036906,8.944839696043111,8.694862401986013
600829.SH,20090805,16.45,16.88,16.4,16.75,16.44,0.31,1.8856,55846.99,93202.014,5.385,9.102434077079106,8.93940540704187,9.173079834095244,8.912233962035662
600829.SH,20090806,16.88,16.9,16.58,16.69,16.75,-0.06,-0.3582,53319.17,89458.029,5.385,9.06982834307166,9.173079834095244,9.183948412097726,9.010051164058003
600829.SH,20090807,16.69,16.86,16.65,16.79,16.69,0.1,0.5992,48256.78,80859.487,5.385,9.124171233084072,9.06982834307166,9.162211256092762,9.048091187066694
600829.SH,20090810,16.86,17.65,16.86,17.54,16.79,0.75,4.4669,133778.99,232945.111,5.385,9.531742908177163,9.162211256092762,9.59152008719082,9.162211256092762
600829.SH,20090811,17.62,17.66,17.05,17.33,17.54,-0.21,-1.1973,62306.52,107748.603,5.385,9.4176228391511,9.575217220187096,9.59695437619206,9.265462747116343
600829.SH,20090812,17.26,17.26,16.4,16.44,17.33,-0.89,-5.1356,42979.64,72132.358,5.385,8.93397111804063,9.379582816142412,9.379582816142412,8.912233962035662
600829.SH,20090813,16.4,16.55,16.02,16.21,16.44,-0.23,-1.399,30377.92,49255.704,5.385,8.80898247101208,8.912233962035662,8.993748297054283,8.705730979988495
600829.SH,20090814,16.25,16.3,15.4,15.41,16.21,-0.8,-4.9352,32265.52,50846.076,5.385,8.374239350912779,8.830719627017045,8.85789107202325,8.368805061911537
600829.SH,20090817,15.26,15.56,15.0,15.07,15.41,-0.34,-2.2064,34404.36,52397.027,5.385,8.189473524870577,8.29272501589416,8.455753685931398,8.151433501861886
600829.SH,20090818,15.07,15.4,14.92,15.33,15.07,0.26,1.7253,17659.61,26821.728,5.385,8.330765038902848,8.189473524870577,8.368805061911537,8.107959189851957
600829.SH,20090819,15.4,15.95,15.0,15.33,15.33,0.0,0.0,32129.48,49867.175,5.385,8.330765038902848,8.368805061911537,8.667690956979806,8.151433501861886
600829.SH,20090820,15.3,15.65,14.96,15.53,15.33,0.2,1.3046,29108.31,44704.128,5.385,8.439450818927673,8.314462171899125,8.504662286942569,8.129696345856923
600829.SH,20090821,15.53,15.83,15.3,15.78,15.53,0.25,1.6098,29984.02,46751.827,5.385,8.575308043958705,8.439450818927673,8.602479488964912,8.314462171899125
600829.SH,20090824,15.88,16.43,15.72,16.34,15.78,0.56,3.5488,52773.95,84986.686,5.385,8.879628228028215,8.629650933971119,8.928536829039388,8.542702309951258
600829.SH,20090825,16.25,16.67,16.09,16.38,16.34,0.04,0.2448,67878.15,111441.739,5.385,8.901365384033179,8.830719627017045,9.058959765069178,8.743771002997184
600829.SH,20090826,16.5,17.29,16.25,17.04,16.38,0.66,4.0293,89781.08,151416.357,5.385,9.260028458115103,8.966576852048075,9.395885683146137,8.830719627017045
600829.SH,20090827,16.97,17.93,16.7,17.58,17.04,0.54,3.169,129931.65,228176.041,5.385,9.55348006418213,9.221988435106416,9.743680179225576,9.0752626320729
600829.SH,20090828,17.58,17.59,16.71,16.77,17.58,-0.81,-4.6075,51108.1,86438.621,5.385,9.11330265508159,9.55348006418213,9.558914353183374,9.080696921074145
600829.SH,20090901,15.74,16.42,15.55,15.81,16.77,-0.96,-5.7245,34047.11,54210.011,5.385,8.591610910962428,8.553570887953741,8.923102540038146,8.450319396930157
600829.SH,20090902,15.88,15.88,15.36,15.72,15.81,-0.09,-0.5693,22928.18,35719.827,5.385,8.542702309951258,8.629650933971119,8.629650933971119,8.347067905906572
600829.SH,20090903,15.72,16.34,15.55,16.31,15.72,0.59,3.7532,29913.21,48026.085,5.385,8.863325361024492,8.542702309951258,8.879628228028215,8.450319396930157
600829.SH,20090904,16.31,16.95,16.19,16.77,16.31,0.46,2.8204,35381.19,58934.576,5.385,9.11330265508159,8.863325361024492,9.211119857103933,8.798113893009598
600829.SH,20090907,17.33,17.85,17.07,17.39,16.77,0.62,3.6971,108159.11,188708.634,5.385,9.450228573158547,9.4176228391511,9.700205867215647,9.276331325118829
600829.SH,20090908,17.2,18.0,16.97,17.6,17.39,0.21,1.2076,117643.15,207393.498,5.385,9.564348642184616,9.346977082134964,9.781720202234265,9.221988435106416
600829.SH,20090909,17.68,17.78,17.32,17.55,17.6,-0.05,-0.2841,44823.15,78587.209,5.385,9.537177197178409,9.607822954194544,9.662165844206957,9.41218855014986
600829.SH,20090910,17.6,17.65,17.01,17.05,17.55,-0.5,-2.849,31218.14,53811.834,5.385,9.265462747116343,9.564348642184616,9.59152008719082,9.24372559111138
600829.SH,20090911,17.05,17.96,17.05,17.8,17.05,0.75,4.3988,47592.41,83343.732,5.385,9.673034422209438,9.265462747116343,9.7599830462293,9.265462747116343
600829.SH,20090914,18.15,19.3,18.15,18.45,17.8,0.65,3.6517,180945.91,338248.122,5.385,10.02626320729012,9.863234537252882,10.488177772395629,9.863234537252882
600829.SH,20090915,18.48,19.36,18.2,18.96,18.45,0.51,2.7642,150882.18,285966.455,5.385,10.303411946353425,10.042566074293845,10.520783506403076,9.89040598225909
600829.SH,20090916,18.8,19.3,18.5,18.91,18.96,-0.05,-0.2637,86260.54,162572.268,5.385,10.27624050134722,10.216463322333563,10.488177772395629,10.053434652296328
600829.SH,20090917,18.92,18.99,18.6,18.8,18.91,-0.11,-0.5817,60227.05,113205.698,5.385,10.216463322333563,10.28167479034846,10.319714813357148,10.10777754230874
600829.SH,20090918,18.81,19.2,18.43,18.64,18.8,-0.16,-0.8511,93029.85,175264.518,5.385,10.129514698313706,10.221897611334803,10.433834882383216,10.015394629287638
600829.SH,20090921,18.15,19.08,18.01,18.98,18.64,0.34,1.824,63092.1,118529.358,5.385,10.314280524355908,9.863234537252882,10.36862341436832,9.787154491235508
600829.SH,20090922,18.98,19.3,18.06,18.13,18.98,-0.85,-4.4784,57775.14,107890.471,5.385,9.8523659592504,10.314280524355908,10.488177772395629,9.814325936241712
600829.SH,20090923,18.0,18.22,17.03,17.42,18.13,-0.71,-3.9162,54263.74,95007.658,5.385,9.466531440162273,9.781720202234265,9.901274560261571,9.254594169113863
600829.SH,20090924,17.35,17.66,17.16,17.48,17.42,0.06,0.3444,30150.59,52370.352,5.385,9.49913717416972,9.428491417153582,9.59695437619206,9.32523992613
600829.SH,20090925,17.36,17.55,17.12,17.24,17.48,-0.24,-1.373,16025.27,27791.531,5.385,9.368714238139928,9.433925706154824,9.537177197178409,9.303502770125034
600829.SH,20090928,17.42,17.85,17.25,17.69,17.24,0.45,2.6102,44259.99,77886.439,5.385,9.613257243195786,9.466531440162273,9.700205867215647,9.37414852714117
600829.SH,20090929,17.69,17.79,16.29,16.7,17.69,-0.99,-5.5964,34131.97,57982.92,5.385,9.0752626320729,9.613257243195786,9.667600133208198,8.85245678302201
600829.SH,20090930,16.89,17.43,16.71,17.26,16.7,0.56,3.3533,22915.44,39364.377,5.385,9.379582816142412,9.178514123096486,9.471965729163513,9.080696921074145
600829.SH,20091009,17.42,18.12,17.28,17.99,17.26,0.73,4.2294,23498.99,41831.588,5.385,9.77628591323302,9.466531440162273,9.84693167024916,9.390451394144897
600829.SH,20091012,17.76,18.23,17.76,17.91,17.99,-0.08,-0.4447,22627.98,40889.325,5.385,9.732811601223093,9.651297266204477,9.906708849262811,9.651297266204477
600829.SH,20091013,17.77,18.05,17.68,17.87,17.91,-0.04,-0.2233,12310.48,21894.253,5.385,9.711074445218127,9.656731555205717,9.808891647240472,9.607822954194544
600829.SH,20091014,18.01,18.02,17.62,17.71,17.87,-0.16,-0.8954,33465.62,59621.611,5.385,9.62412582119827,9.787154491235508,9.792588780236748,9.575217220187096
600829.SH,20091015,17.88,17.93,17.26,17.4,17.71,-0.31,-1.7504,20843.86,36448.585,5.385,9.455662862159787,9.716508734219367,9.743680179225576,9.379582816142412
600829.SH,20091016,17.46,17.85,17.35,17.71,17.4,0.31,1.7816,18429.52,32475.348,5.385,9.62412582119827,9.488268596167236,9.700205867215647,9.428491417153582
600829.SH,20091019,17.78,18.48,17.78,18.25,17.71,0.54,3.0491,54365.36,99231.9,5.385,9.917577427265297,9.662165844206957,10.042566074293845,9.662165844206957
600829.SH,20091020,18.3,18.4,18.01,18.23,18.25,-0.02,-0.1096,34375.65,62257.425,5.385,9.906708849262811,9.944748872271504,9.999091762283914,9.787154491235508
600829.SH,20091021,18.24,18.33,18.02,18.09,18.23,-0.14,-0.768,22124.16,40155.556,5.385,9.830628803245435,9.912143138264057,9.961051739275224,9.792588780236748
600829.SH,20091022,18.11,18.17,17.7,18.0,18.09,-0.09,-0.4975,24092.43,43068.14,5.385,9.781720202234265,9.841497381247915,9.874103115255366,9.618691532197026
600829.SH,20091023,18.0,18.15,17.9,18.15,18.0,0.15,0.8333,33334.85,60235.652,5.385,9.863234537252882,9.781720202234265,9.863234537252882,9.72737731222185
600829.SH,20091026,18.39,18.66,18.21,18.58,18.15,0.43,2.3691,64630.89,119507.946,5.385,10.096908964306255,9.993657473282674,10.140383276316188,9.895840271260331
600829.SH,20091027,18.5,18.5,17.9,17.91,18.58,-0.67,-3.606,37693.77,68230.635,5.385,9.732811601223093,10.053434652296328,10.053434652296328,9.72737731222185
600829.SH,20091028,18.0,18.06,17.68,17.89,17.91,-0.02,-0.1117,21880.35,39126.132,5.385,9.72194302322061,9.781720202234265,9.814325936241712,9.607822954194544
600829.SH,20091029,17.88,18.52,17.58,18.23,17.89,0.34,1.9005,50756.98,92732.568,5.385,9.906708849262811,9.716508734219367,10.06430323029881,9.55348006418213
600829.SH,20091030,18.42,19.59,18.0,19.37,18.23,1.14,6.2534,101943.58,191407.178,5.385,10.526217795404316,10.0099603402864,10.645772153431624,9.781720202234265
600829.SH,20091102,19.0,21.2,18.81,20.73,19.37,1.36,7.0212,147138.07,298714.259,5.385,11.265281099573128,10.32514910235839,11.520692682631466,10.221897611334803
600829.SH,20091103,20.57,20.89,20.25,20.67,20.73,-0.06,-0.2894,84121.38,172806.657,5.385,11.23267536556568,11.178332475553267,11.352229723592988,11.004435227513548
600829.SH,20091104,20.48,20.8,20.07,20.61,20.67,-0.06,-0.2903,49467.21,100948.817,5.385,11.200069631558232,11.129423874542097,11.303321122581815,10.906618025491206
600829.SH,20091105,20.63,21.19,20.6,20.72,20.61,0.11,0.5337,49102.96,102506.036,5.385,11.259846810571888,11.210938209560714,11.515258393630226,11.194635342556992
600829.SH,20091106,20.86,21.1,20.11,20.18,20.72,-0.54,-2.6062,41908.07,85601.938,5.385,10.966395204504858,11.335926856589264,11.466349792619056,10.92835518149617
600829.SH,20091109,20.01,20.39,19.5,19.77,20.18,-0.41,-2.0317,52982.18,104712.772,5.385,10.743589355453969,10.874012291483758,11.080515273530926,10.596863552420452
600829.SH,20091110,19.82,20.42,19.74,19.99,19.77,0.22,1.1128,64638.35,130143.94,5.385,10.863143713481277,10.770760800460174,11.09681814053465,10.727286488450243
600829.SH,20091111,20.05,20.66,19.59,20.61,19.99,0.62,3.1016,45815.34,92041.175,5.385,11.200069631558232,10.895749447488724,11.22724107656444,10.645772153431624
600829.SH,20091112,20.53,20.77,19.89,19.93,20.61,-0.68,-3.2994,64858.61,132321.913,5.385,10.830537979473828,11.156595319548304,11.287018255578092,10.808800823468864
600829.SH,20091113,20.17,20.17,19.34,19.88,19.93,-0.05,-0.2509,57843.88,113753.738,5.385,10.80336653446762,10.96096091550362,10.96096091550362,10.509914928400594
600829.SH,20091116,20.0,20.4,19.9,20.15,19.88,0.27,1.3581,55122.37,111005.811,5.385,10.950092337501134,10.868578002482517,11.085949562532166,10.814235112470104
600829.SH,20091117,20.07,20.8,19.95,20.58,20.15,0.43,2.134,59632.57,121757.748,5.385,11.183766764554507,10.906618025491206,11.303321122581815,10.84140655747631
600829.SH,20091118,20.57,21.36,20.31,20.98,20.58,0.4,1.9436,91276.03,190061.424,5.385,11.40113832460416,11.178332475553267,11.607641306651326,11.037040961520994
600829.SH,20091119,21.01,21.3,20.69,20.86,20.98,-0.12,-0.572,57322.26,120057.453,5.385,11.335926856589264,11.417441191607884,11.57503557264388,11.243543943568165
600829.SH,20091120,20.91,21.49,20.7,20.9,20.86,0.04,0.1918,51477.18,108419.464,5.385,11.35766401259423,11.36309830159547,11.678287063667463,11.248978232569405
600829.SH,20091123,21.35,22.51,21.04,22.44,20.9,1.54,7.3684,89384.08,192706.388,5.385,12.194544518785383,11.602207017650088,12.232584541794072,11.433744058611609
600829.SH,20091124,22.38,22.38,20.3,20.63,22.44,-1.81,-8.066,90149.16,194964.29,5.385,11.210938209560714,12.161938784777934,12.161938784777934,11.031606672519754
600829.SH,20091125,20.6,21.11,20.28,21.05,20.63,0.42,2.0359,49564.22,102910.971,5.385,11.439178347612849,11.194635342556992,11.471784081620296,11.020738094517272
600829.SH,20091126,20.9,21.0,19.82,20.01,21.05,-1.04,-4.9406,68142.81,140031.572,5.385,10.874012291483758,11.35766401259423,11.412006902606642,10.770760800460174
600829.SH,20091127,19.55,20.56,19.55,19.93,20.01,-0.08,-0.3998,42226.05,84872.385,5.385,10.830537979473828,10.62403499742666,11.172898186552027,10.62403499742666
600829.SH,20091130,20.16,20.75,19.95,20.64,19.93,0.71,3.5625,31830.53,64923.705,5.385,11.216372498561958,10.955526626502376,11.27614967757561,10.84140655747631
600829.SH,20091201,20.65,21.25,20.6,21.02,20.64,0.38,1.8411,34594.03,72490.0,5.385,11.422875480609123,11.221806787563196,11.547864127637672,11.194635342556992
600829.SH,20091202,20.98,21.19,20.75,20.95,21.02,-0.07,-0.333,50579.22,105914.401,5.385,11.384835457600436,11.40113832460416,11.515258393630226,11.27614967757561
600829.SH,20091203,21.0,21.16,20.48,21.14,20.95,0.19,0.9069,53097.49,110678.422,5.385,11.48808694862402,11.412006902606642,11.4989555266265,11.129423874542097
600829.SH,20091204,21.01,21.18,19.91,20.25,21.14,-0.89,-4.21,43453.9,88922.23,5.385,11.004435227513548,11.417441191607884,11.509824104628985,10.819669401471344
600829.SH,20091207,20.2,20.23,19.96,20.21,20.25,-0.04,-0.1975,29434.91,59091.242,5.385,10.982698071508583,10.97726378250734,10.993566649511065,10.846840846477551
600829.SH,20091208,20.21,20.27,19.4,19.86,20.21,-0.35,-1.7318,50693.2,100000.417,5.385,10.792497956465136,10.982698071508583,11.01530380551603,10.54252066240804
600829.SH,20091209,19.69,20.15,19.5,19.79,19.86,-0.07,-0.3525,21545.68,42814.873,5.385,10.754457933456449,10.700115043444038,10.950092337501134,10.596863552420452
600829.SH,20091210,19.81,20.07,19.67,19.9,19.79,0.11,0.5558,14188.07,28121.868,5.385,10.814235112470104,10.765326511458932,10.906618025491206,10.689246465441554
600829.SH,20091211,19.99,20.18,19.85,19.88,19.9,-0.02,-0.1005,16703.42,33424.957,5.385,10.80336653446762,10.863143713481277,10.966395204504858,10.787063667463896
600829.SH,20091214,19.9,19.97,19.32,19.79,19.88,-0.09,-0.4527,20231.92,39640.774,5.385,10.754457933456449,10.814235112470104,10.852275135478791,10.49904635039811
600829.SH,20091215,19.78,20.1,19.66,19.89,19.79,0.1,0.5053,17442.11,34732.453,5.385,10.808800823468864,10.749023644455209,10.922920892494927,10.683812176440314
600829.SH,20091216,19.87,20.26,19.71,19.88,19.89,-0.01,-0.0503,22272.44,44687.275,5.385,10.80336653446762,10.79793224546638,11.009869516514788,10.71098362144652
600829.SH,20091217,19.96,19.97,18.95,19.02,19.88,-0.86,-4.326,25337.6,48800.94,5.385,10.336017680360872,10.846840846477551,10.852275135478791,10.297977657352185
600829.SH,20091218,19.23,19.23,18.5,18.78,19.02,-0.24,-1.2618,18666.38,34863.245,5.385,10.205594744331083,10.45013774938694,10.45013774938694,10.053434652296328
600829.SH,20091221,18.68,18.9,18.43,18.8,18.78,0.02,0.1065,14358.31,26825.672,5.385,10.216463322333563,10.15125185431867,10.270806212345976,10.015394629287638
600829.SH,20091222,18.9,18.9,18.17,18.27,18.8,-0.53,-2.8191,16412.75,30267.336,5.385,9.928446005267778,10.270806212345976,10.270806212345976,9.874103115255366
600829.SH,20091223,18.26,18.55,18.18,18.47,18.27,0.2,1.0947,12359.71,22727.227,5.385,10.037131785292605,9.923011716266538,10.080606097302534,9.879537404256608
600829.SH,20091224,18.56,19.0,18.39,19.0,18.47,0.53,2.8695,17213.13,32323.816,5.385,10.32514910235839,10.086040386303774,10.32514910235839,9.993657473282674
600829.SH,20091225,18.91,19.39,18.12,19.07,19.0,0.07,0.3684,16075.94,30804.126,5.385,10.36318912536708,10.27624050134722,10.5370863734068,9.84693167024916
600829.SH,20091228,19.0,19.39,19.0,19.14,19.07,0.07,0.3671,19488.84,37350.169,5.385,10.401229148375768,10.32514910235839,10.5370863734068,10.32514910235839
600829.SH,20091229,19.14,19.67,19.02,19.53,19.14,0.39,2.0376,19152.24,36941.777,5.385,10.613166419424177,10.401229148375768,10.689246465441554,10.336017680360872
600829.SH,20091230,19.45,19.64,19.1,19.52,19.53,-0.01,-0.0512,16609.81,32091.93,5.385,10.607732130422937,10.569692107414246,10.672943598437833,10.379491992370802
600829.SH,20091231,19.4,19.6,19.28,19.49,19.52,-0.03,-0.1537,14559.85,28339.153,5.385,10.59142926341921,10.54252066240804,10.651206442432867,10.477309194393143
600829.SH,20100104,19.55,19.64,19.11,19.19,19.49,-0.3,-1.54,13166.88,25434.1,5.385,10.428400593381976,10.62403499742666,10.672943598437833,10.384926281372044
600829.SH,20100105,19.17,19.29,18.9,19.28,19.19,0.09,0.47,16523.02,31626.665,5.385,10.477309194393143,10.417532015379493,10.482743483394389,10.270806212345976
600829.SH,20100106,19.29,19.46,19.08,19.27,19.28,-0.01,-0.05,15184.7,29327.17,5.385,10.471874905391903,10.482743483394389,10.57512639641549,10.36862341436832
600829.SH,20100107,19.22,19.3,18.56,18.72,19.27,-0.55,-2.85,18395.58,34663.106,5.385,10.172989010323636,10.444703460385698,10.488177772395629,10.086040386303774
600829.SH,20100108,18.72,18.94,18.5,18.88,18.72,0.16,0.85,7999.95,14997.109,5.385,10.259937634343494,10.172989010323636,10.292543368350945,10.053434652296328
600829.SH,20100111,18.91,18.99,18.52,18.91,18.88,0.03,0.16,15221.78,28592.343,5.385,10.27624050134722,10.27624050134722,10.319714813357148,10.06430323029881
600829.SH,20100112,18.81,19.49,18.77,19.36,18.91,0.45,2.38,29771.63,57173.057,5.385,10.520783506403076,10.221897611334803,10.59142926341921,10.200160455329842
600829.SH,20100113,19.11,19.77,18.82,19.62,19.36,0.26,1.34,35599.82,69554.324,5.385,10.66207502043535,10.384926281372044,10.743589355453969,10.227331900336049
600829.SH,20100114,19.66,20.3,19.5,20.16,19.62,0.54,2.75,38035.02,76017.201,5.385,10.955526626502376,10.683812176440314,11.031606672519754,10.596863552420452
600829.SH,20100115,20.16,20.45,19.91,20.04,20.16,-0.12,-0.6,35850.27,72400.574,5.385,10.89031515848748,10.955526626502376,11.113121007538371,10.819669401471344
600829.SH,20100118,19.99,20.6,19.8,20.59,20.04,0.55,2.74,37763.09,76969.911,5.385,11.18920105355575,10.863143713481277,11.194635342556992,10.759892222457692
600829.SH,20100119,20.6,20.72,20.36,20.64,20.59,0.05,0.24,37072.73,76246.445,5.385,11.216372498561958,11.194635342556992,11.259846810571888,11.0642124065272
600829.SH,20100120,20.6,20.6,19.45,19.57,20.64,-1.07,-5.18,32522.63,64942.772,5.385,10.634903575429142,11.194635342556992,11.194635342556992,10.569692107414246
600829.SH,20100121,19.57,20.1,19.5,19.9,19.57,0.33,1.69,19016.28,37566.272,5.385,10.814235112470104,10.634903575429142,10.922920892494927,10.596863552420452
600829.SH,20100122,19.6,19.79,19.0,19.31,19.9,-0.59,-2.96,16490.56,31866.3,5.385,10.493612061396869,10.651206442432867,10.754457933456449,10.32514910235839
600829.SH,20100125,19.11,19.25,18.8,18.92,19.31,-0.39,-2.02,9026.33,17177.118,5.385,10.28167479034846,10.384926281372044,10.461006327389422,10.216463322333563
600829.SH,20100126,19.1,19.15,18.75,19.0,18.92,0.08,0.42,16667.14,31629.044,5.385,10.32514910235839,10.379491992370802,10.406663437377007,10.18929187732736
600829.SH,20100127,18.92,19.07,18.5,18.64,19.0,-0.36,-1.89,7005.09,13144.185,5.385,10.129514698313706,10.28167479034846,10.36318912536708,10.053434652296328
600829.SH,20100128,18.66,19.25,18.5,19.18,18.64,0.54,2.9,12233.25,23222.654,5.385,10.422966304380733,10.140383276316188,10.461006327389422,10.053434652296328
600829.SH,20100129,19.12,19.69,19.0,19.64,19.18,0.46,2.4,25718.46,50004.717,5.385,10.672943598437833,10.390360570373286,10.700115043444038,10.32514910235839
600829.SH,20100201,19.64,20.5,19.51,20.24,19.64,0.6,3.06,59906.03,121393.753,5.385,10.999000938512305,10.672943598437833,11.140292452544578,10.602297841421697
600829.SH,20100202,20.29,20.29,19.8,19.85,20.24,-0.39,-1.93,17866.89,35774.867,5.385,10.787063667463896,11.026172383518512,11.026172383518512,10.759892222457692
600829.SH,20100203,19.8,20.0,19.0,19.81,19.85,-0.04,-0.2,14941.82,29159.738,5.385,10.765326511458932,10.759892222457692,10.868578002482517,10.32514910235839
600829.SH,20100204,19.6,20.3,19.4,20.15,19.81,0.34,1.72,23686.27,47510.279,5.385,10.950092337501134,10.651206442432867,11.031606672519754,10.54252066240804
600829.SH,20100205,19.79,20.09,19.1,19.54,20.15,-0.61,-3.03,13846.69,27249.588,5.385,10.61860070842542,10.754457933456449,10.917486603493687,10.379491992370802
600829.SH,20100208,19.5,19.58,19.2,19.24,19.54,-0.3,-1.54,13687.56,26527.965,5.385,10.45557203838818,10.596863552420452,10.640337864430382,10.433834882383216
600829.SH,20100209,19.2,19.31,19.01,19.22,19.24,-0.02,-0.1,7339.42,14068.535,5.385,10.444703460385698,10.433834882383216,10.493612061396869,10.330583391359632
600829.SH,20100210,19.33,20.04,19.23,19.75,19.22,0.53,2.76,21628.41,42668.697,5.385,10.732720777451483,10.50448063939935,10.89031515848748,10.45013774938694
600829.SH,20100211,19.76,19.98,19.65,19.92,19.75,0.17,0.86,11849.16,23539.231,5.385,10.825103690472586,10.738155066452729,10.857709424480031,10.678377887439073
600829.SH,20100212,20.01,20.11,19.82,19.98,19.92,0.06,0.3,12519.55,24948.563,5.385,10.857709424480031,10.874012291483758,10.92835518149617,10.770760800460174
600829.SH,20100222,20.01,20.27,19.8,19.98,19.98,0.0,0.0,14301.65,28640.667,5.385,10.857709424480031,10.874012291483758,11.01530380551603,10.759892222457692
600829.SH,20100223,20.0,20.36,19.83,20.34,19.98,0.36,1.8,28353.08,57017.882,5.385,11.053343828524715,10.868578002482517,11.0642124065272,10.776195089461414
600829.SH,20100224,20.35,20.73,20.3,20.58,20.34,0.24,1.18,38448.8,78902.599,5.385,11.183766764554507,11.05877811752596,11.265281099573128,11.031606672519754
600829.SH,20100225,20.58,20.72,20.4,20.62,20.58,0.04,0.19,30781.85,63191.969,5.385,11.205503920559474,11.183766764554507,11.259846810571888,11.085949562532166
600829.SH,20100226,20.69,20.86,20.4,20.67,20.62,0.05,0.24,31557.89,65047.64,5.385,11.23267536556568,11.243543943568165,11.335926856589264,11.085949562532166
600829.SH,20100301,20.66,20.84,20.51,20.82,20.67,0.15,0.73,32751.36,67704.236,5.385,11.3141897005843,11.22724107656444,11.325058278586782,11.145726741545822
600829.SH,20100302,20.8,20.8,20.3,20.37,20.82,-0.45,-2.16,38535.79,78738.393,5.385,11.069646695528444,11.303321122581815,11.303321122581815,11.031606672519754
600829.SH,20100303,20.36,20.79,20.36,20.72,20.37,0.35,1.72,27045.23,55817.441,5.385,11.259846810571888,11.0642124065272,11.297886833580574,11.0642124065272
600829.SH,20100304,20.72,20.8,19.98,19.99,20.72,-0.73,-3.52,25904.6,52589.642,5.385,10.863143713481277,11.259846810571888,11.303321122581815,10.857709424480031
600829.SH,20100305,20.02,20.15,19.68,19.92,19.99,-0.07,-0.35,17348.5,34532.778,5.385,10.825103690472586,10.879446580484998,10.950092337501134,10.694680754442796
600829.SH,20100308,19.99,20.46,19.7,20.43,19.92,0.51,2.56,14430.18,29104.642,5.385,11.10225242953589,10.863143713481277,11.118555296539611,10.705549332445278
600829.SH,20100309,20.5,20.5,20.13,20.36,20.43,-0.07,-0.34,11212.21,22808.238,5.385,11.0642124065272,11.140292452544578,11.140292452544578,10.939223759498653
600829.SH,20100310,20.3,20.38,19.86,19.9,20.36,-0.46,-2.26,11573.98,23178.324,5.385,10.814235112470104,11.031606672519754,11.075080984529682,10.792497956465136
600829.SH,20100311,19.85,19.98,19.54,19.66,19.9,-0.24,-1.21,14410.64,28345.768,5.385,10.683812176440314,10.787063667463896,10.857709424480031,10.61860070842542
600829.SH,20100312,19.6,19.73,19.45,19.52,19.66,-0.14,-0.71,9915.26,19409.427,5.385,10.607732130422937,10.651206442432867,10.721852199449,10.569692107414246
600829.SH,20100316,19.54,19.6,19.17,19.4,19.52,-0.12,-0.61,8801.89,17045.186,5.385,10.54252066240804,10.61860070842542,10.651206442432867,10.417532015379493
600829.SH,20100317,19.44,19.67,19.38,19.6,19.4,0.2,1.03,46421.63,90652.346,5.385,10.651206442432867,10.564257818413006,10.689246465441554,10.531652084405556
600829.SH,20100318,19.68,19.73,19.27,19.49,19.6,-0.11,-0.56,30745.63,59765.772,5.385,10.59142926341921,10.694680754442796,10.721852199449,10.471874905391903
600829.SH,20100319,19.46,19.74,19.31,19.66,19.49,0.17,0.87,21056.18,41131.98,5.385,10.683812176440314,10.57512639641549,10.727286488450243,10.493612061396869
600829.SH,20100322,19.69,19.71,19.32,19.5,19.66,-0.16,-0.81,19663.58,38275.678,5.385,10.596863552420452,10.700115043444038,10.71098362144652,10.49904635039811
600829.SH,20100323,19.5,19.57,19.27,19.35,19.5,-0.15,-0.77,16689.94,32363.371,5.385,10.515349217401836,10.596863552420452,10.634903575429142,10.471874905391903
600829.SH,20100324,19.41,19.49,19.31,19.45,19.35,0.1,0.52,13471.44,26126.706,5.385,10.569692107414246,10.54795495140928,10.59142926341921,10.493612061396869
600829.SH,20100325,19.7,19.7,18.93,18.98,19.45,-0.47,-2.42,20958.75,40363.569,5.385,10.314280524355908,10.705549332445278,10.705549332445278,10.2871090793497
600829.SH,20100326,18.9,19.19,18.73,19.17,18.98,0.19,1.0,13659.99,25959.475,5.385,10.417532015379493,10.270806212345976,10.428400593381976,10.178423299324876
600829.SH,20100329,19.19,19.38,19.03,19.35,19.17,0.18,0.94,17714.48,34087.912,5.385,10.515349217401836,10.428400593381976,10.531652084405556,10.341451969362115
600829.SH,20100330,19.35,19.35,19.1,19.23,19.35,-0.12,-0.62,13847.04,26570.363,5.385,10.45013774938694,10.515349217401836,10.515349217401836,10.379491992370802
600829.SH,20100331,19.21,19.29,19.0,19.05,19.23,-0.18,-0.94,20761.56,39614.994,5.385,10.352320547364595,10.439269171384458,10.482743483394389,10.32514910235839
600829.SH,20100401,19.11,19.47,19.0,19.42,19.05,0.37,1.94,20435.06,39514.586,5.385,10.553389240410525,10.384926281372044,10.580560685416728,10.32514910235839
600829.SH,20100402,19.47,19.55,19.3,19.52,19.42,0.1,0.51,15580.2,30285.773,5.385,10.607732130422937,10.580560685416728,10.62403499742666,10.488177772395629
600829.SH,20100406,19.5,19.65,19.42,19.62,19.52,0.1,0.51,19333.13,37782.317,5.385,10.66207502043535,10.596863552420452,10.678377887439073,10.553389240410525
600829.SH,20100407,19.62,19.65,19.42,19.49,19.62,-0.13,-0.66,10207.85,19877.264,5.385,10.59142926341921,10.66207502043535,10.678377887439073,10.553389240410525
600829.SH,20100408,19.5,19.77,19.37,19.71,19.49,0.22,1.13,24362.9,47833.996,5.385,10.71098362144652,10.596863552420452,10.743589355453969,10.526217795404316
600829.SH,20100409,19.65,20.03,19.62,19.95,19.71,0.24,1.22,28033.57,55731.946,5.385,10.84140655747631,10.678377887439073,10.88488086948624,10.66207502043535
600829.SH,20100412,20.0,20.85,19.82,20.67,19.95,0.72,3.61,73278.45,150186.337,5.385,11.23267536556568,10.868578002482517,11.330492567588024,10.770760800460174
600829.SH,20100413,20.54,20.9,20.0,20.48,20.67,-0.19,-0.92,51173.81,105038.416,5.385,11.129423874542097,11.162029608549544,11.35766401259423,10.868578002482517
600829.SH,20100414,20.58,21.11,20.58,21.0,20.48,0.52,2.54,50202.83,104985.694,5.385,11.412006902606642,11.183766764554507,11.471784081620296,11.183766764554507
600829.SH,20100415,21.0,21.26,20.6,21.12,21.0,0.12,0.57,30818.22,64647.151,5.385,11.477218370621538,11.412006902606642,11.553298416638915,11.194635342556992
600829.SH,20100416,21.09,21.09,20.55,20.94,21.12,-0.18,-0.85,20095.06,41767.372,5.385,11.379401168599196,11.460915503617812,11.460915503617812,11.167463897550784
600829.SH,20100419,20.79,22.05,20.5,21.5,20.94,0.56,2.67,94103.63,203347.889,5.385,11.683721352668703,11.297886833580574,11.982607247736974,11.140292452544578
600829.SH,20100420,21.51,22.89,21.18,22.37,21.5,0.87,4.05,89201.57,198167.969,5.385,12.156504495776694,11.689155641669949,12.43908752384124,11.509824104628985
600829.SH,20100421,22.5,23.06,22.21,22.59,22.37,0.22,0.98,61396.28,139271.922,5.385,12.276058853804004,12.22715025279283,12.53147043686234,12.069555871756831
600829.SH,20100422,22.61,23.12,22.51,22.81,22.59,0.22,0.97,58002.7,132887.756,5.385,12.395613211831307,12.286927431806484,12.56407617086979,12.232584541794072
600829.SH,20100423,22.77,23.25,22.66,22.71,22.81,-0.1,-0.44,37606.61,86561.825,5.385,12.341270321818898,12.373876055826344,12.634721927885924,12.31409887681269
600829.SH,20100426,23.04,23.04,22.5,22.99,22.71,0.28,1.23,30192.35,68974.231,5.385,12.493430413853652,12.52060185885986,12.52060185885986,12.22715025279283
600829.SH,20100427,22.95,22.95,22.16,22.38,22.99,-0.61,-2.65,34310.81,76876.438,5.385,12.161938784777934,12.471693257848688,12.471693257848688,12.042384426750628
600829.SH,20100428,22.07,22.59,21.85,22.45,22.38,0.07,0.31,30283.56,67269.381,5.385,12.199978807786623,11.993475825739456,12.276058853804004,11.87392146771215
600829.SH,20100429,22.55,22.67,21.2,21.47,22.45,-0.98,-4.37,33327.59,73653.013,5.385,11.66741848566498,12.254321697799035,12.319533165813931,11.520692682631466
600829.SH,20100430,21.62,21.8,20.5,21.03,21.47,-0.44,-2.05,35681.08,74637.18,5.385,11.428309769610363,11.7489328206836,11.846750022705942,11.140292452544578
600829.SH,20100504,20.82,22.08,20.82,22.04,21.03,1.01,4.8,33203.25,72073.236,5.385,11.977172958735732,11.3141897005843,11.998910114740696,11.3141897005843
600829.SH,20100505,21.86,22.68,21.55,22.63,22.04,0.59,2.68,32425.58,72344.774,5.385,12.297796009808966,11.879355756713393,12.324967454815171,11.710892797674912
600829.SH,20100506,22.42,22.8,21.9,21.93,22.63,-0.7,-3.09,38636.2,86652.629,5.385,11.917395779722078,12.1836759407829,12.390178922830067,11.901092912718354
600829.SH,20100507,21.32,22.49,21.13,21.92,21.93,-0.01,-0.05,25017.69,55070.252,5.385,11.911961490720838,11.585904150646362,12.221715963791588,11.482652659622778
600829.SH,20100511,21.7,21.92,20.71,21.42,21.92,-0.5,-2.28,41440.1,88121.736,5.385,11.640247040658776,11.79240713269353,11.911961490720838,11.254412521570645
600829.SH,20100512,21.01,21.52,20.45,20.94,21.42,-0.48,-2.24,32972.65,69171.842,5.385,11.379401168599196,11.417441191607884,11.694589930671189,11.113121007538371
600829.SH,20100513,20.9,21.66,20.6,21.57,20.94,0.63,3.01,26914.81,57423.615,5.385,11.721761375677394,11.35766401259423,11.770669976688565,11.194635342556992
600829.SH,20100514,21.6,22.49,21.4,22.17,21.57,0.6,2.78,29844.42,65918.115,5.385,12.04781871575187,11.738064242681116,12.221715963791588,11.629378462656293
600829.SH,20100517,22.19,22.2,20.81,21.07,22.17,-1.1,-4.96,24929.23,53537.779,5.385,11.45004692561533,12.058687293754351,12.064121582755591,11.308755411583055
600829.SH,20100518,21.0,21.25,20.01,20.72,21.07,-0.35,-1.66,24052.64,49390.433,5.385,11.259846810571888,11.412006902606642,11.547864127637672,10.874012291483758
600829.SH,20100519,20.6,21.0,19.94,20.2,20.72,-0.52,-2.51,37791.81,77113.562,5.385,10.97726378250734,11.194635342556992,11.412006902606642,10.83597226847507
600829.SH,20100520,20.17,20.46,19.77,19.89,20.2,-0.31,-1.53,19972.69,40223.017,5.385,10.808800823468864,10.96096091550362,11.118555296539611,10.743589355453969
600829.SH,20100521,19.1,19.77,18.86,19.73,19.89,-0.16,-0.8,28719.09,55283.346,5.385,10.721852199449,10.379491992370802,10.743589355453969,10.249069056341012
600829.SH,20100524,19.73,20.75,19.66,20.68,19.73,0.95,4.82,27688.57,56446.309,5.385,11.23810965456692,10.721852199449,11.27614967757561,10.683812176440314
600829.SH,20100525,20.5,21.03,20.33,20.85,20.68,0.17,0.82,26746.46,55593.506,5.385,11.330492567588024,11.140292452544578,11.428309769610363,11.047909539523475
600829.SH,20100526,20.55,20.86,20.35,20.54,20.85,-0.31,-1.49,11723.41,24132.901,5.385,11.162029608549544,11.167463897550784,11.335926856589264,11.05877811752596
600829.SH,20100527,20.41,21.11,19.98,21.1,20.54,0.56,2.73,17038.2,35207.904,5.385,11.466349792619056,11.091383851533408,11.471784081620296,10.857709424480031
600829.SH,20100528,21.18,21.57,21.05,21.27,21.1,0.17,0.81,29041.72,62024.309,5.385,11.558732705640155,11.509824104628985,11.721761375677394,11.439178347612849
600829.SH,20100531,21.27,21.93,21.21,21.36,21.27,0.09,0.42,32781.9,70892.624,5.385,11.607641306651326,11.558732705640155,11.917395779722078,11.526126971632708
600829.SH,20100601,21.18,21.29,20.17,20.4,21.36,-0.96,-4.49,17608.81,36324.622,5.385,11.085949562532166,11.509824104628985,11.56960128364264,10.96096091550362
600829.SH,20100602,20.4,20.69,19.93,20.68,20.4,0.28,1.37,13729.13,27986.653,5.385,11.23810965456692,11.085949562532166,11.243543943568165,10.830537979473828
600829.SH,20100603,20.72,21.2,20.6,20.7,20.68,0.02,0.1,17681.0,36971.173,5.385,11.248978232569405,11.259846810571888,11.520692682631466,11.194635342556992
600829.SH,20100604,20.62,20.86,20.23,20.75,20.7,0.05,0.24,7916.52,16307.63,5.385,11.27614967757561,11.205503920559474,11.335926856589264,10.993566649511065
600829.SH,20100607,20.26,20.85,20.11,20.83,20.75,0.08,0.39,11431.15,23478.933,5.385,11.31962398958554,11.009869516514788,11.330492567588024,10.92835518149617
600829.SH,20100608,20.82,21.0,20.55,20.98,20.83,0.15,0.72,16473.77,34315.508,5.385,11.40113832460416,11.3141897005843,11.412006902606642,11.167463897550784
600829.SH,20100609,21.0,21.7,21.0,21.58,20.98,0.6,2.86,26878.87,57647.475,5.385,11.727195664678634,11.412006902606642,11.79240713269353,11.412006902606642
600829.SH,20100610,21.56,21.78,21.41,21.62,21.58,0.04,0.19,15247.87,32985.259,5.385,11.7489328206836,11.71632708667615,11.83588144470346,11.634812751657536
600829.SH,20100611,21.69,21.75,21.08,21.28,21.62,-0.34,-1.57,14140.42,30184.636,5.385,11.564166994641395,11.78697284369229,11.819578577699737,11.45548121461657
600829.SH,20100617,21.39,21.39,19.69,19.78,21.28,-1.5,-7.05,35933.06,72932.444,5.385,10.749023644455209,11.623944173655053,11.623944173655053,10.700115043444038
600829.SH,20100618,19.68,19.68,18.53,18.64,19.78,-1.14,-5.76,34622.23,65777.741,5.385,10.129514698313706,10.694680754442796,10.694680754442796,10.069737519300052
600829.SH,20100621,18.18,18.97,18.18,18.84,18.64,0.2,1.07,15070.27,28257.47,5.385,10.23820047833853,9.879537404256608,10.308846235354666,9.879537404256608
600829.SH,20100622,19.05,19.56,19.05,19.46,18.84,0.62,3.29,26313.41,50901.962,5.385,10.57512639641549,10.352320547364595,10.6294692864279,10.352320547364595
600829.SH,20100623,19.39,19.57,19.21,19.52,19.46,0.06,0.31,9822.23,19026.661,5.385,10.607732130422937,10.5370863734068,10.634903575429142,10.439269171384458
600829.SH,20100624,19.52,19.96,19.45,19.48,19.52,-0.04,-0.2,25040.71,49196.953,5.385,10.585994974417972,10.607732130422937,10.846840846477551,10.569692107414246
600829.SH,20100625,19.46,19.78,18.69,19.41,19.48,-0.07,-0.36,46968.33,89580.453,5.385,10.54795495140928,10.57512639641549,10.749023644455209,10.156686143319911
600829.SH,20100628,18.45,18.47,18.01,18.09,18.73,-0.64,-3.42,12653.95,23132.472,5.58,10.186612576064908,10.389331234295057,10.400593381974508,10.1415639853471
600829.SH,20100629,18.04,18.16,16.92,17.13,18.09,-0.96,-5.31,23365.96,40628.451,5.58,9.646029487451182,10.158457206866276,10.226030092942992,9.527776936816933
600829.SH,20100630,17.06,17.59,16.73,17.38,17.13,0.25,1.46,24889.44,43038.056,5.58,9.78680633344434,9.606611970573098,9.905058884078592,9.420786533862133
600829.SH,20100701,17.39,17.39,16.51,16.58,17.38,-0.8,-4.6,14962.96,25393.364,5.58,9.336320426266234,9.792437407284067,9.792437407284067,9.296902909388152
600829.SH,20100702,16.7,16.72,15.08,15.91,16.58,-0.67,-4.04,28908.76,45476.72,5.58,8.95903847900457,9.40389331234295,9.415155460022405,8.491659350307287
600829.SH,20100705,15.58,15.96,15.51,15.86,15.91,-0.05,-0.31,9767.85,15392.604,5.58,8.93088310980594,8.773213042293603,8.987193848203203,8.733795525415518
600829.SH,20100706,15.9,16.48,15.85,16.4,15.86,0.54,3.4,12514.91,20397.741,5.58,9.23496109715116,8.953407405164846,9.280009687868972,8.925252035966214
600829.SH,20100707,16.47,16.48,16.19,16.41,16.4,0.01,0.06,7046.84,11507.93,5.58,9.240592170990888,9.274378614029244,9.280009687868972,9.116708546516907
600829.SH,20100708,16.43,16.56,16.2,16.44,16.41,0.03,0.18,9153.46,15023.82,5.58,9.257485392510066,9.25185431867034,9.325058278586782,9.122339620356636
600829.SH,20100709,16.4,17.25,16.31,17.19,16.44,0.75,4.56,19333.99,32664.527,5.58,9.67981593048954,9.23496109715116,9.713602373527898,9.184281432593624
600829.SH,20100712,17.1,18.0,17.0,17.63,17.19,0.44,2.56,20622.29,36036.468,5.58,9.927583179437498,9.629136265932004,10.135932911507371,9.57282552753474
600829.SH,20100713,17.51,17.55,16.96,17.52,17.63,-0.11,-0.62,14766.46,25420.179,5.58,9.865641367200508,9.860010293360784,9.882534588719688,9.550301232175835
600829.SH,20100714,17.6,17.66,17.25,17.43,17.52,-0.09,-0.51,13974.68,24486.49,5.58,9.814961702642972,9.91068995791832,9.944476400956678,9.713602373527898
600829.SH,20100715,17.39,17.54,16.95,16.98,17.43,-0.45,-2.58,5934.75,10187.935,5.58,9.561563379855288,9.792437407284067,9.87690351487996,9.544670158336109
600829.SH,20100719,16.9,17.6,16.76,17.56,16.98,0.58,3.42,9339.08,16094.31,5.58,9.888165662559413,9.516514789137476,9.91068995791832,9.437679755381309
600829.SH,20100720,17.58,17.98,17.4,17.92,17.56,0.36,2.05,22311.25,39649.227,5.58,10.090884320789565,9.899427810238866,10.12467076382792,9.798068481123792
600829.SH,20100721,17.75,17.9,17.6,17.64,17.92,-0.28,-1.56,11455.02,20330.282,5.58,9.933214253277225,9.995156065514214,10.079622173110108,9.91068995791832
600829.SH,20100722,17.58,17.84,17.46,17.83,17.64,0.19,1.08,10041.44,17808.442,5.58,10.040204656232024,9.899427810238866,10.045835730071753,9.831854924162151
600829.SH,20100723,17.8,17.94,17.56,17.74,17.83,-0.09,-0.5,15839.51,28053.324,5.58,9.989524991674488,10.023311434712848,10.102146468469016,9.888165662559413
600829.SH,20100726,17.75,18.05,17.62,18.03,17.74,0.29,1.63,12761.06,22749.668,5.58,10.152826133026553,9.995156065514214,10.164088280706004,9.921952105597772
600829.SH,20100727,17.99,18.04,17.82,17.85,18.03,-0.18,-1.0,8377.92,15006.184,5.58,10.051466803911476,10.130301837667645,10.158457206866276,10.0345735823923
600829.SH,20100728,17.9,18.18,17.8,18.1,17.85,0.25,1.4,16973.25,30662.823,5.58,10.192243649904636,10.079622173110108,10.237292240622446,10.023311434712848
600829.SH,20100729,18.16,18.28,17.76,17.97,18.1,-0.13,-0.72,16222.09,29167.496,5.58,10.119039689988192,10.226030092942992,10.29360297901971,10.00078713935394
600829.SH,20100730,17.9,18.07,17.69,17.75,17.97,-0.22,-1.22,14479.79,25765.041,5.58,9.995156065514214,10.079622173110108,10.175350428385457,9.961369622475855
600829.SH,20100802,17.8,18.26,17.73,18.25,17.75,0.5,2.82,28794.76,51977.456,5.58,10.27670975750053,10.023311434712848,10.282340831340257,9.98389391783476
600829.SH,20100803,18.35,18.42,17.86,17.87,18.25,-0.38,-2.08,16562.18,29930.662,5.58,10.06272895159093,10.333020495897795,10.372438012775875,10.057097877751204
600829.SH,20100804,17.78,17.95,17.62,17.88,17.87,0.01,0.06,11363.03,20154.02,5.58,10.068360025430655,10.012049287033394,10.10777754230874,9.921952105597772
600829.SH,20100805,17.85,18.24,17.73,18.09,17.88,0.21,1.17,24187.93,43711.764,5.58,10.186612576064908,10.051466803911476,10.271078683660802,9.98389391783476
600829.SH,20100806,18.15,18.73,17.88,18.6,18.09,0.51,2.82,27331.53,49953.403,5.58,10.473797341890952,10.220399019103263,10.547001301807391,10.068360025430655
600829.SH,20100809,18.61,18.98,18.4,18.87,18.6,0.27,1.45,33440.91,62413.568,5.58,10.625836335563562,10.479428415730675,10.68777814780055,10.361175865096424
600829.SH,20100810,18.88,18.91,18.0,18.01,18.87,-0.86,-4.56,20637.27,38122.983,5.58,10.1415639853471,10.631467409403289,10.648360630922468,10.135932911507371
600829.SH,20100811,18.08,18.38,17.95,18.28,18.01,0.27,1.5,10603.73,19296.024,5.58,10.29360297901971,10.180981502225182,10.349913717416973,10.10777754230874
600829.SH,20100812,18.08,18.5,18.01,18.25,18.28,-0.03,-0.16,13210.99,24245.119,5.58,10.27670975750053,10.180981502225182,10.417486603493687,10.1415639853471
600829.SH,20100813,18.2,18.5,18.0,18.48,18.25,0.23,1.26,10370.94,18949.465,5.58,10.406224455814236,10.248554388301898,10.417486603493687,10.135932911507371
600829.SH,20100816,18.68,19.32,18.51,18.88,18.48,0.4,2.16,37632.48,71822.537,5.58,10.631467409403289,10.51884593260876,10.879234658351246,10.423117677333416
600829.SH,20100817,18.92,19.05,18.66,19.0,18.88,0.12,0.64,18442.94,34852.511,5.58,10.699040295480003,10.653991704762197,10.727195664678636,10.50758378492931
600829.SH,20100818,19.2,19.95,19.2,19.51,19.0,0.51,2.68,47114.6,92527.066,5.58,10.986225061306046,10.81166177227453,11.233992310254004,10.81166177227453
600829.SH,20100819,19.32,19.66,19.08,19.2,19.51,-0.31,-1.59,28134.88,54087.572,5.58,10.81166177227453,10.879234658351246,11.07069116890194,10.744088886197812
600829.SH,20100820,19.19,19.19,18.3,18.56,19.2,-0.64,-3.33,23524.65,43798.016,5.58,10.451273046532044,10.806030698434803,10.806030698434803,10.304865126699164
600829.SH,20100823,18.7,19.6,18.7,19.57,18.56,1.01,5.44,53821.15,104490.655,5.58,11.020011504344405,10.530108080288214,11.036904725863584,10.530108080288214
600829.SH,20100824,19.52,19.59,19.1,19.49,19.57,-0.08,-0.41,31648.08,61462.505,5.58,10.974962913626593,10.991856135145772,11.031273652023858,10.755351033877266
600829.SH,20100825,19.38,19.64,19.2,19.41,19.49,-0.08,-0.41,24750.16,47938.834,5.58,10.929914322908784,10.913021101389605,11.059429021222488,10.81166177227453
600829.SH,20100826,19.4,19.48,19.11,19.27,19.41,-0.14,-0.72,19225.65,36958.622,5.58,10.851079289152617,10.924283249069056,10.969331839786868,10.760982107716991
600829.SH,20100827,19.21,19.4,19.01,19.31,19.27,0.04,0.21,11365.95,21824.366,5.58,10.87360358451152,10.817292846114256,10.924283249069056,10.704671369319732
600829.SH,20100830,19.39,19.85,19.32,19.76,19.31,0.45,2.33,36823.74,72498.706,5.58,11.127001907299205,10.918652175229331,11.17768157185674,10.879234658351246
600829.SH,20100831,19.64,19.96,19.5,19.9,19.76,0.14,0.71,32556.82,64369.016,5.58,11.20583694105537,11.059429021222488,11.239623384093733,10.98059398746632
600829.SH,20100901,19.89,20.36,19.66,20.21,19.9,0.31,1.56,58888.69,118186.37,5.58,11.38040023008689,11.200205867215647,11.464866337682784,11.07069116890194
600829.SH,20100902,20.36,20.99,20.36,20.85,20.21,0.64,3.17,50606.59,104646.185,5.58,11.740788955829371,11.464866337682784,11.81962398958554,11.464866337682784
600829.SH,20100903,20.83,20.83,20.38,20.69,20.85,-0.16,-0.77,14541.05,29978.087,5.58,11.650691774393753,11.729526808149918,11.729526808149918,11.476128485362237
600829.SH,20100907,20.65,20.65,19.93,20.25,20.69,-0.44,-2.13,25459.84,51315.362,5.58,11.402924525445794,11.628167479034843,11.628167479034843,11.222730162574551
600829.SH,20100908,20.19,20.58,20.01,20.5,20.25,0.25,1.23,19073.25,38780.337,5.58,11.543701371438951,11.369138082407437,11.58874996215676,11.267778753292363
600829.SH,20100909,20.51,20.84,19.8,19.91,20.5,-0.59,-2.88,20993.37,42613.058,5.58,11.211468014895098,11.549332445278678,11.735157881989648,11.14952620265811
600829.SH,20100910,19.99,20.98,19.95,20.97,19.91,1.06,5.32,30953.32,63542.052,5.58,11.808361841906088,11.256516605612909,11.813992915745814,11.233992310254004
600829.SH,20100913,20.98,21.29,20.58,20.9,20.97,-0.07,-0.33,20796.37,43211.28,5.58,11.768944325028004,11.813992915745814,11.98855620477733,11.58874996215676
600829.SH,20100914,20.91,21.0,20.59,20.94,20.9,0.04,0.19,15101.44,31367.791,5.58,11.79146862038691,11.77457539886773,11.825255063425269,11.594381035996488
600829.SH,20100915,20.96,21.49,20.59,21.21,20.94,0.27,1.29,29913.4,63208.779,5.58,11.943507614059522,11.802730768066365,12.101177681571857,11.594381035996488
600829.SH,20100916,21.0,21.0,19.63,19.9,21.21,-1.31,-6.18,32149.33,64759.904,5.58,11.20583694105537,11.825255063425269,11.825255063425269,11.053797947382762
600829.SH,20100917,19.93,20.2,19.8,19.88,19.9,-0.02,-0.1,19447.78,38888.517,5.58,11.19457479337592,11.222730162574551,11.374769156247162,11.14952620265811
600829.SH,20100920,19.82,19.96,19.1,19.2,19.88,-0.68,-3.42,17260.37,33427.931,5.58,10.81166177227453,11.160788350337562,11.239623384093733,10.755351033877266
600829.SH,20100921,19.28,19.62,19.14,19.61,19.2,0.41,2.14,10738.6,20745.886,5.58,11.042535799703307,10.856710362992342,11.048166873543035,10.777875329236172
600829.SH,20100927,19.59,20.17,19.55,20.1,19.61,0.49,2.5,21138.98,42280.724,5.58,11.3184584178499,11.031273652023858,11.357875934727984,11.008749356664952
600829.SH,20100928,20.1,20.2,19.81,19.9,20.1,-0.2,-1.0,17928.19,35898.809,5.58,11.20583694105537,11.3184584178499,11.374769156247162,11.155157276497835
600829.SH,20100929,20.11,20.14,19.79,19.97,19.9,0.07,0.35,13693.77,27355.96,5.58,11.245254457933456,11.324089491689625,11.340982713208804,11.143895128818382
600829.SH,20100930,19.85,20.52,19.71,20.5,19.97,0.53,2.65,14368.04,29136.068,5.58,11.543701371438951,11.17768157185674,11.554963519118404,11.098846538100572
600829.SH,20101008,20.84,21.06,20.53,20.7,20.5,0.2,0.98,23773.92,49442.587,5.58,11.656322848233478,11.735157881989648,11.859041506463624,11.56059459295813
600829.SH,20101011,20.65,21.0,20.0,20.26,20.7,-0.44,-2.13,37577.91,76201.056,5.58,11.40855559928552,11.628167479034843,11.825255063425269,11.262147679452635
600829.SH,20101012,20.27,20.27,19.79,19.95,20.26,-0.31,-1.53,22036.86,43962.209,5.58,11.233992310254004,11.414186673125243,11.414186673125243,11.143895128818382
600829.SH,20101013,19.96,19.96,19.51,19.89,19.95,-0.06,-0.3,23677.7,46683.184,5.58,11.200205867215647,11.239623384093733,11.239623384093733,10.986225061306046
600829.SH,20101014,19.9,19.95,18.8,18.84,19.89,-1.05,-5.28,39545.55,76152.749,5.58,10.608943114044385,11.20583694105537,11.233992310254004,10.58641881868548
600829.SH,20101015,18.8,19.46,18.66,18.8,18.84,-0.04,-0.21,47129.68,89110.365,5.58,10.58641881868548,10.58641881868548,10.958069692107417,10.50758378492931
600829.SH,20101018,18.9,19.14,18.37,19.13,18.8,0.33,1.76,27388.79,51057.172,5.58,10.772244255396444,10.64272955708274,10.777875329236172,10.344282643577246
600829.SH,20101019,19.2,19.9,19.0,19.9,19.13,0.77,4.03,38637.51,75464.877,5.58,11.20583694105537,10.81166177227453,11.20583694105537,10.699040295480003
600829.SH,20101020,19.61,21.89,19.51,21.89,19.9,1.99,10.0,140354.94,300543.582,5.58,12.32642063516091,11.042535799703307,12.32642063516091,10.986225061306046
600829.SH,20101021,21.95,22.5,21.51,21.73,21.89,-0.16,-0.73,86962.92,191700.14,5.58,12.236323453725287,12.360207078199268,12.669916139384217,12.11243982925131
600829.SH,20101022,21.6,21.6,20.88,21.04,21.73,-0.69,-3.18,64621.09,136793.873,5.58,11.847779358784171,12.163119493808846,12.163119493808846,11.757682177348553
600829.SH,20101025,21.21,21.4,20.78,21.24,21.04,0.2,0.95,78203.23,164364.427,5.58,11.960400835578698,11.943507614059522,12.05049801701432,11.70137143895129
600829.SH,20101026,21.16,22.94,20.9,22.33,21.24,1.09,5.13,103680.18,226322.494,5.58,12.574187884108868,11.915352244860888,12.917683388332174,11.768944325028004
600829.SH,20101027,22.33,24.0,22.12,22.57,22.33,0.24,1.07,152099.98,350263.176,5.58,12.7093336562623,12.574187884108868,13.514577215343165,12.455935333474615
600829.SH,20101028,22.5,24.83,22.36,23.97,22.57,1.4,6.2,108588.94,259025.554,5.58,13.497683993823983,12.669916139384217,13.981956344040446,12.591081105628046
600829.SH,20101029,23.9,24.5,23.52,24.2,23.97,0.23,0.96,63927.22,154247.564,5.58,13.62719869213769,13.458266476945898,13.79613090732948,13.2442856710363
600829.SH,20101101,24.2,24.43,23.58,24.3,24.2,0.1,0.41,50732.31,121912.057,5.58,13.68350943053495,13.62719869213769,13.756713390451395,13.278072114074655
600829.SH,20101102,24.18,24.2,23.5,23.6,24.3,-0.7,-2.88,48734.2,115942.93,5.58,13.289334261754112,13.615936544458236,13.62719869213769,13.233023523356849
600829.SH,20101103,23.68,25.5,23.68,24.11,23.6,0.51,2.16,67721.76,166284.342,5.58,13.57651902758015,13.33438285247192,14.359238291302107,13.33438285247192
600829.SH,20101104,24.03,24.76,23.8,24.6,24.11,0.49,2.03,29129.72,70930.562,5.58,13.852441645726742,13.531470436862342,13.942538827162364,13.401955738548637
600829.SH,20101105,24.6,24.9,23.91,24.76,24.6,0.16,0.65,30884.35,75497.489,5.58,13.942538827162364,13.852441645726742,14.021373860918532,13.463897550785626
600829.SH,20101108,24.9,27.24,24.55,27.24,24.76,2.48,10.02,111801.5,297517.624,5.58,15.33904513941449,14.021373860918532,15.33904513941449,13.82428627652811
600829.SH,20101109,27.41,28.49,26.41,27.86,27.24,0.62,2.28,57433.33,156919.375,5.58,15.68817171747752,15.434773394689836,16.04292936938028,14.871666010717206
600829.SH,20101110,27.6,29.2,27.17,28.45,27.86,0.59,2.12,65623.17,185126.484,5.58,16.020405074021376,15.541763797644638,16.44273561200085,15.299627622536407
600829.SH,20101111,27.97,29.2,27.52,27.76,28.45,-0.69,-2.43,40364.61,114283.122,5.58,15.631860979080258,15.75011352971451,16.44273561200085,15.496715206926826
600829.SH,20101112,27.58,27.58,25.91,26.46,27.76,-1.3,-4.68,40167.94,106985.575,5.58,14.89982137991584,15.530501649965183,15.530501649965183,14.590112318730888
600829.SH,20101115,26.5,27.08,25.66,27.02,26.46,0.56,2.12,40657.59,107976.685,5.58,15.215161514940512,14.922345675274745,15.248947957978864,14.449335472737731
600829.SH,20101116,27.0,29.3,26.28,27.13,27.02,0.11,0.41,64949.53,180999.982,5.58,15.2771033271775,15.203899367261055,16.49904635039811,14.798462050800763
600829.SH,20101117,27.16,27.16,25.3,26.1,27.13,-1.03,-3.8,30519.73,79925.472,5.58,14.69710272168569,15.293996548696676,15.293996548696676,14.246616814507584
600829.SH,20101118,26.3,26.7,25.37,25.45,26.1,-0.65,-2.49,24693.46,63748.582,5.58,14.331082922103478,14.809724198480218,15.034967152069267,14.28603433138567
600829.SH,20101119,25.9,26.32,25.5,26.23,25.45,0.78,3.06,37723.78,98242.99,5.58,14.770306681602133,14.584481244891162,14.820986346159668,14.359238291302107
600829.SH,20101122,26.24,26.98,25.9,26.4,26.23,0.17,0.65,26222.3,69482.422,5.58,14.866034936877478,14.775937755441856,15.192637219581608,14.584481244891162
600829.SH,20101123,26.08,27.07,26.08,27.03,26.4,0.63,2.39,36977.54,98500.092,5.58,15.220792588780238,14.685840574006235,15.243316884139142,14.685840574006235
600829.SH,20101124,27.1,27.8,26.86,27.8,27.03,0.77,2.85,45395.25,124222.432,5.58,15.654385274439164,15.260210105658322,15.654385274439164,15.125064333504891
600829.SH,20101125,27.8,28.2,27.02,27.29,27.8,-0.51,-1.83,34261.41,94153.053,5.58,15.36720050861312,15.654385274439164,15.879628228028215,15.215161514940512
600829.SH,20101126,27.0,27.44,26.62,27.19,27.29,-0.1,-0.37,17027.53,45943.793,5.58,15.31088977021586,15.203899367261055,15.451666616209016,14.98991856135146
600829.SH,20101129,27.14,29.4,27.0,28.75,27.19,1.56,5.74,48707.97,137746.332,5.58,16.189337289213164,15.282734401017228,16.555357088795372,15.203899367261055
600829.SH,20101130,28.73,28.75,26.21,27.23,28.75,-1.52,-5.29,28783.38,78517.533,5.58,15.333414065574765,16.17807514153371,16.189337289213164,14.75904453392268
600829.SH,20101201,27.0,27.0,26.14,26.26,27.23,-0.97,-3.56,20591.13,54418.444,5.58,14.78719990312131,15.203899367261055,15.203899367261055,14.719627017044594
600829.SH,20101202,26.4,26.58,25.87,26.0,26.26,-0.26,-0.99,18168.38,47552.462,5.58,14.640791983288429,14.866034936877478,14.967394265992551,14.567588023371984
600829.SH,20101203,25.96,25.96,24.91,25.09,26.0,-0.91,-3.5,22643.36,57037.832,5.58,14.12836426387333,14.61826768792952,14.61826768792952,14.027004934758258
600829.SH,20101206,25.04,25.1,24.43,24.61,25.09,-0.48,-1.91,14082.44,34722.852,5.58,13.858072719566469,14.1002088946747,14.13399533771306,13.756713390451395
600829.SH,20101207,24.4,24.89,24.08,24.72,24.61,0.11,0.45,23714.58,58499.669,5.58,13.920014531803458,13.739820168932214,14.015742787078803,13.559625806060971
600829.SH,20101208,24.65,24.8,24.3,24.53,24.72,-0.19,-0.77,17195.83,42202.733,5.58,13.813024128848657,13.880597014925373,13.96506312252127,13.68350943053495
600829.SH,20101209,24.46,24.54,23.85,23.89,24.53,-0.64,-2.61,11114.71,26804.061,5.58,13.452635403106177,13.773606611970576,13.818655202688385,13.430111107747267
600829.SH,20101210,23.8,24.2,23.7,24.05,23.89,0.16,0.67,15639.07,37524.13,5.58,13.542732584541795,13.401955738548637,13.62719869213769,13.345645000151372
600829.SH,20101213,24.11,24.55,23.92,24.54,24.05,0.49,2.04,40615.82,98594.751,5.58,13.818655202688385,13.57651902758015,13.82428627652811,13.469528624625353
600829.SH,20101214,24.58,24.7,24.2,24.3,24.54,-0.24,-0.98,38289.84,93410.838,5.58,13.68350943053495,13.841179498047287,13.908752384124003,13.62719869213769
600829.SH,20101215,24.45,25.03,24.26,25.0,24.3,0.7,2.88,45798.15,112507.324,5.58,14.077684599315797,13.767975538130848,14.094577820834974,13.660985135176048
600829.SH,20101216,24.98,24.98,24.25,24.35,25.0,-0.65,-2.6,40076.68,98667.115,5.58,13.711664799733583,14.06642245163634,14.06642245163634,13.65535406133632
600829.SH,20101217,24.3,24.76,24.01,24.46,24.35,0.11,0.45,27677.72,67451.625,5.58,13.773606611970576,13.68350943053495,13.942538827162364,13.520208289182891
600829.SH,20101220,24.4,24.48,23.19,23.59,24.46,-0.87,-3.56,32500.52,77143.9,5.58,13.283703187914384,13.739820168932214,13.784868759650026,13.058460234325333
600829.SH,20101221,23.59,23.93,23.33,23.83,23.59,0.24,1.02,30686.32,72248.296,5.58,13.418848960067814,13.283703187914384,13.47515969846508,13.137295268081498
600829.SH,20101222,23.83,23.83,22.9,23.01,23.83,-0.82,-3.44,37145.92,86255.195,5.58,12.957100905210256,13.418848960067814,13.418848960067814,12.895159092973268
600829.SH,20101223,23.01,23.33,22.51,22.77,23.01,-0.24,-1.04,24230.36,55863.879,5.58,12.821955133056823,12.957100905210256,13.137295268081498,12.675547213223943
600829.SH,20101224,22.77,22.77,21.66,22.03,22.77,-0.74,-3.25,31957.5,70577.896,5.58,12.40525566891708,12.821955133056823,12.821955133056823,12.196905936847203
600829.SH,20101227,22.2,22.53,21.08,21.28,22.03,-0.75,-3.4,44461.16,97959.683,5.58,11.982925130937604,12.500983924192424,12.686809360903396,11.870303654143076
600829.SH,20101228,21.22,21.5,20.83,21.18,21.28,-0.1,-0.47,27947.27,59099.731,5.58,11.92661439254034,11.949138687899246,12.106808755411585,11.729526808149918
600829.SH,20110216,23.3,23.3,23.01,23.3,21.18,2.12,10.01,158586.83,369399.451,5.58,13.12040204656232,13.12040204656232,13.12040204656232,12.957100905210256
600829.SH,20110217,23.6,25.24,23.5,24.94,23.3,1.64,7.04,265376.85,649700.12,5.58,14.043898156277436,13.289334261754112,14.212830371469227,13.233023523356849
600829.SH,20110218,24.59,24.61,23.58,24.0,24.94,-0.94,-3.77,96005.72,231247.341,5.58,13.514577215343165,13.846810571887016,13.858072719566469,13.278072114074655
600829.SH,20110221,23.8,24.32,23.55,24.05,24.0,0.05,0.21,62922.65,150628.809,5.58,13.542732584541795,13.401955738548637,13.694771578214404,13.261178892555478
600829.SH,20110222,24.09,24.27,22.51,22.62,24.05,-1.43,-5.95,75031.63,173870.363,5.58,12.737489025460931,13.5652568799007,13.666616209015771,12.675547213223943
600829.SH,20110223,22.2,22.75,22.2,22.47,22.62,-0.15,-0.66,35650.38,80090.73,5.58,12.653022917865036,12.500983924192424,12.810692985377374,12.500983924192424
600829.SH,20110224,22.33,22.78,22.0,22.77,22.47,0.3,1.34,45562.39,101638.83,5.58,12.821955133056823,12.574187884108868,12.827586206896552,12.3883624473979
600829.SH,20110225,22.8,22.97,22.46,22.51,22.77,-0.26,-1.14,24980.31,56454.957,5.58,12.675547213223943,12.838848354576005,12.934576609851351,12.64739184402531
600829.SH,20110228,22.49,22.63,22.05,22.6,22.51,0.09,0.4,34805.89,77769.984,5.58,12.726226877781478,12.664285065544489,12.743120099300656,12.416517816596532
600829.SH,20110301,22.59,23.47,22.38,23.39,22.6,0.79,3.5,58792.46,135800.961,5.58,13.171081711119855,12.720595803941752,13.21613030183767,12.6023432533075
600829.SH,20110302,23.35,23.6,23.01,23.52,23.39,0.13,0.56,47168.34,110218.594,5.58,13.2442856710363,13.148557415760951,13.289334261754112,12.957100905210256
600829.SH,20110303,23.53,23.65,22.53,22.56,23.52,-0.96,-4.08,42875.53,98748.39,5.58,12.703702582422572,13.249916744876026,13.31748963095274,12.686809360903396
600829.SH,20110304,22.56,22.76,22.2,22.61,22.56,0.05,0.22,23440.39,52701.426,5.58,12.731857951621205,12.703702582422572,12.8163240592171,12.500983924192424
600829.SH,20110307,22.67,23.08,22.58,22.69,22.61,0.08,0.35,30823.01,70128.019,5.58,12.776906542339017,12.765644394659564,12.99651842208834,12.714964730102023
600829.SH,20110308,22.6,22.6,22.22,22.35,22.69,-0.34,-1.5,42382.82,94652.993,5.58,12.58545003178832,12.726226877781478,12.726226877781478,12.512246071871878
600829.SH,20110309,22.41,22.68,22.25,22.55,22.35,0.2,0.89,36794.03,82756.423,5.58,12.698071508582847,12.619236474826678,12.771275468499288,12.529139293391056
600829.SH,20110310,22.58,23.08,22.45,22.79,22.55,0.24,1.06,46456.48,106156.763,5.58,12.833217280736278,12.714964730102023,12.99651842208834,12.641760770185584
600829.SH,20110311,22.78,22.78,22.36,22.48,22.79,-0.31,-1.36,29191.41,65813.116,5.58,12.658653991704762,12.827586206896552,12.827586206896552,12.591081105628046
600829.SH,20110314,22.7,23.38,22.41,23.36,22.48,0.88,3.91,60891.18,140265.065,5.58,13.15418848960068,12.78253761617874,13.16545063728013,12.619236474826678
600829.SH,20110315,23.4,23.4,22.42,22.87,23.36,-0.49,-2.1,39885.67,90886.503,5.58,12.87826587145409,13.176712784959584,13.176712784959584,12.624867548666408
600829.SH,20110316,22.82,22.99,22.66,22.85,22.87,-0.02,-0.09,32148.4,73446.001,5.58,12.867003723774635,12.850110502255458,12.945838757530804,12.760013320819835
600829.SH,20110317,22.83,22.84,22.1,22.11,22.85,-0.74,-3.24,42175.11,94257.691,5.58,12.450304259634889,12.855741576095182,12.861372649934909,12.444673185795164
600829.SH,20110318,22.16,22.35,22.02,22.13,22.11,0.02,0.09,18458.18,40881.661,5.58,12.461566407314342,12.47845962883352,12.58545003178832,12.399624595077352
600829.SH,20110321,22.0,22.1,21.45,21.51,22.13,-0.62,-2.8,30458.23,65962.503,5.58,12.11243982925131,12.3883624473979,12.444673185795164,12.078653386212952
600829.SH,20110322,21.5,21.53,20.98,21.05,21.51,-0.46,-2.14,54994.11,116242.863,5.58,11.8534104326239,12.106808755411585,12.123701976930764,11.813992915745814
600829.SH,20110323,21.1,21.39,21.1,21.39,21.05,0.34,1.62,28643.35,60955.463,5.58,12.044866943174592,11.881565801822532,12.044866943174592,11.881565801822532
600829.SH,20110324,21.4,21.67,21.27,21.54,21.39,0.15,0.7,29920.9,64236.008,5.58,12.129333050770487,12.05049801701432,12.202537010686932,11.977294057097875
600829.SH,20110325,21.67,21.88,21.45,21.68,21.54,0.14,0.65,29173.25,63279.778,5.58,12.208168084526656,12.202537010686932,12.320789561321185,12.078653386212952
600829.SH,20110328,21.6,21.68,21.27,21.29,21.68,-0.39,-1.8,31480.94,67365.431,5.58,11.98855620477733,12.163119493808846,12.208168084526656,11.977294057097875
600829.SH,20110329,21.32,21.48,20.98,21.01,21.29,-0.28,-1.32,25766.71,54655.187,5.58,11.830886137264995,12.00544942629651,12.09554660773213,11.813992915745814
600829.SH,20110330,21.08,21.18,20.81,21.04,21.01,0.03,0.14,16506.78,34496.045,5.58,11.847779358784171,11.870303654143076,11.92661439254034,11.718264660470467
600829.SH,20110331,21.09,21.54,20.98,21.52,21.04,0.48,2.28,24117.93,51325.98,5.58,12.118070903091034,11.875934727982804,12.129333050770487,11.813992915745814
600829.SH,20110401,21.96,22.02,21.57,21.73,21.52,0.21,0.98,56735.48,123361.031,5.58,12.236323453725287,12.365838152038991,12.399624595077352,12.146226272289669
600829.SH,20110406,21.7,21.71,21.36,21.63,21.73,-0.1,-0.46,26152.06,56415.453,5.58,12.180012715328024,12.21943023220611,12.225061306045836,12.027973721655414
600829.SH,20110407,21.61,22.09,21.52,22.08,21.63,0.45,2.08,33652.43,73776.799,5.58,12.433411038115707,12.168750567648573,12.439042111955436,12.118070903091034
600829.SH,20110408,22.07,22.19,21.83,22.14,22.08,0.06,0.27,33019.19,72834.604,5.58,12.467197481154068,12.427779964275985,12.4953528503527,12.29263419212255
600829.SH,20110411,22.25,22.4,21.83,21.84,22.14,-0.3,-1.36,35462.85,78354.066,5.58,12.298265265962277,12.529139293391056,12.61360540098695,12.29263419212255
600829.SH,20110412,21.78,21.97,21.65,21.71,21.84,-0.13,-0.6,25355.79,55306.747,5.58,12.225061306045836,12.26447882292392,12.37146922587872,12.191274863007475
600829.SH,20110413,21.6,21.97,21.44,21.89,21.71,0.18,0.83,26622.81,57882.586,5.58,12.32642063516091,12.163119493808846,12.37146922587872,12.073022312373226
600829.SH,20110414,21.92,22.36,21.87,22.05,21.89,0.16,0.73,41013.79,90819.618,5.58,12.416517816596532,12.343313856680089,12.591081105628046,12.315158487481458
600829.SH,20110415,22.05,22.3,21.92,22.24,22.05,0.19,0.86,29462.43,65120.738,5.58,12.52350821955133,12.416517816596532,12.55729466258969,12.343313856680089
600829.SH,20110418,22.4,22.69,22.4,22.54,22.24,0.3,1.35,45000.41,101484.508,5.58,12.69244043474312,12.61360540098695,12.776906542339017,12.61360540098695
600829.SH,20110419,22.46,22.46,21.99,22.19,22.54,-0.35,-1.55,29990.83,66482.518,5.58,12.4953528503527,12.64739184402531,12.64739184402531,12.38273137355817
600829.SH,20110420,22.18,23.19,22.18,23.12,22.19,0.93,4.19,69916.4,158692.232,5.58,13.019042717447247,12.489721776512972,13.058460234325333,12.489721776512972
600829.SH,20110422,23.01,23.3,22.65,22.74,23.12,-0.38,-1.64,45477.43,104300.035,5.58,12.805061911537646,12.957100905210256,13.12040204656232,12.754382246980107
600829.SH,20110425,22.58,22.92,22.3,22.32,22.74,-0.42,-1.85,38875.86,87757.102,5.58,12.568556810269142,12.714964730102023,12.90642124065272,12.55729466258969
600829.SH,20110426,22.39,22.39,21.4,21.5,22.32,-0.82,-3.67,34237.79,74609.647,5.58,12.106808755411585,12.607974327147224,12.607974327147224,12.05049801701432
600829.SH,20110427,21.55,21.77,21.33,21.54,21.5,0.04,0.19,21722.45,46826.547,5.58,12.129333050770487,12.134964124610216,12.258847749084197,12.011080500136234
600829.SH,20110428,21.58,21.68,20.49,20.52,21.54,-1.02,-4.74,26771.76,56331.964,5.58,11.554963519118404,12.151857346129392,12.208168084526656,11.538070297599225
600829.SH,20110429,20.51,20.99,20.3,20.98,20.52,0.46,2.24,18924.75,39151.524,5.58,11.813992915745814,11.549332445278678,11.81962398958554,11.431079894644425
600829.SH,20110503,21.01,21.28,20.72,21.28,20.98,0.3,1.43,14996.84,31572.661,5.58,11.982925130937604,11.830886137264995,11.982925130937604,11.66758499591293
600829.SH,20110504,21.12,21.5,20.97,21.08,21.28,-0.2,-0.94,24380.57,51756.977,5.58,11.870303654143076,11.892827949501983,12.106808755411585,11.808361841906088
600829.SH,20110505,21.08,21.3,21.01,21.22,21.08,0.14,0.66,16422.25,34724.791,5.58,11.949138687899246,11.870303654143076,11.994187278617057,11.830886137264995
600829.SH,20110506,21.1,21.45,20.92,21.26,21.22,0.04,0.19,22712.64,48199.275,5.58,11.971662983258152,11.881565801822532,12.078653386212952,11.780206472707455
600829.SH,20110509,21.26,21.64,21.22,21.37,21.26,0.11,0.52,16247.68,34844.301,5.58,12.033604795495142,11.971662983258152,12.185643789167752,11.949138687899246
600829.SH,20110510,21.4,21.4,20.98,21.23,21.37,-0.14,-0.66,23030.66,48691.246,5.58,11.954769761738971,12.05049801701432,12.05049801701432,11.813992915745814
600829.SH,20110511,21.25,21.36,21.07,21.16,21.23,-0.07,-0.33,15073.47,31976.531,5.58,11.915352244860888,11.966031909418426,12.027973721655414,11.86467258030335
600829.SH,20110512,21.01,21.05,20.65,20.67,21.16,-0.49,-2.32,18754.78,39188.042,5.58,11.6394296267143,11.830886137264995,11.8534104326239,11.628167479034843
600829.SH,20110513,20.69,20.82,20.35,20.69,20.67,0.02,0.1,22470.35,46181.007,5.58,11.650691774393753,11.650691774393753,11.723895734310194,11.459235263843055
600829.SH,20110517,20.62,20.64,20.2,20.41,20.69,-0.28,-1.35,19313.53,39421.81,5.58,11.493021706881414,11.611274257515667,11.62253640519512,11.374769156247162
600829.SH,20110518,20.39,20.85,20.28,20.7,20.41,0.29,1.42,16391.46,33849.166,5.58,11.656322848233478,11.48175955920196,11.740788955829371,11.419817746964974
600829.SH,20110519,20.73,20.89,20.65,20.7,20.7,0.0,0.0,12271.13,25448.566,5.58,11.656322848233478,11.673216069752655,11.76331325118828,11.628167479034843
600829.SH,20110520,20.73,20.79,20.56,20.64,20.7,-0.06,-0.29,12173.01,25157.79,5.58,11.62253640519512,11.673216069752655,11.707002512791014,11.577487814477308
600829.SH,20110523,20.6,20.62,20.0,20.01,20.64,-0.63,-3.05,17930.32,36340.635,5.58,11.267778753292363,11.600012109836216,11.611274257515667,11.262147679452635
600829.SH,20110524,19.97,19.97,19.42,19.91,20.01,-0.1,-0.5,16493.81,32415.49,5.58,11.211468014895098,11.245254457933456,11.245254457933456,10.935545396748507
600829.SH,20110525,19.85,19.86,19.53,19.56,19.91,-0.35,-1.76,13480.41,26558.341,5.58,11.014380430504676,11.17768157185674,11.183312645696466,10.9974872089855
600829.SH,20110526,19.79,19.79,19.31,19.36,19.56,-0.2,-1.02,9053.48,17708.686,5.58,10.901758953710152,11.143895128818382,11.143895128818382,10.87360358451152
600829.SH,20110530,19.0,19.16,18.72,18.77,19.36,-0.59,-3.05,15380.77,29127.621,5.58,10.569525597166296,10.699040295480003,10.789137476915624,10.541370227967668
600829.SH,20110531,18.86,19.2,18.75,19.18,18.77,0.41,2.18,11246.76,21326.307,5.58,10.800399624595077,10.620205261723836,10.81166177227453,10.558263449486846
600829.SH,20110601,19.14,19.36,18.96,19.28,19.18,0.1,0.52,10704.14,20528.982,5.58,10.856710362992342,10.777875329236172,10.901758953710152,10.6765160001211
600829.SH,20110602,19.0,19.07,18.68,18.95,19.28,-0.33,-1.71,13382.9,25264.722,5.58,10.670884926281373,10.699040295480003,10.738457812358089,10.51884593260876
600829.SH,20110603,18.89,19.45,18.89,19.39,18.95,0.44,2.32,15558.74,30009.114,5.58,10.918652175229331,10.637098483243014,10.952438618267688,10.637098483243014
600829.SH,20110607,19.16,19.67,19.01,19.48,19.39,0.09,0.46,16853.55,32729.623,5.58,10.969331839786868,10.789137476915624,11.076322242741668,10.704671369319732
600829.SH,20110608,19.55,19.79,19.51,19.71,19.48,0.23,1.18,20198.38,39756.747,5.58,11.098846538100572,11.008749356664952,11.143895128818382,10.986225061306046
600829.SH,20110609,19.66,19.66,19.31,19.32,19.71,-0.39,-1.98,15125.91,29404.454,5.58,10.879234658351246,11.07069116890194,11.07069116890194,10.87360358451152
600829.SH,20110610,19.2,19.59,19.12,19.48,19.32,0.16,0.83,11163.33,21605.418,5.58,10.969331839786868,10.81166177227453,11.031273652023858,10.76661318155672
600829.SH,20110613,19.45,19.77,19.38,19.72,19.48,0.24,1.23,21053.89,41277.151,5.58,11.1044776119403,10.952438618267688,11.13263298113893,10.913021101389605
600829.SH,20110614,12.8,12.91,12.68,12.83,12.82,0.01,0.08,14818.8,19002.687,8.584,11.114076675446295,11.088088966930057,11.183377231489612,10.984138132865086
600829.SH,20110615,12.64,12.79,12.37,12.37,12.83,-0.46,-3.59,29396.86,36786.38,8.584,10.715598478197249,10.949487854843431,11.07942639742464,10.715598478197249
600829.SH,20110616,12.13,12.38,11.85,11.87,12.37,-0.5,-4.04,26688.81,32246.955,8.584,10.282470002926544,10.50769681006731,10.724261047702663,10.265144863915715
600829.SH,20110617,11.9,12.0,11.71,11.74,11.87,-0.13,-1.1,17096.85,20299.129,8.584,10.16985659935616,10.308457711442784,10.395083406496926,10.14386889083992
600829.SH,20110620,11.65,11.69,11.3,11.41,11.74,-0.33,-2.81,18634.8,21373.734,8.584,9.883991805677494,10.091893473807437,10.12654375182909,9.78870354111794
600829.SH,20110621,11.44,11.65,11.43,11.65,11.41,0.24,2.1,12587.72,14548.252,8.584,10.091893473807437,9.909979514193736,10.091893473807437,9.901316944688322
600829.SH,20110622,11.65,11.74,11.37,11.48,11.65,-0.17,-1.46,13682.59,15762.557,8.584,9.944629792215393,10.091893473807437,10.16985659935616,9.849341527655838
600829.SH,20110623,11.47,11.76,11.43,11.73,11.48,0.25,2.18,17448.76,20261.079,8.584,10.161194029850746,9.935967222709978,10.187181738366988,9.901316944688322
600829.SH,20110624,11.7,12.14,11.62,12.07,11.73,0.34,2.9,29595.9,35391.625,8.584,10.455721393034828,10.135206321334502,10.516359379572725,10.065905765291191
600829.SH,20110627,12.07,12.25,11.99,12.15,12.07,0.08,0.66,27495.17,33410.56,8.584,10.525021949078138,10.455721393034828,10.61164764413228,10.386420836991512
600829.SH,20110628,12.23,12.23,12.0,12.19,12.15,0.04,0.33,16409.81,19889.416,8.584,10.559672227099794,10.594322505121452,10.594322505121452,10.395083406496926
600829.SH,20110629,12.19,12.26,11.98,11.99,12.19,-0.2,-1.64,21993.56,26599.46,8.584,10.386420836991512,10.559672227099794,10.620310213637692,10.3777582674861
600829.SH,20110630,11.99,12.38,11.99,12.32,11.99,0.33,2.75,30122.02,36913.591,8.584,10.672285630670178,10.386420836991512,10.724261047702663,10.386420836991512
600829.SH,20110701,12.4,12.42,12.2,12.22,12.32,-0.1,-0.81,23076.48,28365.418,8.584,10.585659935616038,10.74158618671349,10.758911325724318,10.568334796605209
600829.SH,20110704,12.27,12.57,12.23,12.52,12.22,0.3,2.46,33266.26,41329.728,8.584,10.84553702077846,10.628972783143109,10.888849868305533,10.594322505121452
600829.SH,20110705,12.56,12.59,12.43,12.54,12.52,0.02,0.16,23038.02,28810.547,8.584,10.862862159789287,10.880187298800116,10.906175007316358,10.767573895229733
600829.SH,20110706,12.55,12.68,12.42,12.59,12.54,0.05,0.4,27871.66,34976.982,8.584,10.906175007316358,10.871524729294704,10.984138132865086,10.758911325724318
600829.SH,20110707,12.51,12.78,12.51,12.59,12.59,0.0,0.0,35004.23,44301.949,8.584,10.906175007316358,10.836874451273044,11.070763827919226,10.836874451273044
600829.SH,20110708,12.58,12.9,12.51,12.83,12.59,0.24,1.91,33367.82,42574.6,8.584,11.114076675446295,10.897512437810944,11.174714661984195,10.836874451273044
600829.SH,20110711,12.77,12.94,12.64,12.93,12.83,0.1,0.78,27117.35,34671.834,8.584,11.20070237050044,11.062101258413811,11.209364940005852,10.949487854843431
600829.SH,20110712,12.8,12.85,12.5,12.55,12.93,-0.38,-2.94,27491.51,34892.878,8.584,10.871524729294704,11.088088966930057,11.131401814457124,10.828211881767633
600829.SH,20110713,12.54,12.97,12.49,12.88,12.55,0.33,2.63,35372.46,45259.696,8.584,11.157389522973368,10.862862159789287,11.235352648522095,10.819549312262218
600829.SH,20110714,12.9,13.3,12.9,13.12,12.88,0.24,1.86,52477.77,68872.339,8.584,11.365291191103305,11.174714661984195,11.52121744220076,11.174714661984195
600829.SH,20110715,13.1,13.96,13.02,13.84,13.12,0.72,5.49,85670.59,116113.41,8.584,11.988996195493122,11.347966052092476,12.092947029558092,11.278665496049165
600829.SH,20110718,13.86,14.36,13.77,13.94,13.84,0.1,0.72,103272.46,145326.383,8.584,12.075621890547264,12.00632133450395,12.439449809774656,11.928358208955224
600829.SH,20110719,13.76,13.88,13.55,13.69,13.94,-0.25,-1.79,37765.36,51550.148,8.584,11.85905765291191,11.91969563944981,12.02364647351478,11.737781679836113
600829.SH,20110720,13.83,13.91,13.42,13.58,13.69,-0.11,-0.8,29490.58,40103.399,8.584,11.763769388352356,11.980333625987708,12.04963418203102,11.625168276265727
600829.SH,20110721,13.54,13.54,13.25,13.27,13.58,-0.31,-2.28,25489.63,34069.8,8.584,11.495229733684518,11.729119110330698,11.729119110330698,11.47790459467369
600829.SH,20110722,13.33,13.52,13.23,13.32,13.27,0.05,0.38,20369.47,27212.414,8.584,11.538542581211589,11.547205150717003,11.71179397131987,11.460579455662865
600829.SH,20110725,13.26,13.26,12.69,12.7,13.32,-0.62,-4.65,32021.11,41470.899,8.584,11.001463271875911,11.486567164179103,11.486567164179103,10.9928007023705
600829.SH,20110726,12.64,12.83,12.5,12.75,12.7,0.05,0.39,14442.27,18249.023,8.584,11.044776119402984,10.949487854843431,11.114076675446295,10.828211881767633
600829.SH,20110727,12.69,13.2,12.55,13.11,12.75,0.36,2.82,25528.24,33060.714,8.584,11.356628621597892,10.9928007023705,11.43459174714662,10.871524729294704
600829.SH,20110728,12.95,13.08,12.81,13.07,13.11,-0.04,-0.31,18667.66,24132.468,8.584,11.321978343576236,11.218027509511266,11.33064091308165,11.09675153643547
600829.SH,20110729,13.05,13.17,12.79,12.84,13.07,-0.23,-1.76,13968.4,18045.581,8.584,11.122739244951712,11.304653204565408,11.408604038630378,11.07942639742464
600829.SH,20110801,12.79,12.84,12.41,12.66,12.84,-0.18,-1.4,14854.38,18852.03,8.584,10.966812993854258,11.07942639742464,11.122739244951712,10.750248756218904
600829.SH,20110802,12.65,12.65,12.25,12.42,12.66,-0.24,-1.9,18666.11,23109.186,8.584,10.758911325724318,10.958150424348844,10.958150424348844,10.61164764413228
600829.SH,20110803,12.21,12.57,12.16,12.52,12.42,0.1,0.81,15910.76,19728.517,8.584,10.84553702077846,10.576997366110623,10.888849868305533,10.533684518583552
600829.SH,20110804,12.6,12.69,12.42,12.47,12.52,-0.05,-0.4,9453.69,11857.135,8.584,10.802224173251387,10.914837576821771,10.9928007023705,10.758911325724318
600829.SH,20110805,12.0,12.3,11.79,12.21,12.47,-0.26,-2.09,15974.27,19412.583,8.584,10.576997366110623,10.395083406496926,10.65496049165935,10.21316944688323
600829.SH,20110808,12.01,12.11,11.3,11.45,12.21,-0.76,-6.22,25434.01,29688.756,8.584,9.91864208369915,10.40374597600234,10.49037167105648,9.78870354111794
600829.SH,20110809,11.23,11.64,10.7,11.62,11.45,0.17,1.48,32964.64,36953.809,8.584,10.065905765291191,9.72806555458004,10.08323090430202,9.268949370793091
600829.SH,20110810,11.75,12.12,11.75,11.81,11.62,0.19,1.64,27296.96,32466.586,8.584,10.23049458589406,10.178519168861571,10.499034240561896,10.178519168861571
600829.SH,20110811,11.5,12.2,11.33,12.16,11.81,0.35,2.96,25740.93,30641.882,8.584,10.533684518583552,9.961954931226222,10.568334796605209,9.814691249634182
600829.SH,20110812,12.33,12.45,12.2,12.38,12.16,0.22,1.81,26671.64,32877.214,8.584,10.724261047702663,10.680948200175592,10.78489903424056,10.568334796605209
600829.SH,20110815,12.44,12.49,12.25,12.46,12.38,0.08,0.65,22683.02,28105.598,8.584,10.793561603745976,10.776236464735147,10.819549312262218,10.61164764413228
600829.SH,20110816,12.45,12.46,12.17,12.2,12.46,-0.26,-2.09,18066.21,22219.332,8.584,10.568334796605209,10.78489903424056,10.793561603745976,10.542347088088963
600829.SH,20110817,12.2,12.26,12.12,12.14,12.2,-0.06,-0.49,10575.12,12891.778,8.584,10.516359379572725,10.568334796605209,10.620310213637692,10.499034240561896
600829.SH,20110818,12.14,12.14,11.7,11.74,12.14,-0.4,-3.29,16668.5,19834.259,8.584,10.16985659935616,10.516359379572725,10.516359379572725,10.135206321334502
600829.SH,20110819,11.44,11.83,11.37,11.81,11.74,0.07,0.6,12911.77,14956.338,8.584,10.23049458589406,9.909979514193736,10.247819724904888,9.849341527655838
600829.SH,20110822,11.8,12.07,11.7,11.89,11.81,0.08,0.68,13900.29,16570.133,8.584,10.299795141937372,10.221832016388646,10.455721393034828,10.135206321334502
600829.SH,20110823,12.03,12.12,11.96,12.12,11.89,0.23,1.93,13017.07,15670.72,8.584,10.499034240561896,10.421071115013168,10.499034240561896,10.360433128475272
600829.SH,20110824,12.18,12.4,12.13,12.15,12.12,0.03,0.25,15327.03,18779.244,8.584,10.525021949078138,10.55100965759438,10.74158618671349,10.50769681006731
600829.SH,20110825,12.19,12.43,12.12,12.4,12.15,0.25,2.06,18824.83,23111.829,8.584,10.74158618671349,10.559672227099794,10.767573895229733,10.499034240561896
600829.SH,20110826,12.39,12.43,12.25,12.33,12.4,-0.07,-0.56,16069.49,19835.079,8.584,10.680948200175592,10.732923617208078,10.767573895229733,10.61164764413228
600829.SH,20110829,12.36,12.36,12.11,12.22,12.33,-0.11,-0.89,12573.13,15347.052,8.584,10.585659935616038,10.706935908691834,10.706935908691834,10.49037167105648
600829.SH,20110830,12.27,12.42,12.11,12.15,12.22,-0.07,-0.57,21469.5,26345.801,8.584,10.525021949078138,10.628972783143109,10.758911325724318,10.49037167105648
600829.SH,20110831,12.24,12.27,11.95,12.07,12.15,-0.08,-0.66,10748.45,12959.625,8.584,10.455721393034828,10.602985074626863,10.628972783143109,10.351770558969855
600829.SH,20110901,12.07,12.18,11.96,12.0,12.07,-0.07,-0.58,10003.17,12064.078,8.584,10.395083406496926,10.455721393034828,10.55100965759438,10.360433128475272
600829.SH,20110902,12.0,12.14,11.81,11.86,12.0,-0.14,-1.17,12911.41,15403.289,8.584,10.273807433421128,10.395083406496926,10.516359379572725,10.23049458589406
600829.SH,20110905,11.8,11.8,11.5,11.51,11.86,-0.35,-2.95,10950.21,12686.371,8.584,9.970617500731636,10.221832016388646,10.221832016388646,9.961954931226222
600829.SH,20110906,11.5,11.54,11.38,11.45,11.51,-0.06,-0.52,6621.36,7573.084,8.584,9.91864208369915,9.961954931226222,9.996605209247877,9.858004097161253
600829.SH,20110907,11.6,11.64,11.37,11.63,11.45,0.18,1.57,15981.75,18427.608,8.584,10.074568334796606,10.048580626280362,10.08323090430202,9.849341527655838
600829.SH,20110908,11.65,11.79,11.47,11.53,11.63,-0.1,-0.86,16014.18,18593.499,8.584,9.987942639742464,10.091893473807437,10.21316944688323,9.935967222709978
600829.SH,20110909,11.53,11.62,11.4,11.41,11.53,-0.12,-1.04,11155.3,12822.436,8.584,9.883991805677494,9.987942639742464,10.065905765291191,9.875329236172082
600829.SH,20110913,11.3,11.3,11.1,11.23,11.41,-0.18,-1.58,7279.74,8137.721,8.584,9.72806555458004,9.78870354111794,9.78870354111794,9.615452151009658
600829.SH,20110914,11.34,11.39,11.16,11.34,11.23,0.11,0.98,8489.43,9578.597,8.584,9.823353819139596,9.823353819139596,9.866666666666667,9.66742756804214
600829.SH,20110915,11.42,11.51,11.34,11.37,11.34,0.03,0.26,9241.18,10562.66,8.584,9.849341527655838,9.892654375182907,9.970617500731636,9.823353819139596
600829.SH,20110916,11.48,11.48,11.28,11.3,11.37,-0.07,-0.62,9363.98,10645.499,8.584,9.78870354111794,9.944629792215393,9.944629792215393,9.77137840210711
600829.SH,20110919,11.32,11.32,11.04,11.09,11.3,-0.21,-1.86,8006.13,8881.544,8.584,9.606789581504245,9.806028680128769,9.806028680128769,9.563476733977172
600829.SH,20110920,11.11,11.19,10.98,11.06,11.09,-0.03,-0.27,7754.47,8575.612,8.584,9.580801872988,9.62411472051507,9.693415276558383,9.511501316944688
600829.SH,20110921,11.06,11.45,10.95,11.42,11.06,0.36,3.26,13882.48,15643.301,8.584,9.892654375182907,9.580801872988,9.91864208369915,9.485513608428445
600829.SH,20110922,11.36,11.4,11.01,11.03,11.42,-0.39,-3.42,12392.01,13861.801,8.584,9.554814164471756,9.840678958150423,9.875329236172082,9.53748902546093
600829.SH,20110923,10.88,11.03,10.76,10.96,11.03,-0.07,-0.63,8506.05,9262.272,8.584,9.49417617793386,9.424875621890548,9.554814164471756,9.320924787825575
600829.SH,20110926,10.84,10.99,10.75,10.77,10.96,-0.19,-1.73,9476.8,10281.473,8.584,9.329587357330992,9.39022534386889,9.520163886450105,9.312262218320162
600829.SH,20110927,10.85,10.93,10.7,10.9,10.77,0.13,1.21,7769.41,8412.476,8.584,9.442200760901375,9.398887913374304,9.468188469417615,9.268949370793091
600829.SH,20110928,10.92,11.44,10.92,11.06,10.9,0.16,1.47,24933.91,27954.582,8.584,9.580801872988,9.459525899912204,9.909979514193736,9.459525899912204
600829.SH,20110929,10.93,11.02,10.76,10.82,11.06,-0.24,-2.17,12336.4,13386.469,8.584,9.372900204858064,9.468188469417615,9.546151594966345,9.320924787825575
600829.SH,20110930,10.8,10.93,10.79,10.86,10.82,0.04,0.37,7335.23,7967.222,8.584,9.407550482879715,9.355575065847235,9.468188469417615,9.34691249634182
600829.SH,20111010,10.88,11.02,10.8,10.92,10.86,0.06,0.55,7499.08,8194.922,8.584,9.459525899912204,9.424875621890548,9.546151594966345,9.355575065847235
600829.SH,20111011,11.18,11.28,10.79,10.91,10.92,-0.01,-0.09,12257.62,13514.982,8.584,9.450863330406788,9.684752707052969,9.77137840210711,9.34691249634182
600829.SH,20111012,10.91,11.23,10.7,11.2,10.91,0.29,2.66,16095.59,17846.821,8.584,9.702077846063798,9.450863330406788,9.72806555458004,9.268949370793091
600829.SH,20111013,11.2,11.75,11.15,11.65,11.2,0.45,4.02,38367.11,44012.583,8.584,10.091893473807437,9.702077846063798,10.178519168861571,9.658764998536729
600829.SH,20111014,11.59,11.83,11.43,11.75,11.65,0.1,0.86,31052.97,36171.902,8.584,10.178519168861571,10.039918056774948,10.247819724904888,9.901316944688322
600829.SH,20111017,11.75,11.85,11.65,11.79,11.75,0.04,0.34,23813.46,28017.501,8.584,10.21316944688323,10.178519168861571,10.265144863915715,10.091893473807437
600829.SH,20111018,11.68,11.68,11.28,11.32,11.79,-0.47,-3.99,14472.05,16564.859,8.584,9.806028680128769,10.117881182323677,10.117881182323677,9.77137840210711
600829.SH,20111019,11.41,11.75,11.41,11.59,11.32,0.27,2.39,23342.85,27095.436,8.584,10.039918056774948,9.883991805677494,10.178519168861571,9.883991805677494
600829.SH,20111020,11.55,11.64,11.22,11.42,11.59,-0.17,-1.47,13521.52,15422.89,8.584,9.892654375182907,10.005267778753293,10.08323090430202,9.719402985074629
600829.SH,20111021,11.36,11.46,11.22,11.28,11.42,-0.14,-1.23,13451.77,15258.84,8.584,9.77137840210711,9.840678958150423,9.927304653204564,9.719402985074629
600829.SH,20111024,11.31,11.9,11.31,11.88,11.28,0.6,5.32,26909.79,31373.918,8.584,10.291132572431955,9.797366110623354,10.308457711442784,9.797366110623354
600829.SH,20111025,11.89,12.06,11.72,12.03,11.88,0.15,1.26,33789.07,40314.571,8.584,10.421071115013168,10.299795141937372,10.447058823529412,10.152531460345331
600829.SH,20111026,11.91,12.25,11.86,11.92,12.03,-0.11,-0.91,38444.45,46425.53,8.584,10.325782850453615,10.3171202809482,10.61164764413228,10.273807433421128
600829.SH,20111027,11.93,12.15,11.9,11.95,11.92,0.03,0.25,22424.14,26960.401,8.584,10.351770558969855,10.334445419959028,10.525021949078138,10.308457711442784
600829.SH,20111028,12.1,12.25,12.0,12.23,11.95,0.28,2.34,27422.27,33223.264,8.584,10.594322505121452,10.481709101551068,10.61164764413228,10.395083406496926
600829.SH,20111031,12.2,12.27,12.04,12.09,12.23,-0.14,-1.14,24753.65,30018.201,8.584,10.473046532045654,10.568334796605209,10.628972783143109,10.429733684518585
600829.SH,20111101,11.95,12.24,11.88,12.13,12.09,0.04,0.33,20935.58,25250.507,8.584,10.50769681006731,10.351770558969855,10.602985074626863,10.291132572431955
600829.SH,20111102,11.95,12.39,11.83,12.37,12.13,0.24,1.98,31158.75,37686.156,8.584,10.715598478197249,10.351770558969855,10.732923617208078,10.247819724904888
600829.SH,20111103,12.38,12.64,12.31,12.46,12.37,0.09,0.73,42419.77,53106.223,8.584,10.793561603745976,10.724261047702663,10.949487854843431,10.663623061164763
600829.SH,20111104,12.5,12.54,12.33,12.4,12.46,-0.06,-0.48,29736.25,36886.192,8.584,10.74158618671349,10.828211881767633,10.862862159789287,10.680948200175592
600829.SH,20111107,12.37,12.6,12.33,12.47,12.4,0.07,0.56,23429.44,29153.246,8.584,10.802224173251387,10.715598478197249,10.914837576821771,10.680948200175592
600829.SH,20111108,12.42,12.64,12.27,12.34,12.47,-0.13,-1.04,21654.24,26876.591,8.584,10.689610769681009,10.758911325724318,10.949487854843431,10.628972783143109
600829.SH,20111116,12.9,13.38,12.37,12.49,12.34,0.15,1.22,142681.1,182060.74,8.584,10.819549312262218,11.174714661984195,11.590517998244074,10.715598478197249
600829.SH,20111117,12.33,12.39,11.96,12.02,12.49,-0.47,-3.76,52785.9,63941.079,8.584,10.412408545507754,10.680948200175592,10.732923617208078,10.360433128475272
600829.SH,20111118,11.88,11.88,11.45,11.5,12.02,-0.52,-4.33,40420.65,47096.294,8.584,9.961954931226222,10.291132572431955,10.291132572431955,9.91864208369915
600829.SH,20111121,11.49,11.63,11.37,11.57,11.5,0.07,0.61,17223.19,19765.959,8.584,10.02259291776412,9.953292361720807,10.074568334796606,9.849341527655838
600829.SH,20111122,11.45,11.69,11.4,11.59,11.57,0.02,0.17,16099.98,18599.451,8.584,10.039918056774948,9.91864208369915,10.12654375182909,9.875329236172082
600829.SH,20111123,11.55,11.69,11.27,11.32,11.59,-0.27,-2.33,19721.03,22499.85,8.584,9.806028680128769,10.005267778753293,10.12654375182909,9.762715832601696
600829.SH,20111124,11.21,11.41,11.12,11.32,11.32,0.0,0.0,16912.93,19020.957,8.584,9.806028680128769,9.710740415569212,9.883991805677494,9.632777290020485
600829.SH,20111125,11.3,11.39,11.25,11.35,11.32,0.03,0.27,12100.32,13705.884,8.584,9.83201638864501,9.78870354111794,9.866666666666667,9.745390693590869
600829.SH,20111128,11.38,11.4,11.21,11.29,11.35,-0.06,-0.53,9833.35,11100.549,8.584,9.780040971612523,9.858004097161253,9.875329236172082,9.710740415569212
600829.SH,20111129,11.38,11.55,11.35,11.53,11.29,0.24,2.13,20218.65,23188.961,8.584,9.987942639742464,9.858004097161253,10.005267778753293,9.83201638864501
600829.SH,20111130,11.55,11.59,10.98,11.11,11.53,-0.42,-3.64,22132.62,24983.622,8.584,9.62411472051507,10.005267778753293,10.039918056774948,9.511501316944688
600829.SH,20111201,11.36,11.54,11.2,11.38,11.11,0.27,2.43,27300.69,31202.55,8.584,9.858004097161253,9.840678958150423,9.996605209247877,9.702077846063798
600829.SH,20111202,11.36,11.36,11.16,11.21,11.38,-0.17,-1.49,10452.02,11748.079,8.584,9.710740415569212,9.840678958150423,9.840678958150423,9.66742756804214
600829.SH,20111205,11.21,11.22,10.81,10.84,11.21,-0.37,-3.3,12325.13,13570.985,8.584,9.39022534386889,9.710740415569212,9.719402985074629,9.36423763535265
600829.SH,20111206,10.81,10.91,10.72,10.84,10.84,0.0,0.0,11444.28,12373.254,8.584,9.39022534386889,9.36423763535265,9.450863330406788,9.286274509803922
600829.SH,20111207,10.84,10.97,10.84,10.89,10.84,0.05,0.46,6351.51,6918.23,8.584,9.43353819139596,9.39022534386889,9.502838747439275,9.39022534386889
600829.SH,20111208,10.89,11.0,10.71,10.81,10.89,-0.08,-0.73,10070.39,10923.17,8.584,9.36423763535265,9.43353819139596,9.528826455955516,9.277611940298508
600829.SH,20111209,10.84,10.95,10.76,10.8,10.81,-0.01,-0.09,9608.29,10398.207,8.584,9.355575065847235,9.39022534386889,9.485513608428445,9.320924787825575
600829.SH,20111212,10.8,10.92,10.72,10.9,10.8,0.1,0.93,12489.66,13572.954,8.584,9.442200760901375,9.355575065847235,9.459525899912204,9.286274509803922
600829.SH,20111213,10.8,10.93,10.49,10.51,10.9,-0.39,-3.58,13597.36,14509.768,8.584,9.104360550190226,9.355575065847235,9.468188469417615,9.087035411179397
600829.SH,20111214,10.48,10.55,10.2,10.22,10.51,-0.29,-2.76,11545.02,11962.037,8.584,8.853146034533216,9.078372841673982,9.139010828211882,8.835820895522387
600829.SH,20111215,10.1,10.18,9.85,9.86,10.22,-0.36,-3.52,15139.36,15110.513,8.584,8.541293532338308,8.749195200468247,8.81849575651156,8.532630962832894
600829.SH,20111216,9.86,10.14,9.85,10.13,9.86,0.27,2.74,11347.35,11322.778,8.584,8.77518290898449,8.541293532338308,8.783845478489903,8.532630962832894
600829.SH,20111219,10.01,10.34,9.91,10.28,10.13,0.15,1.48,15786.13,15946.856,8.584,8.9051214515657,8.67123207491952,8.957096868598184,8.584606379865377
600829.SH,20111220,10.26,10.49,10.26,10.39,10.28,0.11,1.07,14829.24,15426.958,8.584,9.000409716125256,8.887796312554872,9.087035411179397,8.887796312554872
600829.SH,20111221,10.33,10.48,10.23,10.25,10.39,-0.14,-1.35,10927.69,11316.118,8.584,8.879133743049458,8.94843429909277,9.078372841673982,8.86180860403863
600829.SH,20111222,10.2,10.2,9.92,10.15,10.25,-0.1,-0.98,9948.18,9982.177,8.584,8.792508047995318,8.835820895522387,8.835820895522387,8.593268949370792
600829.SH,20111223,10.11,10.4,10.1,10.38,10.15,0.23,2.27,11189.63,11500.708,8.584,8.991747146619844,8.757857769973661,9.00907228563067,8.749195200468247
600829.SH,20111226,10.37,10.46,10.25,10.31,10.38,-0.07,-0.67,5640.48,5850.197,8.584,8.931109160081943,8.983084577114427,9.061047702663156,8.879133743049458
600829.SH,20111227,10.31,10.31,9.95,9.96,10.31,-0.35,-3.39,6606.03,6661.874,8.584,8.62791922739245,8.931109160081943,8.931109160081943,8.619256657887036
600829.SH,20111228,9.96,10.0,9.82,9.99,9.96,0.03,0.3,6997.93,6939.832,8.584,8.653906935908692,8.62791922739245,8.662569505414107,8.506643254316652
600829.SH,20111229,10.04,10.17,9.99,10.1,9.99,0.11,1.1,7276.22,7347.932,8.584,8.749195200468247,8.697219783435761,8.809833187006145,8.653906935908692
600829.SH,20111230,10.1,10.22,10.08,10.21,10.1,0.11,1.09,9007.85,9169.251,8.584,8.844483465027801,8.749195200468247,8.853146034533216,8.73187006145742
600829.SH,20120104,10.22,10.29,9.95,9.95,10.21,-0.26,-2.55,7061.91,7161.358,8.584,8.619256657887036,8.853146034533216,8.913784021071114,8.619256657887036
600829.SH,20120105,9.85,10.0,9.5,9.51,9.95,-0.44,-4.42,8511.09,8265.475,8.584,8.238103599648815,8.532630962832894,8.662569505414107,8.2294410301434
600829.SH,20120106,9.55,9.61,9.19,9.53,9.51,0.02,0.21,7747.01,7251.634,8.584,8.255428738659642,8.272753877670471,8.324729294702955,7.960901375475562
600829.SH,20120109,9.5,9.88,9.35,9.86,9.53,0.33,3.46,9152.94,8867.321,8.584,8.541293532338308,8.2294410301434,8.558618671349137,8.099502487562187
600829.SH,20120110,9.87,10.36,9.86,10.33,9.86,0.47,4.77,16870.42,17152.431,8.584,8.94843429909277,8.549956101843721,8.974422007609013,8.541293532338308
600829.SH,20120111,10.32,10.38,10.15,10.21,10.33,-0.12,-1.16,13179.32,13512.575,8.584,8.844483465027801,8.939771729587356,8.991747146619844,8.792508047995318
600829.SH,20120112,10.14,10.3,10.11,10.19,10.21,-0.02,-0.2,11158.79,11377.44,8.584,8.827158326016972,8.783845478489903,8.922446590576529,8.757857769973661
600829.SH,20120113,10.05,10.23,9.74,9.79,10.19,-0.4,-3.93,14797.05,14659.326,8.584,8.48065554580041,8.705882352941176,8.86180860403863,8.437342698273339
600829.SH,20120116,9.66,9.75,9.51,9.55,9.79,-0.24,-2.45,8765.65,8454.927,8.584,8.272753877670471,8.368042142230026,8.446005267778753,8.238103599648815
600829.SH,20120117,9.52,10.15,9.47,10.14,9.55,0.59,6.18,11110.36,10961.155,8.584,8.783845478489903,8.24676616915423,8.792508047995318,8.203453321627158
600829.SH,20120118,10.1,10.23,9.88,10.03,10.14,-0.11,-1.08,17206.2,17260.833,8.584,8.688557213930347,8.749195200468247,8.86180860403863,8.558618671349137
600829.SH,20120119,9.99,10.33,9.89,10.32,10.03,0.29,2.89,22801.34,23311.281,8.584,8.939771729587356,8.653906935908692,8.94843429909277,8.56728124085455
600829.SH,20120120,10.32,10.57,10.26,10.52,10.32,0.2,1.94,22041.86,23053.947,8.584,9.113023119695638,8.939771729587356,9.15633596722271,8.887796312554872
600829.SH,20120130,10.54,10.54,10.23,10.28,10.52,-0.24,-2.28,9553.88,9903.708,8.584,8.9051214515657,9.130348258706467,9.130348258706467,8.86180860403863
600829.SH,20120131,10.11,10.3,10.04,10.14,10.28,-0.14,-1.36,10254.33,10372.768,8.584,8.783845478489903,8.757857769973661,8.922446590576529,8.697219783435761
600829.SH,20120201,10.17,10.3,10.06,10.2,10.14,0.06,0.59,14945.14,15275.916,8.584,8.835820895522387,8.809833187006145,8.922446590576529,8.71454492244659
600829.SH,20120203,10.38,10.55,10.25,10.48,10.2,0.28,2.75,27918.06,29131.479,8.584,9.078372841673982,8.991747146619844,9.139010828211882,8.879133743049458
600829.SH,20120206,10.48,10.81,10.48,10.7,10.48,0.22,2.1,28569.75,30459.295,8.584,9.268949370793091,9.078372841673982,9.36423763535265,9.078372841673982
600829.SH,20120207,10.59,10.69,10.42,10.44,10.7,-0.26,-2.43,13667.78,14348.041,8.584,9.043722563652326,9.173661106233537,9.26028680128768,9.026397424641498
600829.SH,20120208,10.4,10.7,10.37,10.65,10.44,0.21,2.01,16406.44,17332.726,8.584,9.225636523266022,9.00907228563067,9.268949370793091,8.983084577114427
600829.SH,20120209,10.6,10.85,10.6,10.69,10.65,0.04,0.38,18631.28,19993.604,8.584,9.26028680128768,9.182323675738951,9.398887913374304,9.182323675738951
600829.SH,20120210,10.68,10.78,10.62,10.74,10.69,0.05,0.47,14916.91,15994.943,8.584,9.30359964881475,9.251624231782264,9.338249926836406,9.19964881474978
600829.SH,20120213,10.61,11.06,10.54,10.99,10.74,0.25,2.33,26889.39,29253.791,8.584,9.520163886450105,9.190986245244364,9.580801872988,9.130348258706467
600829.SH,20120214,11.0,11.05,10.83,10.96,10.99,-0.03,-0.27,16998.47,18613.231,8.584,9.49417617793386,9.528826455955516,9.572139303482588,9.381562774363475
600829.SH,20120215,10.94,11.06,10.86,11.01,10.96,0.05,0.46,14605.28,16038.957,8.584,9.53748902546093,9.476851038923032,9.580801872988,9.407550482879715
600829.SH,20120216,11.01,11.11,10.82,10.89,11.01,-0.12,-1.09,15670.17,17171.234,8.584,9.43353819139596,9.53748902546093,9.62411472051507,9.372900204858064
600829.SH,20120217,10.9,10.99,10.66,10.76,10.89,-0.13,-1.19,22417.37,24117.63,8.584,9.320924787825575,9.442200760901375,9.520163886450105,9.234299092771437
600829.SH,20120220,10.85,10.92,10.6,10.66,10.76,-0.1,-0.93,24503.13,26329.84,8.584,9.234299092771437,9.398887913374304,9.459525899912204,9.182323675738951
600829.SH,20120221,10.66,10.79,10.59,10.78,10.66,0.12,1.13,11209.36,11982.455,8.584,9.338249926836406,9.234299092771437,9.34691249634182,9.173661106233537
600829.SH,20120222,10.8,11.0,10.72,10.97,10.78,0.19,1.76,21101.75,23003.268,8.584,9.502838747439275,9.355575065847235,9.528826455955516,9.286274509803922
600829.SH,20120223,10.93,11.07,10.85,11.01,10.97,0.04,0.36,17691.86,19416.965,8.584,9.53748902546093,9.468188469417615,9.589464442493416,9.398887913374304
600829.SH,20120224,11.09,11.17,10.94,11.13,11.01,0.12,1.09,25733.8,28404.226,8.584,9.6414398595259,9.606789581504245,9.676090137547556,9.476851038923032
600829.SH,20120227,11.13,11.29,11.08,11.11,11.13,-0.02,-0.18,29711.77,33202.618,8.584,9.62411472051507,9.6414398595259,9.780040971612523,9.59812701199883
600829.SH,20120228,11.07,11.12,10.9,11.09,11.11,-0.02,-0.18,24900.76,27468.554,8.584,9.606789581504245,9.589464442493416,9.632777290020485,9.442200760901375
600829.SH,20120229,11.1,11.1,10.91,11.02,11.09,-0.07,-0.63,10523.46,11596.441,8.584,9.546151594966345,9.615452151009658,9.615452151009658,9.450863330406788
600829.SH,20120301,10.9,11.1,10.9,10.99,11.02,-0.03,-0.27,12013.4,13234.376,8.584,9.520163886450105,9.442200760901375,9.615452151009658,9.442200760901375
600829.SH,20120302,10.97,11.19,10.97,11.18,10.99,0.19,1.73,15679.29,17431.668,8.584,9.684752707052969,9.502838747439275,9.693415276558383,9.502838747439275
600829.SH,20120305,11.25,11.25,11.07,11.09,11.18,-0.09,-0.81,17110.64,19057.591,8.584,9.606789581504245,9.745390693590869,9.745390693590869,9.589464442493416
600829.SH,20120306,11.03,11.03,10.76,10.82,11.09,-0.27,-2.43,22201.34,24073.033,8.584,9.372900204858064,9.554814164471756,9.554814164471756,9.320924787825575
600829.SH,20120307,10.73,10.87,10.6,10.73,10.82,-0.09,-0.83,18090.41,19423.255,8.584,9.294937079309337,9.294937079309337,9.416213052385132,9.182323675738951
600829.SH,20120308,10.77,10.87,10.73,10.85,10.73,0.12,1.12,13889.41,15027.887,8.584,9.398887913374304,9.329587357330992,9.416213052385132,9.294937079309337
600829.SH,20120309,10.85,10.99,10.82,10.98,10.85,0.13,1.2,26609.15,29043.136,8.584,9.511501316944688,9.398887913374304,9.520163886450105,9.372900204858064
600829.SH,20120312,11.0,11.25,10.99,11.25,10.98,0.27,2.46,39152.08,43696.132,8.584,9.745390693590869,9.528826455955516,9.745390693590869,9.520163886450105
600829.SH,20120313,11.3,11.68,11.17,11.54,11.25,0.29,2.58,60550.13,69104.97,8.584,9.996605209247877,9.78870354111794,10.117881182323677,9.676090137547556
600829.SH,20120314,11.59,11.98,11.37,11.39,11.54,-0.15,-1.3,106605.4,124026.114,8.584,9.866666666666667,10.039918056774948,10.3777582674861,9.849341527655838
600829.SH,20120315,11.38,11.76,11.33,11.69,11.39,0.3,2.63,59544.52,69106.25,8.584,10.12654375182909,9.858004097161253,10.187181738366988,9.814691249634182
600829.SH,20120316,11.71,12.13,11.71,11.98,11.69,0.29,2.48,59385.66,71093.169,8.584,10.3777582674861,10.14386889083992,10.50769681006731,10.14386889083992
600829.SH,20120319,11.92,13.18,11.92,13.14,11.98,1.16,9.68,230047.54,294753.062,8.584,11.382616330114136,10.325782850453615,11.417266608135792,10.325782850453615
600829.SH,20120320,13.05,13.05,12.61,12.62,13.14,-0.52,-3.96,109154.95,139616.706,8.584,10.932162715832602,11.304653204565408,11.304653204565408,10.923500146327187
600829.SH,20120321,12.6,12.78,12.2,12.6,12.62,-0.02,-0.16,107571.29,134609.265,8.584,10.914837576821771,10.914837576821771,11.070763827919226,10.568334796605209
600829.SH,20120322,12.5,12.68,12.25,12.54,12.6,-0.06,-0.48,72624.69,90406.501,8.584,10.862862159789287,10.828211881767633,10.984138132865086,10.61164764413228
600829.SH,20120323,12.5,12.75,12.33,12.59,12.54,0.05,0.4,69997.05,87699.642,8.584,10.906175007316358,10.828211881767633,11.044776119402984,10.680948200175592
600829.SH,20120326,12.52,12.6,12.19,12.41,12.59,-0.18,-1.43,43571.38,53785.278,8.584,10.750248756218904,10.84553702077846,10.914837576821771,10.559672227099794
600829.SH,20120327,12.4,12.88,12.39,12.8,12.41,0.39,3.14,97259.82,123250.084,8.584,11.088088966930057,10.74158618671349,11.157389522973368,10.732923617208078
600829.SH,20120328,12.77,12.84,11.97,12.33,12.8,-0.47,-3.67,71528.22,88789.395,8.584,10.680948200175592,11.062101258413811,11.122739244951712,10.369095697980685
600829.SH,20120329,12.2,12.5,11.83,12.31,12.33,-0.02,-0.16,111828.15,136751.739,8.584,10.663623061164763,10.568334796605209,10.828211881767633,10.247819724904888
600829.SH,20120330,12.45,12.81,12.31,12.43,12.31,0.12,0.97,134423.88,168464.961,8.584,10.767573895229733,10.78489903424056,11.09675153643547,10.663623061164763
600829.SH,20120405,12.3,12.9,12.0,12.76,12.43,0.33,2.65,305728.59,383582.918,8.584,11.0534386889084,10.65496049165935,11.174714661984195,10.395083406496926
600829.SH,20120406,12.7,13.26,12.55,13.16,12.76,0.4,3.13,335120.36,432570.818,8.584,11.399941469124965,11.001463271875911,11.486567164179103,10.871524729294704
600829.SH,20120409,13.0,13.46,12.72,13.11,13.16,-0.05,-0.38,289876.07,377644.579,8.584,11.356628621597892,11.261340357038335,11.659818554287384,11.018788410886742
600829.SH,20120410,13.0,13.4,12.87,13.14,13.11,0.03,0.23,250791.35,329949.7,8.584,11.382616330114136,11.261340357038335,11.607843137254902,11.148726953467952
600829.SH,20120411,12.9,13.2,12.43,12.93,13.14,-0.21,-1.6,178330.42,227668.807,8.584,11.20070237050044,11.174714661984195,11.43459174714662,10.767573895229733
600829.SH,20120412,12.65,13.5,12.58,13.37,12.93,0.44,3.4,232060.84,303816.407,8.584,11.581855428738658,10.958150424348844,11.694468832309044,10.897512437810944
600829.SH,20120413,13.35,13.7,13.11,13.23,13.37,-0.14,-1.05,310415.38,413842.039,8.584,11.460579455662865,11.56453028972783,11.867720222417324,11.356628621597892
600829.SH,20120416,13.16,13.3,12.6,12.64,13.23,-0.59,-4.46,228016.79,295121.689,8.584,10.949487854843431,11.399941469124965,11.52121744220076,10.914837576821771
600829.SH,20120417,12.51,12.83,12.2,12.49,12.64,-0.15,-1.19,148346.15,186646.91,8.584,10.819549312262218,10.836874451273044,11.114076675446295,10.568334796605209
600829.SH,20120418,12.54,12.7,12.36,12.41,12.49,-0.08,-0.64,184675.94,230114.621,8.584,10.750248756218904,10.862862159789287,11.001463271875911,10.706935908691834
600829.SH,20120419,12.42,12.49,12.16,12.38,12.41,-0.03,-0.24,99774.51,122773.553,8.584,10.724261047702663,10.758911325724318,10.819549312262218,10.533684518583552
600829.SH,20120420,12.31,12.47,12.13,12.29,12.38,-0.09,-0.73,91367.6,112420.662,8.584,10.646297922153934,10.663623061164763,10.802224173251387,10.50769681006731
600829.SH,20120423,12.36,12.49,12.25,12.42,12.29,0.13,1.06,73500.19,90924.263,8.584,10.758911325724318,10.706935908691834,10.819549312262218,10.61164764413228
600829.SH,20120424,12.48,12.51,11.7,12.12,12.42,-0.3,-2.42,91001.42,110269.379,8.584,10.499034240561896,10.810886742756804,10.836874451273044,10.135206321334502
600829.SH,20120425,11.91,12.39,11.75,12.25,12.12,0.13,1.07,135409.96,164967.077,8.584,10.61164764413228,10.3171202809482,10.732923617208078,10.178519168861571
600829.SH,20120426,12.27,12.45,12.14,12.27,12.25,0.02,0.16,127540.26,156434.941,8.584,10.628972783143109,10.628972783143109,10.78489903424056,10.516359379572725
600829.SH,20120427,12.39,12.5,12.22,12.47,12.27,0.2,1.63,129846.07,160741.152,8.584,10.802224173251387,10.732923617208078,10.828211881767633,10.585659935616038
600829.SH,20120502,12.55,12.65,12.32,12.49,12.47,0.02,0.16,139635.56,174322.941,8.584,10.819549312262218,10.871524729294704,10.958150424348844,10.672285630670178
600829.SH,20120503,12.45,12.65,12.37,12.47,12.49,-0.02,-0.16,102275.16,127982.488,8.584,10.802224173251387,10.78489903424056,10.958150424348844,10.715598478197249
600829.SH,20120504,12.42,12.57,12.17,12.2,12.47,-0.27,-2.17,97365.16,119819.936,8.584,10.568334796605209,10.758911325724318,10.888849868305533,10.542347088088963
600829.SH,20120507,12.11,12.3,11.94,12.1,12.2,-0.1,-0.82,71578.95,86777.105,8.584,10.481709101551068,10.49037167105648,10.65496049165935,10.343107989464444
600829.SH,20120508,12.1,12.25,11.89,12.01,12.1,-0.09,-0.74,50752.85,61017.671,8.584,10.40374597600234,10.481709101551068,10.61164764413228,10.299795141937372
600829.SH,20120509,12.0,12.0,11.87,11.9,12.01,-0.11,-0.92,38787.16,46225.776,8.584,10.308457711442784,10.395083406496926,10.395083406496926,10.282470002926544
600829.SH,20120510,11.83,12.16,11.81,11.96,11.9,0.06,0.5,40591.28,48723.341,8.584,10.360433128475272,10.247819724904888,10.533684518583552,10.23049458589406
600829.SH,20120511,11.93,12.22,11.93,12.15,11.96,0.19,1.59,49728.35,60142.004,8.584,10.525021949078138,10.334445419959028,10.585659935616038,10.334445419959028
600829.SH,20120514,12.25,12.32,12.05,12.17,12.15,0.02,0.16,62687.66,76583.164,8.584,10.542347088088963,10.61164764413228,10.672285630670178,10.438396254023996
600829.SH,20120516,12.05,12.08,11.57,11.59,12.17,-0.58,-4.77,56480.41,66754.191,8.584,10.039918056774948,10.438396254023996,10.46438396254024,10.02259291776412
600829.SH,20120517,11.59,11.69,11.33,11.62,11.59,0.03,0.26,38742.44,44608.821,8.584,10.065905765291191,10.039918056774948,10.12654375182909,9.814691249634182
600829.SH,20120518,11.53,11.59,11.18,11.2,11.62,-0.42,-3.61,32909.34,37492.921,8.584,9.702077846063798,9.987942639742464,10.039918056774948,9.684752707052969
600829.SH,20120521,11.18,11.25,10.9,11.08,11.2,-0.12,-1.07,32827.08,36386.17,8.584,9.59812701199883,9.684752707052969,9.745390693590869,9.442200760901375
600829.SH,20120522,11.12,11.38,11.11,11.36,11.08,0.28,2.53,33425.54,37684.124,8.584,9.840678958150423,9.632777290020485,9.858004097161253,9.62411472051507
600829.SH,20120523,11.48,11.57,11.27,11.53,11.36,0.17,1.5,39886.86,45630.813,8.584,9.987942639742464,9.944629792215393,10.02259291776412,9.762715832601696
600829.SH,20120524,11.47,11.58,11.24,11.25,11.53,-0.28,-2.43,25490.85,29009.469,8.584,9.745390693590869,9.935967222709978,10.031255487269537,9.736728124085456
600829.SH,20120525,11.26,11.3,10.93,10.97,11.25,-0.28,-2.49,27728.68,30793.977,8.584,9.502838747439275,9.754053263096283,9.78870354111794,9.468188469417615
600829.SH,20120528,10.91,11.14,10.56,11.07,10.97,0.1,0.91,33192.46,36008.354,8.584,9.589464442493416,9.450863330406788,9.650102429031314,9.147673397717297
600829.SH,20120529,11.0,11.21,11.0,11.18,11.07,0.11,0.99,28688.43,31935.682,8.584,9.684752707052969,9.528826455955516,9.710740415569212,9.528826455955516
600829.SH,20120530,11.17,11.38,11.09,11.2,11.18,0.02,0.18,24017.6,27053.445,8.584,9.702077846063798,9.676090137547556,9.858004097161253,9.606789581504245
600829.SH,20120531,11.18,11.22,11.0,11.11,11.2,-0.09,-0.8,22812.14,25338.327,8.584,9.62411472051507,9.684752707052969,9.719402985074629,9.528826455955516
600829.SH,20120601,11.1,11.23,11.08,11.19,11.11,0.08,0.72,23014.25,25681.376,8.584,9.693415276558383,9.615452151009658,9.72806555458004,9.59812701199883
600829.SH,20120604,10.99,11.15,10.87,10.89,11.19,-0.3,-2.68,26970.21,29672.078,8.584,9.43353819139596,9.520163886450105,9.658764998536729,9.416213052385132
600829.SH,20120605,10.85,11.4,10.8,11.39,10.89,0.5,4.59,76200.05,85594.851,8.584,9.866666666666667,9.398887913374304,9.875329236172082,9.355575065847235
600829.SH,20120606,11.47,11.71,11.3,11.41,11.39,0.02,0.18,55143.51,63386.118,8.584,9.883991805677494,9.935967222709978,10.14386889083992,9.78870354111794
600829.SH,20120607,11.5,11.65,11.12,11.17,11.41,-0.24,-2.1,28044.86,31778.797,8.584,9.676090137547556,9.961954931226222,10.091893473807437,9.632777290020485
600829.SH,20120608,11.27,11.28,11.03,11.08,11.17,-0.09,-0.81,18048.19,20116.799,8.584,9.59812701199883,9.762715832601696,9.77137840210711,9.554814164471756
600829.SH,20120611,11.08,11.57,10.91,11.53,11.08,0.45,4.06,44006.1,50043.04,8.584,9.987942639742464,9.59812701199883,10.02259291776412,9.450863330406788
600829.SH,20120612,11.39,11.67,11.36,11.61,11.53,0.08,0.69,44164.18,51127.056,8.584,10.057243195785777,9.866666666666667,10.109218612818262,9.840678958150423
600829.SH,20120613,11.62,11.82,11.52,11.79,11.61,0.18,1.55,44156.45,51815.621,8.584,10.21316944688323,10.065905765291191,10.239157155399472,9.97928007023705
600829.SH,20120614,11.71,11.88,11.7,11.7,11.79,-0.09,-0.76,43920.3,51687.106,8.584,10.135206321334502,10.14386889083992,10.291132572431955,10.135206321334502
600829.SH,20120615,11.69,12.03,11.69,11.84,11.7,0.14,1.2,42467.88,50479.406,8.584,10.2564822944103,10.12654375182909,10.421071115013168,10.12654375182909
600829.SH,20120618,11.89,12.09,11.89,12.0,11.84,0.16,1.35,36739.86,44105.826,8.584,10.395083406496926,10.299795141937372,10.473046532045654,10.299795141937372
600829.SH,20120619,12.0,12.06,11.87,11.9,12.0,-0.1,-0.83,30755.19,36816.765,8.584,10.308457711442784,10.395083406496926,10.447058823529412,10.282470002926544
600829.SH,20120620,11.92,11.98,11.45,11.48,11.9,-0.42,-3.53,38402.04,44599.577,8.584,9.944629792215393,10.325782850453615,10.3777582674861,9.91864208369915
600829.SH,20120621,11.47,11.51,11.24,11.5,11.48,0.02,0.17,23222.13,26407.802,8.584,9.961954931226222,9.935967222709978,9.970617500731636,9.736728124085456
600829.SH,20120625,11.44,11.57,11.28,11.3,11.5,-0.2,-1.74,15856.1,18106.473,8.584,9.78870354111794,9.909979514193736,10.02259291776412,9.77137840210711
600829.SH,20120626,11.24,11.32,10.98,11.22,11.3,-0.08,-0.71,14930.62,16606.892,8.584,9.719402985074629,9.736728124085456,9.806028680128769,9.511501316944688
600829.SH,20120627,11.25,11.4,11.12,11.17,11.22,-0.05,-0.45,13471.7,15212.033,8.584,9.676090137547556,9.745390693590869,9.875329236172082,9.632777290020485
600829.SH,20120628,11.29,11.34,11.15,11.16,11.17,-0.01,-0.09,13842.2,15583.84,8.584,9.66742756804214,9.780040971612523,9.823353819139596,9.658764998536729
600829.SH,20120629,11.16,11.65,11.08,11.62,11.16,0.46,4.12,34717.02,39766.914,8.584,10.065905765291191,9.66742756804214,10.091893473807437,9.59812701199883
600829.SH,20120702,11.65,11.96,11.64,11.81,11.62,0.19,1.64,42462.28,50129.975,8.584,10.23049458589406,10.091893473807437,10.360433128475272,10.08323090430202
600829.SH,20120703,11.81,11.97,11.55,11.66,11.81,-0.15,-1.27,37509.8,44173.447,8.584,10.100556043312848,10.23049458589406,10.369095697980685,10.005267778753293
600829.SH,20120704,11.69,11.77,11.48,11.55,11.66,-0.11,-0.94,16913.94,19625.827,8.584,10.005267778753293,10.12654375182909,10.195844307872402,9.944629792215393
600829.SH,20120705,11.59,11.59,11.25,11.29,11.55,-0.26,-2.25,17496.18,19851.517,8.584,9.780040971612523,10.039918056774948,10.039918056774948,9.745390693590869
600829.SH,20120706,11.36,11.92,11.27,11.91,11.29,0.62,5.49,38721.32,45131.871,8.584,10.3171202809482,9.840678958150423,10.325782850453615,9.762715832601696
600829.SH,20120709,11.87,12.09,11.62,11.64,11.91,-0.27,-2.27,61369.53,72824.328,8.584,10.08323090430202,10.282470002926544,10.473046532045654,10.065905765291191
600829.SH,20120710,11.58,11.68,11.27,11.49,11.64,-0.15,-1.29,26463.35,30309.7,8.584,9.953292361720807,10.031255487269537,10.117881182323677,9.762715832601696
600829.SH,20120711,11.4,11.87,11.36,11.82,11.49,0.33,2.87,23600.81,27301.376,8.584,10.239157155399472,9.875329236172082,10.282470002926544,9.840678958150423
600829.SH,20120712,11.79,12.39,11.74,12.04,11.82,0.22,1.86,109323.54,132058.164,8.584,10.429733684518585,10.21316944688323,10.732923617208078,10.16985659935616
600829.SH,20120713,11.89,12.08,11.71,11.94,12.04,-0.1,-0.83,41419.88,49265.571,8.584,10.343107989464444,10.299795141937372,10.46438396254024,10.14386889083992
600829.SH,20120716,11.93,12.33,11.59,11.6,11.94,-0.34,-2.85,91592.46,110247.077,8.584,10.048580626280362,10.334445419959028,10.680948200175592,10.039918056774948
600829.SH,20120717,11.41,11.43,10.68,10.98,11.6,-0.62,-5.34,64989.83,71153.245,8.584,9.511501316944688,9.883991805677494,9.901316944688322,9.251624231782264
600829.SH,20120718,10.96,11.49,10.75,11.07,10.98,0.09,0.82,28301.63,31042.926,8.584,9.589464442493416,9.49417617793386,9.953292361720807,9.312262218320162
600829.SH,20120719,11.0,11.16,10.83,10.98,11.07,-0.09,-0.81,29672.24,32684.606,8.584,9.511501316944688,9.528826455955516,9.66742756804214,9.381562774363475
600829.SH,20120720,10.9,11.09,10.89,10.91,10.98,-0.07,-0.64,21928.1,24049.203,8.584,9.450863330406788,9.442200760901375,9.606789581504245,9.43353819139596
600829.SH,20120723,10.83,10.83,10.58,10.72,10.91,-0.19,-1.74,18588.75,19859.851,8.584,9.286274509803922,9.381562774363475,9.381562774363475,9.164998536728124
600829.SH,20120724,10.68,10.98,10.61,10.89,10.72,0.17,1.59,18287.5,19797.071,8.584,9.43353819139596,9.251624231782264,9.511501316944688,9.190986245244364
600829.SH,20120725,10.88,10.94,10.62,10.73,10.89,-0.16,-1.47,15491.71,16718.213,8.584,9.294937079309337,9.424875621890548,9.476851038923032,9.19964881474978
600829.SH,20120726,10.74,10.8,10.58,10.59,10.73,-0.14,-1.3,14352.69,15331.874,8.584,9.173661106233537,9.30359964881475,9.355575065847235,9.164998536728124
600829.SH,20120727,10.64,10.67,10.1,10.17,10.59,-0.42,-3.97,32738.83,33653.573,8.584,8.809833187006145,9.216973953760608,9.242961662276851,8.749195200468247
600829.SH,20120730,10.17,10.25,10.1,10.11,10.17,-0.06,-0.59,9547.75,9702.588,8.584,8.757857769973661,8.809833187006145,8.879133743049458,8.749195200468247
600829.SH,20120731,10.13,10.16,9.71,10.07,10.11,-0.04,-0.4,14928.93,15003.598,8.584,8.723207491952005,8.77518290898449,8.80117061750073,8.411354989757097
600829.SH,20120801,10.09,10.33,10.07,10.22,10.07,0.15,1.49,13570.89,13901.263,8.584,8.853146034533216,8.740532630962834,8.94843429909277,8.723207491952005
600829.SH,20120802,10.24,10.45,10.13,10.18,10.22,-0.04,-0.39,14037.46,14430.619,8.584,8.81849575651156,8.870471173544045,9.05238513315774,8.77518290898449
600829.SH,20120803,10.25,10.39,10.19,10.35,10.18,0.17,1.67,12860.31,13224.776,8.584,8.965759438103598,8.879133743049458,9.000409716125256,8.827158326016972
600829.SH,20120806,10.26,10.53,10.23,10.51,10.35,0.16,1.55,21042.66,21919.577,8.584,9.104360550190226,8.887796312554872,9.121685689201051,8.86180860403863
600829.SH,20120807,10.51,10.82,10.46,10.72,10.51,0.21,2.0,31419.3,33383.444,8.584,9.286274509803922,9.104360550190226,9.372900204858064,9.061047702663156
600829.SH,20120808,10.69,10.77,10.53,10.59,10.72,-0.13,-1.21,14967.95,15885.427,8.584,9.173661106233537,9.26028680128768,9.329587357330992,9.121685689201051
600829.SH,20120809,10.58,10.85,10.51,10.84,10.59,0.25,2.36,25025.89,26790.018,8.584,9.39022534386889,9.164998536728124,9.398887913374304,9.104360550190226
600829.SH,20120810,10.8,10.81,10.69,10.75,10.84,-0.09,-0.83,11706.3,12583.53,8.584,9.312262218320162,9.355575065847235,9.36423763535265,9.26028680128768
600829.SH,20120813,10.73,10.87,10.55,10.56,10.75,-0.19,-1.77,16508.3,17683.313,8.584,9.147673397717297,9.294937079309337,9.416213052385132,9.139010828211882
600829.SH,20120814,10.55,10.64,10.25,10.57,10.56,0.01,0.09,18220.29,19084.821,8.584,9.15633596722271,9.139010828211882,9.216973953760608,8.879133743049458
600829.SH,20120815,10.6,10.77,10.48,10.62,10.57,0.05,0.47,16937.98,18051.553,8.584,9.19964881474978,9.182323675738951,9.329587357330992,9.078372841673982
600829.SH,20120816,10.6,10.75,10.4,10.45,10.62,-0.17,-1.6,14799.23,15594.774,8.584,9.05238513315774,9.182323675738951,9.312262218320162,9.00907228563067
600829.SH,20120817,10.56,10.63,10.43,10.54,10.45,0.09,0.86,12895.89,13566.055,8.584,9.130348258706467,9.147673397717297,9.208311384255197,9.035059994146913
600829.SH,20120820,10.48,10.49,10.32,10.4,10.54,-0.14,-1.33,12594.0,13094.698,8.584,9.00907228563067,9.078372841673982,9.087035411179397,8.939771729587356
600829.SH,20120821,10.43,10.68,10.41,10.66,10.4,0.26,2.5,25542.93,27051.539,8.584,9.234299092771437,9.035059994146913,9.251624231782264,9.017734855136084
600829.SH,20120822,10.64,10.77,10.56,10.6,10.66,-0.06,-0.56,18783.89,20026.079,8.584,9.182323675738951,9.216973953760608,9.329587357330992,9.147673397717297
600829.SH,20120823,10.58,10.76,10.55,10.72,10.6,0.12,1.13,18750.9,20048.896,8.584,9.286274509803922,9.164998536728124,9.320924787825575,9.139010828211882
600829.SH,20120824,10.7,10.73,10.54,10.57,10.72,-0.15,-1.4,14782.46,15680.868,8.584,9.15633596722271,9.268949370793091,9.294937079309337,9.130348258706467
600829.SH,20120827,10.51,10.52,10.02,10.05,10.57,-0.52,-4.92,27337.46,27888.883,8.584,8.705882352941176,9.104360550190226,9.113023119695638,8.679894644424934
600829.SH,20120828,10.08,10.23,10.0,10.1,10.05,0.05,0.5,12673.41,12790.508,8.584,8.749195200468247,8.73187006145742,8.86180860403863,8.662569505414107
600829.SH,20120829,10.12,10.26,10.05,10.12,10.1,0.02,0.2,9370.04,9508.206,8.584,8.766520339479074,8.766520339479074,8.887796312554872,8.705882352941176
600829.SH,20120830,10.12,10.18,9.9,10.06,10.12,-0.06,-0.59,13090.57,13158.296,8.584,8.71454492244659,8.766520339479074,8.81849575651156,8.575943810359965
600829.SH,20120831,10.02,10.12,10.0,10.1,10.06,0.04,0.4,9657.8,9714.943,8.584,8.749195200468247,8.679894644424934,8.766520339479074,8.662569505414107
600829.SH,20120903,10.1,10.25,10.05,10.2,10.1,0.1,0.99,14969.98,15197.713,8.584,8.835820895522387,8.749195200468247,8.879133743049458,8.705882352941176
600829.SH,20120904,10.23,10.25,10.06,10.08,10.2,-0.12,-1.18,13847.79,14079.974,8.584,8.73187006145742,8.86180860403863,8.879133743049458,8.71454492244659
600829.SH,20120905,10.1,10.13,10.01,10.09,10.08,0.01,0.1,12323.23,12412.527,8.584,8.740532630962834,8.749195200468247,8.77518290898449,8.67123207491952
600829.SH,20120906,10.09,10.19,10.06,10.18,10.09,0.09,0.89,10538.6,10677.4,8.584,8.81849575651156,8.740532630962834,8.827158326016972,8.71454492244659
600829.SH,20120907,10.24,10.63,10.22,10.49,10.18,0.31,3.05,31588.93,33099.944,8.584,9.087035411179397,8.870471173544045,9.208311384255197,8.853146034533216
600829.SH,20120910,10.49,10.59,10.41,10.54,10.49,0.05,0.48,18335.23,19254.331,8.584,9.130348258706467,9.087035411179397,9.173661106233537,9.017734855136084
600829.SH,20120911,10.45,10.51,10.37,10.5,10.54,-0.04,-0.38,16576.18,17307.362,8.584,9.095697980684813,9.05238513315774,9.104360550190226,8.983084577114427
600829.SH,20120912,10.5,10.61,10.39,10.51,10.5,0.01,0.1,19239.64,20168.561,8.584,9.104360550190226,9.095697980684813,9.190986245244364,9.000409716125256
600829.SH,20120913,10.42,10.67,10.42,10.52,10.51,0.01,0.1,27971.26,29539.957,8.584,9.113023119695638,9.026397424641498,9.242961662276851,9.026397424641498
600829.SH,20120914,10.58,10.61,10.43,10.52,10.52,0.0,0.0,17450.56,18346.195,8.584,9.113023119695638,9.164998536728124,9.190986245244364,9.035059994146913
600829.SH,20120917,10.48,10.5,10.07,10.13,10.52,-0.39,-3.71,15791.83,16252.389,8.584,8.77518290898449,9.078372841673982,9.095697980684813,8.723207491952005
600829.SH,20120918,10.1,10.23,10.1,10.16,10.13,0.03,0.3,6561.66,6673.809,8.584,8.80117061750073,8.749195200468247,8.86180860403863,8.749195200468247
600829.SH,20120919,10.17,10.24,10.14,10.2,10.16,0.04,0.39,7200.19,7329.464,8.584,8.835820895522387,8.809833187006145,8.870471173544045,8.783845478489903
600829.SH,20120920,10.2,10.22,9.8,9.85,10.2,-0.35,-3.43,14863.1,14815.19,8.584,8.532630962832894,8.835820895522387,8.853146034533216,8.489318115305824
600829.SH,20120921,9.89,9.94,9.76,9.77,9.85,-0.08,-0.81,10812.57,10646.624,8.584,8.46333040678958,8.56728124085455,8.610594088381621,8.454667837284166
600829.SH,20120924,9.79,9.79,9.5,9.72,9.77,-0.05,-0.51,14724.8,14159.973,8.584,8.420017559262511,8.48065554580041,8.48065554580041,8.2294410301434
600829.SH,20120925,9.72,9.75,9.58,9.68,9.72,-0.04,-0.41,8795.25,8510.787,8.584,8.385367281240855,8.420017559262511,8.446005267778753,8.298741586186713
600829.SH,20120926,9.72,9.75,9.36,9.62,9.68,-0.06,-0.62,13986.01,13296.26,8.584,8.333391864208368,8.420017559262511,8.446005267778753,8.108165057067602
600829.SH,20120927,9.59,9.8,9.44,9.76,9.62,0.14,1.46,17606.24,16996.152,8.584,8.454667837284166,8.307404155692128,8.489318115305824,8.177465613110915
600829.SH,20120928,9.7,9.83,9.6,9.81,9.76,0.05,0.51,16137.06,15723.929,8.584,8.497980684811239,8.402692420251682,8.515305823822066,8.31606672519754
600829.SH,20121008,9.74,9.81,9.67,9.7,9.81,-0.11,-1.12,10971.76,10675.778,8.584,8.402692420251682,8.437342698273339,8.497980684811239,8.37670471173544
600829.SH,20121009,9.76,10.04,9.75,10.01,9.7,0.31,3.2,21100.7,21037.915,8.584,8.67123207491952,8.454667837284166,8.697219783435761,8.446005267778753
600829.SH,20121010,10.03,10.15,9.97,10.13,10.01,0.12,1.2,15557.49,15621.844,8.584,8.77518290898449,8.688557213930347,8.792508047995318,8.636581796897865
600829.SH,20121011,10.1,10.13,9.96,9.98,10.13,-0.15,-1.48,13157.19,13206.751,8.584,8.645244366403277,8.749195200468247,8.77518290898449,8.62791922739245
600829.SH,20121012,9.99,10.1,9.88,10.0,9.98,0.02,0.2,10556.98,10563.954,8.584,8.662569505414107,8.653906935908692,8.749195200468247,8.558618671349137
600829.SH,20121015,10.01,10.03,9.92,10.0,10.0,0.0,0.0,8527.02,8504.014,8.584,8.662569505414107,8.67123207491952,8.688557213930347,8.593268949370792
600829.SH,20121016,10.02,10.24,9.96,10.06,10.0,0.06,0.6,20136.15,20402.921,8.584,8.71454492244659,8.679894644424934,8.870471173544045,8.62791922739245
600829.SH,20121017,10.09,10.14,9.99,10.05,10.06,-0.01,-0.1,12145.58,12227.584,8.584,8.705882352941176,8.740532630962834,8.783845478489903,8.653906935908692
600829.SH,20121018,10.1,10.2,10.02,10.17,10.05,0.12,1.19,15855.38,16105.593,8.584,8.809833187006145,8.749195200468247,8.835820895522387,8.679894644424934
600829.SH,20121019,9.68,9.76,9.5,9.75,10.17,-0.42,-4.13,81720.37,79133.625,8.584,8.446005267778753,8.385367281240855,8.454667837284166,8.2294410301434
600829.SH,20121022,9.59,9.72,9.55,9.68,9.75,-0.07,-0.72,29727.51,28677.962,8.584,8.385367281240855,8.307404155692128,8.420017559262511,8.272753877670471
600829.SH,20121023,9.67,9.81,9.63,9.67,9.68,-0.01,-0.1,25763.29,24991.613,8.584,8.37670471173544,8.37670471173544,8.497980684811239,8.342054433713784
600829.SH,20121024,9.63,9.64,9.53,9.6,9.67,-0.07,-0.72,23502.96,22526.685,8.584,8.31606672519754,8.342054433713784,8.350717003219197,8.255428738659642
600829.SH,20121025,9.61,9.63,9.45,9.51,9.6,-0.09,-0.94,27148.44,25883.71,8.584,8.238103599648815,8.324729294702955,8.342054433713784,8.18612818261633
600829.SH,20121026,9.5,9.53,9.27,9.32,9.51,-0.19,-2.0,24022.45,22458.983,8.584,8.073514779045947,8.2294410301434,8.255428738659642,8.030201931518876
600829.SH,20121029,9.32,9.37,9.25,9.33,9.32,0.01,0.11,8164.23,7611.495,8.584,8.08217734855136,8.073514779045947,8.116827626573016,8.012876792508049
600829.SH,20121030,9.35,9.41,9.27,9.35,9.33,0.02,0.21,9185.59,8586.366,8.584,8.099502487562187,8.099502487562187,8.151477904594675,8.030201931518876
600829.SH,20121031,9.36,9.53,9.35,9.49,9.35,0.14,1.5,13613.36,12837.376,8.584,8.220778460637986,8.108165057067602,8.255428738659642,8.099502487562187
600829.SH,20121101,9.49,9.6,9.42,9.59,9.49,0.1,1.05,23198.25,22102.844,8.584,8.307404155692128,8.220778460637986,8.31606672519754,8.160140474100087
600829.SH,20121102,9.57,9.6,9.49,9.57,9.59,-0.02,-0.21,14726.66,14075.802,8.584,8.2900790166813,8.2900790166813,8.31606672519754,8.220778460637986
600829.SH,20121105,9.51,9.61,9.51,9.55,9.57,-0.02,-0.21,8565.08,8190.369,8.584,8.272753877670471,8.238103599648815,8.324729294702955,8.238103599648815
600829.SH,20121106,9.53,9.55,9.3,9.43,9.55,-0.12,-1.26,12497.27,11726.475,8.584,8.168803043605502,8.255428738659642,8.272753877670471,8.05618964003512
600829.SH,20121107,9.39,9.44,9.32,9.36,9.43,-0.07,-0.74,8891.48,8328.404,8.584,8.108165057067602,8.134152765583845,8.177465613110915,8.073514779045947
600829.SH,20121108,9.3,9.35,9.19,9.23,9.36,-0.13,-1.39,13582.21,12558.757,8.584,7.995551653497221,8.05618964003512,8.099502487562187,7.960901375475562
600829.SH,20121109,9.23,9.27,9.15,9.2,9.23,-0.03,-0.33,11527.69,10604.473,8.584,7.969563944980977,7.995551653497221,8.030201931518876,7.926251097453907
600829.SH,20121112,9.23,9.25,8.99,9.09,9.2,-0.11,-1.2,16636.73,15129.792,8.584,7.874275680421422,7.995551653497221,8.012876792508049,7.787649985367281
600829.SH,20121113,9.08,9.08,8.81,8.82,9.09,-0.27,-2.97,17645.98,15744.564,8.584,7.640386303775242,7.865613110916008,7.865613110916008,7.631723734269827
600829.SH,20121114,8.77,8.88,8.71,8.78,8.82,-0.04,-0.45,12533.48,10980.47,8.584,7.605736025753583,7.597073456248171,7.692361720807726,7.545098039215687
600829.SH,20121115,8.77,8.8,8.64,8.65,8.78,-0.13,-1.48,10216.03,8893.595,8.584,7.4931226221832015,7.597073456248171,7.623061164764414,7.484460052677788
600829.SH,20121116,8.64,8.64,8.47,8.51,8.65,-0.14,-1.62,15744.12,13408.342,8.584,7.371846649107403,7.484460052677788,7.484460052677788,7.3371963710857475
600829.SH,20121119,8.52,8.53,8.19,8.2,8.51,-0.31,-3.64,33650.19,27924.954,8.584,7.103306994439566,7.380509218612818,7.389171788118232,7.0946444249341525
600829.SH,20121120,8.22,8.27,8.15,8.17,8.2,-0.03,-0.37,24350.45,19959.444,8.584,7.077319285923323,7.120632133450395,7.1639449809774645,7.059994146912496
600829.SH,20121121,8.18,8.23,8.02,8.22,8.17,0.05,0.61,25867.09,21046.867,8.584,7.120632133450395,7.085981855428738,7.12929470295581,6.947380743342112
600829.SH,20121122,8.22,8.22,8.03,8.05,8.22,-0.17,-2.07,18903.42,15269.371,8.584,6.973368451858356,7.120632133450395,7.120632133450395,6.956043312847527
600829.SH,20121123,8.06,8.14,8.01,8.13,8.05,0.08,0.99,11463.47,9298.025,8.584,7.042669007901668,6.982031021363769,7.051331577407082,6.938718173836699
600829.SH,20121126,8.15,8.15,8.05,8.06,8.13,-0.07,-0.86,8397.53,6789.911,8.584,6.982031021363769,7.059994146912496,7.059994146912496,6.973368451858356
600829.SH,20121127,8.06,8.07,7.76,7.83,8.06,-0.23,-2.85,17807.0,14002.782,8.584,6.7827919227392455,6.982031021363769,6.990693590869183,6.722153936201346
600829.SH,20121128,7.82,7.82,7.05,7.09,7.83,-0.74,-9.45,72287.37,52463.114,8.584,6.1417617793386015,6.774129353233831,6.774129353233831,6.107111501316944
600829.SH,20121129,7.08,7.16,7.03,7.08,7.09,-0.01,-0.14,28842.42,20503.67,8.584,6.133099209833187,6.133099209833187,6.2023997658765,6.089786362306117
600829.SH,20121130,7.1,7.23,7.1,7.18,7.08,0.1,1.41,15290.38,10963.528,8.584,6.219724904887328,6.150424348844015,6.263037752414399,6.150424348844015
600829.SH,20121203,7.16,7.2,6.94,6.98,7.18,-0.2,-2.79,23850.68,16796.069,8.584,6.046473514779046,6.2023997658765,6.237050043898156,6.011823236757389
600829.SH,20121204,6.95,7.08,6.82,7.02,6.98,0.04,0.57,21441.67,14855.563,8.584,6.081123792800702,6.020485806262804,6.133099209833187,5.90787240269242
600829.SH,20121205,7.03,7.37,6.95,7.29,7.02,0.27,3.85,31508.79,22832.368,8.584,6.315013169446883,6.089786362306117,6.3843137254901965,6.020485806262804
600829.SH,20121206,7.3,7.33,7.21,7.25,7.29,-0.04,-0.55,19569.47,14212.198,8.584,6.280362891425226,6.323675738952297,6.349663447468539,6.24571261340357
600829.SH,20121207,7.29,7.51,7.22,7.49,7.25,0.24,3.31,34240.76,25361.079,8.584,6.488264559555166,6.315013169446883,6.505589698565994,6.254375182908984
600829.SH,20121210,7.55,7.75,7.41,7.66,7.49,0.17,2.27,36854.85,27845.538,8.584,6.635528241147205,6.540239976587649,6.713491366695932,6.418964003511852
600829.SH,20121211,7.65,7.7,7.53,7.58,7.66,-0.08,-1.04,25232.66,19160.135,8.584,6.566227685103892,6.626865671641792,6.670178519168862,6.522914837576821
600829.SH,20121212,7.53,7.63,7.41,7.5,7.58,-0.08,-1.06,20895.43,15653.607,8.584,6.496927129060579,6.522914837576821,6.609540532630962,6.418964003511852
600829.SH,20121213,7.57,7.72,7.49,7.55,7.5,0.05,0.67,30155.02,22946.636,8.584,6.540239976587649,6.557565115598478,6.68750365817969,6.488264559555166
600829.SH,20121214,7.49,7.88,7.43,7.82,7.55,0.27,3.58,50118.17,38748.265,8.584,6.774129353233831,6.488264559555166,6.826104770266316,6.43628914252268
600829.SH,20121217,7.82,7.95,7.76,7.84,7.82,0.02,0.26,32125.7,25167.91,8.584,6.791454492244658,6.774129353233831,6.886742756804215,6.722153936201346
600829.SH,20121218,7.83,7.92,7.76,7.86,7.84,0.02,0.26,33498.61,26266.989,8.584,6.808779631255487,6.7827919227392455,6.860755048287972,6.722153936201346
600829.SH,20121219,7.85,7.88,7.76,7.81,7.86,-0.05,-0.64,27712.79,21653.025,8.584,6.765466783728416,6.800117061750073,6.826104770266316,6.722153936201346
600829.SH,20121220,7.8,7.81,7.66,7.77,7.81,-0.04,-0.51,24863.76,19201.073,8.584,6.730816505706759,6.756804214223002,6.765466783728416,6.635528241147205
600829.SH,20121221,7.77,7.88,7.7,7.82,7.77,0.05,0.64,30538.38,23803.495,8.584,6.774129353233831,6.730816505706759,6.826104770266316,6.670178519168862
600829.SH,20121224,7.77,7.97,7.77,7.92,7.82,0.1,1.28,28636.98,22626.349,8.584,6.860755048287972,6.730816505706759,6.904067895815042,6.730816505706759
600829.SH,20121225,7.91,8.2,7.85,8.15,7.92,0.23,2.9,53109.42,43076.199,8.584,7.059994146912496,6.852092478782557,7.103306994439566,6.800117061750073
600829.SH,20121226,8.15,8.35,8.07,8.33,8.15,0.18,2.21,45820.49,37458.447,8.584,7.215920398009949,7.059994146912496,7.233245537020777,6.990693590869183
600829.SH,20121227,8.33,8.57,8.3,8.54,8.33,0.21,2.52,69022.32,58309.085,8.584,7.397834357623645,7.215920398009949,7.423822066139889,7.189932689493709
600829.SH,20121228,8.49,8.86,8.44,8.82,8.54,0.28,3.28,60962.3,52797.293,8.584,7.640386303775242,7.354521510096576,7.675036581796897,7.311208662569506
600829.SH,20121231,9.0,9.23,8.79,9.01,8.82,0.19,2.15,95715.96,86069.802,8.584,7.8049751243781085,7.796312554872696,7.995551653497221,7.614398595258998
600829.SH,20130104,8.96,9.07,8.74,8.89,9.01,-0.12,-1.33,45498.06,40394.662,8.584,7.701024290313141,7.76166227685104,7.856950541410595,7.571085747731928
600829.SH,20130107,8.88,9.03,8.8,8.92,8.89,0.03,0.34,30626.03,27316.673,8.584,7.727011998829382,7.692361720807726,7.822300263388936,7.623061164764414
600829.SH,20130108,8.92,9.02,8.8,8.97,8.92,0.05,0.56,35409.36,31617.637,8.584,7.770324846356453,7.727011998829382,7.813637693883523,7.623061164764414
600829.SH,20130109,9.0,9.06,8.7,8.9,8.97,-0.07,-0.78,41281.62,36672.564,8.584,7.709686859818554,7.796312554872696,7.84828797190518,7.536435469710272
600829.SH,20130110,8.9,9.0,8.79,8.99,8.9,0.09,1.01,28474.16,25296.009,8.584,7.787649985367281,7.709686859818554,7.796312554872696,7.614398595258998
600829.SH,20130111,8.97,9.01,8.71,8.86,8.99,-0.13,-1.45,31699.61,28070.398,8.584,7.675036581796897,7.770324846356453,7.8049751243781085,7.545098039215687
600829.SH,20130114,8.84,9.22,8.8,9.16,8.86,0.3,3.39,67177.72,61192.697,8.584,7.934913666959321,7.657711442786069,7.986889083991806,7.623061164764414
600829.SH,20130115,9.15,9.28,9.11,9.21,9.16,0.05,0.55,62588.53,57650.411,8.584,7.978226514486391,7.926251097453907,8.038864501024289,7.89160081943225
600829.SH,20130116,9.23,9.35,9.11,9.31,9.21,0.1,1.09,78929.84,73024.46,8.584,8.064852209540533,7.995551653497221,8.099502487562187,7.89160081943225
600829.SH,20130117,9.39,9.4,9.2,9.24,9.31,-0.07,-0.75,29370.75,27277.112,8.584,8.004214223002634,8.134152765583845,8.14281533508926,7.969563944980977
600829.SH,20130118,9.24,9.33,9.15,9.26,9.24,0.02,0.22,30884.7,28527.032,8.584,8.021539362013462,8.004214223002634,8.08217734855136,7.926251097453907
600829.SH,20130121,9.29,9.39,9.18,9.35,9.26,0.09,0.97,51701.74,48092.141,8.584,8.099502487562187,8.047527070529704,8.134152765583845,7.952238805970149
600829.SH,20130122,9.33,9.36,9.14,9.23,9.35,-0.12,-1.28,29712.65,27449.491,8.584,7.995551653497221,8.08217734855136,8.108165057067602,7.917588527948493
600829.SH,20130123,9.17,9.29,9.02,9.26,9.23,0.03,0.33,32435.7,29564.756,8.584,8.021539362013462,7.943576236464734,8.047527070529704,7.813637693883523
600829.SH,20130124,9.25,9.57,9.15,9.48,9.26,0.22,2.38,94988.61,88843.85,8.584,8.212115891132573,8.012876792508049,8.2900790166813,7.926251097453907
600829.SH,20130125,9.46,9.65,9.36,9.63,9.48,0.15,1.58,75303.43,71962.722,8.584,8.342054433713784,8.194790752121744,8.359379572724611,8.108165057067602
600829.SH,20130128,9.62,9.79,9.56,9.77,9.63,0.14,1.45,77603.19,75248.939,8.584,8.46333040678958,8.333391864208368,8.48065554580041,8.281416447175886
600829.SH,20130129,9.8,10.01,9.68,9.82,9.77,0.05,0.51,61520.49,60564.074,8.584,8.506643254316652,8.489318115305824,8.67123207491952,8.385367281240855
600829.SH,20130130,9.82,9.92,9.65,9.75,9.82,-0.07,-0.71,33595.73,32776.731,8.584,8.446005267778753,8.506643254316652,8.593268949370792,8.359379572724611
600829.SH,20130131,9.76,9.8,9.53,9.62,9.75,-0.13,-1.33,27377.99,26294.453,8.584,8.333391864208368,8.454667837284166,8.489318115305824,8.255428738659642
600829.SH,20130201,9.61,10.0,9.56,9.98,9.62,0.36,3.74,43677.45,42656.474,8.584,8.645244366403277,8.324729294702955,8.662569505414107,8.281416447175886
600829.SH,20130204,10.03,10.03,9.73,9.84,9.98,-0.14,-1.4,35007.91,34456.688,8.584,8.52396839332748,8.688557213930347,8.688557213930347,8.428680128767924
600829.SH,20130205,9.75,10.06,9.75,9.9,9.84,0.06,0.61,35563.41,35323.268,8.584,8.575943810359965,8.446005267778753,8.71454492244659,8.446005267778753
600829.SH,20130206,9.9,9.95,9.81,9.91,9.9,0.01,0.1,25267.71,24985.623,8.584,8.584606379865377,8.575943810359965,8.619256657887036,8.497980684811239
600829.SH,20130207,9.98,9.98,9.66,9.87,9.91,-0.04,-0.4,22501.58,22090.48,8.584,8.549956101843721,8.645244366403277,8.645244366403277,8.368042142230026
600829.SH,20130208,9.86,10.09,9.82,9.96,9.87,0.09,0.91,45298.22,44966.571,8.584,8.62791922739245,8.541293532338308,8.740532630962834,8.506643254316652
600829.SH,20130218,10.0,10.05,9.81,9.83,9.96,-0.13,-1.31,22355.78,22045.1,8.584,8.515305823822066,8.662569505414107,8.705882352941176,8.497980684811239
600829.SH,20130219,9.83,9.95,9.66,9.7,9.83,-0.13,-1.32,24628.7,24137.812,8.584,8.402692420251682,8.515305823822066,8.619256657887036,8.368042142230026
600829.SH,20130220,9.7,9.95,9.51,9.95,9.7,0.25,2.58,51607.81,50778.814,8.584,8.619256657887036,8.402692420251682,8.619256657887036,8.238103599648815
600829.SH,20130221,9.89,10.29,9.8,9.99,9.95,0.04,0.4,88153.74,88849.381,8.584,8.653906935908692,8.56728124085455,8.913784021071114,8.489318115305824
600829.SH,20130222,10.0,10.07,9.75,9.87,9.99,-0.12,-1.2,33620.62,33335.645,8.584,8.549956101843721,8.662569505414107,8.723207491952005,8.446005267778753
600829.SH,20130225,9.89,9.99,9.82,9.93,9.87,0.06,0.61,23393.18,23155.592,8.584,8.601931518876206,8.56728124085455,8.653906935908692,8.506643254316652
600829.SH,20130226,9.89,10.05,9.73,9.94,9.93,0.01,0.1,42915.48,42661.959,8.584,8.610594088381621,8.56728124085455,8.705882352941176,8.428680128767924
600829.SH,20130227,9.95,10.04,9.8,9.95,9.94,0.01,0.1,38861.0,38509.031,8.584,8.619256657887036,8.619256657887036,8.697219783435761,8.489318115305824
600829.SH,20130228,9.97,10.15,9.83,10.12,9.95,0.17,1.71,59952.82,60190.139,8.584,8.766520339479074,8.636581796897865,8.792508047995318,8.515305823822066
600829.SH,20130301,10.1,10.17,9.9,9.99,10.12,-0.13,-1.28,82086.18,81722.1,8.584,8.653906935908692,8.749195200468247,8.809833187006145,8.575943810359965
600829.SH,20130304,9.96,9.96,9.35,9.5,9.99,-0.49,-4.9,62901.08,60617.57,8.584,8.2294410301434,8.62791922739245,8.62791922739245,8.099502487562187
600829.SH,20130305,9.45,9.76,9.45,9.73,9.5,0.23,2.42,37360.6,35996.852,8.584,8.428680128767924,8.18612818261633,8.454667837284166,8.18612818261633
600829.SH,20130306,10.08,10.08,9.8,9.87,9.73,0.14,1.44,56962.82,56429.642,8.584,8.549956101843721,8.73187006145742,8.73187006145742,8.489318115305824
600829.SH,20130307,9.89,9.9,9.48,9.64,9.87,-0.23,-2.33,39685.27,38365.22,8.584,8.350717003219197,8.56728124085455,8.575943810359965,8.212115891132573
600829.SH,20130308,9.66,9.69,9.48,9.51,9.64,-0.13,-1.35,21777.01,20827.778,8.584,8.238103599648815,8.368042142230026,8.394029850746268,8.212115891132573
600829.SH,20130311,9.5,9.52,9.39,9.5,9.51,-0.01,-0.11,17264.94,16307.119,8.584,8.2294410301434,8.2294410301434,8.24676616915423,8.134152765583845
600829.SH,20130312,9.53,9.54,9.05,9.15,9.5,-0.35,-3.68,27402.09,25332.113,8.584,7.926251097453907,8.255428738659642,8.264091308165057,7.839625402399767
600829.SH,20130313,9.15,9.2,8.79,9.02,9.15,-0.13,-1.42,18458.81,16548.485,8.584,7.813637693883523,7.926251097453907,7.969563944980977,7.614398595258998
600829.SH,20130314,8.99,9.14,8.9,8.98,9.02,-0.04,-0.44,9335.15,8420.263,8.584,7.7789874158618675,7.787649985367281,7.917588527948493,7.709686859818554
600829.SH,20130315,9.0,9.14,8.91,8.96,8.98,-0.02,-0.22,16123.32,14565.009,8.584,7.76166227685104,7.796312554872696,7.917588527948493,7.718349429323968
600829.SH,20130318,8.97,9.13,8.95,9.01,8.96,0.05,0.56,17043.53,15416.894,8.584,7.8049751243781085,7.770324846356453,7.908925958443079,7.752999707345624
600829.SH,20130319,9.0,9.05,8.75,8.95,9.01,-0.06,-0.67,20340.29,18034.049,8.584,7.752999707345624,7.796312554872696,7.839625402399767,7.5797483172373425
600829.SH,20130320,8.97,9.25,8.91,9.21,8.95,0.26,2.91,24408.27,22219.039,8.584,7.978226514486391,7.770324846356453,8.012876792508049,7.718349429323968
600829.SH,20130321,9.24,9.27,9.15,9.23,9.21,0.02,0.22,17971.29,16567.046,8.584,7.995551653497221,8.004214223002634,8.030201931518876,7.926251097453907
600829.SH,20130322,9.2,9.45,9.11,9.35,9.23,0.12,1.3,19120.06,17687.103,8.584,8.099502487562187,7.969563944980977,8.18612818261633,7.89160081943225
600829.SH,20130325,9.31,9.42,9.31,9.36,9.35,0.01,0.11,16295.17,15241.869,8.584,8.108165057067602,8.064852209540533,8.160140474100087,8.064852209540533
600829.SH,20130326,9.34,9.34,9.1,9.23,9.36,-0.13,-1.39,14295.34,13126.672,8.584,7.995551653497221,8.090839918056774,8.090839918056774,7.882938249926835
600829.SH,20130327,9.22,9.31,9.15,9.24,9.23,0.01,0.11,13679.63,12623.463,8.584,8.004214223002634,7.986889083991806,8.064852209540533,7.926251097453907
600829.SH,20130328,9.22,9.24,8.97,9.07,9.24,-0.17,-1.84,18204.36,16545.203,8.584,7.856950541410595,7.986889083991806,8.004214223002634,7.770324846356453
600829.SH,20130329,9.05,9.28,8.96,9.18,9.07,0.11,1.21,19823.7,18078.826,8.584,7.952238805970149,7.839625402399767,8.038864501024289,7.76166227685104
600829.SH,20130401,9.25,9.47,9.2,9.41,9.18,0.23,2.51,29445.12,27657.893,8.584,8.151477904594675,8.012876792508049,8.203453321627158,7.969563944980977
600829.SH,20130402,9.41,9.47,9.08,9.18,9.41,-0.23,-2.44,19389.38,17986.744,8.584,7.952238805970149,8.151477904594675,8.203453321627158,7.865613110916008
600829.SH,20130403,9.29,9.45,9.25,9.39,9.18,0.21,2.29,38629.56,36183.945,8.584,8.134152765583845,8.047527070529704,8.18612818261633,8.012876792508049
600829.SH,20130408,9.48,9.67,9.4,9.55,9.39,0.16,1.7,58328.33,55574.386,8.584,8.272753877670471,8.212115891132573,8.37670471173544,8.14281533508926
600829.SH,20130409,9.56,9.56,9.2,9.37,9.55,-0.18,-1.88,32880.68,30714.664,8.584,8.116827626573016,8.281416447175886,8.281416447175886,7.969563944980977
600829.SH,20130410,9.37,9.37,9.07,9.17,9.37,-0.2,-2.13,23568.84,21570.604,8.584,7.943576236464734,8.116827626573016,8.116827626573016,7.856950541410595
600829.SH,20130411,8.77,8.77,8.25,8.41,9.17,-0.76,-8.29,116873.55,97994.032,8.584,7.285220954053263,7.597073456248171,7.597073456248171,7.146619841966637
600829.SH,20130412,8.32,8.32,8.0,8.17,8.41,-0.24,-2.85,51653.95,42016.935,8.584,7.077319285923323,7.207257828504536,7.207257828504536,6.930055604331285
600829.SH,20130415,8.15,8.21,8.02,8.14,8.17,-0.03,-0.37,28549.41,23162.378,8.584,7.051331577407082,7.059994146912496,7.111969563944982,6.947380743342112
600829.SH,20130416,8.09,8.19,7.95,8.15,8.14,0.01,0.12,24790.91,20053.811,8.584,7.059994146912496,7.008018729880011,7.0946444249341525,6.886742756804215
600829.SH,20130417,8.15,8.17,8.08,8.16,8.15,0.01,0.12,18429.02,14972.678,8.584,7.068656716417911,7.059994146912496,7.077319285923323,6.999356160374597
600829.SH,20130418,8.13,8.16,8.0,8.02,8.16,-0.14,-1.72,35800.65,28852.222,8.584,6.947380743342112,7.042669007901668,7.068656716417911,6.930055604331285
600829.SH,20130419,8.0,8.1,7.96,8.09,8.02,0.07,0.87,38710.1,31167.678,8.584,7.008018729880011,6.930055604331285,7.016681299385426,6.895405326309628
600829.SH,20130422,8.09,8.26,8.0,8.23,8.09,0.14,1.73,42513.83,34838.839,8.584,7.12929470295581,7.008018729880011,7.15528241147205,6.930055604331285
600829.SH,20130423,8.23,8.23,7.96,7.97,8.23,-0.26,-3.16,25286.24,20344.508,8.584,6.904067895815042,7.12929470295581,7.12929470295581,6.895405326309628
600829.SH,20130424,8.01,8.04,7.85,7.96,7.97,-0.01,-0.13,34733.28,27590.282,8.584,6.895405326309628,6.938718173836699,6.96470588235294,6.800117061750073
600829.SH,20130425,7.98,7.98,7.64,7.67,7.96,-0.29,-3.64,32106.37,24937.326,8.584,6.64419081065262,6.912730465320457,6.912730465320457,6.618203102136376
600829.SH,20130426,7.68,7.75,7.46,7.49,7.67,-0.18,-2.35,20769.86,15825.172,8.584,6.488264559555166,6.6528533801580325,6.713491366695932,6.462276851038922
600829.SH,20130502,7.55,7.58,7.42,7.55,7.49,0.06,0.8,17465.86,13100.641,8.584,6.540239976587649,6.540239976587649,6.566227685103892,6.427626573017266
600829.SH,20130503,7.55,7.77,7.49,7.73,7.55,0.18,2.38,21999.16,16923.212,8.584,6.696166227685104,6.540239976587649,6.730816505706759,6.488264559555166
600829.SH,20130506,7.76,7.8,7.7,7.76,7.73,0.03,0.39,23212.37,17991.495,8.584,6.722153936201346,6.722153936201346,6.756804214223002,6.670178519168862
600829.SH,20130507,7.79,7.79,7.71,7.75,7.76,-0.01,-0.13,18567.76,14385.272,8.584,6.713491366695932,6.748141644717588,6.748141644717588,6.678841088674275
600829.SH,20130508,7.78,7.83,7.73,7.77,7.75,0.02,0.26,20891.06,16208.89,8.584,6.730816505706759,6.739479075212174,6.7827919227392455,6.696166227685104
600829.SH,20130509,7.76,7.89,7.75,7.85,7.77,0.08,1.03,29215.57,22850.009,8.584,6.800117061750073,6.722153936201346,6.834767339771728,6.713491366695932
600829.SH,20130510,7.83,7.95,7.81,7.94,7.85,0.09,1.15,28494.84,22454.592,8.584,6.8780801872988,6.7827919227392455,6.886742756804215,6.765466783728416
600829.SH,20130513,7.92,7.96,7.86,7.88,7.94,-0.06,-0.76,16342.08,12898.23,8.584,6.826104770266316,6.860755048287972,6.895405326309628,6.808779631255487
600829.SH,20130514,7.87,7.9,7.63,7.71,7.88,-0.17,-2.16,20273.76,15668.735,8.584,6.678841088674275,6.817442200760901,6.843429909277143,6.609540532630962
600829.SH,20130515,7.71,8.13,7.71,7.99,7.71,0.28,3.63,56010.82,44751.661,8.584,6.92139303482587,6.678841088674275,7.042669007901668,6.678841088674275
600829.SH,20130516,7.98,8.08,7.94,8.03,7.99,0.04,0.5,43094.09,34571.021,8.584,6.956043312847527,6.912730465320457,6.999356160374597,6.8780801872988
600829.SH,20130517,7.98,8.05,7.94,8.05,8.03,0.02,0.25,36401.25,29132.044,8.584,6.973368451858356,6.912730465320457,6.973368451858356,6.8780801872988
600829.SH,20130520,8.04,8.09,7.95,8.0,8.05,-0.05,-0.62,43493.05,34844.727,8.584,6.930055604331285,6.96470588235294,7.008018729880011,6.886742756804215
600829.SH,20130521,8.0,8.11,7.91,8.09,8.0,0.09,1.13,45492.52,36453.444,8.584,7.008018729880011,6.930055604331285,7.025343868890839,6.852092478782557
600829.SH,20130522,8.11,8.13,8.03,8.06,8.09,-0.03,-0.37,35290.57,28511.958,8.584,6.982031021363769,7.025343868890839,7.042669007901668,6.956043312847527
600829.SH,20130523,8.03,8.08,7.88,7.92,8.06,-0.14,-1.74,32995.18,26323.672,8.584,6.860755048287972,6.956043312847527,6.999356160374597,6.826104770266316
600829.SH,20130524,7.94,8.02,7.89,7.98,7.92,0.06,0.76,24812.02,19727.796,8.584,6.912730465320457,6.8780801872988,6.947380743342112,6.834767339771728
600829.SH,20130527,7.98,8.09,7.94,8.07,7.98,0.09,1.13,36022.24,28969.859,8.584,6.990693590869183,6.912730465320457,7.008018729880011,6.8780801872988
600829.SH,20130528,8.07,8.21,8.05,8.18,8.07,0.11,1.36,43024.66,35040.564,8.584,7.085981855428738,6.990693590869183,7.111969563944982,6.973368451858356
600829.SH,20130529,8.16,8.23,8.11,8.15,8.18,-0.03,-0.37,36031.54,29408.13,8.584,7.059994146912496,7.068656716417911,7.12929470295581,7.025343868890839
600829.SH,20130530,8.15,8.28,8.1,8.25,8.15,0.1,1.23,39421.78,32326.951,8.584,7.146619841966637,7.059994146912496,7.172607550482879,7.016681299385426
600829.SH,20130531,8.26,8.46,8.23,8.29,8.25,0.04,0.48,54741.36,45733.841,8.584,7.181270119988293,7.15528241147205,7.328533801580335,7.12929470295581
600829.SH,20130603,8.29,8.44,8.27,8.32,8.29,0.03,0.36,34831.88,29093.613,8.584,7.207257828504536,7.181270119988293,7.311208662569506,7.1639449809774645
600829.SH,20130604,8.32,8.35,7.93,8.02,8.32,-0.3,-3.61,46245.33,37327.663,8.584,6.947380743342112,7.207257828504536,7.233245537020777,6.869417617793386
600829.SH,20130605,8.0,8.1,7.9,8.08,8.02,0.06,0.75,20354.83,16296.614,8.584,6.999356160374597,6.930055604331285,7.016681299385426,6.843429909277143
600829.SH,20130606,8.05,8.06,7.9,7.91,8.08,-0.17,-2.1,18010.7,14381.698,8.584,6.852092478782557,6.973368451858356,6.982031021363769,6.843429909277143
600829.SH,20130607,7.91,8.0,7.73,7.8,7.91,-0.11,-1.39,23743.46,18600.248,8.584,6.756804214223002,6.852092478782557,6.930055604331285,6.696166227685104
600829.SH,20130613,7.71,7.71,7.46,7.52,7.8,-0.28,-3.59,19685.7,14858.537,8.584,6.514252268071407,6.678841088674275,6.678841088674275,6.462276851038922
600829.SH,20130614,7.51,7.63,7.49,7.61,7.52,0.09,1.2,12058.67,9123.003,8.584,6.592215393620135,6.505589698565994,6.609540532630962,6.488264559555166
600829.SH,20130617,7.62,7.71,7.56,7.66,7.61,0.05,0.66,14209.08,10856.545,8.584,6.635528241147205,6.600877963125548,6.678841088674275,6.548902546093063
600829.SH,20130618,7.66,7.7,7.59,7.65,7.66,-0.01,-0.13,10370.85,7932.799,8.584,6.626865671641792,6.635528241147205,6.670178519168862,6.574890254609306
600829.SH,20130619,7.65,7.67,7.49,7.63,7.65,-0.02,-0.26,13902.57,10486.844,8.584,6.609540532630962,6.626865671641792,6.64419081065262,6.488264559555166
600829.SH,20130620,7.6,7.71,7.44,7.49,7.63,-0.14,-1.83,16613.11,12613.55,8.584,6.488264559555166,6.5835528241147205,6.678841088674275,6.444951712028095
600829.SH,20130621,7.4,7.44,7.25,7.33,7.49,-0.16,-2.14,15460.71,11338.01,8.584,6.349663447468539,6.410301434006438,6.444951712028095,6.280362891425226
600829.SH,20130624,7.31,7.33,6.8,6.87,7.33,-0.46,-6.28,22208.1,15743.062,8.584,5.95118525021949,6.332338308457711,6.349663447468539,5.890547263681592
600829.SH,20130625,6.8,6.85,6.25,6.76,6.87,-0.11,-1.6,20861.99,13673.891,8.584,5.855896985659935,5.890547263681592,5.933860111208662,5.414105940883816
600829.SH,20130626,6.82,6.86,6.61,6.76,6.76,0.0,0.0,16485.86,11057.503,8.584,5.855896985659935,5.90787240269242,5.9425226807140765,5.725958443078724
600829.SH,20130627,6.75,6.83,6.55,6.61,6.76,-0.15,-2.22,14528.58,9781.779,8.584,5.725958443078724,5.847234416154522,5.916534972197835,5.673983026046239
600829.SH,20130628,6.55,6.71,6.49,6.6,6.61,-0.01,-0.15,15420.82,10146.448,8.584,5.71729587357331,5.673983026046239,5.8125841381328645,5.622007609013755
600829.SH,20130701,6.56,6.74,6.51,6.72,6.6,0.12,1.82,14523.66,9638.766,8.584,5.821246707638278,5.682645595551652,5.838571846649108,5.639332748024582
600829.SH,20130702,6.68,6.82,6.65,6.81,6.72,0.09,1.34,18745.55,12649.812,8.584,5.8992098331870055,5.786596429616623,5.90787240269242,5.760608721100381
600829.SH,20130703,6.8,6.8,6.63,6.73,6.81,-0.08,-1.17,12760.08,8561.303,8.584,5.829909277143693,5.890547263681592,5.890547263681592,5.743283582089552
600829.SH,20130704,6.69,6.8,6.6,6.76,6.73,0.03,0.45,17262.73,11592.543,8.584,5.855896985659935,5.795258999122037,5.890547263681592,5.71729587357331
600829.SH,20130705,6.78,6.81,6.7,6.71,6.76,-0.05,-0.74,14315.09,9667.83,8.584,5.8125841381328645,5.873222124670764,5.8992098331870055,5.803921568627451
600829.SH,20130708,6.71,6.71,6.36,6.39,6.71,-0.32,-4.77,13721.83,8899.665,8.584,5.535381913959613,5.8125841381328645,5.8125841381328645,5.509394205443371
600829.SH,20130709,6.4,6.45,6.31,6.37,6.39,-0.02,-0.31,8522.48,5426.888,8.584,5.518056774948785,5.544044483465028,5.5873573309920985,5.466081357916301
600829.SH,20130710,6.38,6.56,6.38,6.53,6.37,0.16,2.51,15757.5,10194.99,8.584,5.656657887035411,5.526719344454199,5.682645595551652,5.526719344454199
600829.SH,20130711,6.53,6.82,6.51,6.82,6.53,0.29,4.44,30619.58,20604.981,8.584,5.90787240269242,5.656657887035411,5.90787240269242,5.639332748024582
600829.SH,20130712,6.84,7.1,6.72,7.03,6.82,0.21,3.08,34090.66,23384.441,8.584,6.089786362306117,5.925197541703248,6.150424348844015,5.821246707638278
600829.SH,20130715,6.95,7.08,6.89,7.04,7.03,0.01,0.14,29230.29,20438.398,8.584,6.0984489318115305,6.020485806262804,6.133099209833187,5.968510389230318
600829.SH,20130716,7.04,7.04,6.9,7.01,7.04,-0.03,-0.43,18521.47,12937.564,8.584,6.072461223295288,6.0984489318115305,6.0984489318115305,5.977172958735733
600829.SH,20130717,7.02,7.04,6.83,6.86,7.01,-0.15,-2.14,21892.01,15128.121,8.584,5.9425226807140765,6.081123792800702,6.0984489318115305,5.916534972197835
600829.SH,20130718,6.81,6.86,6.74,6.76,6.86,-0.1,-1.46,14576.13,9886.555,8.584,5.855896985659935,5.8992098331870055,5.9425226807140765,5.838571846649108
600829.SH,20130719,6.76,6.83,6.56,6.57,6.76,-0.19,-2.81,13988.07,9372.302,8.584,5.691308165057068,5.855896985659935,5.916534972197835,5.682645595551652
600829.SH,20130722,6.54,6.73,6.47,6.73,6.57,0.16,2.44,9974.04,6608.258,8.584,5.829909277143693,5.665320456540825,5.829909277143693,5.604682470002926
600829.SH,20130723,6.74,6.94,6.65,6.91,6.73,0.18,2.67,21915.16,14951.83,8.584,5.985835528241147,5.838571846649108,6.011823236757389,5.760608721100381
600829.SH,20130724,6.88,6.99,6.79,6.97,6.91,0.06,0.87,23420.13,16157.918,8.584,6.037810945273631,5.959847819724905,6.05513608428446,5.881884694176177
600829.SH,20130725,6.61,6.71,6.45,6.52,6.97,-0.45,-6.46,72014.79,47340.363,8.584,5.647995317529997,5.725958443078724,5.8125841381328645,5.5873573309920985
600829.SH,20130726,6.46,6.47,6.3,6.36,6.52,-0.16,-2.45,43019.33,27426.588,8.584,5.509394205443371,5.596019900497512,5.604682470002926,5.457418788410887
600829.SH,20130729,6.3,6.3,6.15,6.19,6.36,-0.17,-2.67,29204.94,18180.52,8.584,5.362130523851332,5.457418788410887,5.457418788410887,5.327480245829675
600829.SH,20130730,6.18,6.22,6.05,6.12,6.19,-0.07,-1.13,28951.5,17704.269,8.584,5.3014925373134325,5.353467954345917,5.388118232367574,5.240854550775534
600829.SH,20130731,6.12,6.22,6.12,6.2,6.12,0.08,1.31,17570.16,10851.781,8.584,5.370793093356745,5.3014925373134325,5.388118232367574,5.3014925373134325
600829.SH,20130801,6.23,6.32,6.12,6.31,6.2,0.11,1.77,24634.2,15344.336,8.584,5.466081357916301,5.396780801872988,5.474743927421716,5.3014925373134325
600829.SH,20130802,6.33,6.33,6.25,6.3,6.31,-0.01,-0.16,17933.8,11273.678,8.584,5.457418788410887,5.483406496927129,5.483406496927129,5.414105940883816
600829.SH,20130805,6.31,6.51,6.28,6.49,6.3,0.19,3.02,34217.5,21979.424,8.584,5.622007609013755,5.466081357916301,5.639332748024582,5.440093649400058
600829.SH,20130806,6.5,6.6,6.4,6.59,6.49,0.1,1.54,31592.34,20655.224,8.584,5.708633304067896,5.630670178519169,5.71729587357331,5.544044483465028
600829.SH,20130807,6.56,6.63,6.49,6.51,6.59,-0.08,-1.21,23630.67,15527.1,8.584,5.639332748024582,5.682645595551652,5.743283582089552,5.622007609013755
600829.SH,20130808,6.51,6.68,6.5,6.65,6.51,0.14,2.15,30357.62,20072.075,8.584,5.760608721100381,5.639332748024582,5.786596429616623,5.630670178519169
600829.SH,20130809,6.65,6.72,6.55,6.64,6.65,-0.01,-0.15,21547.03,14253.882,8.584,5.751946151594965,5.760608721100381,5.821246707638278,5.673983026046239
600829.SH,20130812,6.62,6.78,6.53,6.78,6.64,0.14,2.11,25252.58,16862.666,8.584,5.873222124670764,5.734621012584138,5.873222124670764,5.656657887035411
600829.SH,20130813,6.75,6.8,6.69,6.77,6.78,-0.01,-0.15,18450.2,12460.482,8.584,5.864559555165349,5.847234416154522,5.890547263681592,5.795258999122037
600829.SH,20130814,6.75,7.45,6.74,7.45,6.77,0.68,10.04,195743.75,144303.986,8.584,6.453614281533509,5.847234416154522,6.453614281533509,5.838571846649108
600829.SH,20130815,7.47,7.7,7.16,7.18,7.45,-0.27,-3.62,155904.87,114850.558,8.584,6.219724904887328,6.470939420544337,6.670178519168862,6.2023997658765
600829.SH,20130816,7.05,7.16,6.8,6.86,7.18,-0.32,-4.46,95686.85,66632.601,8.584,5.9425226807140765,6.107111501316944,6.2023997658765,5.890547263681592
600829.SH,20130819,6.8,6.96,6.76,6.94,6.86,0.08,1.17,33961.3,23366.295,8.584,6.011823236757389,5.890547263681592,6.029148375768218,5.855896985659935
600829.SH,20130820,6.94,6.98,6.81,6.95,6.94,0.01,0.14,31803.02,21960.273,8.584,6.020485806262804,6.011823236757389,6.046473514779046,5.8992098331870055
600829.SH,20130821,6.92,6.98,6.82,6.97,6.95,0.02,0.29,23351.38,16134.774,8.584,6.037810945273631,5.994498097746561,6.046473514779046,5.90787240269242
600829.SH,20130822,6.97,6.97,6.79,6.82,6.97,-0.15,-2.15,29104.79,19984.93,8.584,5.90787240269242,6.037810945273631,6.037810945273631,5.881884694176177
600829.SH,20130823,6.82,6.85,6.62,6.76,6.82,-0.06,-0.88,30508.64,20544.63,8.584,5.855896985659935,5.90787240269242,5.933860111208662,5.734621012584138
600829.SH,20130826,6.74,6.88,6.7,6.87,6.76,0.11,1.63,26723.33,18225.344,8.584,5.95118525021949,5.838571846649108,5.959847819724905,5.803921568627451
600829.SH,20130827,6.87,6.94,6.77,6.93,6.87,0.06,0.87,25261.42,17379.651,8.584,6.003160667251975,5.95118525021949,6.011823236757389,5.864559555165349
600829.SH,20130828,6.91,6.92,6.81,6.86,6.93,-0.07,-1.01,20060.13,13755.503,8.584,5.9425226807140765,5.985835528241147,5.994498097746561,5.8992098331870055
600829.SH,20130829,6.87,6.94,6.8,6.87,6.86,0.01,0.15,17544.32,12026.761,8.584,5.95118525021949,5.95118525021949,6.011823236757389,5.890547263681592
600829.SH,20130830,6.87,6.87,6.71,6.76,6.87,-0.11,-1.6,26935.41,18284.95,8.584,5.855896985659935,5.95118525021949,5.95118525021949,5.8125841381328645
600829.SH,20130902,6.76,6.79,6.64,6.77,6.76,0.01,0.15,17859.73,11996.952,8.584,5.864559555165349,5.855896985659935,5.881884694176177,5.751946151594965
600829.SH,20130903,6.77,6.92,6.71,6.9,6.77,0.13,1.92,25718.47,17642.214,8.584,5.977172958735733,5.864559555165349,5.994498097746561,5.8125841381328645
600829.SH,20130904,6.91,6.95,6.81,6.83,6.9,-0.07,-1.01,22321.76,15309.848,8.584,5.916534972197835,5.985835528241147,6.020485806262804,5.8992098331870055
600829.SH,20130905,6.83,7.06,6.76,6.98,6.83,0.15,2.2,43545.7,30282.281,8.584,6.046473514779046,5.916534972197835,6.115774070822358,5.855896985659935
600829.SH,20130906,6.93,6.98,6.86,6.95,6.98,-0.03,-0.43,28015.98,19359.974,8.584,6.020485806262804,6.003160667251975,6.046473514779046,5.9425226807140765
600829.SH,20130909,6.93,7.03,6.91,7.01,6.95,0.06,0.86,33517.35,23413.115,8.584,6.072461223295288,6.003160667251975,6.089786362306117,5.985835528241147
600829.SH,20130910,6.99,7.07,6.94,7.07,7.01,0.06,0.86,31749.32,22269.172,8.584,6.124436640327772,6.05513608428446,6.124436640327772,6.011823236757389
600829.SH,20130911,7.07,7.15,6.98,7.13,7.07,0.06,0.85,45112.66,31952.33,8.584,6.176412057360257,6.124436640327772,6.193737196371085,6.046473514779046
600829.SH,20130912,7.13,7.19,7.06,7.11,7.13,-0.02,-0.28,31859.77,22664.115,8.584,6.15908691834943,6.176412057360257,6.228387474392743,6.115774070822358
600829.SH,20130913,7.08,7.11,6.98,6.99,7.11,-0.12,-1.69,27722.26,19525.844,8.584,6.05513608428446,6.133099209833187,6.15908691834943,6.046473514779046
600829.SH,20130916,6.96,7.15,6.96,7.06,6.99,0.07,1.0,18624.55,13117.431,8.584,6.115774070822358,6.029148375768218,6.193737196371085,6.029148375768218
600829.SH,20130917,7.06,7.09,6.89,6.91,7.06,-0.15,-2.12,21877.48,15310.703,8.584,5.985835528241147,6.115774070822358,6.1417617793386015,5.968510389230318
600829.SH,20130918,6.91,6.98,6.8,6.89,6.91,-0.02,-0.29,16149.82,11078.141,8.584,5.968510389230318,5.985835528241147,6.046473514779046,5.890547263681592
600829.SH,20130923,6.85,6.97,6.85,6.96,6.89,0.07,1.02,12712.05,8783.33,8.584,6.029148375768218,5.933860111208662,6.037810945273631,5.933860111208662
600829.SH,20130924,6.96,6.97,6.83,6.92,6.96,-0.04,-0.57,14123.95,9723.406,8.584,5.994498097746561,6.029148375768218,6.037810945273631,5.916534972197835
600829.SH,20130925,6.91,6.97,6.83,6.89,6.92,-0.03,-0.43,24360.52,16802.932,8.584,5.968510389230318,5.985835528241147,6.037810945273631,5.916534972197835
600829.SH,20130926,6.89,7.03,6.84,6.9,6.89,0.01,0.15,22521.71,15610.445,8.584,5.977172958735733,5.968510389230318,6.089786362306117,5.925197541703248
600829.SH,20130927,6.88,7.09,6.85,7.05,6.9,0.15,2.17,33472.93,23571.707,8.584,6.107111501316944,5.959847819724905,6.1417617793386015,5.933860111208662
600829.SH,20130930,7.06,7.2,7.0,7.18,7.05,0.13,1.84,37272.42,26551.519,8.584,6.219724904887328,6.115774070822358,6.237050043898156,6.063798653789873
600829.SH,20131008,7.16,7.33,7.13,7.3,7.18,0.12,1.67,47269.58,34300.906,8.584,6.323675738952297,6.2023997658765,6.349663447468539,6.176412057360257
600829.SH,20131009,7.28,7.31,7.2,7.29,7.3,-0.01,-0.14,28166.05,20413.437,8.584,6.315013169446883,6.306350599941469,6.332338308457711,6.237050043898156
600829.SH,20131010,7.29,7.29,7.1,7.16,7.29,-0.13,-1.78,28001.53,20077.007,8.584,6.2023997658765,6.315013169446883,6.315013169446883,6.150424348844015
600829.SH,20131011,7.16,7.3,7.13,7.27,7.16,0.11,1.54,31541.1,22772.263,8.584,6.297688030436055,6.2023997658765,6.323675738952297,6.176412057360257
600829.SH,20131014,7.3,7.32,7.18,7.25,7.27,-0.02,-0.28,33304.75,24061.286,8.584,6.280362891425226,6.323675738952297,6.3410008779631255,6.219724904887328
600829.SH,20131015,7.34,7.58,7.27,7.39,7.25,0.14,1.93,56098.08,41555.692,8.584,6.401638864501024,6.358326016973953,6.566227685103892,6.297688030436055
600829.SH,20131016,7.37,7.74,7.16,7.63,7.39,0.24,3.25,95925.77,72031.279,8.584,6.609540532630962,6.3843137254901965,6.704828797190519,6.2023997658765
600829.SH,20131017,7.63,8.34,7.53,7.9,7.63,0.27,3.54,121056.48,96212.96,8.584,6.843429909277143,6.609540532630962,7.224582967515364,6.522914837576821
600829.SH,20131018,7.57,7.57,7.26,7.49,7.9,-0.41,-5.19,104578.9,77191.17,8.584,6.488264559555166,6.557565115598478,6.557565115598478,6.28902546093064
600829.SH,20131021,7.42,7.55,7.31,7.52,7.49,0.03,0.4,67068.04,49987.148,8.584,6.514252268071407,6.427626573017266,6.540239976587649,6.332338308457711
600829.SH,20131022,7.46,7.62,7.4,7.47,7.52,-0.05,-0.66,51703.89,38829.859,8.584,6.470939420544337,6.462276851038922,6.600877963125548,6.410301434006438
600829.SH,20131023,7.5,7.54,7.19,7.21,7.47,-0.26,-3.48,37887.46,27696.564,8.584,6.24571261340357,6.496927129060579,6.531577407082236,6.228387474392743
600829.SH,20131024,7.18,7.48,7.13,7.3,7.21,0.09,1.25,41615.42,30551.451,8.584,6.323675738952297,6.219724904887328,6.479601990049751,6.176412057360257
600829.SH,20131025,7.3,7.3,7.05,7.07,7.3,-0.23,-3.15,33562.43,24044.107,8.584,6.124436640327772,6.323675738952297,6.323675738952297,6.107111501316944
600829.SH,20131028,7.06,7.29,7.06,7.15,7.07,0.08,1.13,22748.86,16318.956,8.584,6.193737196371085,6.115774070822358,6.315013169446883,6.115774070822358
600829.SH,20131029,7.1,7.21,6.61,6.85,7.15,-0.3,-4.2,31574.74,21827.559,8.584,5.933860111208662,6.150424348844015,6.24571261340357,5.725958443078724
600829.SH,20131030,6.81,6.93,6.69,6.88,6.85,0.03,0.44,23321.84,15903.649,8.584,5.959847819724905,5.8992098331870055,6.003160667251975,5.795258999122037
600829.SH,20131031,6.85,6.85,6.7,6.82,6.88,-0.06,-0.87,17945.07,12160.134,8.584,5.90787240269242,5.933860111208662,5.933860111208662,5.803921568627451
600829.SH,20131101,6.86,6.86,6.71,6.77,6.82,-0.05,-0.73,16603.22,11235.89,8.584,5.864559555165349,5.9425226807140765,5.9425226807140765,5.8125841381328645
600829.SH,20131104,6.77,6.83,6.74,6.8,6.77,0.03,0.44,11296.98,7671.122,8.584,5.890547263681592,5.864559555165349,5.916534972197835,5.838571846649108
600829.SH,20131105,6.85,6.85,6.7,6.8,6.8,0.0,0.0,17042.47,11538.358,8.584,5.890547263681592,5.933860111208662,5.933860111208662,5.803921568627451
600829.SH,20131106,6.8,6.85,6.75,6.77,6.8,-0.03,-0.44,15097.42,10255.711,8.584,5.864559555165349,5.890547263681592,5.933860111208662,5.847234416154522
600829.SH,20131107,6.79,6.79,6.58,6.58,6.77,-0.19,-2.81,24906.31,16577.5,8.584,5.6999707345624815,5.881884694176177,5.881884694176177,5.6999707345624815
600829.SH,20131108,6.58,6.58,6.4,6.42,6.58,-0.16,-2.43,20887.64,13486.834,8.584,5.561369622475856,5.6999707345624815,5.6999707345624815,5.544044483465028
600829.SH,20131111,6.35,6.57,6.35,6.54,6.42,0.12,1.87,12630.38,8167.264,8.584,5.665320456540825,5.5007316359379566,5.691308165057068,5.5007316359379566
600829.SH,20131112,6.53,6.74,6.53,6.68,6.54,0.14,2.14,14230.11,9431.304,8.584,5.786596429616623,5.656657887035411,5.838571846649108,5.656657887035411
600829.SH,20131113,6.66,6.66,6.49,6.5,6.68,-0.18,-2.69,10291.94,6760.739,8.584,5.630670178519169,5.769271290605794,5.769271290605794,5.622007609013755
600829.SH,20131114,6.48,6.63,6.44,6.61,6.5,0.11,1.6923,9883.26,6467.047,8.584,5.725958443078724,5.613345039508341,5.743283582089552,5.578694761486684
600829.SH,20131115,6.57,6.75,6.57,6.68,6.61,0.07,1.06,17010.09,11373.527,8.584,5.786596429616623,5.691308165057068,5.847234416154522,5.691308165057068
600829.SH,20131118,6.78,6.95,6.75,6.85,6.68,0.17,2.54,27561.38,18842.708,8.584,5.933860111208662,5.873222124670764,6.020485806262804,5.847234416154522
600829.SH,20131119,6.81,6.95,6.81,6.92,6.85,0.07,1.02,20204.16,13898.11,8.584,5.994498097746561,5.8992098331870055,6.020485806262804,5.8992098331870055
600829.SH,20131120,6.9,6.94,6.85,6.92,6.92,0.0,0.0,19214.07,13256.053,8.584,5.994498097746561,5.977172958735733,6.011823236757389,5.933860111208662
600829.SH,20131121,6.92,6.96,6.81,6.9,6.92,-0.02,-0.29,12989.38,8931.877,8.584,5.977172958735733,5.994498097746561,6.029148375768218,5.8992098331870055
600829.SH,20131122,6.9,6.96,6.83,6.85,6.9,-0.05,-0.72,11735.2,8045.43,8.584,5.933860111208662,5.977172958735733,6.029148375768218,5.916534972197835
600829.SH,20131125,6.85,6.89,6.82,6.85,6.85,0.0,0.0,11969.19,8205.989,8.584,5.933860111208662,5.933860111208662,5.968510389230318,5.90787240269242
600829.SH,20131126,6.85,6.95,6.82,6.92,6.85,0.07,1.02,13337.59,9193.991,8.584,5.994498097746561,5.933860111208662,6.020485806262804,5.90787240269242
600829.SH,20131127,6.92,6.94,6.85,6.93,6.92,0.01,0.14,14295.25,9862.57,8.584,6.003160667251975,5.994498097746561,6.011823236757389,5.933860111208662
600829.SH,20131128,6.94,7.02,6.9,6.97,6.93,0.04,0.58,24918.01,17334.753,8.584,6.037810945273631,6.011823236757389,6.081123792800702,5.977172958735733
600829.SH,20131129,6.96,6.97,6.89,6.93,6.97,-0.04,-0.57,16462.37,11395.94,8.584,6.003160667251975,6.029148375768218,6.037810945273631,5.968510389230318
600829.SH,20131202,6.63,6.82,6.51,6.58,6.93,-0.35,-5.05,36639.82,24425.285,8.584,5.6999707345624815,5.743283582089552,5.90787240269242,5.639332748024582
600829.SH,20131203,6.57,6.74,6.57,6.72,6.58,0.14,2.13,11761.57,7850.204,8.584,5.821246707638278,5.691308165057068,5.838571846649108,5.691308165057068
600829.SH,20131204,6.7,6.83,6.68,6.79,6.72,0.07,1.04,21284.07,14445.173,8.584,5.881884694176177,5.803921568627451,5.916534972197835,5.786596429616623
600829.SH,20131205,6.79,6.86,6.75,6.81,6.79,0.02,0.29,14474.39,9853.692,8.584,5.8992098331870055,5.881884694176177,5.9425226807140765,5.847234416154522
600829.SH,20131206,6.77,6.84,6.75,6.76,6.81,-0.05,-0.73,12546.42,8505.369,8.584,5.855896985659935,5.864559555165349,5.925197541703248,5.847234416154522
600829.SH,20131209,6.79,6.83,6.75,6.82,6.76,0.06,0.89,13672.8,9284.691,8.584,5.90787240269242,5.881884694176177,5.916534972197835,5.847234416154522
600829.SH,20131210,6.83,6.93,6.79,6.86,6.82,0.04,0.59,17130.83,11753.636,8.584,5.9425226807140765,5.916534972197835,6.003160667251975,5.881884694176177
600829.SH,20131211,6.87,6.88,6.71,6.72,6.86,-0.14,-2.04,14015.91,9498.982,8.584,5.821246707638278,5.95118525021949,5.959847819724905,5.8125841381328645
600829.SH,20131212,6.74,6.78,6.69,6.74,6.72,0.02,0.3,10711.5,7209.455,8.584,5.838571846649108,5.838571846649108,5.873222124670764,5.795258999122037
600829.SH,20131213,6.74,6.83,6.7,6.81,6.74,0.07,1.04,10178.49,6904.746,8.584,5.8992098331870055,5.838571846649108,5.916534972197835,5.803921568627451
600829.SH,20131216,6.76,6.81,6.63,6.65,6.81,-0.16,-2.35,14214.37,9543.647,8.584,5.760608721100381,5.855896985659935,5.8992098331870055,5.743283582089552
600829.SH,20131217,6.68,6.72,6.62,6.68,6.65,0.03,0.45,9429.67,6290.746,8.584,5.786596429616623,5.786596429616623,5.821246707638278,5.734621012584138
600829.SH,20131218,6.66,6.76,6.66,6.67,6.68,-0.01,-0.15,9926.11,6651.189,8.584,5.777933860111209,5.769271290605794,5.855896985659935,5.769271290605794
600829.SH,20131219,6.68,6.72,6.54,6.62,6.67,-0.05,-0.75,10615.76,7031.732,8.584,5.734621012584138,5.786596429616623,5.821246707638278,5.665320456540825
600829.SH,20131220,6.68,6.68,6.5,6.53,6.62,-0.09,-1.36,8653.24,5674.64,8.584,5.656657887035411,5.786596429616623,5.786596429616623,5.630670178519169
600829.SH,20131223,6.53,6.65,6.42,6.64,6.53,0.11,1.68,11765.19,7733.275,8.584,5.751946151594965,5.656657887035411,5.760608721100381,5.561369622475856
600829.SH,20131224,6.64,6.64,6.54,6.59,6.64,-0.05,-0.75,11858.27,7811.486,8.584,5.708633304067896,5.751946151594965,5.751946151594965,5.665320456540825
600829.SH,20131225,6.57,6.62,6.54,6.6,6.59,0.01,0.15,5755.44,3789.087,8.584,5.71729587357331,5.691308165057068,5.734621012584138,5.665320456540825
600829.SH,20131226,6.56,6.6,6.5,6.5,6.6,-0.1,-1.52,8088.0,5283.891,8.584,5.630670178519169,5.682645595551652,5.71729587357331,5.630670178519169
600829.SH,20131227,6.48,6.68,6.45,6.65,6.5,0.15,2.31,11634.78,7607.579,8.584,5.760608721100381,5.613345039508341,5.786596429616623,5.5873573309920985
600829.SH,20131230,6.6,6.68,6.59,6.6,6.65,-0.05,-0.75,8999.36,5952.542,8.584,5.71729587357331,5.71729587357331,5.786596429616623,5.708633304067896
600829.SH,20131231,6.62,6.65,6.53,6.63,6.6,0.03,0.45,6696.42,4427.703,8.584,5.743283582089552,5.734621012584138,5.760608721100381,5.656657887035411
600829.SH,20140102,6.63,6.72,6.58,6.71,6.63,0.08,1.21,11343.71,7542.82,8.584,5.8125841381328645,5.743283582089552,5.821246707638278,5.6999707345624815
600829.SH,20140103,6.67,6.74,6.6,6.63,6.71,-0.08,-1.19,7575.59,5025.481,8.584,5.743283582089552,5.777933860111209,5.838571846649108,5.71729587357331
600829.SH,20140106,6.61,6.61,6.38,6.43,6.63,-0.2,-3.02,8308.57,5371.679,8.584,5.570032191981269,5.725958443078724,5.725958443078724,5.526719344454199
600829.SH,20140107,6.4,6.49,6.37,6.46,6.43,0.03,0.47,4243.22,2728.651,8.584,5.596019900497512,5.544044483465028,5.622007609013755,5.518056774948785
600829.SH,20140108,6.52,6.52,6.38,6.46,6.46,0.0,0.0,6692.16,4304.897,8.584,5.596019900497512,5.647995317529997,5.647995317529997,5.526719344454199
600829.SH,20140109,6.48,6.48,6.29,6.3,6.46,-0.16,-2.48,6936.48,4434.915,8.584,5.457418788410887,5.613345039508341,5.613345039508341,5.448756218905472
600829.SH,20140110,6.3,6.35,6.2,6.21,6.3,-0.09,-1.43,6914.98,4312.12,8.584,5.379455662862159,5.457418788410887,5.5007316359379566,5.370793093356745
600829.SH,20140113,6.27,6.32,6.2,6.24,6.21,0.03,0.48,5234.11,3279.075,8.584,5.405443371378402,5.431431079894644,5.474743927421716,5.370793093356745
600829.SH,20140114,6.26,6.42,6.21,6.4,6.24,0.16,2.56,8281.0,5243.435,8.584,5.544044483465028,5.42276851038923,5.561369622475856,5.379455662862159
600829.SH,20140115,6.35,6.46,6.25,6.41,6.4,0.01,0.16,6169.9,3939.472,8.584,5.552707052970442,5.5007316359379566,5.596019900497512,5.414105940883816
600829.SH,20140116,6.45,6.63,6.41,6.49,6.41,0.08,1.25,8545.19,5586.477,8.584,5.622007609013755,5.5873573309920985,5.743283582089552,5.552707052970442
600829.SH,20140117,6.54,6.54,6.42,6.44,6.49,-0.05,-0.77,6013.81,3907.42,8.584,5.578694761486684,5.665320456540825,5.665320456540825,5.561369622475856
600829.SH,20140120,6.39,6.6,6.3,6.48,6.44,0.04,0.62,6574.03,4238.722,8.584,5.613345039508341,5.535381913959613,5.71729587357331,5.457418788410887
600829.SH,20140121,6.48,6.53,6.42,6.46,6.48,-0.02,-0.31,4688.45,3029.185,8.584,5.596019900497512,5.613345039508341,5.656657887035411,5.561369622475856
600829.SH,20140122,6.5,6.6,6.42,6.59,6.46,0.13,2.01,11477.25,7498.974,8.584,5.708633304067896,5.630670178519169,5.71729587357331,5.561369622475856
600829.SH,20140123,6.58,6.61,6.53,6.6,6.59,0.01,0.15,9342.39,6130.264,8.584,5.71729587357331,5.6999707345624815,5.725958443078724,5.656657887035411
600829.SH,20140124,6.55,6.66,6.55,6.58,6.6,-0.02,-0.3,8482.59,5609.091,8.584,5.6999707345624815,5.673983026046239,5.769271290605794,5.673983026046239
600829.SH,20140127,6.55,6.58,6.48,6.48,6.58,-0.1,-1.52,6925.39,4523.253,8.584,5.613345039508341,5.673983026046239,5.6999707345624815,5.613345039508341
600829.SH,20140128,6.56,6.6,6.4,6.48,6.48,0.0,0.0,10471.94,6824.502,8.584,5.613345039508341,5.682645595551652,5.71729587357331,5.544044483465028
600829.SH,20140129,6.45,6.54,6.43,6.47,6.48,-0.01,-0.15,7622.86,4946.653,8.584,5.604682470002926,5.5873573309920985,5.665320456540825,5.570032191981269
600829.SH,20140130,6.45,6.49,6.31,6.39,6.47,-0.08,-1.24,14816.66,9442.074,8.584,5.535381913959613,5.5873573309920985,5.622007609013755,5.466081357916301
600829.SH,20140207,6.35,6.44,6.31,6.41,6.39,0.02,0.31,7585.58,4849.221,8.584,5.552707052970442,5.5007316359379566,5.578694761486684,5.466081357916301
600829.SH,20140210,6.4,6.73,6.4,6.72,6.41,0.31,4.84,25916.47,17223.555,8.584,5.821246707638278,5.544044483465028,5.829909277143693,5.544044483465028
600829.SH,20140211,6.71,6.83,6.7,6.72,6.72,0.0,0.0,18166.0,12259.899,8.584,5.821246707638278,5.8125841381328645,5.916534972197835,5.803921568627451
600829.SH,20140212,6.72,6.87,6.72,6.8,6.72,0.08,1.19,17937.96,12188.904,8.584,5.890547263681592,5.821246707638278,5.95118525021949,5.821246707638278
600829.SH,20140213,6.79,6.84,6.72,6.77,6.8,-0.03,-0.44,16506.48,11219.665,8.584,5.864559555165349,5.881884694176177,5.925197541703248,5.821246707638278
600829.SH,20140214,6.8,6.95,6.77,6.9,6.77,0.13,1.92,20481.79,14070.526,8.584,5.977172958735733,5.890547263681592,6.020485806262804,5.864559555165349
600829.SH,20140217,6.9,6.97,6.83,6.95,6.9,0.05,0.72,22724.18,15685.738,8.584,6.020485806262804,5.977172958735733,6.037810945273631,5.916534972197835
600829.SH,20140218,6.92,6.98,6.84,6.91,6.95,-0.04,-0.58,20404.27,14111.81,8.584,5.985835528241147,5.994498097746561,6.046473514779046,5.925197541703248
600829.SH,20140219,6.97,7.03,6.88,6.93,6.91,0.02,0.29,24438.22,16974.015,8.584,6.003160667251975,6.037810945273631,6.089786362306117,5.959847819724905
600829.SH,20140220,6.92,6.96,6.75,6.79,6.93,-0.14,-2.02,23367.23,15988.911,8.584,5.881884694176177,5.994498097746561,6.029148375768218,5.847234416154522
600829.SH,20140221,6.79,6.83,6.68,6.78,6.79,-0.01,-0.15,14326.14,9678.078,8.584,5.873222124670764,5.881884694176177,5.916534972197835,5.786596429616623
600829.SH,20140224,6.71,6.94,6.68,6.93,6.78,0.15,2.21,29340.7,20020.171,8.584,6.003160667251975,5.8125841381328645,6.011823236757389,5.786596429616623
600829.SH,20140225,6.96,7.27,6.86,6.87,6.93,-0.06,-0.87,65061.47,46046.368,8.584,5.95118525021949,6.029148375768218,6.297688030436055,5.9425226807140765
600829.SH,20140226,6.81,7.24,6.72,7.23,6.87,0.36,5.24,62059.33,43494.874,8.584,6.263037752414399,5.8992098331870055,6.271700321919813,5.821246707638278
600829.SH,20140227,7.15,7.36,7.12,7.2,7.23,-0.03,-0.41,54572.14,39482.561,8.584,6.237050043898156,6.193737196371085,6.375651155984782,6.167749487854843
600829.SH,20140228,7.2,7.25,6.96,7.17,7.2,-0.03,-0.42,36122.46,25636.441,8.584,6.211062335381913,6.237050043898156,6.280362891425226,6.029148375768218
600829.SH,20140303,7.15,7.29,7.0,7.26,7.17,0.09,1.26,31214.68,22514.709,8.584,6.28902546093064,6.193737196371085,6.315013169446883,6.063798653789873
600829.SH,20140304,7.25,7.5,7.14,7.48,7.26,0.22,3.03,61083.99,45201.448,8.584,6.479601990049751,6.280362891425226,6.496927129060579,6.185074626865671
600829.SH,20140305,7.44,7.48,7.3,7.35,7.48,-0.13,-1.74,25848.19,19102.819,8.584,6.366988586479367,6.444951712028095,6.479601990049751,6.323675738952297
600829.SH,20140306,7.35,7.35,7.16,7.3,7.35,-0.05,-0.68,30807.22,22360.073,8.584,6.323675738952297,6.366988586479367,6.366988586479367,6.2023997658765
600829.SH,20140307,7.26,7.35,7.14,7.22,7.3,-0.08,-1.1,24994.99,18141.162,8.584,6.254375182908984,6.28902546093064,6.366988586479367,6.185074626865671
600829.SH,20140310,7.12,7.2,6.85,6.88,7.22,-0.34,-4.71,26787.92,18764.483,8.584,5.959847819724905,6.167749487854843,6.237050043898156,5.933860111208662
600829.SH,20140311,6.84,6.89,6.74,6.86,6.88,-0.02,-0.29,18664.62,12711.091,8.584,5.9425226807140765,5.925197541703248,5.968510389230318,5.838571846649108
600829.SH,20140312,6.8,6.89,6.72,6.77,6.86,-0.09,-1.31,13703.88,9313.393,8.584,5.864559555165349,5.890547263681592,5.968510389230318,5.821246707638278
600829.SH,20140313,6.78,7.03,6.75,6.95,6.77,0.18,2.66,20596.68,14218.109,8.584,6.020485806262804,5.873222124670764,6.089786362306117,5.847234416154522
600829.SH,20140314,6.91,6.97,6.8,6.94,6.95,-0.01,-0.14,13263.94,9123.73,8.584,6.011823236757389,5.985835528241147,6.037810945273631,5.890547263681592
600829.SH,20140317,6.92,7.14,6.87,7.11,6.94,0.17,2.45,16757.43,11778.97,8.584,6.15908691834943,5.994498097746561,6.185074626865671,5.95118525021949
600829.SH,20140318,7.11,7.25,7.03,7.06,7.11,-0.05,-0.7,18997.64,13572.385,8.584,6.115774070822358,6.15908691834943,6.280362891425226,6.089786362306117
600829.SH,20140319,7.07,7.25,7.01,7.2,7.06,0.14,1.98,18912.24,13519.814,8.584,6.237050043898156,6.124436640327772,6.280362891425226,6.072461223295288
600829.SH,20140320,7.2,7.24,6.98,7.0,7.2,-0.2,-2.78,15490.85,11021.403,8.584,6.063798653789873,6.237050043898156,6.271700321919813,6.046473514779046
600829.SH,20140321,6.98,7.14,6.89,7.09,7.0,0.09,1.29,14666.54,10285.998,8.584,6.1417617793386015,6.046473514779046,6.185074626865671,5.968510389230318
600829.SH,20140324,7.09,7.21,7.03,7.19,7.09,0.1,1.41,17273.29,12365.73,8.584,6.228387474392743,6.1417617793386015,6.24571261340357,6.089786362306117
600829.SH,20140325,7.15,7.23,7.09,7.13,7.19,-0.06,-0.83,12393.79,8858.125,8.584,6.176412057360257,6.193737196371085,6.263037752414399,6.1417617793386015
600829.SH,20140326,7.13,7.45,7.13,7.17,7.13,0.04,0.56,37878.05,27613.393,8.584,6.211062335381913,6.176412057360257,6.453614281533509,6.176412057360257
600829.SH,20140327,7.28,7.43,7.18,7.31,7.17,0.14,1.95,41920.52,30708.907,8.584,6.332338308457711,6.306350599941469,6.43628914252268,6.219724904887328
600829.SH,20140328,7.27,7.37,7.1,7.13,7.31,-0.18,-2.46,26423.87,19073.448,8.584,6.176412057360257,6.297688030436055,6.3843137254901965,6.150424348844015
600829.SH,20140331,7.09,7.16,6.96,6.98,7.13,-0.15,-2.1,15168.28,10656.826,8.584,6.046473514779046,6.1417617793386015,6.2023997658765,6.029148375768218
600829.SH,20140401,6.96,7.07,6.95,7.05,6.98,0.07,1.0,13692.35,9577.78,8.584,6.107111501316944,6.029148375768218,6.124436640327772,6.020485806262804
600829.SH,20140402,7.05,7.1,7.0,7.05,7.05,0.0,0.0,12024.84,8481.053,8.584,6.107111501316944,6.107111501316944,6.150424348844015,6.063798653789873
600829.SH,20140403,7.03,7.11,6.95,7.0,7.05,-0.05,-0.71,16117.64,11299.31,8.584,6.063798653789873,6.089786362306117,6.15908691834943,6.020485806262804
600829.SH,20140404,6.96,7.04,6.91,7.01,7.0,0.01,0.14,13709.89,9567.531,8.584,6.072461223295288,6.029148375768218,6.0984489318115305,5.985835528241147
600829.SH,20140408,6.98,7.12,6.95,7.11,7.01,0.1,1.43,17628.25,12397.63,8.584,6.15908691834943,6.046473514779046,6.167749487854843,6.020485806262804
600829.SH,20140409,7.12,7.39,7.1,7.34,7.11,0.23,3.23,27244.08,19669.135,8.584,6.358326016973953,6.167749487854843,6.401638864501024,6.150424348844015
600829.SH,20140410,7.3,7.34,7.22,7.24,7.34,-0.1,-1.36,26518.54,19257.03,8.584,6.271700321919813,6.323675738952297,6.358326016973953,6.254375182908984
600829.SH,20140411,7.23,7.3,7.19,7.25,7.24,0.01,0.14,17331.27,12586.95,8.584,6.280362891425226,6.263037752414399,6.323675738952297,6.228387474392743
600829.SH,20140414,7.23,7.42,7.15,7.37,7.25,0.12,1.66,23091.35,16831.847,8.584,6.3843137254901965,6.263037752414399,6.427626573017266,6.193737196371085
600829.SH,20140415,7.33,7.39,7.21,7.24,7.37,-0.13,-1.76,15950.26,11638.27,8.584,6.271700321919813,6.349663447468539,6.401638864501024,6.24571261340357
600829.SH,20140416,7.22,7.27,7.18,7.26,7.24,0.02,0.28,8391.46,6069.692,8.584,6.28902546093064,6.254375182908984,6.297688030436055,6.219724904887328
600829.SH,20140417,7.26,7.49,7.23,7.32,7.26,0.06,0.83,29916.67,22098.303,8.584,6.3410008779631255,6.28902546093064,6.488264559555166,6.263037752414399
600829.SH,20140418,7.3,7.62,7.21,7.58,7.32,0.26,3.55,65082.98,48775.813,8.584,6.566227685103892,6.323675738952297,6.600877963125548,6.24571261340357
600829.SH,20140421,7.56,7.56,7.39,7.45,7.58,-0.13,-1.72,38234.45,28544.582,8.584,6.453614281533509,6.548902546093063,6.548902546093063,6.401638864501024
600829.SH,20140422,7.41,7.52,7.26,7.5,7.45,0.05,0.67,25141.9,18534.941,8.584,6.496927129060579,6.418964003511852,6.514252268071407,6.28902546093064
600829.SH,20140423,7.49,7.65,7.37,7.5,7.5,0.0,0.0,45527.88,34351.148,8.584,6.496927129060579,6.488264559555166,6.626865671641792,6.3843137254901965
600829.SH,20140424,7.52,7.52,7.26,7.28,7.5,-0.22,-2.93,24101.84,17747.869,8.584,6.306350599941469,6.514252268071407,6.514252268071407,6.28902546093064
600829.SH,20140425,7.27,7.3,7.08,7.1,7.28,-0.18,-2.47,25159.18,17993.493,8.584,6.150424348844015,6.297688030436055,6.323675738952297,6.133099209833187
600829.SH,20140428,7.1,7.1,6.96,6.97,7.1,-0.13,-1.83,19349.57,13572.195,8.584,6.037810945273631,6.150424348844015,6.150424348844015,6.029148375768218
600829.SH,20140429,6.97,7.08,6.93,7.07,6.97,0.1,1.43,10682.02,7489.532,8.584,6.124436640327772,6.037810945273631,6.133099209833187,6.003160667251975
600829.SH,20140430,7.02,7.23,7.02,7.14,7.07,0.07,0.99,12329.47,8773.487,8.584,6.185074626865671,6.081123792800702,6.263037752414399,6.081123792800702
600829.SH,20140505,7.12,7.21,7.05,7.19,7.14,0.05,0.7,13724.35,9811.092,8.584,6.228387474392743,6.167749487854843,6.24571261340357,6.107111501316944
600829.SH,20140506,7.19,7.22,7.11,7.13,7.19,-0.06,-0.83,13472.73,9663.159,8.584,6.176412057360257,6.228387474392743,6.254375182908984,6.15908691834943
600829.SH,20140507,7.07,7.14,6.97,7.0,7.13,-0.13,-1.82,13160.79,9284.788,8.584,6.063798653789873,6.124436640327772,6.185074626865671,6.037810945273631
600829.SH,20140508,6.93,7.08,6.89,6.99,7.0,-0.01,-0.14,13161.06,9202.213,8.584,6.05513608428446,6.003160667251975,6.133099209833187,5.968510389230318
600829.SH,20140509,6.96,6.99,6.87,6.92,6.99,-0.07,-1.0,9801.27,6791.036,8.584,5.994498097746561,6.029148375768218,6.05513608428446,5.95118525021949
600829.SH,20140512,6.95,7.11,6.91,7.1,6.92,0.18,2.6,14447.34,10154.538,8.584,6.150424348844015,6.020485806262804,6.15908691834943,5.985835528241147
600829.SH,20140513,7.11,7.11,7.03,7.08,7.1,-0.02,-0.28,8895.41,6287.794,8.584,6.133099209833187,6.15908691834943,6.15908691834943,6.089786362306117
600829.SH,20140514,7.08,7.09,6.97,6.98,7.08,-0.1,-1.41,8575.0,6006.948,8.584,6.046473514779046,6.133099209833187,6.1417617793386015,6.037810945273631
600829.SH,20140515,6.94,7.0,6.89,6.9,6.98,-0.08,-1.15,7441.91,5162.22,8.584,5.977172958735733,6.011823236757389,6.063798653789873,5.968510389230318
600829.SH,20140516,6.89,6.92,6.69,6.76,6.9,-0.14,-2.03,19203.35,12960.89,8.584,5.855896985659935,5.968510389230318,5.994498097746561,5.795258999122037
600829.SH,20140519,6.76,6.78,6.7,6.74,6.76,-0.02,-0.3,5989.12,4035.361,8.584,5.838571846649108,5.855896985659935,5.873222124670764,5.803921568627451
600829.SH,20140520,6.6,6.7,6.5,6.58,6.74,-0.16,-2.37,39529.1,25905.614,8.584,5.6999707345624815,5.71729587357331,5.803921568627451,5.630670178519169
600829.SH,20140521,6.56,6.61,6.51,6.6,6.58,0.02,0.3,15878.21,10417.967,8.584,5.71729587357331,5.682645595551652,5.725958443078724,5.639332748024582
600829.SH,20140522,6.61,6.64,6.54,6.55,6.6,-0.05,-0.76,20959.4,13804.761,8.584,5.673983026046239,5.725958443078724,5.751946151594965,5.665320456540825
600829.SH,20140523,6.55,6.65,6.5,6.64,6.55,0.09,1.37,15964.83,10468.241,8.584,5.751946151594965,5.673983026046239,5.760608721100381,5.630670178519169
600829.SH,20140526,6.62,6.62,6.48,6.58,6.64,-0.06,-0.9,47508.46,30987.031,8.584,5.6999707345624815,5.734621012584138,5.734621012584138,5.613345039508341
600829.SH,20140527,6.52,6.58,6.49,6.57,6.58,-0.01,-0.15,25038.64,16356.797,8.584,5.691308165057068,5.647995317529997,5.6999707345624815,5.622007609013755
600829.SH,20140528,6.53,6.58,6.51,6.58,6.57,0.01,0.15,18252.15,11950.017,8.584,5.6999707345624815,5.656657887035411,5.6999707345624815,5.639332748024582
600829.SH,20140529,6.58,6.66,6.56,6.61,6.58,0.03,0.46,33552.21,22180.57,8.584,5.725958443078724,5.6999707345624815,5.769271290605794,5.682645595551652
600829.SH,20140530,6.58,6.61,6.51,6.57,6.61,-0.04,-0.61,12393.06,8137.671,8.584,5.691308165057068,5.6999707345624815,5.725958443078724,5.639332748024582
600829.SH,20140603,6.58,6.74,6.53,6.7,6.57,0.13,1.98,28189.46,18821.613,8.584,5.803921568627451,5.6999707345624815,5.838571846649108,5.656657887035411
600829.SH,20140604,6.7,6.7,6.57,6.63,6.7,-0.07,-1.04,15283.28,10125.225,8.584,5.743283582089552,5.803921568627451,5.803921568627451,5.691308165057068
600829.SH,20140605,6.59,6.66,6.56,6.63,6.63,0.0,0.0,11080.64,7323.621,8.584,5.743283582089552,5.708633304067896,5.769271290605794,5.682645595551652
600829.SH,20140606,6.63,6.65,6.53,6.61,6.63,-0.02,-0.3,11677.1,7681.963,8.584,5.725958443078724,5.743283582089552,5.760608721100381,5.656657887035411
600829.SH,20140609,6.56,6.67,6.56,6.6,6.61,-0.01,-0.15,10069.94,6675.906,8.584,5.71729587357331,5.682645595551652,5.777933860111209,5.682645595551652
600829.SH,20140610,6.6,6.7,6.58,6.69,6.6,0.09,1.36,14767.92,9855.376,8.584,5.795258999122037,5.71729587357331,5.803921568627451,5.6999707345624815
600829.SH,20140611,6.68,6.71,6.62,6.67,6.69,-0.02,-0.3,10713.53,7132.432,8.584,5.777933860111209,5.786596429616623,5.8125841381328645,5.734621012584138
600829.SH,20140612,6.68,6.68,6.58,6.64,6.67,-0.03,-0.45,11876.48,7861.919,8.584,5.751946151594965,5.786596429616623,5.786596429616623,5.6999707345624815
600829.SH,20140613,6.6,6.69,6.56,6.68,6.64,0.04,0.6,22831.45,15088.007,8.584,5.786596429616623,5.71729587357331,5.795258999122037,5.682645595551652
600829.SH,20140616,6.65,6.66,6.59,6.62,6.68,-0.06,-0.9,15318.74,10136.615,8.584,5.734621012584138,5.760608721100381,5.769271290605794,5.708633304067896
600829.SH,20140617,6.61,6.61,6.53,6.55,6.62,-0.07,-1.06,13950.67,9170.01,8.584,5.673983026046239,5.725958443078724,5.725958443078724,5.656657887035411
600829.SH,20140618,6.55,6.55,6.42,6.42,6.55,-0.13,-1.98,19054.86,12328.9,8.584,5.561369622475856,5.673983026046239,5.673983026046239,5.561369622475856
600829.SH,20140619,6.4,6.46,6.25,6.31,6.42,-0.11,-1.71,14062.54,8927.573,8.584,5.466081357916301,5.544044483465028,5.596019900497512,5.414105940883816
600829.SH,20140620,6.33,6.36,6.26,6.33,6.31,0.02,0.32,7432.91,4692.74,8.584,5.483406496927129,5.483406496927129,5.509394205443371,5.42276851038923
600829.SH,20140623,6.32,6.43,6.32,6.37,6.33,0.04,0.63,9919.33,6338.17,8.584,5.518056774948785,5.474743927421716,5.570032191981269,5.474743927421716
600829.SH,20140624,6.42,6.43,6.35,6.41,6.37,0.04,0.63,6778.31,4338.456,8.584,5.552707052970442,5.561369622475856,5.570032191981269,5.5007316359379566
600829.SH,20140625,6.4,6.41,6.34,6.39,6.41,-0.02,-0.31,5966.44,3805.294,8.584,5.535381913959613,5.544044483465028,5.552707052970442,5.492069066432543
600829.SH,20140626,6.39,6.52,6.39,6.48,6.39,0.09,1.41,10933.29,7081.554,8.584,5.613345039508341,5.535381913959613,5.647995317529997,5.535381913959613
600829.SH,20140627,6.48,6.54,6.43,6.51,6.48,0.03,0.46,10870.2,7059.0,8.584,5.639332748024582,5.613345039508341,5.665320456540825,5.570032191981269
600829.SH,20140630,6.52,6.56,6.49,6.53,6.51,0.02,0.31,9870.36,6439.171,8.584,5.656657887035411,5.647995317529997,5.682645595551652,5.622007609013755
600829.SH,20140701,6.54,6.65,6.51,6.62,6.53,0.09,1.38,21392.83,14114.83,8.584,5.734621012584138,5.665320456540825,5.760608721100381,5.639332748024582
600829.SH,20140702,6.65,6.67,6.56,6.66,6.62,0.04,0.6,14095.84,9343.793,8.584,5.769271290605794,5.760608721100381,5.777933860111209,5.682645595551652
600829.SH,20140703,6.65,6.78,6.61,6.73,6.66,0.07,1.05,22173.44,14941.999,8.584,5.829909277143693,5.760608721100381,5.873222124670764,5.725958443078724
600829.SH,20140704,6.73,6.8,6.69,6.7,6.73,-0.03,-0.45,8314.52,5590.887,8.584,5.803921568627451,5.829909277143693,5.890547263681592,5.795258999122037
600829.SH,20140707,6.7,6.78,6.61,6.69,6.7,-0.01,-0.15,11275.11,7532.498,8.584,5.795258999122037,5.803921568627451,5.873222124670764,5.725958443078724
600829.SH,20140708,6.72,6.73,6.62,6.72,6.69,0.03,0.45,8088.98,5403.105,8.584,5.821246707638278,5.821246707638278,5.829909277143693,5.734621012584138
600829.SH,20140709,6.72,6.75,6.68,6.7,6.72,-0.02,-0.3,13468.23,9049.262,8.584,5.803921568627451,5.821246707638278,5.847234416154522,5.786596429616623
600829.SH,20140710,6.7,6.76,6.67,6.75,6.7,0.05,0.75,12892.43,8676.625,8.584,5.847234416154522,5.803921568627451,5.855896985659935,5.777933860111209
600829.SH,20140711,6.73,6.73,6.6,6.64,6.62,0.02,0.3,13018.0,8669.112,8.753,5.865189266648502,5.944687313937413,5.944687313937413,5.829856801186764
600829.SH,20140714,6.64,6.76,6.62,6.76,6.64,0.12,1.81,12835.23,8597.038,8.753,5.971186663033715,5.865189266648502,5.971186663033715,5.847523033917633
600829.SH,20140715,6.79,6.95,6.73,6.88,6.76,0.12,1.78,22664.02,15512.478,8.753,6.07718405941893,5.99768601213002,6.139015873976971,5.944687313937413
600829.SH,20140716,6.88,7.12,6.84,6.91,6.88,0.03,0.44,26518.66,18565.813,8.753,6.103683408515233,6.07718405941893,6.289178852189357,6.041851593957191
600829.SH,20140717,6.88,6.98,6.8,6.82,6.91,-0.09,-1.3,12794.2,8786.659,8.753,6.024185361226323,6.07718405941893,6.165515223073276,6.006519128495454
600829.SH,20140718,6.83,6.85,6.72,6.83,6.82,0.01,0.15,12807.43,8711.074,8.753,6.0330184775917575,6.0330184775917575,6.050684710322626,5.935854197571978
600829.SH,20140721,6.83,6.85,6.75,6.83,6.83,0.0,0.0,8541.29,5790.794,8.753,6.0330184775917575,6.0330184775917575,6.050684710322626,5.9623535466682815
600829.SH,20140722,6.8,6.88,6.78,6.87,6.83,0.04,0.59,13271.69,9076.027,8.753,6.068350943053495,6.006519128495454,6.07718405941893,5.988852895764585
600829.SH,20140723,6.88,6.9,6.68,6.7,6.87,-0.17,-2.47,19191.1,13010.109,8.753,5.918187964841109,6.07718405941893,6.0948502921498,5.90052173211024
600829.SH,20140724,6.73,6.78,6.67,6.74,6.7,0.04,0.6,17891.86,12022.39,8.753,5.953520430302847,5.944687313937413,5.988852895764585,5.891688615744806
600829.SH,20140725,6.77,6.95,6.75,6.91,6.74,0.17,2.52,21180.12,14496.176,8.753,6.103683408515233,5.98001977939915,6.139015873976971,5.9623535466682815
600829.SH,20140728,6.89,7.02,6.89,6.97,6.91,0.06,0.87,23608.74,16470.409,8.753,6.15668210670784,6.086017175784364,6.200847688535013,6.086017175784364
600829.SH,20140729,6.98,7.08,6.96,7.0,6.97,0.03,0.43,24289.0,17078.918,8.753,6.183181455804144,6.165515223073276,6.25384638672762,6.147848990342406
600829.SH,20140730,6.98,7.06,6.94,7.01,7.0,0.01,0.14,18864.52,13203.85,8.753,6.192014572169578,6.165515223073276,6.236180153996751,6.130182757611537
600829.SH,20140731,7.03,7.05,6.93,7.05,7.01,0.04,0.57,20232.74,14163.076,8.753,6.227347037631316,6.209680804900447,6.227347037631316,6.121349641246102
600829.SH,20140801,7.04,7.24,7.0,7.07,7.05,0.02,0.28,63789.14,45627.533,8.753,6.245013270362185,6.218513921265881,6.395176248574572,6.183181455804144
600829.SH,20140804,7.08,7.18,7.07,7.16,7.07,0.09,1.27,30850.5,22029.495,8.753,6.324511317651096,6.25384638672762,6.342177550381964,6.245013270362185
600829.SH,20140805,7.16,7.26,7.13,7.15,7.16,-0.01,-0.14,28127.86,20201.494,8.753,6.315678201285661,6.324511317651096,6.41284248130544,6.298011968554792
600829.SH,20140806,7.15,7.26,7.13,7.23,7.15,0.08,1.12,31697.87,22838.667,8.753,6.386343132209137,6.315678201285661,6.41284248130544,6.298011968554792
600829.SH,20140807,7.23,7.26,7.12,7.14,7.23,-0.09,-1.24,20969.45,15061.507,8.753,6.306845084920226,6.386343132209137,6.41284248130544,6.289178852189357
600829.SH,20140808,7.13,7.23,7.13,7.18,7.14,0.04,0.56,21276.31,15277.095,8.753,6.342177550381964,6.298011968554792,6.386343132209137,6.298011968554792
600829.SH,20140811,7.18,7.51,7.12,7.43,7.18,0.25,3.48,47974.84,35173.085,8.753,6.563005459517827,6.342177550381964,6.633670390441302,6.289178852189357
600829.SH,20140812,7.4,7.45,7.31,7.45,7.43,0.02,0.27,24958.22,18416.541,8.753,6.580671692248696,6.536506110421523,6.580671692248696,6.457008063132612
600829.SH,20140813,7.45,7.62,7.39,7.56,7.45,0.11,1.48,34560.5,25992.369,8.753,6.677835972268476,6.580671692248696,6.730834670461083,6.527672994056088
600829.SH,20140814,7.54,7.65,7.48,7.52,7.56,-0.04,-0.53,34417.18,26045.733,8.753,6.642503506806737,6.660169739537606,6.757334019557386,6.607171041345
600829.SH,20140815,7.53,7.85,7.46,7.79,7.52,0.27,3.59,54107.0,41690.162,8.753,6.880997648673468,6.651336623172171,6.933996346866075,6.58950480861413
600829.SH,20140818,7.73,7.9,7.67,7.81,7.79,0.02,0.26,43183.55,33536.335,8.753,6.898663881404337,6.827998950480862,6.978161928693249,6.775000252288254
600829.SH,20140819,7.77,7.77,7.66,7.72,7.81,-0.09,-1.15,28957.54,22321.076,8.753,6.819165834115427,6.863331415942598,6.863331415942598,6.76616713592282
600829.SH,20140820,7.74,8.01,7.65,7.99,7.72,0.27,3.5,67335.02,52679.224,8.753,7.057659975982158,6.836832066846296,7.075326208713028,6.757334019557386
600829.SH,20140821,7.95,8.5,7.85,8.23,7.99,0.24,3.0,96071.95,78803.65,8.753,7.269654768752587,7.02232751052042,7.508148910619316,6.933996346866075
600829.SH,20140822,8.24,8.31,7.99,8.09,8.23,-0.14,-1.7,115584.4,93953.175,8.753,7.145991139636503,7.27848788511802,7.340319699676062,7.057659975982158
600829.SH,20140825,8.05,8.14,7.89,7.9,8.09,-0.19,-2.35,37591.09,30008.697,8.753,6.978161928693249,7.110658674174766,7.190156721463676,6.969328812327814
600829.SH,20140826,7.86,8.45,7.84,8.25,7.9,0.35,4.43,162943.15,133017.355,8.753,7.287321001483455,6.94282946323151,7.463983328792143,6.92516323050064
600829.SH,20140827,8.15,8.43,8.13,8.18,8.25,-0.07,-0.85,53038.74,43855.142,8.753,7.225489186925414,7.19898983782911,7.446317096061276,7.1813236050982425
600829.SH,20140828,8.22,8.28,8.03,8.14,8.18,-0.04,-0.49,24597.02,19974.5,8.753,7.190156721463676,7.260821652387152,7.313820350579759,7.092992441443895
600829.SH,20140829,8.11,8.2,8.05,8.13,8.14,-0.01,-0.12,21186.15,17186.744,8.753,7.1813236050982425,7.163657372367372,7.243155419656282,7.110658674174766
600829.SH,20140901,8.14,8.32,8.11,8.23,8.13,0.1,1.23,47622.3,39160.501,8.753,7.269654768752587,7.190156721463676,7.349152816041497,7.163657372367372
600829.SH,20140902,8.26,8.36,8.13,8.25,8.23,0.02,0.24,53584.73,44091.688,8.753,7.287321001483455,7.296154117848889,7.384485281503234,7.1813236050982425
600829.SH,20140903,8.28,8.34,8.21,8.28,8.25,0.03,0.36,47147.7,39013.231,8.753,7.313820350579759,7.313820350579759,7.366819048772366,7.251988536021718
600829.SH,20140904,8.32,8.65,8.28,8.53,8.28,0.25,3.02,70650.7,60000.938,8.753,7.53464825971562,7.349152816041497,7.640645656100835,7.313820350579759
600829.SH,20140905,8.5,8.65,8.42,8.53,8.53,0.0,0.0,38731.83,33098.013,8.753,7.53464825971562,7.508148910619316,7.640645656100835,7.437483979695841
600829.SH,20140909,8.54,9.2,8.49,9.1,8.53,0.57,6.68,82503.61,74007.851,8.753,8.038135892545386,7.543481376081055,8.126467056199731,7.499315794253883
600829.SH,20140910,9.05,9.25,8.93,9.04,9.1,-0.06,-0.66,54790.21,49772.084,8.753,7.985137194352779,7.993970310718215,8.170632638026904,7.887972914333
600829.SH,20140911,9.05,9.18,8.77,8.88,9.04,-0.16,-1.77,49461.52,44385.804,8.753,7.843807332505828,7.993970310718215,8.108800823468863,7.746643052486048
600829.SH,20140912,8.89,9.29,8.75,9.26,8.88,0.38,4.28,66136.26,60371.876,8.753,8.179465754392337,7.852640448871263,8.20596510348864,7.72897681975518
600829.SH,20140915,9.25,9.36,9.13,9.3,9.26,0.04,0.43,35742.11,33107.79,8.753,8.214798219854076,8.170632638026904,8.267796918046683,8.06463524164169
600829.SH,20140916,9.26,9.45,8.94,8.95,9.3,-0.35,-3.76,73440.59,67551.517,8.753,7.9056391470638685,8.179465754392337,8.347294965335593,7.896806030698435
600829.SH,20140917,8.98,9.15,8.82,9.09,8.95,0.14,1.56,35269.12,31829.606,8.753,8.029302776179952,7.932138496160173,8.08230147437256,7.790808634313221
600829.SH,20140918,9.1,9.13,8.98,9.09,9.09,0.0,0.0,23052.14,20870.133,8.753,8.029302776179952,8.038135892545386,8.06463524164169,7.932138496160173
600829.SH,20140919,9.06,9.15,8.94,9.06,9.09,-0.03,-0.33,26442.08,23964.031,8.753,8.002803427083649,8.002803427083649,8.08230147437256,7.896806030698435
600829.SH,20140922,9.0,9.05,8.75,8.8,9.06,-0.26,-2.87,33756.95,29914.893,8.753,7.773142401582353,7.949804728891042,7.993970310718215,7.72897681975518
600829.SH,20140923,8.75,8.99,8.75,8.89,8.8,0.09,1.02,24456.78,21807.25,8.753,7.852640448871263,7.72897681975518,7.940971612525607,7.72897681975518
600829.SH,20140924,8.89,9.1,8.89,9.06,8.89,0.17,1.91,31564.08,28485.619,8.753,8.002803427083649,7.852640448871263,8.038135892545386,7.852640448871263
600829.SH,20140925,9.07,9.21,9.0,9.05,9.06,-0.01,-0.11,30494.36,27786.15,8.753,7.993970310718215,8.011636543449084,8.135300172565167,7.949804728891042
600829.SH,20140926,9.02,9.24,8.95,9.17,9.05,0.12,1.33,36567.63,33406.673,8.753,8.099967707103428,7.967470961621911,8.16179952166147,7.9056391470638685
600829.SH,20140929,9.19,9.31,9.14,9.22,9.17,0.05,0.55,25548.28,23510.033,8.753,8.144133288930602,8.117633939834295,8.223631336219512,8.073468358007124
600829.SH,20140930,9.25,9.75,9.21,9.61,9.22,0.39,4.23,88259.2,84192.119,8.753,8.488624827182544,8.170632638026904,8.612288456298629,8.135300172565167
600829.SH,20141008,9.62,10.08,9.45,10.06,9.61,0.45,4.68,63822.36,62947.757,8.753,8.886115063627098,8.49745794354798,8.903781296357966,8.347294965335593
600829.SH,20141009,10.02,10.45,9.96,10.22,10.06,0.16,1.59,104795.52,107455.399,8.753,9.02744492547405,8.85078259816536,9.230606601879042,8.797783899972755
600829.SH,20141010,10.19,10.19,10.02,10.1,10.22,-0.12,-1.17,33239.76,33547.273,8.753,8.921447529088836,9.000945576377745,9.000945576377745,8.85078259816536
600829.SH,20141013,10.04,10.09,9.9,10.08,10.1,-0.02,-0.2,29716.8,29716.177,8.753,8.903781296357966,8.868448830896227,8.912614412723402,8.744785201780147
600829.SH,20141014,10.05,10.27,10.01,10.27,10.08,0.19,1.88,35342.03,35859.714,8.753,9.07161050730122,8.877281947261665,9.07161050730122,8.841949481799926
600829.SH,20141015,10.25,10.85,10.21,10.76,10.27,0.49,4.77,78939.95,83923.866,8.753,9.504433209207512,9.053944274570354,9.583931256496422,9.018611809108616
600829.SH,20141016,10.42,10.9,10.0,10.03,10.76,-0.73,-6.78,120350.31,126204.961,8.753,8.859615714530793,9.20410725278274,9.628096838323597,8.83311636543449
600829.SH,20141017,10.0,10.22,9.51,9.84,10.03,-0.19,-1.89,66453.83,65189.475,8.753,8.691786503587538,8.83311636543449,9.02744492547405,8.4002936635282
600829.SH,20141020,9.84,10.06,9.8,10.01,9.84,0.17,1.73,33061.48,32999.652,8.753,8.841949481799926,8.691786503587538,8.886115063627098,8.656454038125801
600829.SH,20141021,10.01,10.14,9.83,9.87,10.01,-0.14,-1.4,23751.57,23504.313,8.753,8.718285852683842,8.841949481799926,8.956779994550574,8.682953387222105
600829.SH,20141022,9.86,9.92,9.59,9.65,9.87,-0.22,-2.23,30383.22,29408.93,8.753,8.523957292644285,8.709452736318408,8.762451434511016,8.470958594451677
600829.SH,20141023,9.64,9.68,9.13,9.24,9.65,-0.41,-4.25,40657.9,37935.608,8.753,8.16179952166147,8.51512417627885,8.550456641740587,8.06463524164169
600829.SH,20141024,9.26,9.45,9.02,9.24,9.24,0.0,0.0,29298.91,26995.88,8.753,8.16179952166147,8.179465754392337,8.347294965335593,7.967470961621911
600829.SH,20141027,9.15,9.25,8.98,9.09,9.24,-0.15,-1.62,57999.78,52688.151,8.753,8.029302776179952,8.08230147437256,8.170632638026904,7.932138496160173
600829.SH,20141028,9.1,9.29,9.1,9.27,9.09,0.18,1.98,63169.38,58110.129,8.753,8.188298870757773,8.038135892545386,8.20596510348864,8.038135892545386
600829.SH,20141029,9.31,9.47,9.26,9.37,9.27,0.1,1.08,48159.36,45083.544,8.753,8.276630034412117,8.223631336219512,8.364961198066464,8.179465754392337
600829.SH,20141030,9.4,9.54,9.38,9.53,9.37,0.16,1.71,47260.16,44777.882,8.753,8.41795989625907,8.303129383508422,8.426793012624504,8.285463150777554
600829.SH,20141031,9.55,9.62,9.32,9.42,9.53,-0.11,-1.15,32279.81,30417.444,8.753,8.320795616239291,8.43562612898994,8.49745794354798,8.232464452584946
600829.SH,20141103,9.51,10.36,9.45,10.36,9.42,0.94,9.98,143856.79,145810.135,8.753,9.151108554590133,8.4002936635282,9.151108554590133,8.347294965335593
600829.SH,20141104,10.33,10.76,10.09,10.16,10.36,-0.2,-1.93,100593.89,104665.453,8.753,8.974446227281444,9.12460920549383,9.504433209207512,8.912614412723402
600829.SH,20141105,10.16,10.27,9.92,10.21,10.16,0.05,0.49,51478.81,51931.601,8.753,9.018611809108616,8.974446227281444,9.07161050730122,8.762451434511016
600829.SH,20141106,10.13,10.19,9.91,10.02,10.21,-0.19,-1.86,31759.82,31867.832,8.753,8.85078259816536,8.94794687818514,9.000945576377745,8.75361831814558
600829.SH,20141107,10.0,10.1,9.85,9.93,10.02,-0.09,-0.9,28170.97,28112.568,8.753,8.771284550876448,8.83311636543449,8.921447529088836,8.700619619952974
600829.SH,20141110,9.9,10.8,9.86,10.33,9.93,0.4,4.03,106649.72,110210.878,8.753,9.12460920549383,8.744785201780147,9.539765674669251,8.709452736318408
600829.SH,20141111,10.31,10.33,9.7,10.03,10.33,-0.3,-2.9,70349.67,70619.719,8.753,8.859615714530793,9.10694297276296,9.12460920549383,8.568122874471456
600829.SH,20141112,9.93,10.03,9.79,9.99,10.03,-0.04,-0.4,34296.8,33929.953,8.753,8.824283249069056,8.771284550876448,8.859615714530793,8.647620921760366
600829.SH,20141113,9.99,10.2,9.82,10.06,9.99,0.07,0.7,34081.01,34024.845,8.753,8.886115063627098,8.824283249069056,9.00977869274318,8.674120270856669
600829.SH,20141114,10.0,10.39,9.91,10.19,10.06,0.13,1.29,51702.36,52824.97,8.753,9.000945576377745,8.83311636543449,9.177607903686438,8.75361831814558
600829.SH,20141117,10.19,10.36,9.96,10.13,10.19,-0.06,-0.59,66766.91,68302.068,8.753,8.94794687818514,9.000945576377745,9.151108554590133,8.797783899972755
600829.SH,20141118,10.1,10.17,9.9,10.02,10.13,-0.11,-1.09,28646.72,28671.186,8.753,8.85078259816536,8.921447529088836,8.983279343646878,8.744785201780147
600829.SH,20141119,9.97,10.21,9.87,10.15,10.02,0.13,1.3,32251.55,32400.83,8.753,8.965613110916008,8.806617016338189,9.018611809108616,8.718285852683842
600829.SH,20141120,10.08,10.3,9.92,10.28,10.15,0.13,1.28,34517.79,34813.133,8.753,9.080443623666657,8.903781296357966,9.098109856397526,8.762451434511016
600829.SH,20141121,10.28,10.28,10.09,10.23,10.28,-0.05,-0.49,24392.03,24857.724,8.753,9.036278041839486,9.080443623666657,9.080443623666657,8.912614412723402
600829.SH,20141124,10.25,10.29,10.0,10.26,10.23,0.03,0.29,40051.18,40799.108,8.753,9.062777390935787,9.053944274570354,9.08927674003209,8.83311636543449
600829.SH,20141125,10.26,10.56,10.15,10.41,10.26,0.15,1.46,52398.2,54187.981,8.753,9.195274136417304,9.062777390935787,9.327770881898822,8.965613110916008
600829.SH,20141126,10.43,10.52,10.28,10.33,10.41,-0.08,-0.77,28309.69,29250.251,8.753,9.12460920549383,9.212940369148177,9.292438416437085,9.080443623666657
600829.SH,20141127,10.37,10.44,10.22,10.3,10.33,-0.03,-0.29,29160.21,30046.098,8.753,9.098109856397526,9.159941670955568,9.221773485513609,9.02744492547405
600829.SH,20141128,10.3,10.3,9.91,10.08,10.3,-0.22,-2.14,50668.92,50903.132,8.753,8.903781296357966,9.098109856397526,9.098109856397526,8.75361831814558
600829.SH,20141201,10.09,10.09,9.7,9.88,10.08,-0.2,-1.98,67077.71,65935.952,8.753,8.727118969049277,8.912614412723402,8.912614412723402,8.568122874471456
600829.SH,20141202,9.87,10.12,9.84,10.02,9.88,0.14,1.42,44528.87,44633.943,8.753,8.85078259816536,8.718285852683842,8.939113761819705,8.691786503587538
600829.SH,20141203,10.02,10.4,10.02,10.39,10.02,0.37,3.69,69072.12,70518.308,8.753,9.177607903686438,8.85078259816536,9.18644102005187,8.85078259816536
600829.SH,20141204,10.48,11.43,10.45,11.43,10.39,1.04,10.01,110422.07,123958.346,8.753,10.096252005691625,9.257105950975347,10.096252005691625,9.230606601879042
600829.SH,20141205,11.65,11.75,10.7,11.44,11.43,0.01,0.09,176740.82,199359.038,8.753,10.10508512205706,10.290580565731185,10.378911729385528,9.451434511014906
600829.SH,20141208,11.25,11.44,10.99,11.2,11.44,-0.24,-2.1,73827.3,82706.602,8.753,9.893090329286627,9.937255911113802,10.10508512205706,9.707594885612506
600829.SH,20141209,11.02,11.22,10.36,10.49,11.2,-0.71,-6.34,90872.65,98393.212,8.753,9.26593906734078,9.73409423470881,9.9107565620175,9.151108554590133
600829.SH,20141210,10.42,10.85,10.05,10.74,10.49,0.25,2.38,69075.3,72504.595,8.753,9.486766976476645,9.20410725278274,9.583931256496422,8.877281947261665
600829.SH,20141211,10.71,10.77,10.42,10.68,10.74,-0.06,-0.56,48177.88,51075.384,8.753,9.433768278284036,9.46026762738034,9.513266325572946,9.20410725278274
600829.SH,20141212,10.66,10.79,10.59,10.74,10.68,0.06,0.56,32200.95,34443.84,8.753,9.486766976476645,9.416102045553169,9.530932558303816,9.354270230995128
600829.SH,20141215,10.79,11.17,10.7,11.05,10.74,0.31,2.89,91074.84,100187.894,8.753,9.760593583805113,9.530932558303816,9.866590980190328,9.451434511014906
600829.SH,20141216,11.09,11.09,10.8,10.92,11.05,-0.13,-1.18,43855.36,47872.77,8.753,9.645763071054464,9.79592604926685,9.79592604926685,9.539765674669251
600829.SH,20141217,10.9,10.91,10.5,10.6,10.92,-0.32,-2.93,41662.7,44290.683,8.753,9.36310334736056,9.628096838323597,9.63692995468903,9.274772183706215
600829.SH,20141218,10.64,10.67,10.35,10.45,10.6,-0.15,-1.42,36700.95,38281.775,8.753,9.230606601879042,9.3984358128223,9.4249351619186,9.142275438224695
600829.SH,20141219,10.45,10.45,10.07,10.3,10.45,-0.15,-1.44,34563.53,35338.638,8.753,9.098109856397526,9.230606601879042,9.230606601879042,8.894948179992532
600829.SH,20141222,10.3,10.61,10.03,10.6,10.3,0.3,2.91,56255.91,57806.021,8.753,9.36310334736056,9.098109856397526,9.371936463725994,8.859615714530793
600829.SH,20141223,10.61,11.2,10.49,10.99,10.6,0.39,3.68,98812.08,108030.208,8.753,9.707594885612506,9.371936463725994,9.893090329286627,9.26593906734078
600829.SH,20141224,10.99,11.73,10.92,11.55,10.99,0.56,5.1,130271.23,149680.081,8.753,10.202249402076838,9.707594885612506,10.361245496654655,9.645763071054464
600829.SH,20141225,11.41,11.71,11.29,11.56,11.55,0.01,0.09,69191.1,79409.606,8.753,10.211082518442272,10.078585772960754,10.34357926392379,9.97258837657554
600829.SH,20141226,11.43,11.58,11.27,11.35,11.56,-0.21,-1.82,52904.63,60407.053,8.753,10.025587074768149,10.096252005691625,10.22874875117314,9.954922143844671
600829.SH,20141229,11.25,11.35,10.95,11.11,11.35,-0.24,-2.11,38688.11,42878.121,8.753,9.81359228199772,9.937255911113802,10.025587074768149,9.672262420150767
600829.SH,20141230,11.11,11.85,11.11,11.82,11.11,0.71,6.39,93224.45,107731.682,8.753,10.440743543943569,9.81359228199772,10.467242893039872,9.81359228199772
600829.SH,20150304,13.0,13.0,13.0,13.0,11.82,1.18,9.98,18177.67,23630.971,8.753,11.483051275064838,11.483051275064838,11.483051275064838,11.483051275064838
600829.SH,20150305,14.3,14.3,14.3,14.3,13.0,1.3,10.0,6295.07,9001.95,8.753,12.631356402571322,12.631356402571322,12.631356402571322,12.631356402571322
600829.SH,20150306,15.73,15.73,14.8,15.73,14.3,1.43,10.0,546019.62,850884.932,8.753,13.894492042828457,13.894492042828457,13.894492042828457,13.073012220843044
600829.SH,20150309,15.74,15.8,14.82,15.22,15.73,-0.51,-3.24,329047.86,499993.731,8.753,13.444003108191296,13.903325159193887,13.956323857386495,13.090678453573917
600829.SH,20150310,15.05,15.58,14.83,15.41,15.22,0.19,1.25,284474.0,432771.646,8.753,13.611832319134551,13.293840129978909,13.761995297346935,13.09951156993935
600829.SH,20150311,15.26,15.64,13.87,14.37,15.41,-1.04,-6.75,290536.78,432381.332,8.753,12.693188217129364,13.479335573653035,13.814993995539544,12.251532398857638
600829.SH,20150312,14.2,14.55,13.95,14.39,14.37,0.02,0.14,144984.21,206398.21,8.753,12.710854449860234,12.543025238916975,12.852184311707186,12.322197329781114
600829.SH,20150313,14.44,14.51,13.93,14.16,14.39,-0.23,-1.6,167327.42,237544.433,8.753,12.50769277345524,12.755020031687405,12.816851846245443,12.304531097050246
600829.SH,20150316,14.16,14.42,14.01,14.42,14.16,0.26,1.84,147507.64,210581.787,8.753,12.737353798956535,12.50769277345524,12.737353798956535,12.375196027973722
600829.SH,20150317,14.41,14.65,14.18,14.43,14.42,0.01,0.07,138598.97,199638.31,8.753,12.746186915321973,12.7285206825911,12.94051547536153,12.52535900618611
600829.SH,20150318,14.4,15.15,14.22,14.94,14.43,0.51,3.53,170573.2,249907.171,8.753,13.19667584995913,12.719687566225666,13.382171293633256,12.560691471647846
600829.SH,20150319,14.85,14.85,14.49,14.61,14.94,-0.33,-2.21,118091.41,172585.505,8.753,12.90518300989979,13.117177802670218,13.117177802670218,12.799185613514576
600829.SH,20150320,14.76,14.76,14.25,14.41,14.61,-0.2,-1.37,114076.99,164342.242,8.753,12.7285206825911,13.037679755381308,13.037679755381308,12.58719082074415
600829.SH,20150323,14.47,15.35,14.3,15.33,14.41,0.92,6.38,229265.46,339759.061,8.753,13.541167388211075,12.781519380783708,13.558833620941945,12.631356402571322
600829.SH,20150324,15.3,15.3,14.41,14.99,15.33,-0.34,-2.22,188106.27,281266.369,8.753,13.240841431786302,13.514668039114772,13.514668039114772,12.7285206825911
600829.SH,20150325,14.77,15.09,14.71,14.84,14.99,-0.15,-1.0,114455.01,170477.749,8.753,13.108344686304784,13.046512871746744,13.329172595440648,12.993514173554136
600829.SH,20150326,14.9,15.53,14.82,14.89,14.84,0.05,0.34,143769.09,217159.672,8.753,13.15251026813196,13.161343384497393,13.717829715519764,13.090678453573917
600829.SH,20150327,14.89,15.47,14.72,15.3,14.89,0.41,2.75,107352.3,162251.576,8.753,13.514668039114772,13.15251026813196,13.66483101732716,13.002347289919571
600829.SH,20150330,15.34,15.49,15.05,15.2,15.3,-0.1,-0.65,100290.31,152258.363,8.753,13.426336875460429,13.550000504576508,13.682497250058026,13.293840129978909
600829.SH,20150331,15.33,15.38,15.0,15.29,15.2,0.09,0.59,127214.36,192985.774,8.753,13.505834922749337,13.541167388211075,13.585332970038246,13.249674548151738
600829.SH,20150401,15.3,16.79,15.2,16.36,15.29,1.07,7.0,238498.93,378317.91,8.753,14.450978373850829,13.514668039114772,14.830802377564508,13.426336875460429
600829.SH,20150402,16.36,16.82,16.14,16.48,16.36,0.12,0.73,185626.4,305823.033,8.753,14.55697577023604,14.450978373850829,14.857301726660811,14.25664981381127
600829.SH,20150403,16.3,16.59,15.99,16.4,16.48,-0.08,-0.49,138626.93,225610.43,8.753,14.486310839312564,14.39797967565822,14.65414005025582,14.124153068329752
600829.SH,20150407,16.41,17.08,16.41,16.83,16.4,0.43,2.62,145348.59,244392.925,8.753,14.866134843026249,14.495143955678,15.08696275216211,14.495143955678
600829.SH,20150408,16.89,17.75,16.6,17.25,16.83,0.42,2.5,195150.51,334305.793,8.753,15.237125730374496,14.919133541218857,15.67878154864622,14.662973166621256
600829.SH,20150409,17.5,18.9,17.26,18.61,17.25,1.36,7.88,270218.24,486040.97,8.753,16.438429556073586,15.45795363951036,16.694589930671185,15.245958846739931
600829.SH,20150410,18.21,19.44,17.99,18.78,18.61,0.17,0.91,187602.07,350582.321,8.753,16.588592534285976,16.08510490145621,17.17157821440465,15.890776341416649
600829.SH,20150413,18.79,19.6,18.41,19.33,18.78,0.55,2.93,195166.84,375217.522,8.753,17.074413934384868,16.597425650651406,17.312908076251603,16.2617672287649
600829.SH,20150414,19.31,19.32,18.48,18.57,19.33,-0.76,-3.93,137794.66,259805.803,8.753,16.40309709061185,17.056747701654004,17.065580818019434,16.32359904332294
600829.SH,20150415,18.46,18.46,17.2,17.56,18.57,-1.01,-5.44,126589.7,225647.934,8.753,15.510952337702964,16.305932810592072,16.305932810592072,15.192960148547323
600829.SH,20150416,17.51,18.08,16.89,17.68,17.56,0.12,0.68,82948.93,145023.672,8.753,15.61694973408818,15.466786755875797,15.970274388705558,14.919133541218857
600829.SH,20150417,17.5,18.16,17.5,17.56,17.68,-0.12,-0.68,83370.73,147610.575,8.753,15.510952337702964,15.45795363951036,16.040939319629036,15.45795363951036
600829.SH,20150420,17.58,17.69,16.73,16.79,17.56,-0.77,-4.39,93353.34,159872.09,8.753,14.830802377564508,15.528618570433832,15.625782850453616,14.777803679371903
600829.SH,20150421,16.79,17.71,16.71,17.69,16.79,0.9,5.36,74310.51,127523.247,8.753,15.625782850453616,14.830802377564508,15.643449083184484,14.760137446641034
600829.SH,20150422,17.9,18.5,17.81,18.29,17.69,0.6,3.39,96066.3,175682.429,8.753,16.155769832379683,15.811278294127735,16.341265276053807,15.731780246838827
600829.SH,20150423,18.29,19.0,17.63,17.78,18.29,-0.51,-2.79,141558.05,254800.983,8.753,15.705280897742526,16.155769832379683,16.782921094325534,15.572784152261006
600829.SH,20150424,17.43,17.6,16.77,17.03,17.78,-0.75,-4.22,124637.24,213014.112,8.753,15.04279717033494,15.396121824952315,15.546284803164706,14.813136144833642
600829.SH,20150427,17.1,17.28,16.85,17.15,17.03,0.12,0.7,100874.58,171842.108,8.753,15.14879456672015,15.10462898489298,15.263625079470804,14.883801075757118
600829.SH,20150428,17.12,17.12,16.22,16.26,17.15,-0.89,-5.19,97966.79,162207.482,8.753,14.362647210196483,15.122295217623847,15.122295217623847,14.327314744734744
600829.SH,20150429,16.28,16.68,16.24,16.67,16.26,0.41,2.52,59381.97,98083.91,8.753,14.724804981179298,14.380313442927353,14.733638097544732,14.344980977465612
600829.SH,20150430,16.72,16.93,16.4,16.49,16.67,-0.18,-1.08,69344.47,115781.813,8.753,14.565808886601474,14.768970563006468,14.954466006680592,14.486310839312564
600829.SH,20150504,16.41,16.77,16.25,16.39,16.49,-0.1,-0.61,53578.57,88416.673,8.753,14.47747772294713,14.495143955678,14.813136144833642,14.35381409383105
600829.SH,20150505,16.42,16.5,15.61,16.12,16.39,-0.27,-1.65,87069.55,139390.939,8.753,14.2389835810804,14.503977072043435,14.57464200296691,13.78849464644324
600829.SH,20150506,16.08,16.25,15.2,15.38,16.12,-0.74,-4.59,71853.2,114289.751,8.753,13.585332970038246,14.20365111561866,14.35381409383105,13.426336875460429
600829.SH,20150507,15.38,15.45,14.6,14.7,15.38,-0.68,-4.42,63399.69,94584.361,8.753,12.9846810571887,13.585332970038246,13.647164784596288,12.896349893534357
600829.SH,20150508,14.9,15.25,14.9,15.24,14.7,0.54,3.67,59759.3,89858.292,8.753,13.461669340922166,13.161343384497393,13.470502457287598,13.161343384497393
600829.SH,20150511,15.58,16.5,15.29,16.44,15.24,1.2,7.87,96725.32,154193.946,8.753,14.521643304774305,13.761995297346935,14.57464200296691,13.505834922749337
600829.SH,20150512,16.43,16.47,16.01,16.34,16.44,-0.1,-0.61,85168.01,138522.829,8.753,14.43331214111996,14.512810188408867,14.548142653870608,14.141819301060622
600829.SH,20150513,16.25,16.69,16.05,16.48,16.34,0.14,0.86,85407.18,140897.874,8.753,14.55697577023604,14.35381409383105,14.742471213910164,14.17715176652236
600829.SH,20150514,16.3,16.99,16.2,16.93,16.48,0.45,2.73,89002.51,148776.713,8.753,14.954466006680592,14.39797967565822,15.0074647048732,14.309648512003877
600829.SH,20150515,16.81,17.1,16.16,16.31,16.93,-0.62,-3.66,76142.71,126071.178,8.753,14.406812792023654,14.848468610295376,15.10462898489298,14.274316046542136
600829.SH,20150518,16.18,17.42,15.98,17.23,16.31,0.92,5.64,156097.97,265100.574,8.753,15.219459497643628,14.291982279273006,15.387288708586889,14.115319951964317
600829.SH,20150519,17.23,17.68,16.87,17.38,17.23,0.15,0.87,114019.15,197462.818,8.753,15.351956243125144,15.219459497643628,15.61694973408818,14.901467308487987
600829.SH,20150520,17.6,17.85,17.21,17.28,17.38,-0.1,-0.58,106748.64,187062.151,8.753,15.263625079470804,15.546284803164706,15.767112712300566,15.20179326491276
600829.SH,20150521,17.1,17.68,17.1,17.5,17.28,0.22,1.27,94885.99,165717.869,8.753,15.45795363951036,15.10462898489298,15.61694973408818,15.10462898489298
600829.SH,20150522,17.7,18.0,17.3,17.83,17.5,0.33,1.89,137291.11,242583.514,8.753,15.749446479569697,15.634615966819048,15.899609457782084,15.28129131220167
600829.SH,20150525,17.8,18.37,17.7,18.36,17.83,0.53,2.97,150283.15,273044.263,8.753,16.217601646937727,15.722947130473395,16.22643476330316,15.634615966819048
600829.SH,20150526,18.34,18.98,17.95,18.91,18.36,0.55,3.0,166781.16,308352.198,8.753,16.703423047036623,16.199935414206855,16.765254861594666,15.85544387595491
600829.SH,20150527,18.84,19.0,18.36,18.71,18.91,-0.2,-1.06,112449.64,209321.059,8.753,16.526760719727932,16.641591232478582,16.782921094325534,16.217601646937727
600829.SH,20150528,18.75,18.99,16.84,16.84,18.71,-1.87,-9.99,149742.02,270870.191,8.753,14.874967959391682,16.56209318518967,16.774087977960097,14.874967959391682
600829.SH,20150529,16.83,17.2,15.72,16.49,16.84,-0.35,-2.08,109516.58,180730.43,8.753,14.565808886601474,14.866134843026249,15.192960148547323,13.88565892646302
600829.SH,20150601,16.62,17.97,16.55,17.77,16.49,1.28,7.76,104602.57,180198.136,8.753,15.69644778137709,14.680639399352124,15.87311010868578,14.618807584794084
600829.SH,20150602,18.21,18.3,17.5,18.2,17.77,0.43,2.42,127916.69,229244.694,8.753,16.07627178509077,16.08510490145621,16.16460294874512,15.45795363951036
600829.SH,20150603,18.4,20.02,18.32,20.02,18.2,1.82,10.0,238167.28,464838.396,8.753,17.68389896359985,16.252934112399462,17.68389896359985,16.182269181475988
600829.SH,20150604,20.4,22.02,18.32,21.55,20.02,1.53,7.64,287921.34,598015.061,8.753,19.03536576751133,18.01955738548636,19.450522236686748,16.182269181475988
600829.SH,20150605,21.61,23.3,21.5,22.07,21.55,0.52,2.41,256319.43,570927.51,8.753,19.49468781851392,19.088364465703936,20.58116113146237,18.99120018568416
600829.SH,20150608,21.9,22.06,20.7,20.89,22.07,-1.18,-5.35,162309.84,344231.501,8.753,18.45238008739265,19.34452484030153,19.485854702148483,18.284550876449394
600829.SH,20150609,20.79,20.79,19.91,20.15,20.89,-0.74,-3.54,129593.39,260987.258,8.753,17.7987294763505,18.364048923738306,18.364048923738306,17.586734683580072
600829.SH,20150610,20.0,22.17,19.76,22.17,20.15,2.02,10.02,177342.96,379721.055,8.753,19.583018982168262,17.66623273086898,19.583018982168262,17.454237938098554
600829.SH,20150611,22.86,24.39,22.86,24.39,22.17,2.22,10.01,232033.0,549681.109,8.753,21.543970815294724,20.19250401138325,21.543970815294724,20.19250401138325
600829.SH,20150612,25.5,26.83,24.35,26.11,24.39,1.72,7.05,221868.9,570427.362,8.753,23.06326683014945,22.52444673185796,23.699251208460737,21.50863834983299
600829.SH,20150615,26.29,28.11,25.25,25.63,26.11,-0.48,-1.84,170430.5,458592.833,8.753,22.6392772446086,23.222262924727275,24.829890103236355,22.30361882272209
600829.SH,20150616,24.88,25.24,23.1,24.18,25.63,-1.45,-5.66,151918.0,366402.978,8.753,21.3584753716206,21.976793517201013,22.29478570635665,20.404498804153675
600829.SH,20150617,24.2,26.6,23.81,26.6,24.18,2.42,10.01,122738.83,306816.368,8.753,23.496089532055745,21.376141604351467,23.496089532055745,21.031650066099523
600829.SH,20150618,27.3,29.0,25.96,26.17,26.6,-0.43,-1.62,191660.67,529570.066,8.753,23.116265528342065,24.11440767763616,25.616037459760022,22.930770084667937
600829.SH,20150619,24.52,25.5,23.55,23.55,26.17,-2.62,-10.01,119579.36,291651.816,8.753,20.801989040598222,21.65880132804537,22.52444673185796,20.801989040598222
600829.SH,20150623,23.11,23.92,21.2,22.77,23.55,-0.78,-3.31,133054.95,295064.368,8.753,20.11300596409433,20.413331920519106,21.128814346119302,18.72620669472112
600829.SH,20150624,23.0,23.5,21.8,23.08,22.77,0.31,1.36,165132.8,374697.802,8.753,20.386832571422804,20.31616764049933,20.757823458771053,19.25619367664719
600829.SH,20150625,23.0,24.5,22.3,23.28,23.08,0.2,0.87,171034.86,399186.59,8.753,20.56349489873149,20.31616764049933,21.641135095314503,19.69784949491892
600829.SH,20150626,21.68,21.8,20.95,20.95,23.28,-2.33,-10.01,91651.3,193817.806,8.753,18.505378785585258,19.150196280261977,19.25619367664719,18.505378785585258
600829.SH,20150629,21.02,21.38,18.86,18.86,20.95,-2.09,-9.98,112700.33,218623.305,8.753,16.65925746520945,18.56721060014329,18.88520278929894,16.65925746520945
600829.SH,20150630,17.99,19.9,16.97,19.84,18.86,0.98,5.2,181580.34,331945.09,8.753,17.524902869022032,15.890776341416649,17.577901567214635,14.989798472142333
600829.SH,20150701,19.35,20.17,17.86,17.86,19.84,-1.98,-9.98,135777.71,261026.897,8.753,15.775945828666,17.09208016711574,17.81639570908137,15.775945828666
600829.SH,20150702,17.17,17.98,16.07,16.07,17.86,-1.79,-10.02,121291.61,200098.871,8.753,14.194817999253226,15.166460799451023,15.881943225051216,14.194817999253226
600829.SH,20150703,14.84,16.05,14.46,14.46,16.07,-1.61,-10.02,113043.82,165989.257,8.753,12.772686264418274,13.108344686304784,14.17715176652236,12.772686264418274
600829.SH,20150706,15.7,15.7,13.01,13.01,14.46,-1.45,-10.03,110931.07,155191.178,8.753,11.491884391430272,13.86799269373215,13.86799269373215,11.491884391430272
600829.SH,20150707,11.71,11.81,11.71,11.71,13.01,-1.3,-9.99,37964.0,44478.078,8.753,10.34357926392379,10.34357926392379,10.431910427578137,10.34357926392379
600829.SH,20150708,10.54,10.54,10.54,10.54,11.71,-1.17,-9.99,3852.0,4060.008,8.753,9.310104649167954,9.310104649167954,9.310104649167954,9.310104649167954
600829.SH,20150709,9.49,11.59,9.49,11.59,10.54,1.05,9.96,305604.88,319770.637,8.753,10.237581867538577,8.382627430797333,10.237581867538577,8.382627430797333
600829.SH,20150710,12.12,12.75,11.82,12.75,11.59,1.16,10.01,102004.19,128196.907,8.753,11.262223365928977,10.705737034906605,11.262223365928977,10.440743543943569
600829.SH,20150713,13.6,14.03,12.91,14.03,12.75,1.28,10.04,156475.53,215330.937,8.753,12.39286226070459,12.013038256990908,12.39286226070459,11.403553227775928
600829.SH,20150714,14.6,15.43,13.37,14.9,14.03,0.87,6.2,237231.93,353569.915,8.753,13.161343384497393,12.896349893534357,13.629498551865415,11.809876580585914
600829.SH,20150715,14.19,14.77,13.41,13.41,14.9,-1.49,-10.0,230698.86,319537.562,8.753,11.845209046047652,12.53419212255154,13.046512871746744,11.845209046047652
600829.SH,20150716,12.7,14.2,12.1,13.42,13.41,0.01,0.07,157790.14,210801.298,8.753,11.854042162413087,11.218057784101804,12.543025238916975,10.688070802175734
600829.SH,20150717,13.28,14.53,13.28,14.43,13.42,1.01,7.53,130189.62,182750.531,8.753,12.746186915321973,11.730378533297005,12.834518078976314,11.730378533297005
600829.SH,20150720,14.46,15.09,14.1,15.07,14.43,0.64,4.44,207064.94,303773.405,8.753,13.311506362709778,12.772686264418274,13.329172595440648,12.454694075262632
600829.SH,20150721,16.0,16.58,15.28,16.58,15.07,1.51,10.02,219315.21,357026.328,8.753,14.645306933890383,14.132986184695186,14.645306933890383,13.4970018063839
600829.SH,20150722,17.01,17.54,15.66,16.61,16.58,0.03,0.18,236002.92,389654.008,8.753,14.671806282986688,15.02513093760407,15.493286104972096,13.832660228270411
600829.SH,20150723,16.19,17.08,15.67,16.8,16.61,0.19,1.14,198295.43,324289.776,8.753,14.839635493929944,14.30081539563844,15.08696275216211,13.841493344635849
600829.SH,20150724,16.56,16.98,15.93,16.15,16.8,-0.65,-3.87,158544.13,261712.849,8.753,14.265482930176702,14.627640701159518,14.998631588507768,14.071154370137144
600829.SH,20150727,15.5,16.58,14.54,14.54,16.15,-1.61,-9.97,128124.56,200211.742,8.753,12.84335119534175,13.69133036642346,14.645306933890383,12.84335119534175
600829.SH,20150728,13.5,14.79,13.09,13.89,14.54,-0.65,-4.47,144552.93,197640.941,8.753,12.269198631588509,11.924707093336565,13.06417910447761,11.562549322353748
600829.SH,20150729,14.29,14.94,13.31,14.81,13.89,0.92,6.62,107905.4,152022.776,8.753,13.081845337208485,12.622523286205888,13.19667584995913,11.756877882393308
600829.SH,20150730,14.6,15.24,14.01,14.37,14.81,-0.44,-2.97,119282.05,177117.282,8.753,12.693188217129364,12.896349893534357,13.461669340922166,12.375196027973722
600829.SH,20150731,13.61,14.49,13.1,13.59,14.37,-0.78,-5.43,76388.05,106121.6,8.753,12.004205140625473,12.02187137335634,12.799185613514576,11.571382438719183
600829.SH,20150803,13.34,13.48,12.23,12.31,13.59,-1.28,-9.42,97623.38,123698.606,8.753,10.873566245849858,11.783377231489611,11.907040860605694,10.802901314926384
600829.SH,20150804,12.55,13.54,12.36,13.54,12.31,1.23,9.99,94928.35,124048.508,8.753,11.9600395587983,11.085561038620288,11.9600395587983,10.91773182767703
600829.SH,20150805,13.51,14.06,13.5,13.77,13.54,0.23,1.7,110751.78,152757.857,8.753,12.163201235203292,11.933540209701995,12.419361609800896,11.924707093336565
600829.SH,20150806,13.44,13.88,13.1,13.54,13.77,-0.23,-1.67,56108.61,76348.435,8.753,11.9600395587983,11.871708395143957,12.260365515223071,11.571382438719183
600829.SH,20150807,13.7,14.23,13.7,14.14,13.54,0.6,4.43,76953.76,108133.936,8.753,12.49002654072437,12.101369420645252,12.569524588013282,12.101369420645252
600829.SH,20150810,14.41,15.4,14.21,15.34,14.14,1.2,8.49,101874.27,152239.898,8.753,13.550000504576508,12.7285206825911,13.602999202769116,12.551858355282413
600829.SH,20150811,15.5,16.47,15.21,15.81,15.34,0.47,3.06,143027.12,225307.486,8.753,13.96515697375193,13.69133036642346,14.548142653870608,13.435169991825862
600829.SH,20150812,15.4,15.91,15.03,15.21,15.81,-0.6,-3.8,83938.85,130067.608,8.753,13.435169991825862,13.602999202769116,14.053488137406276,13.27617389724804
600829.SH,20150813,15.11,15.78,14.5,15.75,15.21,0.54,3.55,90412.57,137643.879,8.753,13.912158275559324,13.346838828171514,13.938657624655628,12.808018729880011
600829.SH,20150814,15.85,16.0,15.6,15.65,15.75,-0.1,-0.63,98158.32,154867.71,8.753,13.82382711190498,14.000489439213668,14.132986184695186,13.779661530077805
600829.SH,20150817,15.65,15.88,15.0,15.83,15.65,0.18,1.15,94206.8,146157.687,8.753,13.9828232064828,13.82382711190498,14.026988788309971,13.249674548151738
600829.SH,20150818,15.88,15.98,14.25,14.25,15.83,-1.58,-9.98,98762.65,148961.717,8.753,12.58719082074415,14.026988788309971,14.115319951964317,12.58719082074415
600829.SH,20150819,13.71,15.3,12.98,15.16,14.25,0.91,6.39,84144.32,117765.066,8.753,13.391004409998688,12.110202537010688,13.514668039114772,11.465385042333969
600829.SH,20150820,14.85,15.0,14.15,14.22,15.16,-0.94,-6.2,49877.69,73042.829,8.753,12.560691471647846,13.117177802670218,13.249674548151738,12.498859657089804
600829.SH,20150821,13.53,14.0,12.97,13.2,14.22,-1.02,-7.17,65840.49,88602.758,8.753,11.659713602373529,11.951206442432866,12.366362911608288,11.456551925968537
600829.SH,20150824,12.3,12.55,11.88,11.88,13.2,-1.32,-10.0,48301.54,57800.942,8.753,10.493742242136175,10.864733129484424,11.085561038620288,10.493742242136175
600829.SH,20150825,10.7,11.49,10.69,10.69,11.88,-1.19,-10.02,69467.52,76054.57,8.753,9.44260139464947,9.451434511014906,10.149250703884231,9.44260139464947
600829.SH,20150826,11.0,11.39,9.8,10.03,10.69,-0.66,-6.17,109322.87,116732.688,8.753,8.859615714530793,9.71642800197794,10.060919540229886,8.656454038125801
600829.SH,20150827,10.44,10.88,9.88,10.8,10.03,0.77,7.68,74349.2,77128.159,8.753,9.539765674669251,9.221773485513609,9.610430605592729,8.727118969049277
600829.SH,20150828,11.0,11.8,10.75,11.74,10.8,0.94,8.7,110428.34,122680.293,8.753,10.370078613020093,9.71642800197794,10.4230773112127,9.49560009284208
600829.SH,20150831,11.6,11.65,10.97,11.1,11.74,-0.64,-5.45,65791.15,74243.353,8.753,9.804759165632284,10.24641498390401,10.290580565731185,9.689928652881637
600829.SH,20150901,10.98,10.98,10.0,10.01,11.1,-1.09,-9.82,59554.73,61326.228,8.753,8.841949481799926,9.69876176924707,9.69876176924707,8.83311636543449
600829.SH,20150902,9.6,10.46,9.27,9.82,10.01,-0.19,-1.9,63792.39,63127.648,8.753,8.674120270856669,8.479791710817112,9.239439718244478,8.188298870757773
600829.SH,20150907,10.31,10.49,10.05,10.13,9.82,0.31,3.16,66235.93,67876.842,8.753,8.94794687818514,9.10694297276296,9.26593906734078,8.877281947261665
600829.SH,20150908,10.1,10.82,9.82,10.69,10.13,0.56,5.53,70537.82,72241.614,8.753,9.44260139464947,8.921447529088836,9.55743190740012,8.674120270856669
600829.SH,20150909,10.69,11.32,10.56,11.12,10.69,0.43,4.02,90512.94,99505.552,8.753,9.822425398363151,9.44260139464947,9.999087725671844,9.327770881898822
600829.SH,20150910,10.92,11.2,10.72,10.87,11.12,-0.25,-2.25,48588.51,53276.787,8.753,9.60159748922729,9.645763071054464,9.893090329286627,9.469100743745772
600829.SH,20150911,10.73,11.06,10.66,10.84,10.87,-0.03,-0.28,33251.61,36026.815,8.753,9.575098140130988,9.477933860111207,9.769426700170548,9.416102045553169
600829.SH,20150914,10.93,11.05,9.76,9.76,10.84,-1.08,-9.96,56101.68,57405.103,8.753,8.621121572664064,9.654596187419898,9.760593583805113,8.621121572664064
600829.SH,20150915,9.5,9.89,8.79,8.98,9.76,-0.78,-7.99,57021.36,53104.89,8.753,7.932138496160173,8.391460547162767,8.735952085414711,7.764309285216917
600829.SH,20150916,8.94,9.88,8.94,9.88,8.98,0.9,10.02,51078.38,47873.207,8.753,8.727118969049277,7.896806030698435,8.727118969049277,7.896806030698435
600829.SH,20150917,9.7,10.15,9.27,9.47,9.88,-0.41,-4.15,68170.21,67069.729,8.753,8.364961198066464,8.568122874471456,8.965613110916008,8.188298870757773
600829.SH,20150918,9.49,9.68,9.37,9.59,9.47,0.12,1.27,43051.05,40995.848,8.753,8.470958594451677,8.382627430797333,8.550456641740587,8.276630034412117
600829.SH,20150921,9.32,10.12,9.23,10.1,9.59,0.51,5.32,57130.11,56169.042,8.753,8.921447529088836,8.232464452584946,8.939113761819705,8.152966405296036
600829.SH,20150922,10.16,10.49,10.04,10.36,10.1,0.26,2.57,67636.21,69786.781,8.753,9.151108554590133,8.974446227281444,9.26593906734078,8.868448830896227
600829.SH,20150923,10.21,10.32,10.0,10.12,10.36,-0.24,-2.32,37963.1,38536.181,8.753,8.939113761819705,9.018611809108616,9.115776089128396,8.83311636543449
600829.SH,20150924,10.27,10.46,10.1,10.43,10.12,0.31,3.06,38014.69,38998.651,8.753,9.212940369148177,9.07161050730122,9.239439718244478,8.921447529088836
600829.SH,20150925,10.35,10.38,9.87,10.0,10.43,-0.43,-4.12,34436.84,34751.987,8.753,8.83311636543449,9.142275438224695,9.168774787321002,8.718285852683842
600829.SH,20150928,10.05,10.46,9.81,10.29,10.0,0.29,2.9,33955.16,34567.19,8.753,9.08927674003209,8.877281947261665,9.239439718244478,8.665287154491237
600829.SH,20150929,10.19,10.19,9.88,9.95,10.29,-0.34,-3.3,37581.15,37591.377,8.753,8.788950783607318,9.000945576377745,9.000945576377745,8.727118969049277
600829.SH,20150930,10.1,10.1,9.88,10.01,9.95,0.06,0.6,18088.14,18106.518,8.753,8.841949481799926,8.921447529088836,8.921447529088836,8.727118969049277
600829.SH,20151008,10.51,10.64,10.33,10.47,10.01,0.46,4.6,44352.74,46457.799,8.753,9.248272834609912,9.283605300071647,9.3984358128223,9.12460920549383
600829.SH,20151009,10.55,10.76,10.41,10.68,10.47,0.21,2.01,56398.55,60025.986,8.753,9.433768278284036,9.31893776553339,9.504433209207512,9.195274136417304
600829.SH,20151012,10.78,11.44,10.69,11.35,10.68,0.67,6.27,78234.75,87252.237,8.753,10.025587074768149,9.52209944193838,10.10508512205706,9.44260139464947
600829.SH,20151013,11.3,11.38,11.12,11.28,11.35,-0.07,-0.62,62381.84,70259.969,8.753,9.963755260210103,9.981421492940974,10.052086423864452,9.822425398363151
600829.SH,20151014,11.22,11.75,11.0,11.58,11.28,0.3,2.66,104912.9,119398.742,8.753,10.22874875117314,9.9107565620175,10.378911729385528,9.71642800197794
600829.SH,20151015,11.38,11.9,11.3,11.82,11.58,0.24,2.07,80986.92,94432.704,8.753,10.440743543943569,10.052086423864452,10.511408474867045,9.981421492940974
600829.SH,20151016,11.92,12.23,11.61,12.05,11.82,0.23,1.95,84088.82,100345.757,8.753,10.643905220348564,10.529074707597914,10.802901314926384,10.255248100269442
600829.SH,20151019,12.0,12.03,11.65,11.78,12.05,-0.27,-2.24,57655.75,68532.521,8.753,10.40541107848183,10.59973963852139,10.626238987617691,10.290580565731185
600829.SH,20151020,11.78,12.12,11.66,12.09,11.78,0.31,2.63,53806.46,64181.631,8.753,10.6792376858103,10.40541107848183,10.705737034906605,10.299413682096615
600829.SH,20151021,12.12,12.65,11.3,11.47,12.09,-0.62,-5.13,93450.56,112367.814,8.753,10.131584471153362,10.705737034906605,11.173892202274631,9.981421492940974
600829.SH,20151022,11.54,12.4,11.49,12.3,11.47,0.83,7.24,104416.44,124810.345,8.753,10.864733129484424,10.193416285711402,10.953064293138768,10.149250703884231
600829.SH,20151023,12.6,13.52,12.39,13.48,12.3,1.18,9.59,136820.43,176048.7,8.753,11.907040860605694,11.12972662044746,11.94237332606743,10.944231176773336
600829.SH,20151026,13.3,13.3,12.58,12.91,13.48,-0.57,-4.23,168614.46,218531.902,8.753,11.403553227775928,11.748044766027872,11.748044766027872,11.112060387716587
600829.SH,20151027,12.7,12.89,12.0,12.74,12.91,-0.17,-1.32,80844.41,101101.353,8.753,11.25339024956354,11.218057784101804,11.38588699504506,10.59973963852139
600829.SH,20151028,12.6,12.97,12.26,12.51,12.74,-0.23,-1.81,59884.99,75604.021,8.753,11.050228573158549,11.12972662044746,11.456551925968537,10.829400664022684
600829.SH,20151029,12.5,12.74,12.37,12.49,12.51,-0.02,-0.16,50222.29,63026.44,8.753,11.03256234042768,11.041395456793111,11.25339024956354,10.926564944042465
600829.SH,20151030,12.52,12.68,12.0,12.42,12.49,-0.07,-0.56,72202.62,89355.245,8.753,10.970730525869635,11.059061689523984,11.200391551370934,10.59973963852139
600829.SH,20151102,12.03,12.48,11.98,12.04,12.42,-0.38,-3.06,44468.97,54419.714,8.753,10.635072103983124,10.626238987617691,11.023729224062246,10.58207340579052
600829.SH,20151103,12.15,12.19,11.59,11.64,12.04,-0.4,-3.32,66623.29,78901.283,8.753,10.281747449365747,10.732236384002906,10.767568849464643,10.237581867538577
600829.SH,20151104,11.7,12.68,11.63,12.57,11.64,0.93,7.99,108800.09,132267.889,8.753,11.103227271351155,10.334746147558354,11.200391551370934,10.272914333000314
600829.SH,20151105,12.44,12.8,12.4,12.64,12.57,0.07,0.56,91959.74,116421.179,8.753,11.165059085909196,10.988396758600508,11.30638894775615,10.953064293138768
600829.SH,20151106,12.57,13.35,12.52,13.11,12.64,0.47,3.72,104274.4,136510.39,8.753,11.580215555084616,11.103227271351155,11.792210347855043,11.059061689523984
600829.SH,20151109,12.85,14.07,12.8,13.72,13.11,0.61,4.65,149015.28,198470.375,8.753,12.11903565337612,11.35055452958332,12.42819472616633,11.30638894775615
600829.SH,20151110,13.45,13.8,13.18,13.76,13.72,0.04,0.29,174428.11,234522.029,8.753,12.15436811883786,11.880541511509389,12.1897005842996,11.64204736964266
600829.SH,20151111,13.49,13.85,13.49,13.7,13.76,-0.06,-0.44,89451.46,122264.881,8.753,12.101369420645252,11.91587397697113,12.23386616612677,11.91587397697113
600829.SH,20151112,13.72,13.95,13.58,13.77,13.7,0.07,0.51,95009.03,130837.326,8.753,12.163201235203292,12.11903565337612,12.322197329781114,11.99537202426004
600829.SH,20151113,13.64,13.65,13.08,13.19,13.77,-0.58,-4.21,73235.51,97396.016,8.753,11.650880486008091,12.048370722452646,12.05720383881808,11.553716205988314
600829.SH,20151116,12.8,13.29,12.71,13.28,13.19,0.09,0.68,84276.96,109403.95,8.753,11.730378533297005,11.30638894775615,11.739211649662437,11.22689090046724
600829.SH,20151117,13.42,13.53,12.92,13.02,13.28,-0.26,-1.96,76688.77,102351.649,8.753,11.500717507795708,11.854042162413087,11.951206442432866,11.412386344141362
600829.SH,20151118,13.09,13.44,12.94,13.04,13.02,0.02,0.15,54107.89,71375.928,8.753,11.518383740526575,11.562549322353748,11.871708395143957,11.43005257687223
600829.SH,20151119,13.05,13.48,13.05,13.41,13.04,0.37,2.84,59626.54,79334.275,8.753,11.845209046047652,11.52721685689201,11.907040860605694,11.52721685689201
600829.SH,20151120,13.41,13.74,13.37,13.52,13.41,0.11,0.82,69297.64,94276.199,8.753,11.94237332606743,11.845209046047652,12.13670188610699,11.809876580585914
600829.SH,20151123,13.36,14.28,13.36,14.18,13.52,0.66,4.88,163691.0,229300.093,8.753,12.52535900618611,11.80104346422048,12.613690169840453,11.80104346422048
600829.SH,20151124,14.03,14.35,13.68,14.22,14.18,0.04,0.28,100851.42,141775.15,8.753,12.560691471647846,12.39286226070459,12.675521984398491,12.083703187914384
600829.SH,20151125,14.3,14.67,14.1,14.29,14.22,0.07,0.49,96517.53,138754.47,8.753,12.622523286205888,12.631356402571322,12.9581817080924,12.454694075262632
600829.SH,20151126,14.3,14.98,14.12,14.75,14.29,0.46,3.22,123270.33,180018.28,8.753,13.028846639015876,12.631356402571322,13.232008315420869,12.4723603079935
600829.SH,20151127,14.52,15.19,13.78,13.99,14.75,-0.76,-5.15,142637.96,207589.736,8.753,12.357529795242852,12.82568496261088,13.417503759094991,12.172034351568728
600829.SH,20151130,13.87,14.51,13.26,14.49,13.99,0.5,3.57,95522.26,132396.932,8.753,12.799185613514576,12.251532398857638,12.816851846245443,11.712712300566135
600829.SH,20151201,14.6,15.19,14.4,15.14,14.49,0.65,4.49,114575.75,169421.654,8.753,13.37333817726782,12.896349893534357,13.417503759094991,12.719687566225666
600829.SH,20151202,14.88,16.65,14.8,15.78,15.14,0.64,4.23,238906.67,383623.705,8.753,13.938657624655628,13.143677151766523,14.707138748448427,13.073012220843044
600829.SH,20151203,15.7,16.15,15.62,15.86,15.78,0.08,0.51,77704.25,123244.649,8.753,14.009322555579102,13.86799269373215,14.265482930176702,13.797327762808674
600829.SH,20151204,15.71,16.28,15.66,15.96,15.86,0.1,0.63,80679.33,128691.437,8.753,14.097653719233447,13.876825810097587,14.380313442927353,13.832660228270411
600829.SH,20151207,16.1,16.49,15.85,16.44,15.96,0.48,3.01,57145.5,91914.544,8.753,14.521643304774305,14.221317348349531,14.565808886601474,14.000489439213668
600829.SH,20151208,16.4,16.96,16.2,16.3,16.44,-0.14,-0.85,108338.22,180333.425,8.753,14.39797967565822,14.486310839312564,14.980965355776895,14.309648512003877
600829.SH,20151209,16.08,16.27,15.65,15.78,16.3,-0.52,-3.19,74128.27,117723.041,8.753,13.938657624655628,14.20365111561866,14.371480326561915,13.82382711190498
600829.SH,20151210,15.79,15.95,15.65,15.82,15.78,0.04,0.25,32454.42,51130.328,8.753,13.973990090117368,13.94749074102106,14.088820602868012,13.82382711190498
600829.SH,20151211,15.76,16.07,15.68,15.76,15.82,-0.06,-0.38,40948.56,65030.515,8.753,13.920991391924758,13.920991391924758,14.194817999253226,13.85032646100128
600829.SH,20151214,15.6,16.1,15.55,16.02,15.76,0.26,1.65,42502.77,67507.46,8.753,14.150652417426056,13.779661530077805,14.221317348349531,13.735495948250634
600829.SH,20151215,16.1,16.55,15.98,16.19,16.02,0.17,1.06,44017.55,71628.808,8.753,14.30081539563844,14.221317348349531,14.618807584794084,14.115319951964317
600829.SH,20151216,16.12,16.55,15.98,16.4,16.19,0.21,1.3,51218.66,83453.522,8.753,14.486310839312564,14.2389835810804,14.618807584794084,14.115319951964317
600829.SH,20151217,16.64,17.1,16.64,16.77,16.4,0.37,2.26,71324.81,119942.542,8.753,14.813136144833642,14.698305632082992,15.10462898489298,14.698305632082992
600829.SH,20151218,16.8,16.98,16.44,16.76,16.77,-0.01,-0.06,60315.78,100734.238,8.753,14.804303028468208,14.839635493929944,14.998631588507768,14.521643304774305
600829.SH,20151221,16.66,17.25,16.61,17.02,16.76,0.26,1.55,88439.53,150055.193,8.753,15.033964053969502,14.715971864813865,15.237125730374496,14.671806282986688
600829.SH,20151222,17.02,17.23,16.78,17.05,17.02,0.03,0.18,55855.67,94995.268,8.753,15.060463403065809,15.033964053969502,15.219459497643628,14.821969261199078
600829.SH,20151223,17.05,17.05,16.7,16.9,17.05,-0.15,-0.88,59971.54,101019.859,8.753,14.927966657584289,15.060463403065809,15.060463403065809,14.751304330275598
600829.SH,20151224,16.98,16.98,16.5,16.53,16.9,-0.37,-2.19,34518.48,57445.336,8.753,14.601141352063214,14.998631588507768,14.998631588507768,14.57464200296691
600829.SH,20151225,16.5,17.0,16.5,16.55,16.53,0.02,0.12,34621.96,58014.92,8.753,14.618807584794084,14.57464200296691,15.016297821238632,14.57464200296691
600829.SH,20151228,16.53,17.0,16.36,16.93,16.55,0.38,2.3,81644.68,136491.83,8.753,14.954466006680592,14.601141352063214,15.016297821238632,14.450978373850829
600829.SH,20151229,16.76,17.31,16.55,17.3,16.93,0.37,2.19,97305.96,165042.283,8.753,15.28129131220167,14.804303028468208,15.290124428567104,14.618807584794084
600829.SH,20151230,17.36,17.52,16.7,16.73,17.3,-0.57,-3.29,137440.79,236620.816,8.753,14.777803679371903,15.334290010394277,15.475619872241229,14.751304330275598
600829.SH,20151231,16.65,16.67,15.9,16.61,16.73,-0.12,-0.72,127345.23,206728.079,8.753,14.671806282986688,14.707138748448427,14.724804981179298,14.04465502104084
600829.SH,20160104,16.15,16.4,14.95,14.95,16.61,-1.66,-9.99,32533.87,51346.76,8.753,13.205508966324564,14.265482930176702,14.486310839312564,13.205508966324564
600829.SH,20160105,13.58,14.82,13.58,14.45,14.95,-0.5,-3.34,58661.42,84845.848,8.753,12.76385314805284,11.99537202426004,13.090678453573917,11.99537202426004
600829.SH,20160106,14.35,15.03,14.35,14.97,14.45,0.52,3.6,41099.33,60121.214,8.753,13.223175199055431,12.675521984398491,13.27617389724804,12.675521984398491
600829.SH,20160107,14.63,14.63,13.47,13.47,14.97,-1.5,-10.02,9651.84,13453.865,8.753,11.89820774424026,12.922849242630662,12.922849242630662,11.89820774424026
600829.SH,20160108,13.98,14.2,12.21,13.84,13.47,0.37,2.75,54727.57,75159.807,8.753,12.225033049761334,12.34869667887742,12.543025238916975,10.785235082195516
600829.SH,20160111,13.5,13.79,12.46,12.46,13.84,-1.38,-9.97,35218.86,45529.157,8.753,11.006062991331376,11.924707093336565,12.180867467934162,11.006062991331376
600829.SH,20160112,12.2,12.6,11.9,12.12,12.46,-0.34,-2.73,31907.64,39119.628,8.753,10.705737034906605,10.77640196583008,11.12972662044746,10.511408474867045
600829.SH,20160113,12.3,12.54,10.98,11.0,12.12,-1.12,-9.24,46791.09,55137.816,8.753,9.71642800197794,10.864733129484424,11.076727922254852,9.69876176924707
600829.SH,20160114,10.5,11.63,10.4,11.48,11.0,0.48,4.36,35854.24,39919.577,8.753,10.140417587518796,9.274772183706215,10.272914333000314,9.18644102005187
600829.SH,20160115,11.47,11.66,10.51,10.7,11.48,-0.78,-6.79,29062.03,32393.56,8.753,9.451434511014906,10.131584471153362,10.299413682096615,9.283605300071647
600829.SH,20160118,10.7,11.15,10.5,11.04,10.7,0.34,3.18,27181.36,29726.154,8.753,9.751760467439675,9.451434511014906,9.848924747459458,9.274772183706215
600829.SH,20160119,11.04,11.69,10.92,11.68,11.04,0.64,5.8,33999.63,38581.744,8.753,10.317079914827485,9.751760467439675,10.32591303119292,9.645763071054464
600829.SH,20160120,11.64,11.74,11.33,11.43,11.68,-0.25,-2.14,39337.6,45334.515,8.753,10.096252005691625,10.281747449365747,10.370078613020093,10.00792084203728
600829.SH,20160121,11.18,11.66,10.8,10.85,11.43,-0.58,-5.07,34554.63,39183.506,8.753,9.583931256496422,9.87542409655576,10.299413682096615,9.539765674669251
600829.SH,20160122,11.05,11.26,10.6,11.09,10.85,0.24,2.21,36903.82,40200.94,8.753,9.79592604926685,9.760593583805113,9.946089027479236,9.36310334736056
600829.SH,20160125,11.13,11.39,11.11,11.24,11.09,0.15,1.35,32024.53,36063.217,8.753,9.928422794748368,9.83125851472859,10.060919540229886,9.81359228199772
600829.SH,20160126,11.15,11.15,10.12,10.12,11.24,-1.12,-9.96,39466.46,41937.224,8.753,8.939113761819705,9.848924747459458,9.848924747459458,8.939113761819705
600829.SH,20160127,10.19,10.3,9.6,10.26,10.12,0.14,1.38,35665.84,35702.438,8.753,9.062777390935787,9.000945576377745,9.098109856397526,8.479791710817112
600829.SH,20160128,10.14,10.3,9.81,9.93,10.26,-0.33,-3.22,23178.51,23345.925,8.753,8.771284550876448,8.956779994550574,9.098109856397526,8.665287154491237
600829.SH,20160129,9.82,10.59,9.81,10.5,9.93,0.57,5.74,33461.06,34503.331,8.753,9.274772183706215,8.674120270856669,9.354270230995128,8.665287154491237
600829.SH,20160201,10.35,10.48,10.15,10.29,10.5,-0.21,-2.0,29299.14,30109.497,8.753,9.08927674003209,9.142275438224695,9.257105950975347,8.965613110916008
600829.SH,20160202,10.37,10.97,10.18,10.74,10.29,0.45,4.37,23716.01,25440.583,8.753,9.486766976476645,9.159941670955568,9.689928652881637,8.992112460012311
600829.SH,20160203,10.67,11.08,10.55,11.0,10.74,0.26,2.42,21219.67,22991.871,8.753,9.71642800197794,9.4249351619186,9.787092932901416,9.31893776553339
600829.SH,20160204,10.93,11.63,10.93,11.26,11.0,0.26,2.36,26677.22,30402.184,8.753,9.946089027479236,9.654596187419898,10.272914333000314,9.654596187419898
600829.SH,20160205,11.18,11.47,11.18,11.21,11.26,-0.05,-0.44,20133.5,22780.343,8.753,9.901923445652065,9.87542409655576,10.131584471153362,9.87542409655576
600829.SH,20160215,10.8,11.54,10.66,11.45,11.21,0.24,2.14,17456.44,19705.199,8.753,10.11391823842249,9.539765674669251,10.193416285711402,9.416102045553169
600829.SH,20160216,11.4,11.98,11.4,11.9,11.45,0.45,3.93,30319.08,35818.618,8.753,10.511408474867045,10.06975265659532,10.58207340579052,10.06975265659532
600829.SH,20160217,11.87,12.08,11.61,11.98,11.9,0.08,0.67,36697.69,43456.311,8.753,10.58207340579052,10.48490912577074,10.670404569444864,10.255248100269442
600829.SH,20160218,12.05,12.19,11.81,11.83,11.98,-0.15,-1.25,20506.81,24458.461,8.753,10.449576660309004,10.643905220348564,10.767568849464643,10.431910427578137
600829.SH,20160219,11.83,11.92,11.6,11.74,11.83,-0.09,-0.76,22660.59,26612.96,8.753,10.370078613020093,10.449576660309004,10.529074707597914,10.24641498390401
600829.SH,20160222,11.88,11.98,11.78,11.82,11.74,0.08,0.68,34743.53,41279.959,8.753,10.440743543943569,10.493742242136175,10.58207340579052,10.40541107848183
600829.SH,20160223,11.83,11.89,11.52,11.66,11.82,-0.16,-1.35,24231.22,28386.445,8.753,10.299413682096615,10.449576660309004,10.50257535850161,10.175750052980533
600829.SH,20160224,11.6,11.81,11.5,11.76,11.66,0.1,0.86,20967.78,24527.297,8.753,10.387744845750962,10.24641498390401,10.431910427578137,10.158083820249663
600829.SH,20160225,11.76,11.84,10.58,10.58,11.76,-1.18,-10.03,33956.59,37879.172,8.753,9.345437114629693,10.387744845750962,10.458409776674436,9.345437114629693
600829.SH,20160226,10.68,10.9,10.2,10.61,10.58,0.03,0.28,28395.86,29971.301,8.753,9.371936463725994,9.433768278284036,9.628096838323597,9.00977869274318
600829.SH,20160229,10.53,10.58,9.56,9.67,10.61,-0.94,-8.86,35379.12,34760.462,8.753,8.541623525375153,9.301271532802518,9.345437114629693,8.444459245355374
600829.SH,20160301,9.83,9.89,9.35,9.79,9.67,0.12,1.24,34397.96,33254.742,8.753,8.647620921760366,8.682953387222105,8.735952085414711,8.258963801681249
600829.SH,20160302,9.8,10.25,9.79,10.22,9.79,0.43,4.39,58174.95,58621.197,8.753,9.02744492547405,8.656454038125801,9.053944274570354,8.647620921760366
600829.SH,20160303,10.22,10.43,10.12,10.23,10.22,0.01,0.1,43043.92,44449.949,8.753,9.036278041839486,9.02744492547405,9.212940369148177,8.939113761819705
600829.SH,20160304,10.16,10.28,9.7,9.87,10.23,-0.36,-3.52,33795.87,33756.733,8.753,8.718285852683842,8.974446227281444,9.080443623666657,8.568122874471456
600829.SH,20160307,9.9,10.34,9.9,10.28,9.87,0.41,4.15,30389.26,30976.683,8.753,9.080443623666657,8.744785201780147,9.133442321859263,8.744785201780147
600829.SH,20160308,10.3,10.55,9.71,10.54,10.28,0.26,2.53,35428.31,36057.307,8.753,9.310104649167954,9.098109856397526,9.31893776553339,8.576955990836892
600829.SH,20160309,10.3,10.8,10.01,10.28,10.54,-0.26,-2.47,35902.64,37053.185,8.753,9.080443623666657,9.098109856397526,9.539765674669251,8.841949481799926
600829.SH,20160310,10.22,10.35,10.1,10.34,10.28,0.06,0.58,32139.66,32929.881,8.753,9.133442321859263,9.02744492547405,9.142275438224695,8.921447529088836
600829.SH,20160311,10.26,10.3,10.13,10.23,10.34,-0.11,-1.06,15998.35,16322.133,8.753,9.036278041839486,9.062777390935787,9.098109856397526,8.94794687818514
600829.SH,20160314,10.24,10.81,10.24,10.56,10.23,0.33,3.23,42594.42,45141.315,8.753,9.327770881898822,9.045111158204918,9.548598791034683,9.045111158204918
600829.SH,20160315,10.6,10.61,10.35,10.59,10.56,0.03,0.28,25907.44,27157.0,8.753,9.354270230995128,9.36310334736056,9.371936463725994,9.142275438224695
600829.SH,20160316,10.59,10.6,10.35,10.36,10.59,-0.23,-2.17,15802.74,16525.007,8.753,9.151108554590133,9.354270230995128,9.36310334736056,9.142275438224695
600829.SH,20160317,10.4,10.7,10.4,10.63,10.36,0.27,2.61,31594.67,33443.7,8.753,9.389602696456864,9.18644102005187,9.451434511014906,9.18644102005187
600829.SH,20160318,10.63,11.05,10.6,10.99,10.63,0.36,3.39,49301.66,53638.544,8.753,9.707594885612506,9.389602696456864,9.760593583805113,9.36310334736056
600829.SH,20160321,11.16,11.37,11.03,11.31,10.99,0.32,2.91,44903.08,50297.447,8.753,9.99025460930641,9.857757863824892,10.043253307499016,9.742927351074242
600829.SH,20160322,11.2,11.65,11.05,11.4,11.31,0.09,0.8,59417.4,67939.126,8.753,10.06975265659532,9.893090329286627,10.290580565731185,9.760593583805113
600829.SH,20160323,11.3,11.57,11.27,11.45,11.4,0.05,0.44,24698.36,28173.636,8.753,10.11391823842249,9.981421492940974,10.219915634807704,9.954922143844671
600829.SH,20160324,11.45,11.7,11.26,11.46,11.45,0.01,0.09,45241.13,51994.021,8.753,10.122751354787926,10.11391823842249,10.334746147558354,9.946089027479236
600829.SH,20160325,11.54,11.73,11.31,11.68,11.46,0.22,1.92,45290.89,52024.343,8.753,10.317079914827485,10.193416285711402,10.361245496654655,9.99025460930641
600829.SH,20160328,11.75,12.8,11.54,12.57,11.68,0.89,7.62,112329.47,139165.771,8.753,11.103227271351155,10.378911729385528,11.30638894775615,10.193416285711402
600829.SH,20160329,12.48,12.52,12.02,12.18,12.57,-0.39,-3.1,46318.88,56723.017,8.753,10.75873573309921,11.023729224062246,11.059061689523984,10.617405871252258
600829.SH,20160330,12.25,12.69,12.19,12.54,12.18,0.36,2.96,33732.34,41897.669,8.753,11.076727922254852,10.820567547657252,11.209224667736368,10.767568849464643
600829.SH,20160331,12.45,13.65,12.4,13.33,12.54,0.79,6.3,60466.69,77998.488,8.753,11.774544115124176,10.99722987496594,12.05720383881808,10.953064293138768
600829.SH,20160401,12.91,13.03,12.53,12.78,13.33,-0.55,-4.13,71714.27,91590.968,8.753,11.288722715025278,11.403553227775928,11.50955062416114,11.067894805889416
600829.SH,20160405,12.75,13.2,12.61,13.16,12.78,0.38,2.97,56237.33,72778.526,8.753,11.62438113691179,11.262223365928977,11.659713602373529,11.138559736812892
600829.SH,20160406,13.41,13.52,12.7,12.8,13.16,-0.36,-2.74,64946.35,84105.85,8.753,11.30638894775615,11.845209046047652,11.94237332606743,11.218057784101804
600829.SH,20160407,12.8,12.96,12.38,12.39,12.8,-0.41,-3.2,44326.63,55862.104,8.753,10.944231176773336,11.30638894775615,11.4477188096031,10.9353980604079
600829.SH,20160408,12.21,12.48,12.03,12.35,12.39,-0.04,-0.32,45497.55,55858.585,8.753,10.908898711311595,10.785235082195516,11.023729224062246,10.626238987617691
600829.SH,20160411,12.5,13.2,12.48,12.87,12.35,0.52,4.21,73556.33,94894.57,8.753,11.368220762314188,11.041395456793111,11.659713602373529,11.023729224062246
600829.SH,20160412,12.88,13.02,12.68,12.98,12.87,0.11,0.85,37279.02,47887.532,8.753,11.465385042333969,11.377053878679623,11.500717507795708,11.200391551370934
600829.SH,20160413,13.01,13.85,13.01,13.29,12.98,0.31,2.39,92447.68,124966.763,8.753,11.739211649662437,11.491884391430272,12.23386616612677,11.491884391430272
600829.SH,20160414,13.39,13.6,13.21,13.53,13.29,0.24,1.81,38762.71,52112.637,8.753,11.951206442432866,11.827542813316784,12.013038256990908,11.668546718738964
600829.SH,20160415,13.15,13.77,13.15,13.31,13.53,-0.22,-1.63,23965.57,31870.839,8.753,11.756877882393308,11.615548020546356,12.163201235203292,11.615548020546356
600829.SH,20160418,13.28,13.28,12.73,12.96,13.31,-0.35,-2.63,58819.24,76079.753,8.753,11.4477188096031,11.730378533297005,11.730378533297005,11.244557133198107
600829.SH,20160419,13.13,13.13,12.5,12.79,12.96,-0.17,-1.31,50263.98,64112.011,8.753,11.297555831390714,11.597881787815489,11.597881787815489,11.041395456793111
600829.SH,20160420,12.85,13.2,12.11,13.15,12.79,0.36,2.81,69521.13,87762.345,8.753,11.615548020546356,11.35055452958332,11.659713602373529,10.696903918541167
600829.SH,20160421,13.38,13.47,12.64,13.12,13.15,-0.03,-0.23,115160.62,150740.367,8.753,11.589048671450051,11.81870969695135,11.89820774424026,11.165059085909196
600829.SH,20160422,12.79,13.0,12.51,12.86,13.12,-0.26,-1.98,48714.67,62355.817,8.753,11.359387645948756,11.297555831390714,11.483051275064838,11.050228573158549
600829.SH,20160425,13.05,13.05,12.28,12.38,12.86,-0.48,-3.73,40202.22,50089.262,8.753,10.9353980604079,11.52721685689201,11.52721685689201,10.847066896753557
600829.SH,20160426,12.42,12.42,11.9,12.25,12.38,-0.13,-1.05,49348.94,59798.089,8.753,10.820567547657252,10.970730525869635,10.970730525869635,10.511408474867045
600829.SH,20160427,12.2,12.24,11.99,12.03,12.25,-0.22,-1.8,30574.9,36890.922,8.753,10.626238987617691,10.77640196583008,10.811734431291816,10.590906522155954
600829.SH,20160428,12.03,12.06,11.6,11.95,12.03,-0.08,-0.67,24609.05,29110.103,8.753,10.555574056694216,10.626238987617691,10.652738336713997,10.24641498390401
600829.SH,20160429,11.84,11.94,11.7,11.85,11.95,-0.1,-0.84,28463.75,33668.96,8.753,10.467242893039872,10.458409776674436,10.546740940328782,10.334746147558354
600829.SH,20160503,11.93,12.51,11.86,12.43,11.85,0.58,4.89,49782.39,61104.733,8.753,10.979563642235073,10.537907823963346,11.050228573158549,10.476076009405306
600829.SH,20160504,12.35,13.4,12.31,13.28,12.43,0.85,6.84,79485.24,102166.733,8.753,11.730378533297005,10.908898711311595,11.836375929682218,10.873566245849858
600829.SH,20160505,13.01,13.15,12.58,12.6,13.28,-0.68,-5.12,121443.86,154662.231,8.753,11.12972662044746,11.491884391430272,11.615548020546356,11.112060387716587
600829.SH,20160506,12.56,12.59,12.02,12.07,12.6,-0.53,-4.21,81920.87,100469.369,8.753,10.661571453079432,11.09439415498572,11.120893504082025,10.617405871252258
600829.SH,20160509,12.05,12.05,11.4,11.56,12.07,-0.51,-4.23,54181.56,62548.862,8.753,10.211082518442272,10.643905220348564,10.643905220348564,10.06975265659532
600829.SH,20160510,11.54,11.85,11.43,11.8,11.56,0.24,2.08,23922.15,27895.324,8.753,10.4230773112127,10.193416285711402,10.467242893039872,10.096252005691625
600829.SH,20160511,11.82,12.15,11.6,12.07,11.8,0.27,2.29,29903.05,35691.959,8.753,10.661571453079432,10.440743543943569,10.732236384002906,10.24641498390401
600829.SH,20160512,11.88,12.07,11.0,11.97,12.07,-0.1,-0.83,19919.64,23501.857,8.753,10.573240289425089,10.493742242136175,10.661571453079432,9.71642800197794
600829.SH,20160513,11.9,12.3,11.71,12.15,11.97,0.18,1.5,22236.63,26837.618,8.753,10.732236384002906,10.511408474867045,10.864733129484424,10.34357926392379
600829.SH,20160516,11.94,12.4,11.94,12.35,12.15,0.2,1.65,31327.41,38352.851,8.753,10.908898711311595,10.546740940328782,10.953064293138768,10.546740940328782
600829.SH,20160517,12.34,12.46,12.15,12.35,12.35,0.0,0.0,54036.19,66655.623,8.753,10.908898711311595,10.900065594946163,11.006062991331376,10.732236384002906
600829.SH,20160518,12.28,12.28,11.82,12.07,12.35,-0.28,-2.27,23679.0,28414.676,8.753,10.661571453079432,10.847066896753557,10.847066896753557,10.440743543943569
600829.SH,20160519,12.02,12.38,12.0,12.34,12.07,0.27,2.24,27655.47,33766.213,8.753,10.900065594946163,10.617405871252258,10.9353980604079,10.59973963852139
600829.SH,20160520,12.35,12.46,12.15,12.31,12.34,-0.03,-0.24,30639.16,37637.198,8.753,10.873566245849858,10.908898711311595,11.006062991331376,10.732236384002906
600829.SH,20160523,12.25,12.43,12.21,12.36,12.31,0.05,0.41,28809.37,35537.878,8.753,10.91773182767703,10.820567547657252,10.979563642235073,10.785235082195516
600829.SH,20160524,12.25,12.36,11.96,12.23,12.36,-0.13,-1.05,20961.91,25424.379,8.753,10.802901314926384,10.820567547657252,10.91773182767703,10.564407173059651
600829.SH,20160525,12.15,12.32,11.98,12.04,12.23,-0.19,-1.55,18924.43,22979.395,8.753,10.635072103983124,10.732236384002906,10.882399362215294,10.58207340579052
600829.SH,20160526,12.04,12.3,11.68,12.22,12.04,0.18,1.5,25049.33,29970.443,8.753,10.794068198560948,10.635072103983124,10.864733129484424,10.317079914827485
600829.SH,20160527,12.05,12.56,12.01,12.48,12.22,0.26,2.13,31372.36,38725.271,8.753,11.023729224062246,10.643905220348564,11.09439415498572,10.608572754886824
600829.SH,20160530,12.38,12.86,12.25,12.77,12.48,0.29,2.32,48118.53,61074.632,8.753,11.279889598659844,10.9353980604079,11.359387645948756,10.820567547657252
600829.SH,20160531,12.75,13.37,12.61,13.36,12.77,0.59,4.62,74763.69,98023.131,8.753,11.80104346422048,11.262223365928977,11.809876580585914,11.138559736812892
600829.SH,20160601,13.44,13.44,13.11,13.16,13.36,-0.2,-1.5,31641.13,41772.829,8.753,11.62438113691179,11.871708395143957,11.871708395143957,11.580215555084616
600829.SH,20160602,13.1,13.61,13.04,13.5,13.16,0.34,2.58,53419.84,71521.009,8.753,11.924707093336565,11.571382438719183,12.02187137335634,11.518383740526575
600829.SH,20160603,13.52,13.6,13.15,13.36,13.5,-0.14,-1.04,58350.0,77583.034,8.753,11.80104346422048,11.94237332606743,12.013038256990908,11.615548020546356
600829.SH,20160606,13.3,13.36,13.05,13.31,13.36,-0.05,-0.37,32304.23,42751.173,8.753,11.756877882393308,11.748044766027872,11.80104346422048,11.52721685689201
600829.SH,20160607,13.27,13.9,13.13,13.69,13.31,0.38,2.86,39006.17,52735.95,8.753,12.092536304279818,11.72154541693157,12.278031747953944,11.597881787815489
600829.SH,20160608,13.69,13.72,13.36,13.56,13.69,-0.13,-0.95,22250.02,30116.992,8.753,11.97770579152917,12.092536304279818,12.11903565337612,11.80104346422048
600829.SH,20160613,13.35,13.35,12.81,13.12,13.56,-0.44,-3.24,24704.2,32463.183,8.753,11.589048671450051,11.792210347855043,11.792210347855043,11.315222064121585
600829.SH,20160614,12.99,13.22,12.83,12.98,13.12,-0.14,-1.07,15796.59,20569.807,8.753,11.465385042333969,11.474218158699404,11.677379835104398,11.332888296852452
600829.SH,20160615,12.81,13.98,12.66,13.86,12.98,0.88,6.78,63032.91,85648.575,8.753,12.242699282492204,11.315222064121585,12.34869667887742,11.182725318640063
600829.SH,20160616,13.84,14.1,13.56,13.89,13.86,0.03,0.22,49124.42,67987.542,8.753,12.269198631588509,12.225033049761334,12.454694075262632,11.97770579152917
600829.SH,20160617,13.76,14.22,13.6,13.77,13.89,-0.12,-0.86,58758.65,81994.085,8.753,12.163201235203292,12.15436811883786,12.560691471647846,12.013038256990908
600829.SH,20160620,13.69,13.96,13.39,13.87,13.77,0.1,0.73,19331.62,26420.385,8.753,12.251532398857638,12.092536304279818,12.331030446146553,11.827542813316784
600829.SH,20160621,14.0,14.05,13.52,13.82,13.87,-0.05,-0.36,23294.24,32037.86,8.753,12.207366817030469,12.366362911608288,12.41052849343546,11.94237332606743
600829.SH,20160622,13.68,14.3,13.68,14.25,13.82,0.43,3.11,78929.75,111261.426,8.753,12.58719082074415,12.083703187914384,12.631356402571322,12.083703187914384
600829.SH,20160623,14.11,14.51,14.06,14.38,14.25,0.13,0.91,98219.01,140929.542,8.753,12.702021333494798,12.463527191628067,12.816851846245443,12.419361609800896
600829.SH,20160624,14.31,14.67,13.58,14.52,14.38,0.14,0.97,99745.74,142743.563,8.753,12.82568496261088,12.640189518936756,12.9581817080924,11.99537202426004
600829.SH,20160627,14.26,15.08,14.25,14.99,14.52,0.47,3.24,110893.04,164633.977,8.753,13.240841431786302,12.596023937109583,13.320339479075212,12.58719082074415
600829.SH,20160628,14.86,15.12,14.64,15.01,14.99,0.02,0.13,73187.79,109136.202,8.753,13.258507664517172,13.126010919035654,13.355671944536953,12.931682358996095
600829.SH,20160629,15.0,15.01,14.7,14.74,15.01,-0.27,-1.8,45593.04,67739.434,8.753,13.02001352265044,13.249674548151738,13.258507664517172,12.9846810571887
600829.SH,20160630,14.79,15.0,14.6,14.88,14.74,0.14,0.95,29208.17,43199.214,8.753,13.143677151766523,13.06417910447761,13.249674548151738,12.896349893534357
600829.SH,20160701,14.7,14.85,14.12,14.37,14.88,-0.51,-3.43,43484.33,62784.959,8.753,12.693188217129364,12.9846810571887,13.117177802670218,12.4723603079935
600829.SH,20160704,14.17,14.77,14.15,14.75,14.37,0.38,2.64,55117.27,79935.181,8.753,13.028846639015876,12.516525889820674,13.046512871746744,12.498859657089804
600829.SH,20160705,14.66,15.25,14.61,14.99,14.75,0.24,1.63,88700.91,132654.017,8.753,13.240841431786302,12.949348591726965,13.470502457287598,12.90518300989979
600829.SH,20160706,14.84,15.28,14.71,15.05,14.99,0.06,0.4,48481.56,72665.057,8.753,13.293840129978909,13.108344686304784,13.4970018063839,12.993514173554136
600829.SH,20160707,15.06,15.15,14.76,14.82,15.05,-0.23,-1.53,54675.98,81742.791,8.753,13.090678453573917,13.302673246344344,13.382171293633256,13.037679755381308
600829.SH,20160708,14.8,14.8,14.53,14.55,14.82,-0.27,-1.82,34510.0,50613.398,8.753,12.852184311707186,13.073012220843044,13.073012220843044,12.834518078976314
600829.SH,20160711,14.65,14.98,14.54,14.9,14.55,0.35,2.41,42030.3,62038.471,8.753,13.161343384497393,12.94051547536153,13.232008315420869,12.84335119534175
600829.SH,20160712,14.9,14.96,14.71,14.88,14.9,-0.02,-0.13,25187.91,37391.762,8.753,13.143677151766523,13.161343384497393,13.21434208269,12.993514173554136
600829.SH,20160713,14.96,14.96,14.8,14.85,14.88,-0.03,-0.2,25505.53,37959.112,8.753,13.117177802670218,13.21434208269,13.21434208269,13.073012220843044
600829.SH,20160714,14.84,15.36,14.8,15.28,14.85,0.43,2.9,47461.09,71878.245,8.753,13.4970018063839,13.108344686304784,13.567666737307375,13.073012220843044
600829.SH,20160715,15.4,15.4,15.05,15.16,15.28,-0.12,-0.79,32827.9,49966.316,8.753,13.391004409998688,13.602999202769116,13.602999202769116,13.293840129978909
600829.SH,20160718,15.05,15.36,15.0,15.25,15.16,0.09,0.59,21166.38,32178.748,8.753,13.470502457287598,13.293840129978909,13.567666737307375,13.249674548151738
600829.SH,20160719,15.22,15.3,14.86,15.02,15.25,-0.23,-1.51,18063.56,27165.419,8.753,13.267340780882604,13.444003108191296,13.514668039114772,13.126010919035654
600829.SH,20160720,15.14,15.14,14.91,14.92,15.02,-0.1,-0.67,9618.0,14432.195,8.753,13.17900961722826,13.37333817726782,13.37333817726782,13.170176500862825
600829.SH,20160721,14.77,15.2,14.77,14.99,14.92,0.07,0.47,26768.35,40294.256,8.753,13.240841431786302,13.046512871746744,13.426336875460429,13.046512871746744
600829.SH,20160722,14.93,15.14,14.8,15.04,14.99,0.05,0.33,19077.86,28513.384,8.753,13.285007013613471,13.187842733593694,13.37333817726782,13.073012220843044
600829.SH,20160725,15.05,15.2,14.91,15.01,15.04,-0.03,-0.2,14106.09,21260.873,8.753,13.258507664517172,13.293840129978909,13.426336875460429,13.170176500862825
600829.SH,20160726,15.03,15.15,14.9,15.11,15.01,0.1,0.67,19377.84,29145.017,8.753,13.346838828171514,13.27617389724804,13.382171293633256,13.161343384497393
600829.SH,20160727,15.05,15.25,14.48,14.8,15.11,-0.31,-2.05,31801.73,47348.138,8.753,13.073012220843044,13.293840129978909,13.470502457287598,12.790352497149144
600829.SH,20160728,14.67,14.88,14.51,14.7,14.8,-0.1,-0.68,14084.72,20671.913,8.753,12.9846810571887,12.9581817080924,13.143677151766523,12.816851846245443
600829.SH,20160729,14.66,14.81,14.52,14.7,14.7,0.0,0.0,19324.93,28374.735,8.753,12.9846810571887,12.949348591726965,13.081845337208485,12.82568496261088
600829.SH,20160801,14.66,14.74,14.03,14.59,14.7,-0.11,-0.75,16808.55,24314.809,8.753,12.887516777168925,12.949348591726965,13.02001352265044,12.39286226070459
600829.SH,20160802,14.57,14.69,14.52,14.65,14.59,0.06,0.41,6113.5,8945.225,8.753,12.94051547536153,12.869850544438052,12.975847940823266,12.82568496261088
600829.SH,20160803,14.72,14.72,14.57,14.61,14.65,-0.04,-0.27,6301.7,9224.211,8.753,12.90518300989979,13.002347289919571,13.002347289919571,12.869850544438052
600829.SH,20160804,14.59,14.69,14.11,14.55,14.61,-0.06,-0.41,14814.07,21327.656,8.753,12.852184311707186,12.887516777168925,12.975847940823266,12.463527191628067
600829.SH,20160805,14.65,14.81,14.57,14.61,14.55,0.06,0.41,10184.85,14946.83,8.753,12.90518300989979,12.94051547536153,13.081845337208485,12.869850544438052
600829.SH,20160808,14.65,15.15,14.33,15.09,14.61,0.48,3.29,21476.41,32017.161,8.753,13.329172595440648,12.94051547536153,13.382171293633256,12.657855751667626
600829.SH,20160809,14.99,15.26,14.9,15.2,15.09,0.11,0.73,33466.31,50639.651,8.753,13.426336875460429,13.240841431786302,13.479335573653035,13.161343384497393
600829.SH,20160810,15.2,15.26,15.02,15.04,15.2,-0.16,-1.05,10626.24,16051.4,8.753,13.285007013613471,13.426336875460429,13.479335573653035,13.267340780882604
600829.SH,20160811,15.04,15.12,14.75,14.77,15.04,-0.27,-1.8,10336.0,15428.136,8.753,13.046512871746744,13.285007013613471,13.355671944536953,13.028846639015876
600829.SH,20160812,14.76,14.97,14.7,14.84,14.77,0.07,0.47,10751.04,15976.606,8.753,13.108344686304784,13.037679755381308,13.223175199055431,12.9846810571887
600829.SH,20160815,14.9,15.2,14.79,15.03,14.84,0.19,1.28,15939.52,23990.525,8.753,13.27617389724804,13.161343384497393,13.426336875460429,13.06417910447761
600829.SH,20160816,15.08,15.2,14.94,15.16,15.03,0.13,0.86,16011.15,24201.805,8.753,13.391004409998688,13.320339479075212,13.426336875460429,13.19667584995913
600829.SH,20160817,15.2,15.9,15.1,15.71,15.16,0.55,3.63,39353.82,61049.122,8.753,13.876825810097587,13.426336875460429,14.04465502104084,13.338005711806082
600829.SH,20160818,15.71,15.71,15.4,15.51,15.71,-0.2,-1.27,21660.66,33624.853,8.753,13.700163482788897,13.876825810097587,13.876825810097587,13.602999202769116
600829.SH,20160819,15.45,15.61,15.41,15.47,15.51,-0.04,-0.26,11708.05,18138.513,8.753,13.66483101732716,13.647164784596288,13.78849464644324,13.611832319134551
600829.SH,20160822,15.44,15.8,15.33,15.47,15.47,0.0,0.0,20273.15,31642.014,8.753,13.66483101732716,13.638331668230856,13.956323857386495,13.541167388211075
600829.SH,20160823,15.38,15.61,15.23,15.23,15.47,-0.24,-1.55,14013.0,21501.107,8.753,13.452836224556728,13.585332970038246,13.78849464644324,13.452836224556728
600829.SH,20160824,15.12,15.29,14.9,14.93,15.23,-0.3,-1.97,20273.47,30497.81,8.753,13.187842733593694,13.355671944536953,13.505834922749337,13.161343384497393
600829.SH,20160825,14.83,15.19,14.83,15.1,14.93,0.17,1.14,17119.24,25705.954,8.753,13.338005711806082,13.09951156993935,13.417503759094991,13.09951156993935
600829.SH,20160826,15.1,15.42,15.01,15.12,15.1,0.02,0.13,13510.0,20606.71,8.753,13.355671944536953,13.338005711806082,13.620665435499983,13.258507664517172
600829.SH,20160829,15.1,15.26,14.92,14.97,15.12,-0.15,-0.99,22779.58,34306.718,8.753,13.223175199055431,13.338005711806082,13.479335573653035,13.17900961722826
600829.SH,20160830,14.95,15.1,14.77,14.95,14.97,-0.02,-0.13,18832.55,28087.695,8.753,13.205508966324564,13.205508966324564,13.338005711806082,13.046512871746744
600829.SH,20160831,14.98,15.16,14.82,15.13,14.95,0.18,1.2,17037.16,25616.57,8.753,13.364505060902388,13.232008315420869,13.391004409998688,13.090678453573917
600829.SH,20160901,15.2,15.22,15.05,15.19,15.13,0.06,0.4,15520.0,23477.06,8.753,13.417503759094991,13.426336875460429,13.444003108191296,13.293840129978909
600829.SH,20160902,15.1,15.24,14.9,15.0,15.19,-0.19,-1.25,15076.8,22729.974,8.753,13.249674548151738,13.338005711806082,13.461669340922166,13.161343384497393
600829.SH,20160905,15.0,15.35,14.9,15.31,15.0,0.31,2.07,17467.39,26542.412,8.753,13.523501155480206,13.249674548151738,13.558833620941945,13.161343384497393
600829.SH,20160906,15.33,15.45,15.11,15.26,15.31,-0.05,-0.33,17613.79,26920.788,8.753,13.479335573653035,13.541167388211075,13.647164784596288,13.346838828171514
600829.SH,20160907,15.38,15.5,15.26,15.46,15.26,0.2,1.31,16461.02,25308.681,8.753,13.655997900961724,13.585332970038246,13.69133036642346,13.479335573653035
600829.SH,20160908,15.5,15.5,15.28,15.38,15.46,-0.08,-0.52,10844.5,16696.297,8.753,13.585332970038246,13.69133036642346,13.69133036642346,13.4970018063839
600829.SH,20160909,15.41,15.47,15.22,15.42,15.38,0.04,0.26,46931.38,72288.671,8.753,13.620665435499983,13.611832319134551,13.66483101732716,13.444003108191296
600829.SH,20160912,15.14,15.43,14.9,15.3,15.42,-0.12,-0.78,23217.22,35320.689,8.753,13.514668039114772,13.37333817726782,13.629498551865415,13.161343384497393
600829.SH,20160913,15.32,15.42,15.15,15.4,15.3,0.1,0.65,35851.77,54605.818,8.753,13.602999202769116,13.53233427184564,13.620665435499983,13.382171293633256
600829.SH,20160914,15.21,15.39,15.07,15.34,15.4,-0.06,-0.39,21393.24,32724.037,8.753,13.550000504576508,13.435169991825862,13.594166086403682,13.311506362709778
600829.SH,20160919,15.4,15.66,15.25,15.65,15.34,0.31,2.02,113212.99,176021.908,8.753,13.82382711190498,13.602999202769116,13.832660228270411,13.470502457287598
600829.SH,20160920,15.68,15.95,15.35,15.62,15.65,-0.03,-0.19,43648.65,68028.869,8.753,13.797327762808674,13.85032646100128,14.088820602868012,13.558833620941945
600829.SH,20160921,15.49,15.8,15.36,15.42,15.62,-0.2,-1.28,45881.08,71415.574,8.753,13.620665435499983,13.682497250058026,13.956323857386495,13.567666737307375
600829.SH,20160922,15.45,15.54,15.14,15.21,15.42,-0.21,-1.36,46450.3,70903.499,8.753,13.435169991825862,13.647164784596288,13.726662831885196,13.37333817726782
600829.SH,20160923,15.21,15.26,15.11,15.16,15.21,-0.05,-0.33,15995.28,24268.938,8.753,13.391004409998688,13.435169991825862,13.479335573653035,13.346838828171514
600829.SH,20160926,15.1,15.16,13.65,13.66,15.16,-1.5,-9.89,61968.93,88591.956,8.753,12.066036955183517,13.338005711806082,13.391004409998688,12.05720383881808
600829.SH,20160927,13.5,13.98,13.42,13.91,13.66,0.25,1.83,24218.66,33333.072,8.753,12.286864864319378,11.924707093336565,12.34869667887742,11.854042162413087
600829.SH,20160928,13.91,14.39,13.83,14.13,13.91,0.22,1.58,19694.28,27870.086,8.753,12.481193424358937,12.286864864319378,12.710854449860234,12.2161999333959
600829.SH,20160929,14.03,14.31,14.03,14.25,14.13,0.12,0.85,17875.34,25423.141,8.753,12.58719082074415,12.39286226070459,12.640189518936756,12.39286226070459
600829.SH,20160930,14.38,14.38,14.14,14.15,14.25,-0.1,-0.7,7876.52,11222.291,8.753,12.498859657089804,12.702021333494798,12.702021333494798,12.49002654072437
600829.SH,20161010,14.23,14.36,14.1,14.24,14.15,0.09,0.64,22085.72,31385.31,8.753,12.578357704378714,12.569524588013282,12.684355100763929,12.454694075262632
600829.SH,20161011,14.24,14.63,14.14,14.4,14.24,0.16,1.12,28656.29,41162.197,8.753,12.719687566225666,12.578357704378714,12.922849242630662,12.49002654072437
600829.SH,20161012,14.36,14.45,14.0,14.35,14.4,-0.05,-0.35,19526.06,27893.793,8.753,12.675521984398491,12.684355100763929,12.76385314805284,12.366362911608288
600829.SH,20161013,14.3,14.44,14.21,14.34,14.35,-0.01,-0.07,10687.68,15320.827,8.753,12.66668886803306,12.631356402571322,12.755020031687405,12.551858355282413
600829.SH,20161014,14.37,14.98,14.21,14.92,14.34,0.58,4.04,65127.0,95797.968,8.753,13.17900961722826,12.693188217129364,13.232008315420869,12.551858355282413
600829.SH,20161017,14.91,14.91,14.4,14.6,14.92,-0.32,-2.14,28150.03,41033.322,8.753,12.896349893534357,13.170176500862825,13.170176500862825,12.719687566225666
600829.SH,20161018,14.6,15.2,14.51,15.09,14.6,0.49,3.36,42369.77,63201.266,8.753,13.329172595440648,12.896349893534357,13.426336875460429,12.816851846245443
600829.SH,20161019,15.04,15.07,14.84,15.02,15.09,-0.07,-0.46,16113.42,24101.239,8.753,13.267340780882604,13.285007013613471,13.311506362709778,13.108344686304784
600829.SH,20161020,15.06,15.08,14.86,15.01,15.02,-0.01,-0.07,15028.71,22506.615,8.753,13.258507664517172,13.302673246344344,13.320339479075212,13.126010919035654
600829.SH,20161021,15.12,15.5,15.12,15.2,15.01,0.19,1.27,35575.77,54537.732,8.753,13.426336875460429,13.355671944536953,13.69133036642346,13.355671944536953
600829.SH,20161024,15.19,15.36,15.04,15.14,15.2,-0.06,-0.39,19949.54,30422.928,8.753,13.37333817726782,13.417503759094991,13.567666737307375,13.285007013613471
600829.SH,20161025,15.13,15.28,15.13,15.23,15.14,0.09,0.59,9056.56,13770.475,8.753,13.452836224556728,13.364505060902388,13.4970018063839,13.364505060902388
600829.SH,20161026,15.29,15.34,15.15,15.26,15.23,0.03,0.2,8079.22,12306.221,8.753,13.479335573653035,13.505834922749337,13.550000504576508,13.382171293633256
600829.SH,20161027,15.25,15.59,15.17,15.36,15.26,0.1,0.66,15789.73,24251.657,8.753,13.567666737307375,13.470502457287598,13.77082841371237,13.399837526364122
600829.SH,20161028,15.36,16.57,15.13,16.23,15.36,0.87,5.66,117120.82,186694.368,8.753,14.33614786110018,13.567666737307375,14.636473817524951,13.364505060902388
600829.SH,20161031,16.25,16.32,15.77,16.07,16.23,-0.16,-0.99,45891.99,73458.187,8.753,14.194817999253226,14.35381409383105,14.41564590838909,13.929824508290192
600829.SH,20161101,15.93,16.39,15.56,16.28,16.07,0.21,1.31,64009.15,101918.481,8.753,14.380313442927353,14.071154370137144,14.47747772294713,13.74432906461607
600829.SH,20161102,16.0,16.12,15.85,15.89,16.28,-0.39,-2.4,26330.32,42000.317,8.753,14.035821904675409,14.132986184695186,14.2389835810804,14.000489439213668
600829.SH,20161103,15.75,16.24,15.7,15.85,15.89,-0.04,-0.25,27437.96,43977.871,8.753,14.000489439213668,13.912158275559324,14.344980977465612,13.86799269373215
600829.SH,20161104,15.81,15.9,15.69,15.76,15.85,-0.09,-0.57,11527.22,18168.177,8.753,13.920991391924758,13.96515697375193,14.04465502104084,13.859159577366714
600829.SH,20161107,15.76,15.9,15.7,15.87,15.76,0.11,0.7,9244.25,14625.742,8.753,14.018155671944536,13.920991391924758,14.04465502104084,13.86799269373215
600829.SH,20161108,15.95,16.07,15.77,15.87,15.87,0.0,0.0,10070.55,16041.269,8.753,14.018155671944536,14.088820602868012,14.194817999253226,13.929824508290192
600829.SH,20161109,16.18,16.37,15.85,15.98,15.87,0.11,0.69,31739.34,51166.701,8.753,14.115319951964317,14.291982279273006,14.459811490216264,14.000489439213668
600829.SH,20161110,15.98,16.4,15.91,16.29,15.98,0.31,1.94,37757.23,61334.228,8.753,14.389146559292785,14.115319951964317,14.486310839312564,14.053488137406276
600829.SH,20161111,16.25,16.6,16.12,16.57,16.29,0.28,1.72,38128.92,62414.649,8.753,14.636473817524951,14.35381409383105,14.662973166621256,14.2389835810804
600829.SH,20161114,16.51,16.75,16.17,16.64,16.57,0.07,0.42,69106.69,113841.033,8.753,14.698305632082992,14.583475119332345,14.795469912102773,14.283149162907572
600829.SH,20161115,16.59,17.0,16.03,16.72,16.64,0.08,0.48,72578.91,120144.582,8.753,14.768970563006468,14.65414005025582,15.016297821238632,14.159485533791493
600829.SH,20161116,16.58,16.74,16.36,16.38,16.72,-0.34,-2.03,25809.51,42606.089,8.753,14.468644606581694,14.645306933890383,14.786636795737335,14.450978373850829
600829.SH,20161117,16.48,16.49,16.15,16.31,16.38,-0.07,-0.43,22262.01,36127.412,8.753,14.406812792023654,14.55697577023604,14.565808886601474,14.265482930176702
600829.SH,20161118,16.29,16.45,16.0,16.3,16.31,-0.01,-0.06,47639.65,77139.578,8.753,14.39797967565822,14.389146559292785,14.530476421139738,14.132986184695186
600829.SH,20161121,16.14,16.35,15.0,16.06,16.3,-0.24,-1.47,44232.43,71268.02,8.753,14.18598488288779,14.25664981381127,14.442145257485397,13.249674548151738
600829.SH,20161122,16.0,16.35,16.0,16.22,16.06,0.16,1.0,48507.22,78516.884,8.753,14.327314744734744,14.132986184695186,14.442145257485397,14.132986184695186
600829.SH,20161123,16.16,16.24,15.71,15.78,16.22,-0.44,-2.71,21395.94,34032.036,8.753,13.938657624655628,14.274316046542136,14.344980977465612,13.876825810097587
600829.SH,20161124,15.7,15.93,15.7,15.76,15.78,-0.02,-0.13,10543.26,16678.831,8.753,13.920991391924758,13.86799269373215,14.071154370137144,13.86799269373215
600829.SH,20161125,15.7,15.88,15.5,15.77,15.76,0.01,0.06,8184.67,12836.927,8.753,13.929824508290192,13.86799269373215,14.026988788309971,13.69133036642346
600829.SH,20161128,15.86,16.05,15.61,15.99,15.77,0.22,1.4,17641.37,28051.906,8.753,14.124153068329752,14.009322555579102,14.17715176652236,13.78849464644324
600829.SH,20161129,15.81,16.04,15.8,15.98,15.99,-0.01,-0.06,13132.8,20920.902,8.753,14.115319951964317,13.96515697375193,14.168318650156923,13.956323857386495
600829.SH,20161130,15.98,16.15,15.77,16.08,15.98,0.1,0.63,16254.15,25965.591,8.753,14.20365111561866,14.115319951964317,14.265482930176702,13.929824508290192
600829.SH,20161201,16.09,16.33,15.96,16.29,16.08,0.21,1.31,30990.96,50107.93,8.753,14.389146559292785,14.212484231984096,14.424479024754524,14.097653719233447
600829.SH,20161202,16.29,16.34,15.81,15.87,16.29,-0.42,-2.58,13014.53,20947.173,8.753,14.018155671944536,14.389146559292785,14.43331214111996,13.96515697375193
600829.SH,20161205,15.86,15.86,15.28,15.58,15.87,-0.29,-1.83,34182.97,53133.568,8.753,13.761995297346935,14.009322555579102,14.009322555579102,13.4970018063839
600829.SH,20161206,15.5,15.69,15.38,15.51,15.58,-0.07,-0.45,17754.73,27516.986,8.753,13.700163482788897,13.69133036642346,13.859159577366714,13.585332970038246
600829.SH,20161207,15.46,15.53,15.38,15.52,15.51,0.01,0.06,9980.57,15427.733,8.753,13.70899659915433,13.655997900961724,13.717829715519764,13.585332970038246
600829.SH,20161208,15.55,15.6,15.21,15.23,15.52,-0.29,-1.87,11827.55,18170.727,8.753,13.452836224556728,13.735495948250634,13.779661530077805,13.435169991825862
600829.SH,20161209,15.23,15.35,15.1,15.24,15.23,0.01,0.07,10895.57,16587.955,8.753,13.461669340922166,13.452836224556728,13.558833620941945,13.338005711806082
600829.SH,20161212,15.27,15.54,14.71,15.1,15.24,-0.14,-0.92,22776.52,34484.479,8.753,13.338005711806082,13.488168690018467,13.726662831885196,12.993514173554136
600829.SH,20161213,14.8,15.0,14.56,14.94,15.1,-0.16,-1.06,12300.17,18166.609,8.753,13.19667584995913,13.073012220843044,13.249674548151738,12.86101742807262
600829.SH,20161214,14.95,15.12,14.06,15.07,14.94,0.13,0.87,32015.78,47086.292,8.753,13.311506362709778,13.205508966324564,13.355671944536953,12.419361609800896
600829.SH,20161215,14.91,14.99,14.68,14.97,15.07,-0.1,-0.66,26069.56,38599.569,8.753,13.223175199055431,13.170176500862825,13.240841431786302,12.967014824457834
600829.SH,20161216,14.88,14.99,14.63,14.88,14.97,-0.09,-0.6,30549.49,45181.772,8.753,13.143677151766523,13.143677151766523,13.240841431786302,12.922849242630662
600829.SH,20161219,14.88,14.9,14.71,14.86,14.88,-0.02,-0.13,11846.46,17523.629,8.753,13.126010919035654,13.143677151766523,13.161343384497393,12.993514173554136
600829.SH,20161220,14.78,14.89,14.72,14.74,14.86,-0.12,-0.81,11957.1,17680.807,8.753,13.02001352265044,13.055345988112176,13.15251026813196,13.002347289919571
600829.SH,20161221,14.79,15.29,14.7,15.01,14.74,0.27,1.83,18052.55,27185.637,8.753,13.258507664517172,13.06417910447761,13.505834922749337,12.9846810571887
600829.SH,20161222,15.1,15.1,14.89,14.98,15.01,-0.03,-0.2,7616.24,11396.964,8.753,13.232008315420869,13.338005711806082,13.338005711806082,13.15251026813196
600829.SH,20161223,14.9,15.0,14.79,14.94,14.98,-0.04,-0.27,6598.25,9806.129,8.753,13.19667584995913,13.161343384497393,13.249674548151738,13.06417910447761
600829.SH,20161226,14.92,15.15,14.82,15.13,14.94,0.19,1.27,9442.99,14165.468,8.753,13.364505060902388,13.17900961722826,13.382171293633256,13.090678453573917
600829.SH,20161227,15.11,15.28,15.03,15.05,15.13,-0.08,-0.53,7562.37,11434.876,8.753,13.293840129978909,13.346838828171514,13.4970018063839,13.27617389724804
600829.SH,20161228,14.9,15.2,14.9,14.9,15.05,-0.15,-1.0,13773.38,20712.897,8.753,13.161343384497393,13.161343384497393,13.426336875460429,13.161343384497393
600829.SH,20161229,14.88,15.8,14.75,15.32,14.9,0.42,2.82,47634.35,72986.319,8.753,13.53233427184564,13.143677151766523,13.956323857386495,13.028846639015876
600829.SH,20161230,15.2,15.32,15.01,15.28,15.32,-0.04,-0.26,18653.76,28215.245,8.753,13.4970018063839,13.426336875460429,13.53233427184564,13.258507664517172
600829.SH,20170103,15.15,15.36,15.11,15.32,15.28,0.04,0.26,16005.75,24431.21,8.753,13.53233427184564,13.382171293633256,13.567666737307375,13.346838828171514
600829.SH,20170104,15.32,15.49,15.2,15.45,15.32,0.13,0.85,36527.6,56247.987,8.753,13.647164784596288,13.53233427184564,13.682497250058026,13.426336875460429
600829.SH,20170105,15.45,15.76,15.36,15.64,15.45,0.19,1.23,33540.2,52273.249,8.753,13.814993995539544,13.647164784596288,13.920991391924758,13.567666737307375
600829.SH,20170106,15.45,15.63,15.13,15.22,15.64,-0.42,-2.69,22245.61,34059.186,8.753,13.444003108191296,13.647164784596288,13.80616087917411,13.364505060902388
600829.SH,20170109,15.2,15.69,15.11,15.64,15.22,0.42,2.76,37650.51,58432.808,8.753,13.814993995539544,13.426336875460429,13.859159577366714,13.346838828171514
600829.SH,20170110,15.64,15.64,15.23,15.44,15.64,-0.2,-1.28,22820.32,35092.749,8.753,13.638331668230856,13.814993995539544,13.814993995539544,13.452836224556728
600829.SH,20170111,15.38,15.38,15.05,15.17,15.44,-0.27,-1.75,14257.35,21659.877,8.753,13.399837526364122,13.585332970038246,13.585332970038246,13.293840129978909
600829.SH,20170112,15.14,15.14,14.7,14.96,15.17,-0.21,-1.38,14799.82,22135.765,8.753,13.21434208269,13.37333817726782,13.37333817726782,12.9846810571887
600829.SH,20170113,14.94,15.12,14.7,15.1,14.96,0.14,0.94,13804.39,20594.912,8.753,13.338005711806082,13.19667584995913,13.355671944536953,12.9846810571887
600829.SH,20170116,15.04,15.2,14.54,14.97,15.1,-0.13,-0.86,28967.77,43208.383,8.753,13.223175199055431,13.285007013613471,13.426336875460429,12.84335119534175
600829.SH,20170117,14.85,14.97,14.63,14.84,14.97,-0.13,-0.87,9790.82,14492.741,8.753,13.108344686304784,13.117177802670218,13.223175199055431,12.922849242630662
600829.SH,20170118,14.8,15.14,14.78,14.84,14.84,0.0,0.0,9016.43,13435.275,8.753,13.108344686304784,13.073012220843044,13.37333817726782,13.055345988112176
600829.SH,20170119,14.7,14.84,14.54,14.55,14.84,-0.29,-1.95,5982.37,8792.307,8.753,12.852184311707186,12.9846810571887,13.108344686304784,12.84335119534175
600829.SH,20170120,14.43,14.73,14.43,14.67,14.55,0.12,0.82,6014.22,8803.157,8.753,12.9581817080924,12.746186915321973,13.011180406285003,12.746186915321973
600829.SH,20170123,14.67,15.09,14.57,15.06,14.67,0.39,2.66,21127.84,31371.644,8.753,13.302673246344344,12.9581817080924,13.329172595440648,12.869850544438052
600829.SH,20170124,15.06,15.06,14.76,14.79,15.06,-0.27,-1.79,10076.99,14962.748,8.753,13.06417910447761,13.302673246344344,13.302673246344344,13.037679755381308
600829.SH,20170125,14.77,15.3,14.72,15.18,14.79,0.39,2.64,39781.47,60179.67,8.753,13.408670642729556,13.046512871746744,13.514668039114772,13.002347289919571
600829.SH,20170126,15.18,15.28,14.99,15.07,15.18,-0.11,-0.72,9113.87,13735.999,8.753,13.311506362709778,13.408670642729556,13.4970018063839,13.240841431786302
600829.SH,20170203,15.0,15.15,14.91,15.11,15.07,0.04,0.27,9094.4,13658.131,8.753,13.346838828171514,13.249674548151738,13.382171293633256,13.170176500862825
600829.SH,20170206,15.0,15.4,14.95,15.28,15.11,0.17,1.13,20545.13,31346.925,8.753,13.4970018063839,13.249674548151738,13.602999202769116,13.205508966324564
600829.SH,20170207,15.29,15.45,15.15,15.39,15.28,0.11,0.72,22527.93,34539.41,8.753,13.594166086403682,13.505834922749337,13.647164784596288,13.382171293633256
600829.SH,20170208,15.27,15.46,15.21,15.38,15.39,-0.01,-0.07,16109.22,24736.661,8.753,13.585332970038246,13.488168690018467,13.655997900961724,13.435169991825862
600829.SH,20170209,15.38,15.5,15.28,15.4,15.38,0.02,0.13,17144.41,26399.4,8.753,13.602999202769116,13.585332970038246,13.69133036642346,13.4970018063839
600829.SH,20170210,15.36,15.5,15.21,15.38,15.4,-0.02,-0.13,20736.45,31882.489,8.753,13.585332970038246,13.567666737307375,13.69133036642346,13.435169991825862
600829.SH,20170213,15.35,15.38,15.16,15.29,15.38,-0.09,-0.59,11803.97,18021.049,8.753,13.505834922749337,13.558833620941945,13.585332970038246,13.391004409998688
600829.SH,20170214,15.31,15.4,15.21,15.3,15.29,0.01,0.07,9979.89,15263.089,8.753,13.514668039114772,13.523501155480206,13.602999202769116,13.435169991825862
600829.SH,20170215,15.35,15.36,15.16,15.34,15.3,0.04,0.26,13659.85,20853.447,8.753,13.550000504576508,13.558833620941945,13.567666737307375,13.391004409998688
600829.SH,20170216,15.37,15.79,15.37,15.53,15.34,0.19,1.24,34502.6,53792.613,8.753,13.717829715519764,13.57649985367281,13.94749074102106,13.57649985367281
600829.SH,20170217,15.55,15.55,15.03,15.05,15.53,-0.48,-3.09,24892.82,38025.168,8.753,13.293840129978909,13.735495948250634,13.735495948250634,13.27617389724804
600829.SH,20170220,15.07,15.49,15.05,15.38,15.05,0.33,2.19,37795.63,58009.076,8.753,13.585332970038246,13.311506362709778,13.682497250058026,13.293840129978909
600829.SH,20170221,15.36,15.68,15.26,15.61,15.38,0.23,1.5,40302.04,62336.016,8.753,13.78849464644324,13.567666737307375,13.85032646100128,13.479335573653035
600829.SH,20170222,15.53,15.85,15.53,15.74,15.61,0.13,0.83,61633.56,96827.611,8.753,13.903325159193887,13.717829715519764,14.000489439213668,13.717829715519764
600829.SH,20170223,15.74,15.92,15.56,15.72,15.74,-0.02,-0.13,33441.3,52554.138,8.753,13.88565892646302,13.903325159193887,14.062321253771708,13.74432906461607
600829.SH,20170224,15.71,15.91,15.39,15.52,15.72,-0.2,-1.27,31635.77,49383.378,8.753,13.70899659915433,13.876825810097587,14.053488137406276,13.594166086403682
600829.SH,20170227,15.65,15.65,15.29,15.33,15.52,-0.19,-1.22,20267.66,31279.775,8.753,13.541167388211075,13.82382711190498,13.82382711190498,13.505834922749337
600829.SH,20170228,15.31,15.5,15.2,15.49,15.33,0.16,1.04,17967.14,27622.388,8.753,13.682497250058026,13.523501155480206,13.69133036642346,13.426336875460429
600829.SH,20170301,15.44,15.52,15.25,15.49,15.49,0.0,0.0,29845.22,45895.977,8.753,13.682497250058026,13.638331668230856,13.70899659915433,13.470502457287598
600829.SH,20170302,15.39,15.45,15.2,15.23,15.49,-0.26,-1.68,14028.96,21487.822,8.753,13.452836224556728,13.594166086403682,13.647164784596288,13.426336875460429
600829.SH,20170303,15.23,15.34,15.06,15.27,15.23,0.04,0.26,10498.33,15986.652,8.753,13.488168690018467,13.452836224556728,13.550000504576508,13.302673246344344
600829.SH,20170306,15.25,15.35,15.16,15.3,15.27,0.03,0.2,12104.45,18500.983,8.753,13.514668039114772,13.470502457287598,13.558833620941945,13.391004409998688
600829.SH,20170307,15.3,16.06,15.22,15.69,15.3,0.39,2.55,77209.69,121436.52,8.753,13.859159577366714,13.514668039114772,14.18598488288779,13.444003108191296
600829.SH,20170308,15.5,15.59,15.29,15.34,15.69,-0.35,-2.23,45321.43,69850.056,8.753,13.550000504576508,13.69133036642346,13.77082841371237,13.505834922749337
600829.SH,20170309,15.2,15.35,15.07,15.28,15.34,-0.06,-0.39,28631.79,43325.878,8.753,13.4970018063839,13.426336875460429,13.558833620941945,13.311506362709778
600829.SH,20170310,15.2,15.3,15.06,15.25,15.28,-0.03,-0.2,47015.48,71552.043,8.753,13.470502457287598,13.426336875460429,13.514668039114772,13.302673246344344
600829.SH,20170313,15.3,15.45,15.09,15.33,15.25,0.08,0.52,33943.1,51943.062,8.753,13.541167388211075,13.514668039114772,13.647164784596288,13.329172595440648
600829.SH,20170314,15.33,15.33,15.18,15.22,15.33,-0.11,-0.72,10177.75,15500.826,8.753,13.444003108191296,13.541167388211075,13.541167388211075,13.408670642729556
600829.SH,20170315,15.22,15.26,15.13,15.16,15.22,-0.06,-0.39,8946.81,13595.056,8.753,13.391004409998688,13.444003108191296,13.479335573653035,13.364505060902388
600829.SH,20170316,15.18,15.27,15.18,15.2,15.16,0.04,0.26,13679.58,20813.544,8.753,13.426336875460429,13.408670642729556,13.488168690018467,13.408670642729556
600829.SH,20170317,15.29,15.29,14.97,15.08,15.2,-0.12,-0.79,15447.68,23466.96,8.753,13.320339479075212,13.505834922749337,13.505834922749337,13.223175199055431
600829.SH,20170320,15.05,15.17,14.96,15.02,15.08,-0.06,-0.4,15241.42,22928.85,8.753,13.267340780882604,13.293840129978909,13.399837526364122,13.21434208269
600829.SH,20170321,15.08,15.08,14.96,15.03,15.02,0.01,0.07,11283.13,16935.848,8.753,13.27617389724804,13.320339479075212,13.320339479075212,13.21434208269
600829.SH,20170322,15.03,15.36,15.01,15.31,15.03,0.28,1.86,26353.89,39947.076,8.753,13.523501155480206,13.27617389724804,13.567666737307375,13.258507664517172
600829.SH,20170323,15.2,15.35,15.11,15.19,15.31,-0.12,-0.78,13643.48,20769.664,8.753,13.417503759094991,13.426336875460429,13.558833620941945,13.346838828171514
600829.SH,20170324,15.16,15.2,15.0,15.09,15.19,-0.1,-0.66,13723.1,20688.18,8.753,13.329172595440648,13.391004409998688,13.426336875460429,13.249674548151738
600829.SH,20170327,15.02,15.1,14.88,14.9,15.09,-0.19,-1.26,15053.29,22549.606,8.753,13.161343384497393,13.267340780882604,13.338005711806082,13.143677151766523
600829.SH,20170328,14.88,14.99,14.81,14.9,14.9,0.0,0.0,12833.42,19093.669,8.753,13.161343384497393,13.143677151766523,13.240841431786302,13.081845337208485
600829.SH,20170329,14.87,14.98,14.78,14.79,14.9,-0.11,-0.74,25341.64,37718.696,8.753,13.06417910447761,13.134844035401088,13.232008315420869,13.055345988112176
600829.SH,20170330,14.78,14.79,14.25,14.4,14.79,-0.39,-2.64,43259.33,62416.425,8.753,12.719687566225666,13.055345988112176,13.06417910447761,12.58719082074415
600829.SH,20170331,14.41,14.6,14.35,14.42,14.4,0.02,0.14,28247.13,40859.295,8.753,12.737353798956535,12.7285206825911,12.896349893534357,12.675521984398491
600829.SH,20170405,14.52,14.58,14.25,14.46,14.42,0.04,0.28,31069.08,44800.256,8.753,12.772686264418274,12.82568496261088,12.878683660803487,12.58719082074415
600829.SH,20170406,14.54,14.92,14.47,14.83,14.46,0.37,2.56,25414.52,37576.268,8.753,13.09951156993935,12.84335119534175,13.17900961722826,12.781519380783708
600829.SH,20170407,14.76,14.88,14.57,14.6,14.83,-0.23,-1.55,17698.11,25925.016,8.753,12.896349893534357,13.037679755381308,13.143677151766523,12.869850544438052
600829.SH,20170410,14.69,14.75,14.12,14.31,14.6,-0.29,-1.99,19929.86,28773.652,8.753,12.640189518936756,12.975847940823266,13.028846639015876,12.4723603079935
600829.SH,20170411,14.31,14.65,14.25,14.62,14.31,0.31,2.17,19384.29,27939.729,8.753,12.914016126265224,12.640189518936756,12.94051547536153,12.58719082074415
600829.SH,20170412,14.53,14.98,14.5,14.93,14.62,0.31,2.12,28021.47,41179.912,8.753,13.187842733593694,12.834518078976314,13.232008315420869,12.808018729880011
600829.SH,20170413,14.18,14.58,14.14,14.54,14.43,0.11,0.76,25817.81,36987.391,9.056,13.287945667201514,12.958945636926924,13.324501226120915,12.922390078007528
600829.SH,20170414,14.54,14.54,14.15,14.31,14.54,-0.23,-1.58,16510.64,23545.095,9.056,13.077751203414971,13.287945667201514,13.287945667201514,12.931528967737377
600829.SH,20170417,14.14,14.31,13.93,14.1,14.31,-0.21,-1.47,19600.05,27566.82,9.056,12.885834519088128,12.922390078007528,13.077751203414971,12.730473393680684
600829.SH,20170418,14.06,14.15,13.71,14.13,14.1,0.03,0.21,26415.35,37014.571,9.056,12.91325118827768,12.84927896016873,12.931528967737377,12.529417819623989
600829.SH,20170419,13.9,14.0,13.5,13.58,14.13,-0.55,-3.89,14012.66,19134.91,9.056,12.41061225313594,12.703056724491134,12.794445621789633,12.337501135297144
600829.SH,20170420,13.58,13.67,13.1,13.17,13.58,-0.41,-3.02,14462.16,19230.496,9.056,12.035917774212102,12.41061225313594,12.49286226070459,11.971945546103154
600829.SH,20170421,13.24,13.24,13.01,13.09,13.17,-0.08,-0.61,8902.0,11641.42,9.056,11.962806656373305,12.099890002321052,12.099890002321052,11.889695538534507
600829.SH,20170424,12.9,13.35,12.0,13.28,13.09,0.19,1.45,26059.28,33332.222,9.056,12.136445561240448,11.78916775150616,12.200417789349398,10.966667675819684
600829.SH,20170425,13.17,13.35,12.89,13.32,13.28,0.04,0.3,27702.32,36324.984,9.056,12.17300112015985,12.035917774212102,12.200417789349398,11.78002886177631
600829.SH,20170426,13.1,13.25,13.08,13.17,13.32,-0.15,-1.13,11769.9,15485.747,9.056,12.035917774212102,11.971945546103154,12.1090288920509,11.953667766643456
600829.SH,20170427,13.25,13.25,12.92,13.17,13.17,0.0,0.0,7881.4,10304.089,9.056,12.035917774212102,12.1090288920509,12.1090288920509,11.80744553096586
600829.SH,20170428,13.11,13.37,13.11,13.28,13.17,0.11,0.84,44985.46,59682.997,9.056,12.136445561240448,11.981084435833004,12.218695568809096,11.981084435833004
600829.SH,20170502,13.07,13.22,12.81,12.99,13.28,-0.29,-2.18,13624.39,17710.71,9.056,11.871417759074808,11.944528876913608,12.081612222861352,11.706917743937511
600829.SH,20170503,12.89,13.03,12.83,12.99,12.99,0.0,0.0,5935.91,7691.134,9.056,11.871417759074808,11.78002886177631,11.907973317994204,11.725195523397211
600829.SH,20170504,12.87,13.12,12.86,12.98,12.99,-0.01,-0.08,27247.68,35506.262,9.056,11.862278869344957,11.76175108231661,11.990223325562852,11.75261219258676
600829.SH,20170505,12.9,13.02,12.72,12.85,12.98,-0.13,-1.0,6499.69,8361.551,9.056,11.743473302856913,11.78916775150616,11.898834428264356,11.624667736368863
600829.SH,20170508,12.64,12.78,12.05,12.76,12.85,-0.09,-0.7,12425.95,15655.99,9.056,11.661223295288265,11.551556618530068,11.679501074747964,11.012362124468932
600829.SH,20170509,12.44,12.79,12.33,12.74,12.76,-0.02,-0.16,12946.73,16270.962,9.056,11.642945515828565,11.368778823933072,11.688639964477812,11.268251036904726
600829.SH,20170510,12.55,12.78,12.38,12.72,12.74,-0.02,-0.16,14877.93,18805.189,9.056,11.624667736368863,11.46930661096142,11.679501074747964,11.313945485553974
600829.SH,20170511,12.55,12.65,12.26,12.6,12.72,-0.12,-0.94,13799.09,17155.464,9.056,11.515001059610666,11.46930661096142,11.560695508259917,11.204278808795776
600829.SH,20170512,12.45,12.78,12.4,12.66,12.6,0.06,0.48,15827.72,19957.327,9.056,11.569834397989766,11.37791771366292,11.679501074747964,11.332223265013674
600829.SH,20170515,12.57,12.66,12.51,12.54,12.66,-0.12,-0.95,7306.9,9173.63,9.056,11.460167721231567,11.48758439042112,11.569834397989766,11.43275105204202
600829.SH,20170516,12.5,12.81,12.46,12.75,12.54,0.21,1.67,27318.64,34700.322,9.056,11.652084405558414,11.423612162312171,11.706917743937511,11.387056603392772
600829.SH,20170517,12.75,12.84,12.69,12.8,12.75,0.05,0.39,16132.14,20609.019,9.056,11.697778854207662,11.652084405558414,11.734334413127062,11.597251067179316
600829.SH,20170518,12.8,12.8,12.66,12.68,12.8,-0.12,-0.94,7190.99,9133.225,9.056,11.588112177449466,11.697778854207662,11.697778854207662,11.569834397989766
600829.SH,20170519,12.6,12.71,12.57,12.57,12.68,-0.11,-0.87,5453.36,6881.506,9.056,11.48758439042112,11.515001059610666,11.615528846639016,11.48758439042112
600829.SH,20170522,12.5,12.7,12.4,12.46,12.57,-0.11,-0.88,23983.43,30159.006,9.056,11.387056603392772,11.423612162312171,11.606389956909164,11.332223265013674
600829.SH,20170523,12.47,12.47,12.03,12.04,12.46,-0.42,-3.37,8797.59,10731.97,9.056,11.003223234739082,11.396195493122622,11.396195493122622,10.994084345009233
600829.SH,20170524,12.01,12.15,11.71,12.14,12.04,0.1,0.83,11487.9,13693.133,9.056,11.09461213203758,10.975806565549531,11.10375102176743,10.701639873654042
600829.SH,20170525,12.1,12.2,11.95,12.13,12.14,-0.01,-0.08,8248.91,9957.862,9.056,11.08547324230773,11.05805657311818,11.149445470416678,10.920973227170434
600829.SH,20170526,12.15,12.2,11.9,12.18,12.13,0.05,0.41,7492.52,9081.067,9.056,11.131167690956978,11.10375102176743,11.149445470416678,10.875278778521189
600829.SH,20170531,12.28,12.5,12.15,12.22,12.18,0.04,0.33,5634.09,6901.218,9.056,11.167723249876378,11.222556588255475,11.423612162312171,11.10375102176743
600829.SH,20170601,12.22,12.24,11.91,12.13,12.22,-0.09,-0.74,33664.77,40625.293,9.056,11.08547324230773,11.167723249876378,11.186001029336078,10.884417668251036
600829.SH,20170602,11.98,12.25,11.91,12.2,12.13,0.07,0.58,23003.15,27910.992,9.056,11.149445470416678,10.948389896359984,11.195139919065928,10.884417668251036
600829.SH,20170605,12.28,12.28,12.11,12.15,12.2,-0.05,-0.41,10209.88,12432.425,9.056,11.10375102176743,11.222556588255475,11.222556588255475,11.06719546284803
600829.SH,20170606,12.04,12.28,12.04,12.15,12.15,0.0,0.0,7424.67,9027.936,9.056,11.10375102176743,11.003223234739082,11.222556588255475,11.003223234739082
600829.SH,20170607,12.1,12.3,12.1,12.27,12.15,0.12,0.99,12009.0,14669.216,9.056,11.213417698525626,11.05805657311818,11.240834367715175,11.05805657311818
600829.SH,20170608,12.28,13.3,12.23,12.7,12.27,0.43,3.5,52471.6,67172.408,9.056,11.606389956909164,11.222556588255475,12.15472334070015,11.176862139606229
600829.SH,20170609,12.67,12.67,12.41,12.47,12.7,-0.23,-1.81,22836.79,28522.382,9.056,11.396195493122622,11.578973287719617,11.578973287719617,11.341362154743525
600829.SH,20170612,12.39,12.47,12.25,12.34,12.47,-0.13,-1.04,13345.84,16467.572,9.056,11.277389926634577,11.323084375283823,11.396195493122622,11.195139919065928
600829.SH,20170613,12.3,12.52,12.25,12.46,12.34,0.12,0.97,15794.5,19633.924,9.056,11.387056603392772,11.240834367715175,11.44188994177187,11.195139919065928
600829.SH,20170614,12.48,12.52,12.4,12.48,12.46,0.02,0.16,6979.75,8699.716,9.056,11.405334382852471,11.405334382852471,11.44188994177187,11.332223265013674
600829.SH,20170615,12.49,12.52,12.41,12.45,12.48,-0.03,-0.24,16164.04,20142.258,9.056,11.37791771366292,11.41447327258232,11.44188994177187,11.341362154743525
600829.SH,20170616,12.44,12.5,12.37,12.45,12.45,0.0,0.0,33534.04,41758.251,9.056,11.37791771366292,11.368778823933072,11.423612162312171,11.304806595824124
600829.SH,20170619,12.45,12.5,12.45,12.47,12.45,0.02,0.16,8095.1,10096.671,9.056,11.396195493122622,11.37791771366292,11.423612162312171,11.37791771366292
600829.SH,20170620,12.47,12.58,12.45,12.54,12.47,0.07,0.56,11334.92,14191.376,9.056,11.460167721231567,11.396195493122622,11.496723280150968,11.37791771366292
600829.SH,20170621,12.59,12.6,12.42,12.49,12.54,-0.05,-0.4,8942.17,11157.128,9.056,11.41447327258232,11.505862169880816,11.515001059610666,11.350501044473372
600829.SH,20170622,12.36,12.49,12.23,12.25,12.49,-0.24,-1.92,7878.99,9752.169,9.056,11.195139919065928,11.295667706094273,11.41447327258232,11.176862139606229
600829.SH,20170623,12.23,12.23,12.12,12.18,12.25,-0.07,-0.57,14891.93,18119.953,9.056,11.131167690956978,11.176862139606229,11.176862139606229,11.07633435257788
600829.SH,20170626,12.18,12.29,12.15,12.28,12.18,0.1,0.82,6911.0,8457.877,9.056,11.222556588255475,11.131167690956978,11.231695477985324,11.10375102176743
600829.SH,20170627,12.35,12.36,12.17,12.28,12.28,0.0,0.0,3985.88,4894.617,9.056,11.222556588255475,11.286528816364424,11.295667706094273,11.12202880122713
600829.SH,20170628,12.28,12.28,12.14,12.16,12.28,-0.12,-0.98,5319.69,6477.785,9.056,11.11288991149728,11.222556588255475,11.222556588255475,11.09461213203758
600829.SH,20170629,12.2,12.28,12.13,12.23,12.16,0.07,0.58,4285.4,5234.841,9.056,11.176862139606229,11.149445470416678,11.222556588255475,11.08547324230773
600829.SH,20170630,12.23,12.38,12.16,12.34,12.23,0.11,0.9,7835.28,9641.117,9.056,11.277389926634577,11.176862139606229,11.313945485553974,11.11288991149728
600829.SH,20170703,12.33,12.46,12.31,12.41,12.34,0.07,0.57,9336.14,11575.314,9.056,11.341362154743525,11.268251036904726,11.387056603392772,11.249973257445026
600829.SH,20170704,12.33,12.48,12.33,12.44,12.41,0.03,0.24,6529.25,8115.168,9.056,11.368778823933072,11.268251036904726,11.405334382852471,11.268251036904726
600829.SH,20170705,12.44,12.46,12.36,12.45,12.44,0.01,0.08,5560.88,6901.646,9.056,11.37791771366292,11.368778823933072,11.387056603392772,11.295667706094273
600829.SH,20170706,12.45,12.47,12.34,12.4,12.45,-0.05,-0.4,5573.0,6923.431,9.056,11.332223265013674,11.37791771366292,11.396195493122622,11.277389926634577
600829.SH,20170707,12.36,12.41,12.27,12.41,12.4,0.01,0.08,6625.2,8174.51,9.056,11.341362154743525,11.295667706094273,11.341362154743525,11.213417698525626
600829.SH,20170710,12.35,12.69,12.31,12.47,12.41,0.06,0.48,17083.85,21391.264,9.056,11.396195493122622,11.286528816364424,11.597251067179316,11.249973257445026
600829.SH,20170711,12.44,12.55,12.35,12.39,12.47,-0.08,-0.64,8570.31,10655.177,9.056,11.323084375283823,11.368778823933072,11.46930661096142,11.286528816364424
600829.SH,20170712,12.39,12.39,12.17,12.26,12.39,-0.13,-1.05,8037.04,9846.432,9.056,11.204278808795776,11.323084375283823,11.323084375283823,11.12202880122713
600829.SH,20170713,12.27,12.68,12.21,12.63,12.26,0.37,3.02,19796.21,24713.102,9.056,11.542417728800215,11.213417698525626,11.588112177449466,11.158584360146529
600829.SH,20170714,12.69,12.95,12.46,12.8,12.63,0.17,1.35,38213.06,48788.011,9.056,11.697778854207662,11.597251067179316,11.834862200155408,11.387056603392772
600829.SH,20170717,12.71,12.79,11.6,12.35,12.8,-0.45,-3.52,18862.1,23468.867,9.056,11.286528816364424,11.615528846639016,11.688639964477812,10.601112086625694
600829.SH,20170718,12.28,13.2,12.13,12.95,12.35,0.6,4.86,51679.09,65565.676,9.056,11.834862200155408,11.222556588255475,12.06333444340165,11.08547324230773
600829.SH,20170719,12.86,13.45,12.77,13.24,12.95,0.29,2.24,63225.08,83412.541,9.056,12.099890002321052,11.75261219258676,12.291806686647892,11.670362185018114
600829.SH,20170720,13.16,13.55,13.02,13.39,13.24,0.15,1.13,62757.32,83810.753,9.056,12.236973348268798,12.026778884482251,12.383195583946394,11.898834428264356
600829.SH,20170721,13.39,13.39,13.13,13.22,13.39,-0.17,-1.27,24127.25,31874.95,9.056,12.081612222861352,12.236973348268798,12.236973348268798,11.999362215292704
600829.SH,20170724,13.22,13.28,13.03,13.21,13.22,-0.01,-0.08,12047.06,15845.81,9.056,12.072473333131502,12.081612222861352,12.136445561240448,11.907973317994204
600829.SH,20170725,13.35,13.6,13.13,13.56,13.21,0.35,2.65,64951.21,87655.058,9.056,12.392334473676245,12.200417789349398,12.42889003259564,11.999362215292704
600829.SH,20170726,13.67,13.74,13.41,13.53,13.56,-0.03,-0.22,39810.81,53981.111,9.056,12.364917804486693,12.49286226070459,12.556834488813536,12.255251127728496
600829.SH,20170727,13.43,13.9,13.31,13.77,13.53,0.24,1.77,58210.05,79665.676,9.056,12.584251158003086,12.273528907188195,12.703056724491134,12.16386223043
600829.SH,20170728,13.69,13.85,13.61,13.74,13.77,-0.03,-0.22,13532.21,18569.996,9.056,12.556834488813536,12.511140040164287,12.657362275841884,12.438028922325492
600829.SH,20170731,13.72,13.72,13.4,13.61,13.74,-0.13,-0.95,34475.27,46698.865,9.056,12.438028922325492,12.538556709353838,12.538556709353838,12.246112237998648
600829.SH,20170801,13.98,13.98,13.53,13.65,13.61,0.04,0.29,42817.8,58550.573,9.056,12.47458448124489,12.776167842329931,12.776167842329931,12.364917804486693
600829.SH,20170802,13.66,13.69,13.48,13.65,13.65,0.0,0.0,21468.81,29097.647,9.056,12.47458448124489,12.48372337097474,12.511140040164287,12.319223355837446
600829.SH,20170803,13.64,13.64,13.23,13.26,13.65,-0.39,-2.86,15233.74,20427.155,9.056,12.11816778178075,12.46544559151504,12.46544559151504,12.0907511125912
600829.SH,20170804,13.2,13.47,13.19,13.28,13.26,0.02,0.15,26211.0,35038.529,9.056,12.136445561240448,12.06333444340165,12.310084466107597,12.054195553671802
600829.SH,20170807,13.19,13.37,13.0,13.11,13.28,-0.17,-1.28,15212.0,20088.678,9.056,11.981084435833004,12.054195553671802,12.218695568809096,11.880556648804658
600829.SH,20170808,13.09,13.35,13.04,13.3,13.11,0.19,1.45,24221.89,31945.992,9.056,12.15472334070015,11.962806656373305,12.200417789349398,11.917112207724054
600829.SH,20170809,13.54,13.79,13.4,13.6,13.3,0.3,2.26,66490.03,90372.275,9.056,12.42889003259564,12.374056694216543,12.602528937462786,12.246112237998648
600829.SH,20170810,13.4,13.4,13.02,13.04,13.6,-0.56,-4.12,46735.74,61385.913,9.056,11.917112207724054,12.246112237998648,12.246112237998648,11.898834428264356
600829.SH,20170811,12.76,13.14,12.74,12.78,13.04,-0.26,-1.99,28905.0,37305.322,9.056,11.679501074747964,11.661223295288265,12.008501105022557,11.642945515828565
600829.SH,20170814,12.76,13.48,12.76,13.18,12.78,0.4,3.13,43400.39,57090.19,9.056,12.045056663941953,11.661223295288265,12.319223355837446,11.661223295288265
600829.SH,20170815,13.19,13.52,13.19,13.4,13.18,0.22,1.67,44450.36,59447.267,9.056,12.246112237998648,12.054195553671802,12.355778914756842,12.054195553671802
600829.SH,20170816,13.38,13.58,13.23,13.36,13.4,-0.04,-0.3,42794.01,57397.528,9.056,12.209556679079247,12.227834458538949,12.41061225313594,12.0907511125912
600829.SH,20170817,13.38,13.52,13.2,13.3,13.36,-0.06,-0.45,37777.43,50405.043,9.056,12.15472334070015,12.227834458538949,12.355778914756842,12.06333444340165
600829.SH,20170818,13.21,13.29,13.09,13.22,13.3,-0.08,-0.6,33785.6,44491.93,9.056,12.081612222861352,12.072473333131502,12.1455844509703,11.962806656373305
600829.SH,20170821,13.2,13.37,13.14,13.23,13.22,0.01,0.08,23916.0,31718.246,9.056,12.0907511125912,12.06333444340165,12.218695568809096,12.008501105022557
600829.SH,20170822,13.19,13.28,13.03,13.05,13.23,-0.18,-1.36,22890.02,30095.055,9.056,11.926251097453909,12.054195553671802,12.136445561240448,11.907973317994204
600829.SH,20170823,13.05,13.09,12.91,12.91,13.05,-0.14,-1.07,7406.29,9614.772,9.056,11.798306641236008,11.926251097453909,11.962806656373305,11.798306641236008
600829.SH,20170824,12.82,13.03,12.82,12.98,12.91,0.07,0.54,6910.45,8941.195,9.056,11.862278869344957,11.716056633667362,11.907973317994204,11.716056633667362
600829.SH,20170825,12.98,13.23,12.98,13.04,12.98,0.06,0.46,24430.0,31965.784,9.056,11.917112207724054,11.862278869344957,12.0907511125912,11.862278869344957
600829.SH,20170828,13.15,13.15,12.93,12.99,13.04,-0.05,-0.38,17309.0,22520.045,9.056,11.871417759074808,12.017639994752404,12.017639994752404,11.81658442069571
600829.SH,20170829,13.05,13.19,12.94,13.11,12.99,0.12,0.92,54459.1,71133.169,9.056,11.981084435833004,11.926251097453909,12.054195553671802,11.82572331042556
600829.SH,20170830,13.05,13.18,12.99,13.09,13.11,-0.02,-0.15,75892.0,99213.937,9.056,11.962806656373305,11.926251097453909,12.045056663941953,11.871417759074808
600829.SH,20170831,13.08,13.1,12.92,12.95,13.09,-0.14,-1.07,60470.0,78726.465,9.056,11.834862200155408,11.953667766643456,11.971945546103154,11.80744553096586
600829.SH,20170901,13.0,13.0,12.75,12.84,12.95,-0.11,-0.85,66446.0,85437.092,9.056,11.734334413127062,11.880556648804658,11.880556648804658,11.652084405558414
600829.SH,20170904,12.85,12.89,12.61,12.67,12.84,-0.17,-1.32,41217.01,52310.003,9.056,11.578973287719617,11.743473302856913,11.78002886177631,11.524139949340515
600829.SH,20170905,12.67,12.85,12.64,12.64,12.67,-0.03,-0.24,41811.81,53240.666,9.056,11.551556618530068,11.578973287719617,11.743473302856913,11.551556618530068
600829.SH,20170906,12.61,12.74,12.6,12.73,12.64,0.09,0.71,9734.15,12336.505,9.056,11.633806626098714,11.524139949340515,11.642945515828565,11.515001059610666
600829.SH,20170907,12.73,12.76,12.66,12.67,12.73,-0.06,-0.47,9044.0,11484.965,9.056,11.578973287719617,11.633806626098714,11.661223295288265,11.569834397989766
600829.SH,20170908,12.65,12.78,12.63,12.71,12.67,0.04,0.32,11480.38,14604.005,9.056,11.615528846639016,11.560695508259917,11.679501074747964,11.542417728800215
600829.SH,20170911,12.75,12.84,12.68,12.8,12.71,0.09,0.71,13981.15,17881.403,9.056,11.697778854207662,11.652084405558414,11.734334413127062,11.588112177449466
600829.SH,20170912,12.77,13.13,12.77,12.8,12.8,0.0,0.0,29289.61,37864.064,9.056,11.697778854207662,11.670362185018114,11.999362215292704,11.670362185018114
600829.SH,20170913,12.78,12.78,12.63,12.74,12.8,-0.06,-0.47,19573.11,24904.748,9.056,11.642945515828565,11.679501074747964,11.679501074747964,11.542417728800215
600829.SH,20170914,12.78,12.94,12.59,12.59,12.74,-0.15,-1.18,44352.11,56650.163,9.056,11.505862169880816,11.679501074747964,11.82572331042556,11.505862169880816
600829.SH,20170915,12.59,12.78,12.53,12.59,12.59,0.0,0.0,42623.49,53907.399,9.056,11.505862169880816,11.505862169880816,11.679501074747964,11.451028831501718
600829.SH,20170918,12.53,12.75,12.48,12.61,12.59,0.02,0.16,41726.82,52707.363,9.056,11.524139949340515,11.451028831501718,11.652084405558414,11.405334382852471
600829.SH,20170919,12.64,12.75,12.51,12.56,12.61,-0.05,-0.4,43448.0,54918.414,9.056,11.478445500691269,11.551556618530068,11.652084405558414,11.43275105204202
600829.SH,20170920,12.52,12.68,12.48,12.62,12.56,0.06,0.48,62019.82,78186.948,9.056,11.533278839070366,11.44188994177187,11.588112177449466,11.405334382852471
600829.SH,20170921,12.57,12.67,12.35,12.36,12.62,-0.26,-2.06,48390.5,60638.825,9.056,11.295667706094273,11.48758439042112,11.578973287719617,11.286528816364424
600829.SH,20170922,12.36,12.41,12.18,12.2,12.36,-0.16,-1.29,47096.29,57856.4,9.056,11.149445470416678,11.295667706094273,11.341362154743525,11.131167690956978
600829.SH,20170925,12.21,12.32,12.05,12.07,12.2,-0.13,-1.07,40563.1,49515.241,9.056,11.03063990392863,11.158584360146529,11.259112147174877,11.012362124468932
600829.SH,20170926,12.12,12.3,11.88,12.24,12.07,0.17,1.41,79603.71,96689.537,9.056,11.186001029336078,11.07633435257788,11.240834367715175,10.857000999061489
600829.SH,20170927,12.2,12.35,12.1,12.24,12.24,0.0,0.0,38517.56,47261.382,9.056,11.186001029336078,11.149445470416678,11.286528816364424,11.05805657311818
600829.SH,20180227,12.0,12.1,11.02,11.23,12.24,-1.01,-8.25,152644.53,174065.31,9.056,10.262973166621254,10.966667675819684,11.05805657311818,10.07105648229441
600829.SH,20180228,11.18,11.28,11.02,11.12,11.23,-0.11,-0.98,61943.1,68908.652,9.056,10.162445379592906,10.217278717972006,10.308667615270505,10.07105648229441
600829.SH,20180301,11.13,11.3,11.0,11.26,11.12,0.14,1.26,35995.73,40211.348,9.056,10.290389835810805,10.171584269322755,10.326945394730204,10.05277870283471
600829.SH,20180302,11.2,11.34,11.12,11.21,11.26,-0.05,-0.44,23515.99,26501.273,9.056,10.244695387161554,10.235556497431704,10.3635009536496,10.162445379592906
600829.SH,20180305,11.22,11.35,11.06,11.13,11.21,-0.08,-0.71,33924.7,37850.187,9.056,10.171584269322755,10.253834276891403,10.372639843379453,10.107612041213809
600829.SH,20180306,11.15,11.19,11.05,11.1,11.13,-0.03,-0.27,40589.62,44993.951,9.056,10.144167600133208,10.189862048782455,10.226417607701856,10.09847315148396
600829.SH,20180307,11.09,11.13,10.96,10.98,11.1,-0.12,-1.08,29923.0,33053.109,9.056,10.03450092337501,10.135028710403358,10.171584269322755,10.016223143915312
600829.SH,20180308,11.01,11.1,10.94,11.02,10.98,0.04,0.36,27388.38,30130.519,9.056,10.07105648229441,10.06191759256456,10.144167600133208,9.997945364455612
600829.SH,20180309,11.02,11.07,10.97,11.05,11.02,0.03,0.27,41436.37,45634.257,9.056,10.09847315148396,10.07105648229441,10.116750930943658,10.02536203364516
600829.SH,20180312,11.06,11.34,11.02,11.26,11.05,0.21,1.9,77948.31,86923.538,9.056,10.290389835810805,10.107612041213809,10.3635009536496,10.07105648229441
600829.SH,20180313,11.21,11.28,11.15,11.23,11.26,-0.03,-0.27,60494.82,67782.246,9.056,10.262973166621254,10.244695387161554,10.308667615270505,10.189862048782455
600829.SH,20180314,11.27,11.33,11.17,11.2,11.23,-0.03,-0.27,40986.96,46075.991,9.056,10.235556497431704,10.299528725540652,10.354362063919751,10.208139828242157
600829.SH,20180315,11.18,11.19,10.99,11.06,11.2,-0.14,-1.25,37888.9,41917.376,9.056,10.107612041213809,10.217278717972006,10.226417607701856,10.04363981310486
600829.SH,20180316,11.08,11.1,11.03,11.09,11.06,0.03,0.27,21369.02,23670.856,9.056,10.135028710403358,10.125889820673509,10.144167600133208,10.080195372024258
600829.SH,20180319,11.07,11.11,11.02,11.06,11.09,-0.03,-0.27,17876.0,19806.151,9.056,10.107612041213809,10.116750930943658,10.153306489863056,10.07105648229441
600829.SH,20180320,11.0,11.28,11.0,11.21,11.06,0.15,1.36,39733.5,44322.984,9.056,10.244695387161554,10.05277870283471,10.308667615270505,10.05277870283471
600829.SH,20180321,11.17,11.24,11.05,11.1,11.21,-0.11,-0.98,30546.51,33991.657,9.056,10.144167600133208,10.208139828242157,10.272112056351103,10.09847315148396
600829.SH,20180322,11.02,11.13,11.01,11.05,11.1,-0.05,-0.45,15836.21,17516.763,9.056,10.09847315148396,10.07105648229441,10.171584269322755,10.06191759256456
600829.SH,20180323,10.87,10.88,10.32,10.39,11.05,-0.66,-5.97,51371.12,54450.631,9.056,9.495306429313876,9.933973136346664,9.943112026076514,9.431334201204928
600829.SH,20180326,10.3,10.46,10.12,10.41,10.39,0.02,0.19,16544.68,17041.607,9.056,9.513584208773576,9.413056421745228,9.559278657422825,9.248556406607932
600829.SH,20180327,10.6,10.85,10.49,10.71,10.41,0.3,2.88,23163.01,24805.664,9.056,9.787750900669067,9.68722311364072,9.915695356886962,9.586695326612372
600829.SH,20180328,10.52,10.7,10.5,10.55,10.71,-0.16,-1.49,15111.56,15989.874,9.056,9.641528664991473,9.614111995801922,9.778612010939217,9.595834216342224
600829.SH,20180329,10.63,10.63,10.44,10.6,10.55,0.05,0.47,15288.15,16129.535,9.056,9.68722311364072,9.714639782830272,9.714639782830272,9.541000877963125
600829.SH,20180330,10.64,10.76,10.62,10.74,10.6,0.14,1.32,15351.35,16407.877,9.056,9.815167569858618,9.72377867256012,9.833445349318316,9.70550089310042
600829.SH,20180402,10.74,10.79,10.63,10.7,10.74,-0.04,-0.37,12455.68,13337.812,9.056,9.778612010939217,9.815167569858618,9.860862018507865,9.714639782830272
600829.SH,20180403,10.53,10.64,10.49,10.54,10.7,-0.16,-1.5,11553.62,12172.438,9.056,9.63238977526162,9.623250885531773,9.72377867256012,9.586695326612372
600829.SH,20180404,10.78,10.9,10.7,10.74,10.54,0.2,1.9,26613.1,28806.543,9.056,9.815167569858618,9.851723128778014,9.961389805536212,9.778612010939217
600829.SH,20180409,10.7,10.8,10.61,10.78,10.74,0.04,0.37,14224.15,15256.887,9.056,9.851723128778014,9.778612010939217,9.870000908237715,9.69636200337057
600829.SH,20180410,10.82,10.82,10.69,10.8,10.78,0.02,0.19,17267.52,18555.106,9.056,9.870000908237715,9.888278687697415,9.888278687697415,9.769473121209368
600829.SH,20180411,10.8,11.06,10.79,11.01,10.8,0.21,1.94,29504.03,32274.426,9.056,10.06191759256456,9.870000908237715,10.107612041213809,9.860862018507865
600829.SH,20180412,10.93,11.09,10.91,11.04,11.01,0.03,0.27,22440.56,24681.477,9.056,10.089334261754107,9.98880647472576,10.135028710403358,9.97052869526606
600829.SH,20180413,11.12,11.24,11.0,11.1,11.04,0.06,0.54,23545.54,26153.786,9.056,10.144167600133208,10.162445379592906,10.272112056351103,10.05277870283471
600829.SH,20180416,11.09,11.09,10.83,10.87,11.1,-0.23,-2.07,24134.2,26356.849,9.056,9.933973136346664,10.135028710403358,10.135028710403358,9.897417577427264
600829.SH,20180417,10.9,10.93,10.61,10.7,10.87,-0.17,-1.56,17257.81,18504.911,9.056,9.778612010939217,9.961389805536212,9.98880647472576,9.69636200337057
600829.SH,20180418,10.82,10.94,10.71,10.92,10.7,0.22,2.06,19281.78,20826.981,9.056,9.979667584995912,9.888278687697415,9.997945364455612,9.787750900669067
600829.SH,20180419,10.92,11.07,10.87,11.04,10.92,0.12,1.1,17286.25,19041.487,9.056,10.089334261754107,9.979667584995912,10.116750930943658,9.933973136346664
600829.SH,20180420,11.05,11.1,10.97,11.05,11.04,0.01,0.09,19857.79,21909.907,9.056,10.09847315148396,10.09847315148396,10.144167600133208,10.02536203364516
600829.SH,20180423,11.0,11.17,11.0,11.16,11.05,0.11,1.0,29110.73,32372.313,9.056,10.199000938512306,10.05277870283471,10.208139828242157,10.05277870283471
600829.SH,20180424,11.16,11.25,11.06,11.23,11.16,0.07,0.63,36355.03,40633.862,9.056,10.262973166621254,10.199000938512306,10.281250946080954,10.107612041213809
600829.SH,20180425,10.68,10.68,10.43,10.44,10.73,-0.29,-2.7,37867.22,39867.588,9.478,9.985601404741,10.215155460022402,10.215155460022402,9.976036652437609
600829.SH,20180426,10.44,10.53,10.26,10.32,10.44,-0.12,-1.15,30788.91,31902.529,9.478,9.8708243771003,9.985601404741,10.071684175471528,9.813435863279947
600829.SH,20180427,10.39,10.46,10.32,10.42,10.32,0.1,0.97,11764.82,12250.199,9.478,9.966471900134216,9.937777643224042,10.004730909347783,9.8708243771003
600829.SH,20180502,10.46,10.63,10.45,10.58,10.42,0.16,1.54,14585.94,15379.393,9.478,10.119507936988484,10.004730909347783,10.167331698505444,9.995166157044393
600829.SH,20180503,10.6,10.66,10.46,10.66,10.58,0.08,0.76,17491.0,18536.005,9.478,10.19602595541562,10.138637441595268,10.19602595541562,10.004730909347783
600829.SH,20180504,10.66,10.66,10.51,10.58,10.66,-0.08,-0.75,14908.0,15775.859,9.478,10.119507936988484,10.19602595541562,10.19602595541562,10.052554670864742
600829.SH,20180507,10.62,10.74,10.6,10.68,10.58,0.1,0.95,18862.0,20146.802,9.478,10.215155460022402,10.157766946202052,10.272543973842753,10.138637441595268
600829.SH,20180508,10.64,10.75,10.64,10.67,10.68,-0.01,-0.09,13574.0,14476.337,9.478,10.205590707719011,10.176896450808837,10.282108726146143,10.176896450808837
600829.SH,20180509,10.66,10.71,10.59,10.62,10.67,-0.05,-0.47,11136.3,11832.01,9.478,10.157766946202052,10.19602595541562,10.24384971693258,10.129072689291876
600829.SH,20180510,10.61,10.66,10.55,10.65,10.62,0.03,0.28,11949.0,12655.946,9.478,10.186461203112229,10.14820219389866,10.19602595541562,10.09081368007831
600829.SH,20180511,10.62,10.76,10.61,10.65,10.65,0.0,0.0,19095.8,20387.291,9.478,10.186461203112229,10.157766946202052,10.291673478449535,10.14820219389866
600829.SH,20180514,10.64,10.66,10.43,10.45,10.65,-0.2,-1.88,18633.91,19617.382,9.478,9.995166157044393,10.176896450808837,10.19602595541562,9.976036652437609
600829.SH,20180515,10.45,10.49,10.4,10.45,10.45,0.0,0.0,10329.07,10783.858,9.478,9.995166157044393,9.995166157044393,10.03342516625796,9.947342395527434
600829.SH,20180516,10.45,10.55,10.36,10.49,10.45,0.04,0.38,18195.07,19044.945,9.478,10.03342516625796,9.995166157044393,10.09081368007831,9.909083386313863
600829.SH,20180517,10.44,10.5,10.32,10.35,10.49,-0.14,-1.33,11683.5,12110.491,9.478,9.899518634010477,9.985601404741,10.04298991856135,9.8708243771003
600829.SH,20180518,10.36,10.39,10.25,10.31,10.35,-0.04,-0.39,13614.0,14017.567,9.478,9.861259624796908,9.909083386313863,9.937777643224042,9.803871110976557
600829.SH,20180521,10.35,10.43,10.33,10.4,10.31,0.09,0.87,10838.69,11252.551,9.478,9.947342395527434,9.899518634010477,9.976036652437609,9.880389129403692
600829.SH,20180522,10.38,10.43,10.35,10.43,10.4,0.03,0.29,9898.84,10294.292,9.478,9.976036652437609,9.928212890920651,9.976036652437609,9.899518634010477
600829.SH,20180523,10.38,10.42,10.22,10.23,10.43,-0.2,-1.92,11233.0,11598.877,9.478,9.784741606369774,9.928212890920651,9.966471900134216,9.775176854066382
600829.SH,20180524,10.2,10.3,10.2,10.28,10.23,0.05,0.49,8280.5,8509.222,9.478,9.832565367886732,9.756047349459598,9.851694872493516,9.756047349459598
600829.SH,20180525,10.28,10.34,10.19,10.21,10.28,-0.07,-0.68,8271.02,8466.192,9.478,9.76561210176299,9.832565367886732,9.889953881707084,9.746482597156206
600829.SH,20180528,10.15,10.15,9.49,9.5,10.21,-0.71,-6.95,46966.49,45601.063,9.478,9.086514688222175,9.70822358794264,9.70822358794264,9.076949935918783
600829.SH,20180529,9.52,9.7,9.49,9.59,9.5,0.09,0.95,16189.0,15518.225,9.478,9.1725974589527,9.105644192828958,9.27780973429001,9.076949935918783
600829.SH,20180530,9.5,9.53,8.96,9.02,9.59,-0.57,-5.94,21676.0,19984.606,9.478,8.62740657765937,9.086514688222175,9.11520894513235,8.57001806383902
600829.SH,20180531,9.05,9.23,9.03,9.1,9.02,0.08,0.89,13194.67,12011.61,9.478,8.703924596086503,8.656100834569546,8.828266376030598,8.636971329962762
600829.SH,20180601,9.13,9.19,9.01,9.09,9.1,-0.01,-0.11,11124.76,10134.304,9.478,8.694359843783111,8.73261885299668,8.79000736681703,8.617841825355978
600829.SH,20180604,9.07,9.14,9.04,9.07,9.09,-0.02,-0.22,11015.5,10011.406,9.478,8.67523033917633,8.67523033917633,8.742183605300072,8.646536082266154
600829.SH,20180605,9.1,9.16,9.03,9.15,9.07,0.08,0.88,9057.2,8245.986,9.478,8.751748357603464,8.703924596086503,8.761313109906855,8.636971329962762
600829.SH,20180606,9.17,9.23,9.16,9.17,9.15,0.02,0.22,8809.0,8097.712,9.478,8.770877862210247,8.770877862210247,8.828266376030598,8.761313109906855
600829.SH,20180607,9.18,9.2,9.04,9.05,9.17,-0.12,-1.31,9782.65,8906.186,9.478,8.656100834569546,8.780442614513639,8.799572119120421,8.646536082266154
600829.SH,20180608,9.05,9.08,8.75,8.9,9.05,-0.15,-1.66,11961.0,10704.026,9.478,8.51262955001867,8.656100834569546,8.684795091479721,8.369158265467794
600829.SH,20180611,8.88,8.88,8.6,8.79,8.9,-0.11,-1.24,8581.15,7559.39,9.478,8.40741727468136,8.493500045411887,8.493500045411887,8.225686980916915
600829.SH,20180612,8.79,8.88,8.74,8.82,8.79,0.03,0.34,7100.46,6258.191,9.478,8.436111531591536,8.40741727468136,8.493500045411887,8.359593513164402
600829.SH,20180613,8.78,8.82,8.55,8.61,8.82,-0.21,-2.38,11600.76,10073.416,9.478,8.235251733220307,8.397852522377967,8.436111531591536,8.177863219399958
600829.SH,20180614,8.65,8.68,8.4,8.65,8.61,0.04,0.46,12694.5,10871.151,9.478,8.273510742433876,8.273510742433876,8.302204999344049,8.034391934849081
600829.SH,20180615,8.62,8.63,8.28,8.57,8.65,-0.08,-0.92,15272.55,12845.633,9.478,8.19699272400674,8.2448164855237,8.254381237827092,7.919614907208379
600829.SH,20180619,8.18,8.18,7.71,7.71,8.57,-0.86,-10.04,33163.0,26056.753,9.478,7.374424025915049,7.823967384174463,7.823967384174463,7.374424025915049
600829.SH,20180620,7.71,7.71,6.94,7.54,7.71,-0.17,-2.2,86015.76,61756.512,9.478,7.211823236757389,7.374424025915049,7.374424025915049,6.637938098553884
600829.SH,20180621,7.29,7.43,7.04,7.06,7.54,-0.48,-6.37,33249.51,24092.736,9.478,6.752715126194584,6.972704429172595,7.106610961420079,6.733585621587801
600829.SH,20180622,6.9,7.15,6.9,7.07,7.06,0.01,0.14,27920.52,19641.554,9.478,6.762279878497977,6.5996790893403166,6.838797896925112,6.5996790893403166
600829.SH,20180625,7.11,7.14,7.01,7.09,7.07,0.02,0.28,22691.34,16068.964,9.478,6.78140938310476,6.800538887711544,6.829233144621719,6.704891364677625
600829.SH,20180626,7.04,7.13,6.96,7.08,7.09,-0.01,-0.14,18289.1,12934.804,9.478,6.771844630801369,6.733585621587801,6.819668392318326,6.657067603160668
600829.SH,20180627,7.06,7.21,7.05,7.2,7.08,0.12,1.69,20914.25,14922.046,9.478,6.886621658442071,6.752715126194584,6.89618641074546,6.743150373891192
600829.SH,20180628,7.16,7.25,6.99,7.01,7.2,-0.19,-2.64,14321.08,10202.865,9.478,6.704891364677625,6.848362649228503,6.934445419959028,6.685761860070843
600829.SH,20180629,6.97,7.18,6.97,7.16,7.01,0.15,2.14,17423.19,12333.152,9.478,6.848362649228503,6.666632355464058,6.867492153835285,6.666632355464058
600829.SH,20180702,7.18,7.22,6.98,7.04,7.16,-0.12,-1.68,17564.99,12505.849,9.478,6.733585621587801,6.867492153835285,6.905751163048852,6.676197107767451
600829.SH,20180703,7.01,7.12,6.86,7.1,7.04,0.06,0.85,20560.69,14419.086,9.478,6.790974135408151,6.704891364677625,6.810103640014936,6.56142008012675
600829.SH,20180704,7.08,7.13,6.91,6.94,7.1,-0.16,-2.25,14393.0,10066.346,9.478,6.637938098553884,6.771844630801369,6.819668392318326,6.609243841643709
600829.SH,20180705,6.97,6.99,6.64,6.67,6.94,-0.27,-3.89,17782.76,12174.385,9.478,6.379689786362306,6.666632355464058,6.685761860070843,6.35099552945213
600829.SH,20180706,6.69,7.08,6.48,6.81,6.67,0.14,2.1,33637.11,22844.607,9.478,6.51359631860979,6.398819290969089,6.771844630801369,6.197959492597863
600829.SH,20180709,6.83,7.02,6.78,7.0,6.81,0.19,2.79,23893.99,16516.515,9.478,6.6953266123742345,6.532725823216574,6.714456116981017,6.484902061699616
600829.SH,20180710,6.97,7.05,6.93,7.04,7.0,0.04,0.57,16323.25,11407.572,9.478,6.733585621587801,6.666632355464058,6.743150373891192,6.628373346250491
600829.SH,20180711,7.01,7.01,6.71,6.83,7.04,-0.21,-2.98,17932.0,12312.075,9.478,6.532725823216574,6.704891364677625,6.704891364677625,6.417948795575874
600829.SH,20180712,6.88,7.04,6.85,7.0,6.83,0.17,2.49,17324.97,12105.217,9.478,6.6953266123742345,6.580549584733533,6.733585621587801,6.551855327823357
600829.SH,20180713,7.03,7.16,6.98,7.12,7.0,0.12,1.71,21770.41,15456.584,9.478,6.810103640014936,6.72402086928441,6.848362649228503,6.676197107767451
600829.SH,20180716,7.12,7.41,7.08,7.38,7.12,0.26,3.65,40625.01,29651.32,9.478,7.05878719990312,6.810103640014936,7.087481456813296,6.771844630801369
600829.SH,20180717,7.37,7.37,7.16,7.26,7.38,-0.12,-1.63,27379.48,19773.219,9.478,6.944010172262419,7.049222447599729,7.049222447599729,6.848362649228503
600829.SH,20180718,7.26,7.27,7.16,7.18,7.26,-0.08,-1.1,19010.04,13717.852,9.478,6.867492153835285,6.944010172262419,6.953574924565811,6.848362649228503
600829.SH,20180719,7.18,7.21,7.08,7.2,7.18,0.02,0.28,17528.7,12536.463,9.478,6.886621658442071,6.867492153835285,6.89618641074546,6.771844630801369
600829.SH,20180720,7.2,7.43,7.07,7.24,7.2,0.04,0.5556,35093.15,25469.744,9.478,6.924880667655637,6.886621658442071,7.106610961420079,6.762279878497977
600829.SH,20180723,7.19,7.19,6.92,7.04,7.24,-0.2,-2.7624,33407.08,23478.095,9.478,6.733585621587801,6.877056906138678,6.877056906138678,6.618808593947101
600829.SH,20180724,7.06,7.33,7.01,7.27,7.04,0.23,3.267,41367.24,29831.102,9.478,6.953574924565811,6.752715126194584,7.010963438386161,6.704891364677625
600829.SH,20180725,7.27,7.36,7.23,7.29,7.27,0.02,0.2751,27195.3,19855.955,9.478,6.972704429172595,6.953574924565811,7.039657695296339,6.915315915352245
600829.SH,20180726,7.32,7.4,7.26,7.37,7.29,0.08,1.0974,25762.57,18908.822,9.478,7.049222447599729,7.001398686082771,7.077916704509906,6.944010172262419
600829.SH,20180727,7.35,7.37,7.26,7.3,7.37,-0.07,-0.9498,21992.73,16076.795,9.478,6.982269181475987,7.030092942992945,7.049222447599729,6.944010172262419
600829.SH,20180730,7.21,7.31,7.12,7.21,7.3,-0.09,-1.2329,20066.71,14459.695,9.478,6.89618641074546,6.89618641074546,6.991833933779378,6.810103640014936
600829.SH,20180731,7.19,7.48,7.14,7.28,7.21,0.07,0.9709,29950.35,21889.193,9.478,6.963139676869204,6.877056906138678,7.154434722937039,6.829233144621719
600829.SH,20180801,7.29,7.3,7.05,7.06,7.28,-0.22,-3.022,23499.79,16881.536,9.478,6.752715126194584,6.972704429172595,6.982269181475987,6.743150373891192
600829.SH,20180802,7.08,7.11,6.72,6.82,7.06,-0.24,-3.3994,19018.42,13147.817,9.478,6.523161070913183,6.771844630801369,6.800538887711544,6.427513547879264
600829.SH,20180803,6.77,7.2,6.77,7.16,6.82,0.34,4.9853,37965.75,26739.659,9.478,6.848362649228503,6.475337309396222,6.886621658442071,6.475337309396222
600829.SH,20180806,7.1,7.88,7.04,7.38,7.16,0.22,3.0726,101031.04,75171.517,9.478,7.05878719990312,6.790974135408151,7.537024815072709,6.733585621587801
600829.SH,20180807,7.32,7.63,7.25,7.62,7.38,0.24,3.252,79607.83,59580.545,9.478,7.288341255184523,7.001398686082771,7.297906007487914,6.934445419959028
600829.SH,20180808,7.57,8.25,7.42,8.04,7.62,0.42,5.5118,101091.67,78600.448,9.478,7.690060851926976,7.240517493667564,7.890920650298205,7.097046209116687
600829.SH,20180809,7.87,8.8,7.74,8.54,8.04,0.5,6.2189,157525.41,132234.549,9.478,8.168298467096564,7.527460062769317,8.416982026984753,7.403118282825225
600829.SH,20180810,8.45,8.46,7.96,8.04,8.54,-0.5,-5.8548,121847.72,99209.68,9.478,7.690060851926976,8.082215696366038,8.091780448669432,7.613542833499843
600829.SH,20180813,7.9,7.91,7.65,7.75,8.04,-0.29,-3.607,85801.15,66510.781,9.478,7.412683035128616,7.556154319679493,7.565719071982884,7.317035512094699
600829.SH,20180814,7.76,7.76,7.62,7.68,7.75,-0.07,-0.9032,49977.15,38354.834,9.478,7.3457297690048735,7.422247787432008,7.422247787432008,7.288341255184523
600829.SH,20180815,7.68,7.7,7.47,7.52,7.68,-0.16,-2.0833,35115.0,26572.995,9.478,7.192693732150605,7.3457297690048735,7.364859273611657,7.144869970633646
600829.SH,20180816,7.41,7.49,7.25,7.26,7.52,-0.26,-3.4574,40276.0,29607.975,9.4778,6.943863643244225,7.087331900336047,7.163848304118354,6.934299092771437
600829.SH,20180817,7.37,7.37,6.91,7.04,7.26,-0.22,-3.0303,36901.66,26454.921,9.4778,6.733443532842886,7.049073698444896,7.049073698444896,6.609104376696638
600829.SH,20180820,7.02,7.12,6.94,7.11,7.04,0.07,0.9943,26073.0,18374.974,9.4778,6.8003953861524025,6.714314431897308,6.809959936625191,6.637798028115005
600829.SH,20180821,7.2,7.2,7.08,7.1,7.11,-0.01,-0.1406,29065.1,20692.219,9.4778,6.790830835679613,6.886476340407496,6.886476340407496,6.771701734734037
600829.SH,20180822,7.1,7.1,6.9,6.91,7.1,-0.19,-2.6761,22796.11,15901.783,9.4778,6.609104376696638,6.790830835679613,6.790830835679613,6.599539826223851
600829.SH,20180823,6.9,7.15,6.86,7.15,6.91,0.24,3.4732,30937.72,21680.029,9.4778,6.838653588043556,6.599539826223851,6.838653588043556,6.561281624332698
600829.SH,20180824,7.1,7.68,7.09,7.47,7.15,0.32,4.4755,79698.72,58976.501,9.4778,7.144719203172777,6.790830835679613,7.345574763101329,6.781266285206827
600829.SH,20180827,7.42,7.53,7.3,7.52,7.47,0.05,0.6693,43529.3,32330.378,9.4778,7.192541955536718,7.096896450808837,7.202106506009507,6.982121845135378
600829.SH,20180828,7.46,7.87,7.4,7.77,7.52,0.25,3.3245,68619.51,52782.209,9.478,7.431812539735399,7.135305218330255,7.527460062769317,7.077916704509906
600829.SH,20180829,7.72,7.79,7.39,7.39,7.77,-0.38,-4.8906,68990.0,52510.396,9.478,7.068351952206513,7.383988778218441,7.450942044342184,7.068351952206513
600829.SH,20180830,7.38,7.41,7.14,7.15,7.39,-0.24,-3.2476,27978.0,20274.523,9.478,6.838797896925112,7.05878719990312,7.087481456813296,6.829233144621719
600829.SH,20180831,7.17,7.2,7.08,7.08,7.15,-0.07,-0.979,18095.0,12894.704,9.478,6.771844630801369,6.857927401531893,6.886621658442071,6.771844630801369
600829.SH,20180903,7.09,7.22,7.05,7.22,7.08,0.14,1.9774,21402.34,15235.157,9.478,6.905751163048852,6.78140938310476,6.905751163048852,6.743150373891192
600829.SH,20180904,7.22,7.25,7.12,7.23,7.22,0.01,0.1385,14472.67,10418.214,9.478,6.915315915352245,6.905751163048852,6.934445419959028,6.810103640014936
600829.SH,20180905,7.21,7.25,7.08,7.08,7.23,-0.15,-2.0747,14203.98,10176.364,9.478,6.771844630801369,6.89618641074546,6.934445419959028,6.771844630801369
600829.SH,20180906,7.09,7.13,7.01,7.01,7.08,-0.07,-0.9887,17464.0,12335.913,9.478,6.704891364677625,6.78140938310476,6.819668392318326,6.704891364677625
600829.SH,20180907,7.0,7.14,7.0,7.04,7.01,0.03,0.428,13986.09,9892.091,9.478,6.733585621587801,6.6953266123742345,6.829233144621719,6.6953266123742345
600829.SH,20180910,7.03,7.06,6.92,6.96,7.04,-0.08,-1.1364,14457.99,10084.701,9.478,6.657067603160668,6.72402086928441,6.752715126194584,6.618808593947101
600829.SH,20180911,6.96,7.03,6.9,6.96,6.96,0.0,0.0,10374.01,7240.696,9.478,6.657067603160668,6.657067603160668,6.72402086928441,6.5996790893403166
600829.SH,20180912,7.0,7.02,6.93,6.97,6.96,0.01,0.1437,6788.01,4742.095,9.478,6.666632355464058,6.6953266123742345,6.714456116981017,6.628373346250491
600829.SH,20180913,7.0,7.19,6.96,7.15,6.97,0.18,2.5825,19669.35,13942.318,9.478,6.838797896925112,6.6953266123742345,6.877056906138678,6.657067603160668
600829.SH,20180914,7.15,7.2,7.1,7.1,7.15,-0.05,-0.6993,8196.16,5846.889,9.478,6.790974135408151,6.838797896925112,6.886621658442071,6.790974135408151
600829.SH,20180917,6.99,7.14,6.94,7.1,7.1,0.0,0.0,23578.0,16705.265,9.478,6.790974135408151,6.685761860070843,6.829233144621719,6.637938098553884
600829.SH,20180918,7.05,7.12,6.97,7.11,7.1,0.01,0.1408,13770.87,9706.961,9.478,6.800538887711544,6.743150373891192,6.810103640014936,6.666632355464058
600829.SH,20180919,7.08,7.15,7.04,7.1,7.11,-0.01,-0.1406,14589.0,10362.515,9.478,6.790974135408151,6.771844630801369,6.838797896925112,6.733585621587801
600829.SH,20180920,7.11,7.14,7.05,7.08,7.1,-0.02,-0.2817,9372.0,6651.065,9.478,6.771844630801369,6.800538887711544,6.829233144621719,6.743150373891192
600829.SH,20180921,7.09,7.15,7.05,7.13,7.08,0.05,0.7062,10230.0,7276.551,9.478,6.819668392318326,6.78140938310476,6.838797896925112,6.743150373891192
600829.SH,20180925,7.13,7.13,7.06,7.08,7.13,-0.05,-0.7013,5246.02,3724.099,9.478,6.771844630801369,6.819668392318326,6.819668392318326,6.752715126194584
600829.SH,20180926,7.13,7.2,7.09,7.13,7.08,0.05,0.7062,22513.03,16097.835,9.478,6.819668392318326,6.819668392318326,6.886621658442071,6.78140938310476
600829.SH,20180927,7.13,7.15,7.04,7.04,7.13,-0.09,-1.2623,8242.0,5847.667,9.478,6.733585621587801,6.819668392318326,6.838797896925112,6.733585621587801
600829.SH,20180928,7.04,7.1,6.99,7.03,7.04,-0.01,-0.142,11975.0,8440.917,9.478,6.72402086928441,6.733585621587801,6.790974135408151,6.685761860070843
600829.SH,20181008,6.97,6.97,6.83,6.83,7.03,-0.2,-2.845,11245.18,7783.592,9.478,6.532725823216574,6.666632355464058,6.666632355464058,6.532725823216574
600829.SH,20181009,6.89,6.92,6.75,6.78,6.83,-0.05,-0.7321,6530.71,4458.137,9.478,6.484902061699616,6.590114337036924,6.618808593947101,6.4562078047894405
600829.SH,20181010,6.81,6.85,6.53,6.64,6.78,-0.14,-2.0649,21582.15,14352.92,9.478,6.35099552945213,6.51359631860979,6.551855327823357,6.245783254114821
600829.SH,20181011,6.39,6.39,5.98,5.98,6.64,-0.66,-9.9398,26040.69,15856.202,9.478,5.719721877428275,6.111876721867336,6.111876721867336,5.719721877428275
600829.SH,20181012,5.84,5.89,5.61,5.8,5.98,-0.18,-3.01,20266.7,11697.742,9.478,5.547556335967223,5.58581534518079,5.633639106697748,5.365826042202779
600829.SH,20181015,5.83,5.86,5.66,5.67,5.8,-0.13,-2.2414,11873.0,6864.381,9.478,5.4232145560231295,5.576250592877398,5.604944849787573,5.413649803719738
600829.SH,20181016,5.69,5.8,5.52,5.53,5.67,-0.14,-2.4691,14003.5,7880.427,9.478,5.289308023775645,5.442344060629913,5.547556335967223,5.279743271472253
600829.SH,20181017,5.63,5.63,5.48,5.6,5.53,0.07,1.2658,8292.32,4617.161,9.478,5.356261289899387,5.384955546809563,5.384955546809563,5.241484262258687
600829.SH,20181018,5.58,5.58,5.39,5.42,5.6,-0.18,-3.2143,9719.48,5331.857,9.478,5.184095748438335,5.337131785292604,5.337131785292604,5.15540149152816
600829.SH,20181019,5.4,5.46,4.88,5.43,5.42,0.01,0.1845,27138.07,13950.847,9.478,5.193660500741728,5.164966243831553,5.222354757651902,4.66759912405518
600829.SH,20181022,5.35,5.77,5.3,5.68,5.43,0.25,4.6041,30208.55,16830.464,9.478,5.432779308326522,5.117142482314593,5.518862079057047,5.069318720797634
600829.SH,20181023,5.66,5.72,5.55,5.57,5.68,-0.11,-1.9366,17743.93,9989.457,9.478,5.327567032989212,5.413649803719738,5.4710383175400885,5.308437528382428
600829.SH,20181024,5.59,5.72,5.52,5.7,5.57,0.13,2.3339,17335.82,9800.926,9.478,5.451908812933305,5.346696537595996,5.4710383175400885,5.279743271472253
600829.SH,20181025,5.58,5.63,5.35,5.63,5.7,-0.07,-1.2281,14911.19,8272.492,9.478,5.384955546809563,5.337131785292604,5.384955546809563,5.117142482314593
600829.SH,20181026,5.66,5.73,5.64,5.67,5.63,0.04,0.7105,13074.19,7419.799,9.478,5.4232145560231295,5.413649803719738,5.480603069843481,5.394520299112955
600829.SH,20181029,5.64,5.67,5.53,5.57,5.67,-0.1,-1.7637,10386.33,5805.041,9.478,5.327567032989212,5.394520299112955,5.4232145560231295,5.289308023775645
600829.SH,20181030,5.56,5.77,5.53,5.67,5.57,0.1,1.7953,12753.18,7223.344,9.478,5.4232145560231295,5.31800228068582,5.518862079057047,5.289308023775645
600829.SH,20181031,5.67,5.85,5.67,5.83,5.67,0.16,2.8219,14544.06,8410.47,9.478,5.576250592877398,5.4232145560231295,5.595380097484181,5.4232145560231295
600829.SH,20181101,5.88,6.0,5.88,5.89,5.83,0.06,1.0292,15089.03,8961.479,9.478,5.633639106697748,5.624074354394357,5.738851382035057,5.624074354394357
600829.SH,20181102,5.93,6.07,5.93,6.06,5.89,0.17,2.8862,16083.49,9685.11,9.478,5.796239895855408,5.671898115911315,5.805804648158801,5.671898115911315
600829.SH,20181105,6.08,6.21,6.02,6.13,6.06,0.07,1.1551,16995.01,10386.876,9.478,5.863193161979151,5.815369400462192,5.9397111804062845,5.757980886641841
600829.SH,20181106,6.15,6.18,6.0,6.14,6.13,0.01,0.1631,10788.73,6569.754,9.478,5.872757914282542,5.882322666585935,5.911016923496109,5.738851382035057
600829.SH,20181107,6.12,6.16,6.02,6.04,6.14,-0.1,-1.6287,11528.69,7028.527,9.478,5.777110391248624,5.853628409675759,5.8918874188893255,5.757980886641841
600829.SH,20181108,6.1,6.32,6.09,6.18,6.04,0.14,2.3179,23956.51,14865.746,9.478,5.911016923496109,5.834498905068975,6.044923455743594,5.824934152765583
600829.SH,20181109,6.15,6.24,6.06,6.09,6.18,-0.09,-1.4563,14248.76,8696.447,9.478,5.824934152765583,5.882322666585935,5.96840543731646,5.796239895855408
600829.SH,20181112,6.14,6.3,6.09,6.28,6.09,0.19,3.1199,14190.07,8814.23,9.478,6.006664446530027,5.872757914282542,6.02579395113681,5.824934152765583
600829.SH,20181113,6.24,6.91,6.21,6.66,6.28,0.38,6.051,67984.95,45830.934,9.478,6.370125034058915,5.96840543731646,6.609243841643709,5.9397111804062845
600829.SH,20181114,6.64,6.75,6.44,6.52,6.66,-0.14,-2.1021,42609.62,27833.285,9.478,6.236218501811429,6.35099552945213,6.4562078047894405,6.159700483384295
600829.SH,20181115,6.46,6.55,6.46,6.53,6.52,0.01,0.1534,20281.61,13192.608,9.478,6.245783254114821,6.178829987991079,6.264912758721605,6.178829987991079
600829.SH,20181116,6.51,6.62,6.5,6.55,6.53,0.02,0.3063,19618.88,12887.794,9.478,6.264912758721605,6.226653749508038,6.331866024845348,6.217088997204646
600829.SH,20181119,6.6,6.61,6.44,6.53,6.55,-0.02,-0.3053,18928.74,12313.188,9.478,6.245783254114821,6.312736520238564,6.322301272541956,6.159700483384295
600829.SH,20181120,6.5,6.52,6.29,6.3,6.53,-0.23,-3.5222,16636.0,10648.586,9.478,6.02579395113681,6.217088997204646,6.236218501811429,6.016229198833419
600829.SH,20181121,6.28,6.43,6.2,6.42,6.3,0.12,1.9048,18233.58,11553.563,9.478,6.140570978777512,6.006664446530027,6.150135731080904,5.930146428102893
600829.SH,20181122,6.43,6.52,6.39,6.46,6.42,0.04,0.6231,11337.03,7308.585,9.478,6.178829987991079,6.150135731080904,6.236218501811429,6.111876721867336
600829.SH,20181123,6.46,6.49,6.15,6.19,6.46,-0.27,-4.1796,19123.05,12019.034,9.478,5.920581675799502,6.178829987991079,6.207524244901254,5.882322666585935
600829.SH,20181126,6.24,6.24,6.07,6.1,6.19,-0.09,-1.454,11392.81,6994.549,9.478,5.834498905068975,5.96840543731646,5.96840543731646,5.805804648158801
600829.SH,20181127,6.1,6.17,6.1,6.12,6.1,0.02,0.3279,8203.05,5027.127,9.478,5.853628409675759,5.834498905068975,5.901452171192718,5.834498905068975
600829.SH,20181128,6.12,6.23,6.04,6.21,6.12,0.09,1.4706,10857.29,6681.145,9.478,5.9397111804062845,5.853628409675759,5.958840685013069,5.777110391248624
600829.SH,20181129,6.21,6.23,6.05,6.06,6.21,-0.15,-2.4155,9442.0,5801.529,9.478,5.796239895855408,5.9397111804062845,5.958840685013069,5.786675143552016
600829.SH,20181130,6.08,6.12,5.96,6.1,6.06,0.04,0.6601,8384.3,5082.412,9.478,5.834498905068975,5.815369400462192,5.853628409675759,5.700592372821491
600829.SH,20181203,6.16,6.3,6.16,6.26,6.1,0.16,2.623,14440.13,9020.867,9.478,5.987534941923244,5.8918874188893255,6.02579395113681,5.8918874188893255
600829.SH,20181204,6.24,6.45,6.22,6.44,6.26,0.18,2.8754,17234.88,10919.13,9.478,6.159700483384295,5.96840543731646,6.169265235687687,5.949275932709677
600829.SH,20181205,6.34,6.39,6.25,6.35,6.44,-0.09,-1.3975,14380.18,9096.975,9.478,6.073617712653769,6.064052960350378,6.111876721867336,5.977970189619851
600829.SH,20181206,6.28,6.36,6.23,6.33,6.35,-0.02,-0.315,11201.0,7051.735,9.478,6.054488208046986,6.006664446530027,6.0831824649571615,5.958840685013069
600829.SH,20181207,6.29,6.31,6.15,6.16,6.33,-0.17,-2.6856,11391.88,7075.877,9.478,5.8918874188893255,6.016229198833419,6.0353587034402025,5.882322666585935
600829.SH,20181210,6.15,6.15,6.01,6.02,6.16,-0.14,-2.2727,10082.1,6114.635,9.478,5.757980886641841,5.882322666585935,5.882322666585935,5.7484161343384494
600829.SH,20181211,6.04,6.08,6.02,6.08,6.02,0.06,0.9967,5081.22,3073.382,9.478,5.815369400462192,5.777110391248624,5.815369400462192,5.757980886641841
600829.SH,20181212,6.1,6.12,6.05,6.06,6.08,-0.02,-0.3289,5311.0,3230.293,9.478,5.796239895855408,5.834498905068975,5.853628409675759,5.786675143552016
600829.SH,20181213,6.1,6.22,6.07,6.19,6.06,0.13,2.1452,8356.0,5143.573,9.478,5.920581675799502,5.834498905068975,5.949275932709677,5.805804648158801
600829.SH,20181214,6.19,6.23,6.13,6.15,6.19,-0.04,-0.6462,5350.0,3304.599,9.478,5.882322666585935,5.920581675799502,5.958840685013069,5.863193161979151
600829.SH,20181217,6.1,6.19,6.05,6.15,6.15,0.0,0.0,6758.4,4135.021,9.478,5.882322666585935,5.834498905068975,5.920581675799502,5.786675143552016
600829.SH,20181218,6.11,6.15,6.01,6.03,6.15,-0.12,-1.9512,8871.25,5374.374,9.478,5.767545638945234,5.844063657372367,5.882322666585935,5.7484161343384494
600829.SH,20181219,6.05,6.07,5.91,5.96,6.03,-0.07,-1.1609,6185.87,3718.348,9.478,5.700592372821491,5.786675143552016,5.805804648158801,5.652768611304532
600829.SH,20181220,5.94,6.08,5.94,5.98,5.96,0.02,0.3356,8424.18,5050.677,9.478,5.719721877428275,5.681462868214708,5.815369400462192,5.681462868214708
600829.SH,20181221,5.98,5.99,5.91,5.96,5.98,-0.02,-0.3344,4326.0,2575.925,9.478,5.700592372821491,5.719721877428275,5.729286629731666,5.652768611304532
600829.SH,20181224,5.91,6.05,5.91,6.04,5.96,0.08,1.3423,4826.68,2901.27,9.478,5.777110391248624,5.652768611304532,5.786675143552016,5.652768611304532
600829.SH,20181225,6.06,6.06,5.87,5.96,6.04,-0.08,-1.3245,7580.31,4512.124,9.478,5.700592372821491,5.796239895855408,5.796239895855408,5.6145096020909655
600829.SH,20181226,5.96,6.02,5.95,5.96,5.96,0.0,0.0,4109.0,2454.852,9.478,5.700592372821491,5.700592372821491,5.757980886641841,5.691027620518099
600829.SH,20181227,6.0,6.04,5.86,5.88,5.96,-0.08,-1.3423,5560.0,3320.596,9.478,5.624074354394357,5.738851382035057,5.777110391248624,5.604944849787573
600829.SH,20181228,5.91,5.92,5.8,5.83,5.88,-0.05,-0.8503,6594.0,3866.725,9.478,5.576250592877398,5.652768611304532,5.662333363607924,5.547556335967223
600829.SH,20190102,5.83,5.83,5.73,5.76,5.83,-0.07,-1.2007,6100.0,3513.131,9.478,5.509297326753655,5.576250592877398,5.576250592877398,5.480603069843481
600829.SH,20190103,5.83,5.83,5.75,5.75,5.76,-0.01,-0.1736,5900.24,3415.716,9.478,5.499732574450264,5.576250592877398,5.576250592877398,5.499732574450264
600829.SH,20190104,5.72,5.87,5.67,5.87,5.75,0.12,2.087,5353.04,3115.27,9.478,5.6145096020909655,5.4710383175400885,5.6145096020909655,5.4232145560231295
600829.SH,20190107,5.9,5.97,5.89,5.96,5.87,0.09,1.5332,7966.46,4730.218,9.478,5.700592372821491,5.64320385900114,5.710157125124882,5.633639106697748
600829.SH,20190108,5.97,6.04,5.94,5.96,5.96,0.0,0.0,6371.16,3810.758,9.478,5.700592372821491,5.710157125124882,5.777110391248624,5.681462868214708
600829.SH,20190109,6.01,6.04,5.95,5.96,5.96,0.0,0.0,9802.64,5880.616,9.478,5.700592372821491,5.7484161343384494,5.777110391248624,5.691027620518099
600829.SH,20190110,6.01,6.05,5.95,5.98,5.96,0.02,0.3356,7515.0,4519.229,9.478,5.719721877428275,5.7484161343384494,5.786675143552016,5.691027620518099
600829.SH,20190111,5.97,6.05,5.96,6.03,5.98,0.05,0.8361,5571.99,3349.548,9.478,5.767545638945234,5.710157125124882,5.786675143552016,5.700592372821491
600829.SH,20190114,6.02,6.29,6.0,6.17,6.03,0.14,2.3217,14080.03,8659.275,9.478,5.901452171192718,5.757980886641841,6.016229198833419,5.738851382035057
600829.SH,20190115,6.12,6.12,6.01,6.07,6.17,-0.1,-1.6207,14752.21,8933.043,9.478,5.805804648158801,5.853628409675759,5.853628409675759,5.7484161343384494
600829.SH,20190116,6.08,6.1,6.01,6.05,6.07,-0.02,-0.3295,10071.0,6097.22,9.478,5.786675143552016,5.815369400462192,5.834498905068975,5.7484161343384494
600829.SH,20190117,6.06,6.06,5.96,6.0,6.05,-0.05,-0.8264,7898.73,4747.611,9.478,5.738851382035057,5.796239895855408,5.796239895855408,5.700592372821491
600829.SH,20190118,5.99,6.04,5.98,6.03,6.0,0.03,0.5,7891.2,4744.539,9.478,5.767545638945234,5.729286629731666,5.777110391248624,5.719721877428275
600829.SH,20190121,6.04,6.06,6.01,6.04,6.03,0.01,0.1658,8133.01,4907.762,9.478,5.777110391248624,5.777110391248624,5.796239895855408,5.7484161343384494
600829.SH,20190122,6.05,6.05,5.97,5.98,6.04,-0.06,-0.9934,6562.0,3936.036,9.478,5.719721877428275,5.786675143552016,5.786675143552016,5.710157125124882
600829.SH,20190123,5.99,6.03,5.98,6.03,5.98,0.05,0.8361,4299.2,2582.838,9.478,5.767545638945234,5.729286629731666,5.767545638945234,5.719721877428275
600829.SH,20190124,5.99,6.05,5.98,6.01,6.03,-0.02,-0.3317,7057.0,4245.165,9.478,5.7484161343384494,5.729286629731666,5.786675143552016,5.719721877428275
600829.SH,20190125,6.02,6.05,5.91,5.97,6.01,-0.04,-0.6656,10716.0,6422.125,9.478,5.710157125124882,5.757980886641841,5.786675143552016,5.652768611304532
600829.SH,20190128,6.0,6.12,5.93,5.97,5.97,0.0,0.0,16809.18,10090.339,9.478,5.710157125124882,5.738851382035057,5.853628409675759,5.671898115911315
600829.SH,20190129,5.91,5.92,5.75,5.8,5.97,-0.17,-2.8476,12697.25,7408.684,9.478,5.547556335967223,5.652768611304532,5.662333363607924,5.499732574450264
600829.SH,20190130,5.77,5.85,5.71,5.75,5.8,-0.05,-0.8621,9233.55,5327.451,9.478,5.499732574450264,5.518862079057047,5.595380097484181,5.461473565236696
600829.SH,20190131,5.72,5.79,5.48,5.56,5.75,-0.19,-3.3043,22811.0,12818.713,9.478,5.31800228068582,5.4710383175400885,5.537991583663831,5.241484262258687
600829.SH,20190201,5.65,5.7,5.56,5.69,5.56,0.13,2.3381,14165.0,7977.167,9.478,5.442344060629913,5.404085051416346,5.451908812933305,5.31800228068582
600829.SH,20190211,5.7,5.85,5.7,5.78,5.69,0.09,1.5817,15448.75,8926.447,9.478,5.528426831360439,5.451908812933305,5.595380097484181,5.451908812933305
600829.SH,20190212,5.78,5.9,5.77,5.89,5.78,0.11,1.9031,18835.41,11052.736,9.478,5.633639106697748,5.528426831360439,5.64320385900114,5.518862079057047
600829.SH,20190213,5.92,5.97,5.87,5.96,5.89,0.07,1.1885,25203.06,14933.8,9.478,5.700592372821491,5.662333363607924,5.710157125124882,5.6145096020909655
600829.SH,20190214,5.95,6.04,5.95,6.02,5.96,0.06,1.0067,15738.25,9454.93,9.478,5.757980886641841,5.691027620518099,5.777110391248624,5.691027620518099
600829.SH,20190215,6.03,6.06,5.96,5.99,6.02,-0.03,-0.4983,12252.1,7351.431,9.478,5.729286629731666,5.767545638945234,5.796239895855408,5.700592372821491
600829.SH,20190218,5.99,6.14,5.99,6.13,5.99,0.14,2.3372,23271.32,14152.709,9.478,5.863193161979151,5.729286629731666,5.872757914282542,5.729286629731666
600829.SH,20190219,6.14,6.27,6.09,6.17,6.13,0.04,0.6525,21965.1,13579.824,9.478,5.901452171192718,5.872757914282542,5.997099694226636,5.824934152765583
600829.SH,20190220,6.17,6.26,6.12,6.17,6.17,0.0,0.0,21053.36,13035.997,9.478,5.901452171192718,5.901452171192718,5.987534941923244,5.853628409675759
600829.SH,20190221,6.15,6.18,6.06,6.09,6.17,-0.08,-1.2966,27503.0,16850.346,9.478,5.824934152765583,5.882322666585935,5.911016923496109,5.796239895855408
600829.SH,20190222,6.08,6.23,6.08,6.22,6.09,0.13,2.1346,29243.69,18084.41,9.478,5.949275932709677,5.815369400462192,5.958840685013069,5.815369400462192
600829.SH,20190225,6.23,6.48,6.23,6.47,6.22,0.25,4.0193,45722.45,29148.232,9.478,6.188394740294471,5.958840685013069,6.197959492597863,5.958840685013069
600829.SH,20190226,6.47,6.77,6.4,6.62,6.47,0.15,2.3184,51517.48,33938.076,9.478,6.331866024845348,6.188394740294471,6.475337309396222,6.121441474170728
600829.SH,20190227,6.57,6.73,6.55,6.69,6.62,0.07,1.0574,35904.13,23863.807,9.478,6.398819290969089,6.284042263328389,6.437078300182657,6.264912758721605
600829.SH,20190228,6.65,6.85,6.6,6.71,6.69,0.02,0.299,33543.15,22477.895,9.478,6.417948795575874,6.3605602817555225,6.551855327823357,6.312736520238564
600829.SH,20190301,6.74,6.81,6.64,6.76,6.71,0.05,0.7452,29656.54,19880.839,9.478,6.465772557092832,6.446643052486048,6.51359631860979,6.35099552945213
600829.SH,20190304,6.74,6.86,6.57,6.77,6.76,0.01,0.1479,78506.05,52728.23,9.478,6.475337309396222,6.446643052486048,6.56142008012675,6.284042263328389
600829.SH,20190305,6.7,6.84,6.68,6.84,6.77,0.07,1.034,51366.54,34752.902,9.478,6.542290575519966,6.4083840432724815,6.542290575519966,6.389254538665697
600829.SH,20190306,6.88,7.37,6.88,7.21,6.84,0.37,5.4094,85459.61,60957.787,9.478,6.89618641074546,6.580549584733533,7.049222447599729,6.580549584733533
600829.SH,20190307,7.2,7.3,7.06,7.18,7.21,-0.03,-0.4161,69849.0,50164.952,9.478,6.867492153835285,6.886621658442071,6.982269181475987,6.752715126194584
600829.SH,20190308,7.1,7.14,6.83,6.84,7.18,-0.34,-4.7354,59364.72,41511.319,9.478,6.542290575519966,6.790974135408151,6.829233144621719,6.532725823216574
600829.SH,20190311,6.88,7.09,6.84,7.06,6.84,0.22,3.2164,42681.54,29682.758,9.478,6.752715126194584,6.580549584733533,6.78140938310476,6.542290575519966
600829.SH,20190312,7.1,7.21,7.07,7.19,7.06,0.13,1.8414,56959.56,40620.19,9.478,6.877056906138678,6.790974135408151,6.89618641074546,6.762279878497977
600829.SH,20190313,7.17,7.23,7.08,7.14,7.19,-0.05,-0.6954,35521.04,25410.205,9.478,6.829233144621719,6.857927401531893,6.915315915352245,6.771844630801369
600829.SH,20190314,7.14,7.17,6.81,6.88,7.14,-0.26,-3.6415,36184.79,25206.575,9.478,6.580549584733533,6.829233144621719,6.857927401531893,6.51359631860979
600829.SH,20190315,6.88,7.05,6.85,6.98,6.88,0.1,1.4535,24800.61,17274.986,9.478,6.676197107767451,6.580549584733533,6.743150373891192,6.551855327823357
600829.SH,20190318,7.02,7.19,6.98,7.17,6.98,0.19,2.7221,32850.8,23353.84,9.478,6.857927401531893,6.714456116981017,6.877056906138678,6.676197107767451
600829.SH,20190319,7.24,7.28,7.14,7.18,7.17,0.01,0.1395,31767.59,22888.738,9.478,6.867492153835285,6.924880667655637,6.963139676869204,6.829233144621719
600829.SH,20190320,7.18,7.24,7.02,7.24,7.18,0.06,0.8357,31843.3,22760.221,9.478,6.924880667655637,6.867492153835285,6.924880667655637,6.714456116981017
600829.SH,20190321,7.24,7.5,7.17,7.44,7.24,0.2,2.7624,54182.0,39943.238,9.478,7.1161757137234725,6.924880667655637,7.173564227543822,6.857927401531893
600829.SH,20190322,7.43,7.43,7.15,7.39,7.44,-0.05,-0.672,60948.44,44531.268,9.478,7.068351952206513,7.106610961420079,7.106610961420079,6.838797896925112
600829.SH,20190325,7.29,7.39,7.2,7.35,7.39,-0.04,-0.5413,39974.16,29265.644,9.478,7.030092942992945,6.972704429172595,7.068351952206513,6.886621658442071
600829.SH,20190326,7.33,7.44,7.1,7.18,7.35,-0.17,-2.3129,40818.11,29645.53,9.478,6.867492153835285,7.010963438386161,7.1161757137234725,6.790974135408151
600829.SH,20190327,7.2,7.9,7.16,7.9,7.18,0.72,10.0279,114382.41,87013.857,9.478,7.556154319679493,6.886621658442071,7.556154319679493,6.848362649228503
600829.SH,20190328,8.3,8.58,7.72,7.77,7.9,-0.13,-1.6456,226260.14,184743.222,9.478,7.431812539735399,7.938744411815164,8.206557476310133,7.383988778218441
600829.SH,20190329,7.39,7.64,7.22,7.56,7.77,-0.21,-2.7027,132342.44,98115.574,9.478,7.230952741364172,7.068351952206513,7.307470759791307,6.905751163048852
600829.SH,20190401,7.49,7.82,7.46,7.8,7.56,0.24,3.1746,111169.25,85426.4,9.478,7.460506796645575,7.16399947524043,7.479636301252358,7.135305218330255
600829.SH,20190402,7.81,8.2,7.71,8.09,7.8,0.29,3.7179,124053.79,99368.042,9.478,7.737884613443937,7.470071548948967,7.843096888781244,7.374424025915049
600829.SH,20190403,8.02,8.9,7.93,8.9,8.09,0.81,10.0124,130972.52,115108.826,9.478,8.51262955001867,7.670931347320194,8.51262955001867,7.584848576589668
600829.SH,20190404,9.53,9.79,8.9,9.1,8.9,0.2,2.2472,289855.57,271313.043,9.478,8.703924596086503,9.11520894513235,9.363892505020535,8.51262955001867
600829.SH,20190408,8.85,10.01,8.84,10.01,9.1,0.91,10.0,289482.98,272190.783,9.478,9.574317055695156,8.46480578850171,9.574317055695156,8.455241036198318
600829.SH,20190409,9.88,10.07,9.42,9.54,10.01,-0.47,-4.6953,242244.34,234284.686,9.478,9.12477369743574,9.44997527575106,9.631705569515503,9.00999666979504
600829.SH,20190410,9.3,9.38,8.95,9.06,9.54,-0.48,-5.0314,149901.29,137509.75,9.478,8.665665586872938,8.895219642154341,8.971737660581475,8.560453311535626
600829.SH,20190411,8.96,9.16,8.66,8.68,9.06,-0.38,-4.1943,114712.87,101586.397,9.478,8.302204999344049,8.57001806383902,8.761313109906855,8.283075494737268
600829.SH,20190412,8.59,8.7,8.34,8.45,8.68,-0.23,-2.6498,76697.0,64941.881,9.478,8.082215696366038,8.216122228613525,8.321334503950833,7.977003421028731
600829.SH,20190415,8.56,8.64,8.32,8.36,8.45,-0.09,-1.0651,56874.34,48530.497,9.478,7.996132925635512,8.18742797170335,8.263945990130484,7.957873916421947
600829.SH,20190416,8.37,8.77,8.22,8.77,8.36,0.41,4.9043,69135.48,59027.727,9.478,8.388287770074575,8.005697677938905,8.388287770074575,7.862226393388029
600829.SH,20190417,8.72,8.94,8.55,8.8,8.77,0.03,0.3421,87748.37,76727.828,9.478,8.416982026984753,8.340464008557618,8.550888559232236,8.177863219399958
600829.SH,20190418,8.72,8.77,8.46,8.48,8.8,-0.32,-3.6364,54558.51,47046.345,9.478,8.110909953276215,8.340464008557618,8.388287770074575,8.091780448669432
600829.SH,20190419,8.53,8.56,8.28,8.41,8.48,-0.07,-0.8255,47890.5,40196.894,9.478,8.043956687152473,8.158733714793174,8.18742797170335,7.919614907208379
600829.SH,20190422,8.47,8.48,8.17,8.21,8.41,-0.2,-2.3781,58388.06,48315.892,9.478,7.852661641084637,8.101345200972824,8.110909953276215,7.81440263187107
600829.SH,20190423,8.21,8.21,7.96,8.06,8.21,-0.15,-1.827,42478.56,34370.387,9.478,7.709190356533761,7.852661641084637,7.852661641084637,7.613542833499843
600829.SH,20190424,8.13,8.87,8.12,8.87,8.06,0.81,10.0496,144927.39,124317.396,9.478,8.483935293108493,7.776143622657504,8.483935293108493,7.7665788703541105
600829.SH,20190425,8.87,8.87,8.1,8.32,8.87,-0.55,-6.2007,139343.77,117900.534,9.478,7.957873916421947,8.483935293108493,8.483935293108493,7.747449365747328
600829.SH,20190426,8.22,8.3,7.91,7.91,8.32,-0.41,-4.9279,65432.0,52913.438,9.478,7.565719071982884,7.862226393388029,7.938744411815164,7.565719071982884
600829.SH,20190429,7.91,7.97,7.32,7.35,7.91,-0.56,-7.0796,71492.03,53612.145,9.478,7.030092942992945,7.565719071982884,7.623107585803235,7.001398686082771
600829.SH,20190430,7.3,7.62,7.29,7.55,7.35,0.2,2.7211,43251.79,32448.953,9.478,7.221387989060781,6.982269181475987,7.288341255184523,6.972704429172595
600829.SH,20190506,7.3,7.54,7.0,7.1,7.55,-0.45,-5.9603,62393.52,45105.529,9.478,6.790974135408151,6.982269181475987,7.211823236757389,6.6953266123742345
600829.SH,20190507,7.19,7.47,7.16,7.39,7.1,0.29,4.0845,49534.0,36376.839,9.478,7.068351952206513,6.877056906138678,7.144869970633646,6.848362649228503
600829.SH,20190508,7.25,7.58,7.16,7.41,7.39,0.02,0.2706,53094.0,39574.929,9.478,7.087481456813296,6.934445419959028,7.250082245970956,6.848362649228503
600829.SH,20190509,7.25,7.48,7.2,7.3,7.41,-0.11,-1.4845,32601.0,23903.867,9.478,6.982269181475987,6.934445419959028,7.154434722937039,6.886621658442071
600829.SH,20190510,7.34,7.53,7.24,7.5,7.3,0.2,2.7397,39904.01,29740.774,9.478,7.173564227543822,7.020528190689554,7.202258484453997,6.924880667655637
600829.SH,20190513,7.45,7.54,7.33,7.35,7.5,-0.15,-2.0,25204.03,18677.804,9.478,7.030092942992945,7.125740466026863,7.211823236757389,7.010963438386161
600829.SH,20190514,7.22,7.37,7.18,7.33,7.35,-0.02,-0.2721,22256.0,16240.831,9.478,7.010963438386161,6.905751163048852,7.049222447599729,6.867492153835285
600829.SH,20190515,7.34,7.5,7.3,7.44,7.33,0.11,1.5007,40420.01,29901.555,9.478,7.1161757137234725,7.020528190689554,7.173564227543822,6.982269181475987
600829.SH,20190516,7.43,7.51,7.33,7.45,7.44,0.01,0.1344,36811.88,27363.083,9.478,7.125740466026863,7.106610961420079,7.183128979847214,7.010963438386161
600829.SH,20190517,7.48,7.48,7.01,7.04,7.45,-0.41,-5.5034,49805.5,35771.106,9.478,6.733585621587801,7.154434722937039,7.154434722937039,6.704891364677625
600829.SH,20190520,7.03,7.08,6.8,6.98,7.04,-0.06,-0.8523,27546.03,19085.732,9.478,6.676197107767451,6.72402086928441,6.771844630801369,6.5040315663064
600829.SH,20190521,7.0,7.34,6.97,7.25,6.98,0.27,3.8682,39405.51,28490.212,9.478,6.934445419959028,6.6953266123742345,7.020528190689554,6.666632355464058
600829.SH,20190522,7.2,7.33,7.16,7.21,7.25,-0.04,-0.5517,20998.05,15175.656,9.478,6.89618641074546,6.886621658442071,7.010963438386161,6.848362649228503
600829.SH,20190523,7.2,7.22,7.0,7.01,7.21,-0.2,-2.7739,19302.06,13660.388,9.478,6.704891364677625,6.886621658442071,6.905751163048852,6.6953266123742345
600829.SH,20190524,7.01,7.1,6.9,6.94,7.01,-0.07,-0.9986,15891.01,11074.414,9.478,6.637938098553884,6.704891364677625,6.790974135408151,6.5996790893403166
600829.SH,20190527,6.99,7.22,6.9,7.18,6.94,0.24,3.4582,22520.0,15968.514,9.478,6.867492153835285,6.685761860070843,6.905751163048852,6.5996790893403166
600829.SH,20190528,7.2,7.33,7.16,7.22,7.18,0.04,0.5571,27092.0,19589.495,9.478,6.905751163048852,6.886621658442071,7.010963438386161,6.848362649228503
600829.SH,20190529,7.19,7.24,7.11,7.22,7.22,0.0,0.0,19308.0,13844.131,9.478,6.905751163048852,6.877056906138678,6.924880667655637,6.800538887711544
600829.SH,20190530,7.2,7.2,7.03,7.08,7.22,-0.14,-1.9391,16966.11,12028.3,9.478,6.771844630801369,6.886621658442071,6.886621658442071,6.72402086928441
600829.SH,20190531,7.07,7.14,7.04,7.09,7.08,0.01,0.1412,11490.0,8144.644,9.478,6.78140938310476,6.762279878497977,6.829233144621719,6.733585621587801
600829.SH,20190603,7.09,7.15,6.92,6.95,7.09,-0.14,-1.9746,14039.0,9813.385,9.478,6.647502850857276,6.78140938310476,6.838797896925112,6.618808593947101
600829.SH,20190604,7.0,7.04,6.92,6.92,6.95,-0.03,-0.4317,15024.0,10473.372,9.478,6.618808593947101,6.6953266123742345,6.733585621587801,6.618808593947101
600829.SH,20190605,6.95,7.01,6.75,6.79,6.92,-0.13,-1.8786,18415.61,12719.81,9.478,6.494466814003007,6.647502850857276,6.704891364677625,6.4562078047894405
600829.SH,20190606,6.8,6.86,6.58,6.6,6.79,-0.19,-2.7982,16083.06,10780.551,9.478,6.312736520238564,6.5040315663064,6.56142008012675,6.29360701563178
600829.SH,20190610,6.65,6.85,6.63,6.82,6.6,0.22,3.3333,12751.0,8569.831,9.478,6.523161070913183,6.3605602817555225,6.551855327823357,6.341430777148739
600829.SH,20190611,6.82,6.99,6.76,6.97,6.82,0.15,2.1994,18733.46,12944.313,9.478,6.666632355464058,6.523161070913183,6.685761860070843,6.465772557092832
600829.SH,20190612,6.96,6.96,6.8,6.87,6.97,-0.1,-1.4347,17685.0,12172.675,9.478,6.570984832430142,6.657067603160668,6.657067603160668,6.5040315663064
600829.SH,20190613,6.91,6.97,6.83,6.95,6.87,0.08,1.1645,15276.0,10572.192,9.478,6.647502850857276,6.609243841643709,6.666632355464058,6.532725823216574
600829.SH,20190614,6.92,6.98,6.78,6.81,6.95,-0.14,-2.0144,15885.89,10953.022,9.478,6.51359631860979,6.618808593947101,6.676197107767451,6.484902061699616
600829.SH,20190617,6.79,6.96,6.78,6.92,6.81,0.11,1.6153,9998.56,6900.995,9.478,6.618808593947101,6.494466814003007,6.657067603160668,6.484902061699616
600829.SH,20190618,6.96,6.97,6.84,6.88,6.92,-0.04,-0.578,7829.86,5405.484,9.478,6.580549584733533,6.657067603160668,6.666632355464058,6.542290575519966
600829.SH,20190619,6.98,7.06,6.94,6.94,6.88,0.06,0.8721,16236.14,11369.878,9.478,6.637938098553884,6.676197107767451,6.752715126194584,6.637938098553884
600829.SH,20190620,6.97,7.22,6.94,7.18,6.94,0.24,3.4582,23964.52,16959.996,9.478,6.867492153835285,6.666632355464058,6.905751163048852,6.637938098553884
600829.SH,20190621,7.23,7.31,7.14,7.23,7.18,0.05,0.6964,26670.0,19242.972,9.478,6.915315915352245,6.915315915352245,6.991833933779378,6.829233144621719
600829.SH,20190624,7.2,7.38,7.17,7.19,7.23,-0.04,-0.5533,15060.0,10897.309,9.478,6.877056906138678,6.886621658442071,7.05878719990312,6.857927401531893
600829.SH,20190625,7.2,7.2,7.0,7.11,7.19,-0.08,-1.1127,16025.04,11364.664,9.478,6.800538887711544,6.886621658442071,6.886621658442071,6.6953266123742345
600829.SH,20190626,7.11,7.17,7.04,7.08,7.11,-0.03,-0.4219,10144.08,7216.629,9.478,6.771844630801369,6.800538887711544,6.857927401531893,6.733585621587801
600829.SH,20190627,7.13,7.22,7.12,7.22,7.08,0.14,1.9774,16478.64,11845.744,9.478,6.905751163048852,6.819668392318326,6.905751163048852,6.810103640014936
600829.SH,20190628,7.27,7.27,7.0,7.07,7.22,-0.15,-2.0776,17880.66,12679.804,9.478,6.762279878497977,6.953574924565811,6.953574924565811,6.6953266123742345
600829.SH,20190701,7.19,7.25,7.16,7.25,7.07,0.18,2.546,20047.14,14459.463,9.478,6.934445419959028,6.877056906138678,6.934445419959028,6.848362649228503
600829.SH,20190702,7.24,7.3,7.19,7.26,7.25,0.01,0.1379,14825.55,10760.071,9.478,6.944010172262419,6.924880667655637,6.982269181475987,6.877056906138678
600829.SH,20190703,7.26,7.26,7.1,7.15,7.26,-0.11,-1.5152,13742.04,9860.527,9.478,6.838797896925112,6.944010172262419,6.944010172262419,6.790974135408151
600829.SH,20190704,7.16,7.21,7.1,7.16,7.15,0.01,0.1399,13542.5,9682.84,9.478,6.848362649228503,6.848362649228503,6.89618641074546,6.790974135408151
600829.SH,20190705,7.18,7.21,7.12,7.18,7.16,0.02,0.2793,9639.1,6906.113,9.478,6.867492153835285,6.867492153835285,6.89618641074546,6.810103640014936
600829.SH,20190708,7.12,7.29,6.95,7.0,7.18,-0.18,-2.507,19534.0,13764.988,9.478,6.6953266123742345,6.810103640014936,6.972704429172595,6.647502850857276
600829.SH,20190709,6.94,6.99,6.79,6.9,7.0,-0.1,-1.4286,21820.84,15020.556,9.478,6.5996790893403166,6.637938098553884,6.685761860070843,6.494466814003007
600829.SH,20190710,6.9,7.1,6.76,6.82,6.9,-0.08,-1.1594,14386.0,9955.901,9.478,6.523161070913183,6.5996790893403166,6.790974135408151,6.465772557092832
600829.SH,20190711,6.86,6.91,6.79,6.8,6.82,-0.02,-0.2933,15210.9,10416.451,9.478,6.5040315663064,6.56142008012675,6.609243841643709,6.494466814003007
600829.SH,20190712,6.8,6.92,6.8,6.87,6.8,0.07,1.0294,12899.41,8860.393,9.478,6.570984832430142,6.5040315663064,6.618808593947101,6.5040315663064
600829.SH,20190715,6.84,6.98,6.81,6.97,6.87,0.1,1.4556,18994.0,13112.997,9.478,6.666632355464058,6.542290575519966,6.676197107767451,6.51359631860979
600829.SH,20190716,7.02,7.08,6.95,6.99,6.97,0.02,0.2869,12459.0,8743.079,9.478,6.685761860070843,6.714456116981017,6.771844630801369,6.647502850857276
600829.SH,20190717,6.94,7.03,6.93,6.95,6.99,-0.04,-0.5722,8746.1,6095.543,9.478,6.647502850857276,6.637938098553884,6.72402086928441,6.628373346250491
600829.SH,20190718,6.88,6.96,6.8,6.81,6.95,-0.14,-2.0144,13141.61,8979.094,9.478,6.51359631860979,6.580549584733533,6.657067603160668,6.5040315663064
600829.SH,20190719,6.81,6.89,6.8,6.83,6.81,0.02,0.2937,9731.64,6663.422,9.478,6.532725823216574,6.51359631860979,6.590114337036924,6.5040315663064
600829.SH,20190722,6.86,6.87,6.6,6.61,6.83,-0.22,-3.2211,19913.03,13320.658,9.478,6.322301272541956,6.56142008012675,6.570984832430142,6.312736520238564
600829.SH,20190723,6.65,6.7,6.58,6.68,6.61,0.07,1.059,9279.36,6162.134,9.478,6.389254538665697,6.3605602817555225,6.4083840432724815,6.29360701563178
600829.SH,20190724,6.67,6.77,6.63,6.69,6.68,0.01,0.1497,13745.67,9225.974,9.478,6.398819290969089,6.379689786362306,6.475337309396222,6.341430777148739
600829.SH,20190725,6.69,6.74,6.64,6.67,6.69,-0.02,-0.299,9712.2,6489.719,9.478,6.379689786362306,6.398819290969089,6.446643052486048,6.35099552945213
600829.SH,20190726,6.68,6.73,6.63,6.7,6.67,0.03,0.4498,11899.41,7957.371,9.478,6.4083840432724815,6.389254538665697,6.437078300182657,6.341430777148739
600829.SH,20190729,6.68,6.71,6.66,6.68,6.7,-0.02,-0.2985,6609.16,4415.027,9.478,6.389254538665697,6.389254538665697,6.417948795575874,6.370125034058915
600829.SH,20190730,6.71,6.73,6.66,6.67,6.68,-0.01,-0.1497,9197.27,6152.364,9.478,6.379689786362306,6.417948795575874,6.437078300182657,6.370125034058915
600829.SH,20190731,6.66,6.69,6.62,6.64,6.67,-0.03,-0.4498,7013.3,4654.96,9.478,6.35099552945213,6.370125034058915,6.398819290969089,6.331866024845348
600829.SH,20190801,6.58,6.66,6.58,6.61,6.64,-0.03,-0.4518,8005.2,5303.971,9.478,6.322301272541956,6.29360701563178,6.370125034058915,6.29360701563178
600829.SH,20190802,6.5,6.55,6.31,6.38,6.61,-0.23,-3.4796,17863.33,11455.879,9.478,6.102311969563945,6.217088997204646,6.264912758721605,6.0353587034402025
600829.SH,20190805,6.4,6.42,6.29,6.31,6.38,-0.07,-1.0972,9931.5,6331.097,9.478,6.0353587034402025,6.121441474170728,6.140570978777512,6.016229198833419
600829.SH,20190806,6.22,6.23,5.68,6.04,6.31,-0.27,-4.2789,17574.87,10642.573,9.478,5.777110391248624,5.949275932709677,5.958840685013069,5.432779308326522
600829.SH,20190807,6.06,6.13,6.02,6.03,6.04,-0.01,-0.1656,10505.47,6390.638,9.478,5.767545638945234,5.796239895855408,5.863193161979151,5.757980886641841
600829.SH,20190808,6.06,6.13,6.06,6.08,6.03,0.05,0.8292,9108.57,5549.958,9.478,5.815369400462192,5.796239895855408,5.863193161979151,5.796239895855408
600829.SH,20190809,6.16,6.21,6.04,6.07,6.08,-0.01,-0.1645,15129.89,9289.03,9.478,5.805804648158801,5.8918874188893255,5.9397111804062845,5.777110391248624
600829.SH,20190812,6.09,6.65,6.08,6.24,6.07,0.17,2.8007,28101.58,17769.141,9.478,5.96840543731646,5.824934152765583,6.3605602817555225,5.815369400462192
600829.SH,20190813,6.21,6.21,6.02,6.11,6.24,-0.13,-2.0833,16049.02,9817.095,9.478,5.844063657372367,5.9397111804062845,5.9397111804062845,5.757980886641841
600829.SH,20190814,6.28,6.35,6.22,6.25,6.11,0.14,2.2913,20580.97,12922.336,9.478,5.977970189619851,6.006664446530027,6.073617712653769,5.949275932709677
600829.SH,20190815,6.5,6.88,6.5,6.88,6.25,0.63,10.08,42653.35,28947.176,9.478,6.580549584733533,6.217088997204646,6.580549584733533,6.217088997204646
600829.SH,20190816,7.3,7.57,7.19,7.57,6.88,0.69,10.0291,267837.12,201045.666,9.478,7.240517493667564,6.982269181475987,7.240517493667564,6.877056906138678
600829.SH,20190819,7.27,8.2,7.2,7.76,7.57,0.19,2.5099,276989.07,208524.02,9.478,7.422247787432008,6.953574924565811,7.843096888781244,6.886621658442071
600829.SH,20190820,7.57,8.15,7.41,7.89,7.76,0.13,1.6753,222163.41,170075.412,9.478,7.546589567376101,7.240517493667564,7.795273127264287,7.087481456813296
600829.SH,20190821,7.59,7.83,7.51,7.52,7.89,-0.37,-4.6895,154893.82,118026.218,9.478,7.192693732150605,7.259646998274348,7.4892010535557505,7.183128979847214
600829.SH,20190822,7.45,7.46,7.31,7.43,7.52,-0.09,-1.1968,108915.6,80377.568,9.478,7.106610961420079,7.125740466026863,7.135305218330255,6.991833933779378
600829.SH,20190823,7.35,7.6,7.25,7.56,7.43,0.13,1.7497,135914.23,100994.023,9.478,7.230952741364172,7.030092942992945,7.26921175057774,6.934445419959028
600829.SH,20190826,7.24,7.54,7.16,7.35,7.56,-0.21,-2.7778,94145.17,69322.249,9.478,7.030092942992945,6.924880667655637,7.211823236757389,6.848362649228503
600829.SH,20190827,7.38,8.09,7.32,7.85,7.35,0.5,6.8027,202110.0,157162.602,9.478,7.508330558162534,7.05878719990312,7.737884613443937,7.001398686082771
600829.SH,20190828,7.71,7.78,7.42,7.42,7.85,-0.43,-5.4777,119488.47,90729.067,9.478,7.097046209116687,7.374424025915049,7.441377292038791,7.097046209116687
600829.SH,20190829,7.4,7.6,7.3,7.5,7.42,0.08,1.0782,90506.27,67118.863,9.478,7.173564227543822,7.077916704509906,7.26921175057774,6.982269181475987
600829.SH,20190830,7.48,7.48,7.16,7.17,7.5,-0.33,-4.4,79840.74,58269.634,9.478,6.857927401531893,7.154434722937039,7.154434722937039,6.848362649228503
600829.SH,20190902,7.18,7.34,7.13,7.28,7.17,0.11,1.5342,52230.51,37788.444,9.478,6.963139676869204,6.867492153835285,7.020528190689554,6.819668392318326
600829.SH,20190903,7.29,7.33,7.22,7.27,7.28,-0.01,-0.1374,44044.03,31938.748,9.478,6.953574924565811,6.972704429172595,7.010963438386161,6.905751163048852
600829.SH,20190904,7.3,7.3,7.2,7.28,7.27,0.01,0.1376,42690.0,30912.243,9.478,6.963139676869204,6.982269181475987,6.982269181475987,6.886621658442071
600829.SH,20190905,7.36,7.49,7.32,7.35,7.28,0.07,0.9615,87474.54,64772.744,9.478,7.030092942992945,7.039657695296339,7.16399947524043,7.001398686082771
600829.SH,20190906,7.34,7.7,7.29,7.7,7.35,0.35,4.7619,122814.11,92421.072,9.478,7.364859273611657,7.020528190689554,7.364859273611657,6.972704429172595
600829.SH,20190909,7.78,7.83,7.54,7.69,7.7,-0.01,-0.1299,108940.21,83322.414,9.478,7.355294521308266,7.441377292038791,7.4892010535557505,7.211823236757389
600829.SH,20190910,7.65,7.97,7.55,7.81,7.69,0.12,1.5605,110636.0,86039.602,9.478,7.470071548948967,7.317035512094699,7.623107585803235,7.221387989060781
600829.SH,20190911,7.78,7.78,7.52,7.54,7.81,-0.27,-3.4571,71086.0,54367.942,9.478,7.211823236757389,7.441377292038791,7.441377292038791,7.192693732150605
600829.SH,20190912,7.59,7.63,7.38,7.5,7.54,-0.04,-0.5305,47306.26,35325.156,9.478,7.173564227543822,7.259646998274348,7.297906007487914,7.05878719990312
600829.SH,20190916,7.5,7.51,7.36,7.43,7.5,-0.07,-0.9333,52616.28,39015.927,9.478,7.106610961420079,7.173564227543822,7.183128979847214,7.039657695296339
600829.SH,20190917,7.41,8.11,7.39,7.8,7.43,0.37,4.9798,155259.17,120079.081,9.478,7.460506796645575,7.087481456813296,7.75701411805072,7.068351952206513
600829.SH,20190918,7.7,8.53,7.69,8.5,7.8,0.7,8.9744,235823.73,194004.935,9.478,8.130039457882999,7.364859273611657,8.158733714793174,7.355294521308266
600829.SH,20190919,8.3,8.39,8.0,8.18,8.5,-0.32,-3.7647,143921.95,117584.245,9.478,7.823967384174463,7.938744411815164,8.024827182545689,7.65180184271341
600829.SH,20190920,8.17,8.7,8.13,8.35,8.18,0.17,2.0782,151470.8,127979.678,9.478,7.986568173332122,7.81440263187107,8.321334503950833,7.776143622657504
600829.SH,20190923,8.17,8.17,7.74,7.89,8.35,-0.46,-5.509,131676.08,104248.742,9.478,7.546589567376101,7.81440263187107,7.81440263187107,7.403118282825225
600829.SH,20190924,7.79,7.91,7.67,7.79,7.89,-0.1,-1.2674,76808.13,59800.715,9.478,7.450942044342184,7.450942044342184,7.565719071982884,7.336165016701482
600829.SH,20190925,7.68,7.69,7.35,7.36,7.79,-0.43,-5.5199,82705.0,61493.788,9.478,7.039657695296339,7.3457297690048735,7.355294521308266,7.030092942992945
600829.SH,20190927,6.98,7.43,6.62,7.42,7.36,0.06,0.8152,80732.6,56574.483,9.478,7.097046209116687,6.676197107767451,7.106610961420079,6.331866024845348
600829.SH,20190930,7.21,7.5,7.1,7.11,7.42,-0.31,-4.1779,37003.03,26914.055,9.478,6.800538887711544,6.89618641074546,7.173564227543822,6.790974135408151
600829.SH,20191008,7.09,7.42,7.09,7.13,7.11,0.02,0.2813,30623.29,22158.83,9.478,6.819668392318326,6.78140938310476,7.097046209116687,6.78140938310476
600829.SH,20191009,7.14,7.16,6.95,7.15,7.13,0.02,0.2805,22814.07,16107.475,9.478,6.838797896925112,6.829233144621719,6.848362649228503,6.647502850857276
600829.SH,20191010,7.15,7.2,7.07,7.18,7.15,0.03,0.4196,28019.16,20029.768,9.478,6.867492153835285,6.838797896925112,6.886621658442071,6.762279878497977
600829.SH,20191011,7.17,7.34,7.12,7.3,7.18,0.12,1.6713,37816.0,27459.646,9.478,6.982269181475987,6.857927401531893,7.020528190689554,6.810103640014936
600829.SH,20191014,7.34,7.43,7.24,7.34,7.3,0.04,0.5479,36753.0,26991.062,9.478,7.020528190689554,7.020528190689554,7.106610961420079,6.924880667655637
600829.SH,20191015,7.34,7.35,7.16,7.28,7.34,-0.06,-0.8174,23967.84,17380.324,9.478,6.963139676869204,7.020528190689554,7.030092942992945,6.848362649228503
600829.SH,20191016,7.27,7.3,7.16,7.16,7.28,-0.12,-1.6484,20531.0,14833.627,9.478,6.848362649228503,6.953574924565811,6.982269181475987,6.848362649228503
600829.SH,20191017,7.18,7.27,7.1,7.14,7.16,-0.02,-0.2793,12840.5,9212.001,9.478,6.829233144621719,6.867492153835285,6.953574924565811,6.790974135408151
600829.SH,20191018,7.15,7.19,6.92,6.98,7.14,-0.16,-2.2409,24818.01,17470.043,9.478,6.676197107767451,6.838797896925112,6.877056906138678,6.618808593947101
600829.SH,20191021,6.98,7.05,6.87,6.91,6.98,-0.07,-1.0029,22140.61,15325.37,9.478,6.609243841643709,6.676197107767451,6.743150373891192,6.570984832430142
600829.SH,20191022,6.92,7.04,6.91,7.02,6.91,0.11,1.5919,19083.16,13289.395,9.478,6.714456116981017,6.618808593947101,6.733585621587801,6.609243841643709
600829.SH,20191023,7.03,7.08,6.96,7.0,7.02,-0.02,-0.2849,18810.01,13211.767,9.478,6.6953266123742345,6.72402086928441,6.771844630801369,6.657067603160668
600829.SH,20191024,7.0,7.06,6.9,6.92,7.0,-0.08,-1.1429,19354.66,13438.752,9.478,6.618808593947101,6.6953266123742345,6.752715126194584,6.5996790893403166
600829.SH,20191025,6.92,7.04,6.8,7.01,6.92,0.09,1.3006,26585.0,18344.723,9.478,6.704891364677625,6.618808593947101,6.733585621587801,6.5040315663064
600829.SH,20191028,7.04,7.1,7.0,7.09,7.01,0.08,1.1412,26016.57,18360.013,9.478,6.78140938310476,6.733585621587801,6.790974135408151,6.6953266123742345
600829.SH,20191029,7.14,7.14,6.93,6.93,7.09,-0.16,-2.2567,20376.5,14315.835,9.478,6.628373346250491,6.829233144621719,6.829233144621719,6.628373346250491
600829.SH,20191030,6.9,6.97,6.75,6.75,6.93,-0.18,-2.5974,23025.17,15691.039,9.478,6.4562078047894405,6.5996790893403166,6.666632355464058,6.4562078047894405
600829.SH,20191031,6.78,6.82,6.65,6.66,6.75,-0.09,-1.3333,16460.0,11070.523,9.478,6.370125034058915,6.484902061699616,6.523161070913183,6.3605602817555225
600829.SH,20191101,6.79,6.79,6.62,6.72,6.66,0.06,0.9009,17305.01,11592.465,9.478,6.427513547879264,6.494466814003007,6.494466814003007,6.331866024845348
600829.SH,20191104,6.73,6.83,6.71,6.76,6.72,0.04,0.5952,14831.0,10068.793,9.478,6.465772557092832,6.437078300182657,6.532725823216574,6.417948795575874
600829.SH,20191105,6.76,6.93,6.63,6.86,6.76,0.1,1.4793,26561.5,18073.565,9.478,6.56142008012675,6.465772557092832,6.628373346250491,6.341430777148739
600829.SH,20191106,6.89,6.91,6.64,6.69,6.86,-0.17,-2.4781,17531.83,11832.565,9.478,6.398819290969089,6.590114337036924,6.609243841643709,6.35099552945213
600829.SH,20191107,6.69,6.75,6.67,6.7,6.69,0.01,0.1495,11917.85,7992.713,9.478,6.4083840432724815,6.398819290969089,6.4562078047894405,6.379689786362306
600829.SH,20191108,6.7,6.75,6.65,6.66,6.7,-0.04,-0.597,12461.03,8362.235,9.478,6.370125034058915,6.4083840432724815,6.4562078047894405,6.3605602817555225
600829.SH,20191111,6.64,6.64,6.3,6.42,6.66,-0.24,-3.6036,28991.0,18692.436,9.478,6.140570978777512,6.35099552945213,6.35099552945213,6.02579395113681
600829.SH,20191112,6.4,6.46,6.33,6.41,6.42,-0.01,-0.1558,16914.0,10795.021,9.478,6.1310062264741205,6.121441474170728,6.178829987991079,6.054488208046986
600829.SH,20191113,6.41,6.47,6.37,6.41,6.41,0.0,0.0,15945.6,10227.944,9.478,6.1310062264741205,6.1310062264741205,6.188394740294471,6.092747217260553
600829.SH,20191114,6.42,6.56,6.38,6.52,6.41,0.11,1.7161,14519.65,9407.332,9.478,6.236218501811429,6.140570978777512,6.274477511024996,6.102311969563945
600829.SH,20191115,6.51,6.51,6.31,6.33,6.52,-0.19,-2.9141,14516.07,9287.554,9.478,6.054488208046986,6.226653749508038,6.226653749508038,6.0353587034402025
600829.SH,20191118,6.3,6.37,6.29,6.36,6.33,0.03,0.4739,9617.78,6091.783,9.478,6.0831824649571615,6.02579395113681,6.092747217260553,6.016229198833419
600829.SH,20191119,6.32,6.46,6.32,6.46,6.36,0.1,1.5723,9893.17,6354.43,9.478,6.178829987991079,6.044923455743594,6.178829987991079,6.044923455743594
600829.SH,20191120,6.46,6.55,6.42,6.48,6.46,0.02,0.3096,14159.0,9201.075,9.478,6.197959492597863,6.178829987991079,6.264912758721605,6.140570978777512
600829.SH,20191121,6.48,6.52,6.39,6.45,6.48,-0.03,-0.463,11158.01,7190.097,9.478,6.169265235687687,6.197959492597863,6.236218501811429,6.111876721867336
600829.SH,20191122,6.48,6.51,6.33,6.35,6.45,-0.1,-1.5504,13388.18,8569.635,9.478,6.073617712653769,6.197959492597863,6.226653749508038,6.054488208046986
600829.SH,20191125,6.4,6.41,6.33,6.39,6.35,0.04,0.6299,9157.04,5837.738,9.478,6.111876721867336,6.121441474170728,6.1310062264741205,6.054488208046986
600829.SH,20191126,6.46,6.48,6.38,6.46,6.39,0.07,1.0955,14727.0,9492.058,9.478,6.178829987991079,6.178829987991079,6.197959492597863,6.102311969563945
600829.SH,20191127,6.43,6.49,6.41,6.47,6.46,0.01,0.1548,10148.0,6545.297,9.478,6.188394740294471,6.150135731080904,6.207524244901254,6.1310062264741205
600829.SH,20191128,6.49,6.49,6.39,6.42,6.47,-0.05,-0.7728,13395.6,8605.27,9.478,6.140570978777512,6.207524244901254,6.207524244901254,6.111876721867336
600829.SH,20191129,6.4,6.42,6.33,6.41,6.42,-0.01,-0.1558,10324.84,6577.482,9.478,6.1310062264741205,6.121441474170728,6.140570978777512,6.054488208046986
600829.SH,20191202,6.39,6.43,6.37,6.39,6.41,-0.02,-0.312,8436.59,5404.574,9.478,6.111876721867336,6.111876721867336,6.150135731080904,6.092747217260553
600829.SH,20191203,6.36,6.41,6.33,6.4,6.39,0.01,0.1565,5986.86,3810.781,9.478,6.121441474170728,6.0831824649571615,6.1310062264741205,6.054488208046986
600829.SH,20191204,6.37,6.41,6.35,6.4,6.4,0.0,0.0,8368.0,5335.539,9.478,6.121441474170728,6.092747217260553,6.1310062264741205,6.073617712653769
600829.SH,20191205,6.41,6.46,6.4,6.45,6.4,0.05,0.7813,12617.87,8117.122,9.478,6.169265235687687,6.1310062264741205,6.178829987991079,6.121441474170728
600829.SH,20191206,6.44,6.49,6.44,6.48,6.45,0.03,0.4651,14311.02,9252.816,9.478,6.197959492597863,6.159700483384295,6.207524244901254,6.159700483384295
600829.SH,20191209,6.59,6.59,6.45,6.49,6.48,0.01,0.1543,10301.0,6676.183,9.478,6.207524244901254,6.303171767935172,6.303171767935172,6.169265235687687
600829.SH,20191210,6.49,6.5,6.44,6.48,6.49,-0.01,-0.1541,14923.0,9662.514,9.478,6.197959492597863,6.207524244901254,6.217088997204646,6.159700483384295
600829.SH,20191211,6.48,6.78,6.48,6.68,6.48,0.2,3.0864,42235.03,28001.217,9.478,6.389254538665697,6.197959492597863,6.484902061699616,6.197959492597863
600829.SH,20191212,6.68,6.74,6.56,6.58,6.68,-0.1,-1.497,22108.22,14663.815,9.478,6.29360701563178,6.389254538665697,6.446643052486048,6.274477511024996
600829.SH,20191213,6.64,6.65,6.58,6.64,6.58,0.06,0.9119,17189.69,11365.832,9.478,6.35099552945213,6.35099552945213,6.3605602817555225,6.29360701563178
600829.SH,20191216,6.66,6.75,6.62,6.74,6.64,0.1,1.506,21736.39,14536.648,9.478,6.446643052486048,6.370125034058915,6.4562078047894405,6.331866024845348
600829.SH,20191217,6.74,6.9,6.7,6.81,6.74,0.07,1.0386,32781.64,22392.918,9.478,6.51359631860979,6.446643052486048,6.5996790893403166,6.4083840432724815
600829.SH,20191218,6.81,6.94,6.79,6.8,6.81,-0.01,-0.1468,25696.29,17619.073,9.478,6.5040315663064,6.51359631860979,6.637938098553884,6.494466814003007
600829.SH,20191219,6.83,6.88,6.76,6.87,6.8,0.07,1.0294,19956.57,13631.721,9.478,6.570984832430142,6.532725823216574,6.580549584733533,6.465772557092832
600829.SH,20191220,6.83,6.92,6.72,6.72,6.87,-0.15,-2.1834,20937.0,14262.152,9.478,6.427513547879264,6.532725823216574,6.618808593947101,6.427513547879264
600829.SH,20191223,6.75,6.77,6.59,6.59,6.72,-0.13,-1.9345,15998.0,10668.336,9.478,6.303171767935172,6.4562078047894405,6.475337309396222,6.303171767935172
600829.SH,20191224,6.63,6.65,6.52,6.65,6.59,0.06,0.9105,16188.0,10662.793,9.478,6.3605602817555225,6.341430777148739,6.3605602817555225,6.236218501811429
600829.SH,20191225,6.65,6.69,6.61,6.65,6.65,0.0,0.0,13198.0,8750.873,9.478,6.3605602817555225,6.3605602817555225,6.398819290969089,6.322301272541956
600829.SH,20191226,6.65,6.69,6.63,6.68,6.65,0.03,0.4511,14078.5,9382.805,9.478,6.389254538665697,6.3605602817555225,6.398819290969089,6.341430777148739
600829.SH,20191227,6.69,6.76,6.65,6.69,6.68,0.01,0.1497,16386.01,10993.643,9.478,6.398819290969089,6.398819290969089,6.465772557092832,6.3605602817555225
600829.SH,20191230,6.66,6.72,6.55,6.7,6.69,0.01,0.1495,12566.99,8361.385,9.478,6.4083840432724815,6.370125034058915,6.427513547879264,6.264912758721605
600829.SH,20191231,6.7,6.88,6.67,6.82,6.7,0.12,1.791,25179.1,17170.43,9.478,6.523161070913183,6.4083840432724815,6.580549584733533,6.379689786362306
600829.SH,20200102,6.84,6.89,6.82,6.88,6.82,0.06,0.8798,19894.0,13645.097,9.4778,6.5804107252782735,6.542152523387122,6.589975275751062,6.523023422441545
600829.SH,20200103,6.89,6.9,6.81,6.84,6.88,-0.04,-0.5814,15744.8,10778.317,9.4778,6.542152523387122,6.589975275751062,6.599539826223851,6.513458871968757
600829.SH,20200106,6.82,6.9,6.74,6.85,6.84,0.01,0.1462,17092.29,11704.444,9.4778,6.551717073859908,6.523023422441545,6.599539826223851,6.446507018659239
600829.SH,20200107,6.84,6.96,6.84,6.96,6.85,0.11,1.6058,22271.18,15386.65,9.4778,6.6569271290605805,6.542152523387122,6.6569271290605805,6.542152523387122
600829.SH,20200108,6.96,6.97,6.76,6.78,6.96,-0.18,-2.5862,23040.5,15781.652,9.4778,6.4847652205503925,6.6569271290605805,6.666491679533367,6.465636119604816
600829.SH,20200109,6.84,6.91,6.8,6.88,6.78,0.1,1.4749,16616.51,11392.153,9.4778,6.5804107252782735,6.542152523387122,6.609104376696638,6.503894321495968
600829.SH,20200110,6.88,7.43,6.88,7.18,6.88,0.3,4.3605,84986.07,61146.558,9.4778,6.867347239461919,6.5804107252782735,7.106461001281624,6.5804107252782735
600829.SH,20200113,7.13,7.22,7.02,7.2,7.18,0.02,0.2786,46389.67,32951.876,9.4778,6.886476340407496,6.819524487097978,6.905605441353072,6.714314431897308
600829.SH,20200114,7.19,7.23,7.07,7.1,7.2,-0.1,-1.3889,30537.35,21778.255,9.4778,6.790830835679613,6.876911789934709,6.915169991825861,6.76213718426125
600829.SH,20200115,7.09,7.12,7.02,7.03,7.1,-0.07,-0.9859,18596.53,13111.315,9.4778,6.723878982370097,6.781266285206827,6.809959936625191,6.714314431897308
600829.SH,20200116,7.04,7.14,6.98,7.05,7.03,0.02,0.2845,22326.07,15749.061,9.4778,6.743008083315673,6.733443532842886,6.829089037570767,6.676056230006156
600829.SH,20200117,7.03,7.09,6.97,6.98,7.05,-0.07,-0.9929,18390.96,12921.593,9.4778,6.676056230006156,6.723878982370097,6.781266285206827,6.666491679533367
600829.SH,20200120,7.01,7.28,7.01,7.24,6.98,0.26,3.7249,44678.32,32124.088,9.4778,6.9247345422986495,6.7047498814245206,6.962992744189802,6.7047498814245206
600829.SH,20200121,7.28,7.69,7.21,7.58,7.24,0.34,4.6961,93930.27,70010.352,9.4778,7.249929258373447,6.962992744189802,7.355139313574117,6.896040890880285
600829.SH,20200122,7.6,7.72,7.25,7.3,7.58,-0.28,-3.6939,57432.72,42289.501,9.4778,6.982121845135378,7.269058359319023,7.383832964992481,6.934299092771437
600829.SH,20200123,7.28,7.45,7.05,7.14,7.3,-0.16,-2.1918,45719.72,33166.913,9.4778,6.829089037570767,6.962992744189802,7.125590102227201,6.743008083315673
600829.SH,20200203,7.85,7.85,7.85,7.85,7.14,0.71,9.944,98113.31,77018.948,9.4778,7.508172121138728,7.508172121138728,7.508172121138728,7.508172121138728
600829.SH,20200204,8.29,8.64,7.9,8.64,7.85,0.79,10.0637,314562.06,265547.832,9.4778,8.263771608488996,7.929012341941408,8.263771608488996,7.55599487350267
600829.SH,20200205,8.71,9.5,8.2,9.5,8.64,0.86,9.9537,367925.41,336633.033,9.4778,9.08632294914878,8.330723461798513,9.08632294914878,7.842931387686314
600829.SH,20200206,9.5,10.45,9.21,10.45,9.5,0.95,10.0,243368.58,247544.188,9.4778,9.994955244063656,9.08632294914878,9.994955244063656,8.808950985437923
600829.SH,20200207,11.05,11.5,9.85,9.87,10.45,-0.58,-5.5502,437016.83,470704.422,9.4778,9.440211316641944,10.568828272430949,10.999233043706418,9.421082215696366
600829.SH,20200210,9.38,9.48,8.88,8.88,9.87,-0.99,-10.0304,271821.95,243918.791,9.4778,8.493320819835914,8.971548343475323,9.067193848203203,8.493320819835914
600829.SH,20200211,8.45,8.76,8.13,8.44,8.88,-0.44,-4.955,235513.27,197653.156,9.4778,8.07248059903323,8.082045149506019,8.378546214162453,7.775979534376798
600829.SH,20200212,8.4,8.64,8.31,8.53,8.44,0.09,1.0664,171246.66,145605.142,9.4778,8.158561553288324,8.034222397142079,8.263771608488996,7.948141442886985
600829.SH,20200213,8.5,8.56,8.05,8.18,8.53,-0.35,-4.1032,152477.28,125346.241,9.4778,7.823802286740738,8.129867901869961,8.18725520470669,7.699463130594493
600829.SH,20200214,8.28,8.29,8.0,8.04,8.18,-0.14,-1.7115,103124.53,83433.1,9.4778,7.689898580121703,7.919447791468619,7.929012341941408,7.651640378230551
600829.SH,20200217,8.05,8.15,7.92,8.15,8.04,0.11,1.3682,107426.25,86726.712,9.4778,7.795108635322375,7.699463130594493,7.795108635322375,7.575123974448246
600829.SH,20200218,8.24,8.3,8.07,8.27,8.15,0.12,1.4724,122943.0,100802.682,9.4778,7.909883240995832,7.881189589577468,7.938576892414198,7.718592231540069
600829.SH,20200219,8.21,8.24,7.95,7.98,8.27,-0.29,-3.5067,110090.77,88983.0,9.4778,7.632511277284975,7.852495938159104,7.881189589577468,7.60381762586661
600829.SH,20200220,7.96,8.1,7.82,7.98,7.98,0.0,0.0,88368.51,70155.764,9.4778,7.632511277284975,7.613382176339398,7.747285882958432,7.479478469720364
600829.SH,20200221,8.03,8.19,7.92,8.15,7.98,0.17,2.1303,114171.25,92026.578,9.4778,7.795108635322375,7.680334029648915,7.833366837213527,7.575123974448246
600829.SH,20200224,8.16,8.35,8.11,8.3,8.15,0.15,1.8405,127643.74,105333.511,9.4778,7.938576892414198,7.804673185795162,7.986399644778137,7.756850433431222
600829.SH,20200225,8.13,9.1,8.07,9.03,8.3,0.73,8.7952,297262.57,257811.3,9.4778,8.636789076927734,7.775979534376798,8.703740930237252,7.718592231540069
600829.SH,20200226,8.88,8.88,8.4,8.41,9.03,-0.62,-6.866,181490.88,155668.053,9.4778,8.043786947614867,8.493320819835914,8.493320819835914,8.034222397142079
600829.SH,20200227,8.39,8.47,8.1,8.17,8.41,-0.24,-2.8537,110124.91,90074.269,9.4778,7.814237736267951,8.02465784666929,8.101174250451596,7.747285882958432
600829.SH,20200228,8.01,8.31,7.93,7.98,8.17,-0.19,-2.3256,108643.05,88194.11,9.4778,7.632511277284975,7.661204928703339,7.948141442886985,7.584688524921034
600829.SH,20200302,7.98,8.07,7.76,8.06,7.98,0.08,1.0025,89549.05,71333.955,9.4778,7.709027681067281,7.632511277284975,7.718592231540069,7.422091166883635
600829.SH,20200303,8.06,8.21,8.0,8.14,8.06,0.08,0.9926,89072.25,72055.202,9.4778,7.785544084849586,7.709027681067281,7.852495938159104,7.651640378230551
600829.SH,20200304,8.06,8.06,7.87,7.98,8.14,-0.16,-1.9656,74452.03,59251.021,9.4778,7.632511277284975,7.709027681067281,7.709027681067281,7.527301222084305
600829.SH,20200305,7.98,8.03,7.94,8.02,7.98,0.04,0.5013,67187.42,53678.537,9.4778,7.670769479176127,7.632511277284975,7.680334029648915,7.594253075393822
600829.SH,20200306,8.0,8.18,7.95,8.08,8.02,0.06,0.7481,72038.15,58378.105,9.4778,7.728156782012856,7.651640378230551,7.823802286740738,7.60381762586661
600829.SH,20200309,8.0,8.47,7.93,8.33,8.08,0.25,3.0941,156838.67,128763.246,9.4778,7.967270543832561,7.651640378230551,8.101174250451596,7.584688524921034
600829.SH,20200310,8.26,8.26,7.8,8.03,8.33,-0.3,-3.6014,95228.67,75954.675,9.4778,7.680334029648915,7.900318690523044,7.900318690523044,7.4603493687747875
600829.SH,20200311,7.97,7.99,7.88,7.88,8.03,-0.15,-1.868,62963.0,49892.618,9.4778,7.536865772557093,7.622946726812186,7.642075827757764,7.536865772557093
600829.SH,20200312,7.8,7.87,7.55,7.59,7.88,-0.29,-3.6802,61471.0,47183.841,9.4778,7.259493808846236,7.4603493687747875,7.527301222084305,7.221235606955083
600829.SH,20200313,7.08,7.49,7.08,7.27,7.59,-0.32,-4.2161,86828.33,62896.908,9.4778,6.953428193717013,6.771701734734037,7.163848304118354,6.771701734734037
600829.SH,20200316,7.3,7.58,7.19,7.19,7.27,-0.08,-1.1004,91152.78,67734.103,9.4778,6.876911789934709,6.982121845135378,7.249929258373447,6.876911789934709
600829.SH,20200317,7.17,7.25,6.75,7.01,7.19,-0.18,-2.5035,70880.0,49436.634,9.4778,6.7047498814245206,6.857782688989132,6.934299092771437,6.456071569132027
600829.SH,20200318,7.07,7.3,6.96,6.97,7.01,-0.04,-0.5706,69441.28,49542.532,9.4778,6.666491679533367,6.76213718426125,6.982121845135378,6.6569271290605805
600829.SH,20200319,6.95,7.06,6.86,7.0,6.97,0.03,0.4304,48699.0,33971.557,9.4778,6.695185330951732,6.647362578587791,6.7525726337884615,6.561281624332698
600829.SH,20200320,7.05,7.29,7.05,7.26,7.0,0.26,3.7143,49948.92,35758.713,9.4778,6.943863643244225,6.743008083315673,6.97255729466259,6.743008083315673
600829.SH,20200323,7.25,7.38,7.11,7.24,7.26,-0.02,-0.2755,61342.0,44545.318,9.4778,6.9247345422986495,6.934299092771437,7.058638248917683,6.8003953861524025
600829.SH,20200324,7.28,7.28,7.11,7.22,7.24,-0.02,-0.2762,41406.29,29753.634,9.4778,6.905605441353072,6.962992744189802,6.962992744189802,6.8003953861524025
600829.SH,20200325,7.33,7.42,7.22,7.41,7.22,0.19,2.6316,56536.01,41478.469,9.4778,7.087331900336047,7.010815496553742,7.096896450808837,6.905605441353072
600829.SH,20200326,7.41,7.56,7.34,7.48,7.41,0.07,0.9447,63286.29,47157.05,9.4778,7.154283753645566,7.087331900336047,7.230800157427871,7.020380047026531
600829.SH,20200327,7.54,7.55,7.26,7.28,7.48,-0.2,-2.6738,40376.28,29833.365,9.4778,6.962992744189802,7.211671056482295,7.221235606955083,6.943863643244225
600829.SH,20200330,7.22,7.26,7.05,7.08,7.28,-0.2,-2.7473,36153.0,25795.068,9.4778,6.771701734734037,6.905605441353072,6.943863643244225,6.743008083315673
600829.SH,20200331,7.2,7.25,7.04,7.06,7.08,-0.02,-0.2825,37021.0,26346.928,9.4778,6.7525726337884615,6.886476340407496,6.934299092771437,6.733443532842886
600829.SH,20200401,7.03,7.05,6.9,6.9,7.06,-0.16,-2.2663,35097.01,24477.365,9.4778,6.599539826223851,6.723878982370097,6.743008083315673,6.599539826223851
600829.SH,20200402,6.9,6.95,6.82,6.95,6.9,0.05,0.7246,28942.0,19902.175,9.4778,6.647362578587791,6.599539826223851,6.647362578587791,6.523023422441545
600829.SH,20200403,6.96,7.05,6.91,6.98,6.95,0.03,0.4317,26843.0,18790.688,9.4778,6.676056230006156,6.6569271290605805,6.743008083315673,6.609104376696638
600829.SH,20200407,7.1,7.15,7.01,7.12,6.98,0.14,2.0057,40387.05,28636.04,9.4778,6.809959936625191,6.790830835679613,6.838653588043556,6.7047498814245206
600829.SH,20200408,7.14,7.22,7.06,7.16,7.12,0.04,0.5618,38337.99,27384.263,9.4778,6.848218138516343,6.829089037570767,6.905605441353072,6.7525726337884615
600829.SH,20200409,7.2,7.47,7.14,7.29,7.16,0.13,1.8156,70500.4,51375.391,9.4778,6.97255729466259,6.886476340407496,7.144719203172777,6.829089037570767
600829.SH,20200410,7.3,8.02,7.3,8.02,7.29,0.73,10.0137,137664.54,108682.379,9.4778,7.670769479176127,6.982121845135378,7.670769479176127,6.982121845135378
600829.SH,20200413,8.36,8.82,8.3,8.82,8.02,0.8,9.9751,470823.06,405992.433,9.4778,8.435933516999183,7.995964195250926,8.435933516999183,7.938576892414198
600829.SH,20200414,8.2,9.4,8.02,8.85,8.82,0.03,0.3401,404409.95,348785.469,9.4778,8.464627168417547,7.842931387686314,8.990677444420898,7.670769479176127
600829.SH,20200415,8.67,9.74,8.4,9.74,8.85,0.89,10.0565,448885.6,413802.173,9.4778,9.315872160495696,8.29246525990736,9.315872160495696,8.034222397142079
600829.SH,20200416,9.26,10.5,9.2,9.48,9.74,-0.26,-2.6694,506651.12,499503.951,9.4778,9.067193848203203,8.856773737801863,10.0427779964276,8.799386434965133
600829.SH,20200417,9.16,9.16,8.53,8.54,9.48,-0.94,-9.9156,384393.52,336130.832,9.4778,8.168126103761113,8.76112823307398,8.76112823307398,8.158561553288324
600829.SH,20200420,8.22,8.44,8.1,8.4,8.54,-0.14,-1.6393,230752.36,191522.396,9.4778,8.034222397142079,7.862060488631891,8.07248059903323,7.747285882958432
600829.SH,20200421,8.38,8.38,8.11,8.24,8.4,-0.16,-1.9048,165089.79,135628.511,9.4778,7.881189589577468,8.015093296196504,8.015093296196504,7.756850433431222
600829.SH,20200422,8.13,8.28,8.01,8.25,8.24,0.01,0.1214,134931.71,109675.374,9.4778,7.890754140050256,7.775979534376798,7.919447791468619,7.661204928703339
600829.SH,20200423,8.18,8.45,8.11,8.14,8.25,-0.11,-1.3333,164322.49,136066.097,9.4778,7.785544084849586,7.823802286740738,8.082045149506019,7.756850433431222
600829.SH,20200424,8.09,8.09,7.61,7.64,8.14,-0.5,-6.1425,162648.36,126812.496,9.4778,7.307316561210176,7.737721332485646,7.737721332485646,7.278622909791812
600829.SH,20200427,7.65,7.77,7.46,7.56,7.64,-0.08,-1.0471,78531.46,59789.174,9.4778,7.230800157427871,7.316881111682965,7.431655717356422,7.135154652699988
600829.SH,20200428,7.51,7.59,7.13,7.35,7.56,-0.21,-2.7778,102902.0,75680.929,9.4778,7.029944597499318,7.18297740506393,7.259493808846236,6.819524487097978
600829.SH,20200429,7.38,7.45,7.27,7.28,7.35,-0.07,-0.9524,61345.33,45046.681,9.4778,6.962992744189802,7.058638248917683,7.125590102227201,6.953428193717013
600829.SH,20200430,7.33,7.65,7.3,7.55,7.28,0.27,3.7088,79631.78,59341.45,9.4778,7.221235606955083,7.010815496553742,7.316881111682965,6.982121845135378
600829.SH,20200506,7.38,7.66,7.35,7.62,7.55,0.07,0.9272,77252.11,58295.939,9.4778,7.2881874602646,7.058638248917683,7.326445662155752,7.029944597499318
600829.SH,20200507,7.6,7.72,7.47,7.54,7.62,-0.08,-1.0499,81235.33,61547.983,9.4778,7.211671056482295,7.269058359319023,7.383832964992481,7.144719203172777
600829.SH,20200508,7.62,7.66,7.46,7.61,7.54,0.07,0.9284,77663.01,58853.899,9.4778,7.278622909791812,7.2881874602646,7.326445662155752,7.135154652699988
600829.SH,20200511,7.53,7.7,7.47,7.67,7.61,0.06,0.7884,78344.33,59535.15,9.4778,7.336010212628541,7.202106506009507,7.364703864046906,7.144719203172777
600829.SH,20200512,7.66,7.74,7.53,7.62,7.67,-0.05,-0.6519,48091.32,36712.135,9.4778,7.2881874602646,7.326445662155752,7.402962065938059,7.202106506009507
600829.SH,20200513,7.58,7.59,7.5,7.54,7.62,-0.08,-1.0499,40930.0,30870.317,9.4778,7.211671056482295,7.249929258373447,7.259493808846236,7.173412854591142
600829.SH,20200514,7.45,7.54,7.31,7.31,7.54,-0.23,-3.0504,67362.83,49748.006,9.4778,6.991686395608166,7.125590102227201,7.211671056482295,6.991686395608166
600829.SH,20200515,7.35,7.41,7.27,7.39,7.31,0.08,1.0944,37331.13,27380.817,9.4778,7.068202799390472,7.029944597499318,7.087331900336047,6.953428193717013
600829.SH,20200518,7.38,7.49,7.29,7.32,7.39,-0.07,-0.9472,54028.83,39907.32,9.4778,7.001250946080955,7.058638248917683,7.163848304118354,6.97255729466259
600829.SH,20200519,7.39,7.44,7.3,7.36,7.32,0.04,0.5464,46527.5,34270.675,9.4778,7.039509147972107,7.068202799390472,7.116025551754412,6.982121845135378
600829.SH,20200520,7.36,7.37,7.21,7.26,7.36,-0.1,-1.3587,53198.68,38741.484,9.4778,6.943863643244225,7.039509147972107,7.049073698444896,6.896040890880285
600829.SH,20200521,7.27,7.37,7.27,7.28,7.26,0.02,0.2755,56920.17,41674.722,9.4778,6.962992744189802,6.953428193717013,7.049073698444896,6.953428193717013
600829.SH,20200522,7.3,7.3,7.08,7.11,7.28,-0.17,-2.3352,60535.67,43510.199,9.4778,6.8003953861524025,6.982121845135378,6.982121845135378,6.771701734734037
600829.SH,20200525,7.09,7.13,7.01,7.08,7.11,-0.03,-0.4219,21698.36,15345.915,9.4778,6.771701734734037,6.781266285206827,6.819524487097978,6.7047498814245206
600829.SH,20200526,7.08,7.2,7.08,7.18,7.08,0.1,1.4124,20984.34,15001.654,9.4778,6.867347239461919,6.771701734734037,6.886476340407496,6.771701734734037
600829.SH,20200527,7.17,7.25,7.14,7.2,7.18,0.02,0.2786,24334.1,17515.33,9.4778,6.886476340407496,6.857782688989132,6.934299092771437,6.829089037570767
600829.SH,20200528,7.21,7.23,7.09,7.16,7.2,-0.04,-0.5556,21088.18,15092.849,9.4778,6.848218138516343,6.896040890880285,6.915169991825861,6.781266285206827
600829.SH,20200529,7.15,7.24,7.13,7.2,7.16,0.04,0.5587,23796.1,17109.483,9.4778,6.886476340407496,6.838653588043556,6.9247345422986495,6.819524487097978
600829.SH,20200601,7.22,7.48,7.22,7.43,7.2,0.23,3.1944,54954.42,40491.466,9.4778,7.106461001281624,6.905605441353072,7.154283753645566,6.905605441353072
600829.SH,20200602,7.44,7.48,7.36,7.4,7.43,-0.03,-0.4038,35003.32,25880.331,9.4778,7.077767349863261,7.116025551754412,7.154283753645566,7.039509147972107
600829.SH,20200603,7.44,8.07,7.44,7.92,7.4,0.52,7.027,179845.29,140834.524,9.4778,7.575123974448246,7.116025551754412,7.718592231540069,7.116025551754412
600829.SH,20200604,7.92,7.96,7.72,7.76,7.92,-0.16,-2.0202,89856.18,70200.001,9.4778,7.422091166883635,7.575123974448246,7.613382176339398,7.383832964992481
600829.SH,20200605,7.74,7.84,7.58,7.76,7.76,0.0,0.0,84563.58,65243.009,9.4778,7.422091166883635,7.402962065938059,7.498607570665941,7.249929258373447
600829.SH,20200608,7.73,7.8,7.62,7.77,7.76,0.01,0.1289,62285.06,48024.331,9.4778,7.431655717356422,7.393397515465271,7.4603493687747875,7.2881874602646
600829.SH,20200609,7.77,7.98,7.77,7.89,7.77,0.12,1.5444,84286.0,66423.469,9.4778,7.546430323029881,7.431655717356422,7.632511277284975,7.431655717356422
600829.SH,20200610,7.8,7.86,7.68,7.78,7.89,-0.11,-1.3942,56297.0,43728.16,9.4778,7.441220267829211,7.4603493687747875,7.517736671611517,7.345574763101329
600829.SH,20200611,7.79,7.86,7.69,7.7,7.78,-0.08,-1.0283,70412.0,54639.115,9.4778,7.364703864046906,7.450784818302,7.517736671611517,7.355139313574117
600829.SH,20200612,7.57,7.78,7.47,7.65,7.7,-0.05,-0.6494,43302.62,33072.837,9.4778,7.316881111682965,7.2403647079006594,7.441220267829211,7.144719203172777
600829.SH,20200615,7.7,8.4,7.69,8.18,7.65,0.53,6.9281,144693.99,115794.696,9.4778,7.823802286740738,7.364703864046906,8.034222397142079,7.355139313574117
600829.SH,20200616,8.08,8.16,7.91,8.05,8.18,-0.13,-1.5892,105287.72,84469.927,9.4778,7.699463130594493,7.728156782012856,7.804673185795162,7.565559423975457
600829.SH,20200617,8.09,8.45,8.05,8.36,8.05,0.31,3.8509,152698.98,126504.805,9.4778,7.995964195250926,7.737721332485646,8.082045149506019,7.699463130594493
600829.SH,20200618,8.39,8.39,8.05,8.11,8.36,-0.25,-2.9904,104319.1,85367.897,9.4778,7.756850433431222,8.02465784666929,8.02465784666929,7.699463130594493
600829.SH,20200619,8.13,8.15,7.85,7.93,8.11,-0.18,-2.2195,91139.06,72571.372,9.4778,7.584688524921034,7.775979534376798,7.795108635322375,7.508172121138728
600829.SH,20200622,7.85,8.01,7.78,7.91,7.93,-0.02,-0.2522,47585.01,37524.379,9.4778,7.565559423975457,7.508172121138728,7.661204928703339,7.441220267829211
600829.SH,20200623,7.89,7.91,7.8,7.85,7.91,-0.06,-0.7585,38202.01,29902.896,9.4778,7.508172121138728,7.546430323029881,7.565559423975457,7.4603493687747875
600829.SH,20200624,7.83,7.88,7.56,7.58,7.85,-0.27,-3.4395,59642.01,45750.901,9.4778,7.249929258373447,7.489043020193152,7.536865772557093,7.230800157427871
600829.SH,20200629,7.47,7.51,7.26,7.31,7.58,-0.27,-3.562,62798.84,46378.047,9.4778,6.991686395608166,7.144719203172777,7.18297740506393,6.943863643244225
600829.SH,20200630,7.36,7.44,7.33,7.41,7.31,0.1,1.368,34575.32,25533.465,9.4778,7.087331900336047,7.039509147972107,7.116025551754412,7.010815496553742
600829.SH,20200701,7.4,7.48,7.32,7.42,7.41,0.01,0.135,39646.22,29378.07,9.4778,7.096896450808837,7.077767349863261,7.154283753645566,7.001250946080955
600829.SH,20200702,7.42,7.5,7.36,7.5,7.42,0.08,1.0782,42610.55,31738.599,9.4778,7.173412854591142,7.096896450808837,7.173412854591142,7.039509147972107
600829.SH,20200703,7.49,7.64,7.45,7.64,7.5,0.14,1.8667,46600.0,35255.506,9.4778,7.307316561210176,7.163848304118354,7.307316561210176,7.125590102227201
600829.SH,20200706,7.68,8.14,7.63,7.95,7.64,0.31,4.0576,88757.97,69843.749,9.4778,7.60381762586661,7.345574763101329,7.785544084849586,7.297752010737388
600829.SH,20200707,7.99,8.14,7.83,8.05,7.95,0.1,1.2579,96002.08,76981.031,9.4778,7.699463130594493,7.642075827757764,7.785544084849586,7.489043020193152
600829.SH,20200708,8.05,8.2,7.9,8.15,8.05,0.1,1.2422,88444.6,71197.572,9.4778,7.795108635322375,7.699463130594493,7.842931387686314,7.55599487350267
600829.SH,20200709,8.23,8.37,8.12,8.29,8.15,0.14,1.7178,113276.46,93253.886,9.4778,7.929012341941408,7.87162503910468,8.005528745723714,7.766414983904008
600829.SH,20200710,8.25,8.38,8.09,8.16,8.29,-0.13,-1.5682,106307.55,87442.092,9.4778,7.804673185795162,7.890754140050256,8.015093296196504,7.737721332485646
600829.SH,20200713,8.14,8.54,8.04,8.48,8.16,0.32,3.9216,125922.48,105291.524,9.4778,8.110738800924384,7.785544084849586,8.168126103761113,7.689898580121703
600829.SH,20200714,8.5,8.65,8.15,8.39,8.48,-0.09,-1.0613,101114.16,84662.415,9.4778,8.02465784666929,8.129867901869961,8.273336158961785,7.795108635322375
600829.SH,20200715,8.35,8.45,8.13,8.15,8.39,-0.24,-2.8605,98266.75,81258.757,9.4778,7.795108635322375,7.986399644778137,8.082045149506019,7.775979534376798
600829.SH,20200716,8.15,8.2,7.76,7.82,8.15,-0.33,-4.0491,82731.5,66192.193,9.4778,7.479478469720364,7.795108635322375,7.842931387686314,7.422091166883635
600829.SH,20200717,7.85,7.9,7.63,7.76,7.82,-0.06,-0.7673,48754.01,37852.562,9.4778,7.422091166883635,7.508172121138728,7.55599487350267,7.297752010737388
600829.SH,20200720,7.8,8.0,7.8,8.0,7.76,0.24,3.0928,48470.1,38330.783,9.4778,7.651640378230551,7.4603493687747875,7.651640378230551,7.4603493687747875
600829.SH,20200721,8.01,8.13,7.94,8.12,8.0,0.12,1.5,58976.01,47417.379,9.4778,7.766414983904008,7.661204928703339,7.775979534376798,7.594253075393822
600829.SH,20200722,8.09,8.17,8.01,8.02,8.12,-0.1,-1.2315,66639.11,53839.798,9.4778,7.670769479176127,7.737721332485646,7.814237736267951,7.661204928703339
600829.SH,20200723,8.02,8.41,7.92,8.36,8.02,0.34,4.2394,117877.58,96735.646,9.4778,7.995964195250926,7.670769479176127,8.043786947614867,7.575123974448246
600829.SH,20200724,8.35,8.35,7.8,7.83,8.36,-0.53,-6.3397,100928.06,81580.446,9.4778,7.489043020193152,7.986399644778137,7.986399644778137,7.4603493687747875
600829.SH,20200727,7.81,8.0,7.76,8.0,7.83,0.17,2.1711,48077.0,37860.611,9.4778,7.651640378230551,7.469913919247576,7.651640378230551,7.422091166883635
600829.SH,20200728,8.05,8.2,7.9,8.07,8.0,0.07,0.875,56533.0,45553.16,9.4778,7.718592231540069,7.699463130594493,7.842931387686314,7.55599487350267
600829.SH,20200729,7.98,8.45,7.95,8.4,8.07,0.33,4.0892,118456.55,98387.775,9.4778,8.034222397142079,7.632511277284975,8.082045149506019,7.60381762586661
600829.SH,20200730,8.49,8.79,8.4,8.53,8.4,0.13,1.5476,180640.37,155488.851,9.4778,8.158561553288324,8.120303351397173,8.407239865580818,8.034222397142079
600829.SH,20200731,8.44,8.8,8.26,8.7,8.53,0.17,1.993,170817.24,146223.639,9.4778,8.321158911325723,8.07248059903323,8.416804416053608,7.900318690523044
600829.SH,20200803,8.76,8.87,8.61,8.67,8.7,-0.03,-0.3448,145390.28,126663.834,9.4778,8.29246525990736,8.378546214162453,8.483756269363123,8.235077957070631
600829.SH,20200804,8.67,8.72,8.45,8.53,8.67,-0.14,-1.6148,119515.02,102677.618,9.4778,8.158561553288324,8.29246525990736,8.340288012271301,8.082045149506019
600829.SH,20200805,8.53,8.58,8.38,8.53,8.53,0.0,0.0,66463.11,56350.746,9.4778,8.158561553288324,8.158561553288324,8.206384305652266,8.015093296196504
600829.SH,20200806,8.54,8.57,8.3,8.39,8.53,-0.14,-1.6413,62353.01,52435.894,9.4778,8.02465784666929,8.168126103761113,8.19681975517948,7.938576892414198
600829.SH,20200807,8.36,8.77,8.15,8.58,8.39,0.19,2.2646,116313.51,98538.266,9.4778,8.206384305652266,7.995964195250926,8.388110764635242,7.795108635322375
600829.SH,20200810,8.46,8.53,8.32,8.42,8.58,-0.16,-1.8648,70587.5,59511.259,9.4778,8.053351498087656,8.09160969997881,8.158561553288324,7.957705993359774
600829.SH,20200811,8.38,8.48,8.15,8.17,8.42,-0.25,-2.9691,61703.95,51444.471,9.4778,7.814237736267951,8.015093296196504,8.110738800924384,7.795108635322375
600829.SH,20200812,8.1,8.33,7.92,8.32,8.17,0.15,1.836,77380.03,62647.58,9.4778,7.957705993359774,7.747285882958432,7.967270543832561,7.575123974448246
600829.SH,20200813,8.22,8.31,8.2,8.24,8.32,-0.08,-0.9615,37094.0,30620.15,9.4778,7.881189589577468,7.862060488631891,7.948141442886985,7.842931387686314
600829.SH,20200814,8.22,8.25,8.05,8.19,8.24,-0.05,-0.6068,40714.52,33182.794,9.4778,7.833366837213527,7.862060488631891,7.890754140050256,7.699463130594493
600829.SH,20200817,8.12,8.28,8.09,8.23,8.19,0.04,0.4884,45439.51,37225.609,9.4778,7.87162503910468,7.766414983904008,7.919447791468619,7.737721332485646
600829.SH,20200818,8.17,8.56,8.17,8.51,8.23,0.28,3.4022,78939.0,66141.486,9.4778,8.139432452342747,7.814237736267951,8.18725520470669,7.814237736267951
600829.SH,20200819,8.44,8.47,8.27,8.34,8.51,-0.17,-1.9976,52668.63,44130.432,9.4778,7.9768350943053505,8.07248059903323,8.101174250451596,7.909883240995832
600829.SH,20200820,8.25,8.5,8.15,8.22,8.34,-0.12,-1.4388,60816.31,50429.584,9.4778,7.862060488631891,7.890754140050256,8.129867901869961,7.795108635322375
600829.SH,20200821,8.25,8.3,8.16,8.2,8.22,-0.02,-0.2433,34875.03,28686.516,9.4778,7.842931387686314,7.890754140050256,7.938576892414198,7.804673185795162
600829.SH,20200824,8.19,8.29,8.05,8.24,8.2,0.04,0.4878,41607.09,34130.841,9.4778,7.881189589577468,7.833366837213527,7.929012341941408,7.699463130594493
600829.SH,20200825,8.23,8.27,8.1,8.12,8.24,-0.12,-1.4563,28859.5,23538.145,9.4778,7.766414983904008,7.87162503910468,7.909883240995832,7.747285882958432
600829.SH,20200826,8.08,8.13,7.86,7.87,8.12,-0.25,-3.0788,51200.51,40924.142,9.4778,7.527301222084305,7.728156782012856,7.775979534376798,7.517736671611517
600829.SH,20200827,7.88,7.93,7.74,7.9,7.87,0.03,0.3812,34477.06,26973.911,9.4778,7.55599487350267,7.536865772557093,7.584688524921034,7.402962065938059
600829.SH,20200828,7.8,7.96,7.73,7.94,7.9,0.04,0.5063,30779.43,24218.435,9.4778,7.594253075393822,7.4603493687747875,7.613382176339398,7.393397515465271
600829.SH,20200831,7.97,8.01,7.85,7.87,7.94,-0.07,-0.8816,22490.0,17882.257,9.4778,7.527301222084305,7.622946726812186,7.661204928703339,7.508172121138728
600829.SH,20200901,7.81,7.94,7.8,7.94,7.87,0.07,0.8895,14508.0,11415.884,9.4778,7.594253075393822,7.469913919247576,7.594253075393822,7.4603493687747875
600829.SH,20200902,7.94,8.01,7.87,8.0,7.94,0.06,0.7557,21436.06,17017.023,9.4778,7.651640378230551,7.594253075393822,7.661204928703339,7.527301222084305
600829.SH,20200903,8.02,8.06,7.93,7.95,8.0,-0.05,-0.625,22992.0,18375.459,9.4778,7.60381762586661,7.670769479176127,7.709027681067281,7.584688524921034
600829.SH,20200904,7.86,7.89,7.7,7.82,7.95,-0.13,-1.6352,25831.0,20126.468,9.4778,7.479478469720364,7.517736671611517,7.546430323029881,7.364703864046906
600829.SH,20200907,7.82,7.89,7.66,7.69,7.82,-0.13,-1.6624,29908.0,23255.497,9.4778,7.355139313574117,7.479478469720364,7.546430323029881,7.326445662155752
600829.SH,20200908,7.71,7.75,7.6,7.72,7.69,0.03,0.3901,24072.98,18444.421,9.4778,7.383832964992481,7.374268414519693,7.4125266164108465,7.269058359319023
600829.SH,20200909,7.67,7.7,7.56,7.59,7.72,-0.13,-1.6839,28145.1,21462.256,9.4778,7.259493808846236,7.336010212628541,7.364703864046906,7.230800157427871
600829.SH,20200910,7.62,7.64,7.28,7.32,7.59,-0.27,-3.5573,31169.95,23251.763,9.4778,7.001250946080955,7.2881874602646,7.307316561210176,6.962992744189802
600829.SH,20200911,7.32,7.39,7.26,7.37,7.32,0.05,0.6831,16310.08,11952.014,9.4778,7.049073698444896,7.001250946080955,7.068202799390472,6.943863643244225
600829.SH,20200914,7.4,7.49,7.34,7.44,7.37,0.07,0.9498,12881.1,9573.414,9.4778,7.116025551754412,7.077767349863261,7.163848304118354,7.020380047026531
600829.SH,20200915,7.45,7.49,7.33,7.4,7.44,-0.04,-0.5376,12686.05,9370.007,9.4778,7.077767349863261,7.125590102227201,7.163848304118354,7.010815496553742
600829.SH,20200916,7.4,7.41,7.34,7.4,7.4,0.0,0.0,11082.0,8173.163,9.4778,7.077767349863261,7.077767349863261,7.087331900336047,7.020380047026531
600829.SH,20200917,7.42,7.42,7.24,7.31,7.4,-0.09,-1.2162,17106.0,12526.917,9.4778,6.991686395608166,7.096896450808837,7.096896450808837,6.9247345422986495
600829.SH,20200918,7.31,7.41,7.25,7.38,7.31,0.07,0.9576,17394.19,12751.573,9.4778,7.058638248917683,6.991686395608166,7.087331900336047,6.934299092771437
600829.SH,20200921,7.42,7.44,7.35,7.4,7.38,0.02,0.271,12033.0,8896.602,9.4778,7.077767349863261,7.096896450808837,7.116025551754412,7.029944597499318
600829.SH,20200922,7.37,7.53,7.3,7.39,7.4,-0.01,-0.1351,23470.65,17465.812,9.4778,7.068202799390472,7.049073698444896,7.202106506009507,6.982121845135378
600829.SH,20200923,7.42,7.53,7.35,7.51,7.39,0.12,1.6238,23168.0,17300.58,9.4778,7.18297740506393,7.096896450808837,7.202106506009507,7.029944597499318
600829.SH,20200924,7.47,7.49,7.3,7.31,7.51,-0.2,-2.6631,19518.43,14385.317,9.4778,6.991686395608166,7.144719203172777,7.163848304118354,6.982121845135378
600829.SH,20200925,7.37,7.39,7.25,7.28,7.31,-0.03,-0.4104,8589.0,6276.604,9.4778,6.962992744189802,7.049073698444896,7.068202799390472,6.934299092771437
600829.SH,20200928,7.32,7.33,7.07,7.14,7.28,-0.14,-1.9231,17523.95,12522.793,9.4778,6.829089037570767,7.001250946080955,7.010815496553742,6.76213718426125
600829.SH,20200929,7.16,7.2,7.09,7.16,7.14,0.02,0.2801,9375.0,6696.209,9.4778,6.848218138516343,6.848218138516343,6.886476340407496,6.781266285206827
600829.SH,20200930,7.21,7.21,7.07,7.11,7.16,-0.05,-0.6983,8691.0,6188.568,9.4778,6.8003953861524025,6.896040890880285,6.896040890880285,6.76213718426125
600829.SH,20201009,7.17,7.29,7.17,7.27,7.11,0.16,2.2504,11178.52,8096.587,9.4778,6.953428193717013,6.857782688989132,6.97255729466259,6.857782688989132
600829.SH,20201012,7.29,7.43,7.27,7.42,7.27,0.15,2.0633,19662.97,14486.3,9.4778,7.096896450808837,6.97255729466259,7.106461001281624,6.953428193717013
600829.SH,20201013,7.4,7.46,7.36,7.39,7.42,-0.03,-0.4043,12338.0,9132.674,9.4778,7.068202799390472,7.077767349863261,7.135154652699988,7.039509147972107
600829.SH,20201014,7.39,7.4,7.3,7.32,7.39,-0.07,-0.9472,14153.0,10384.443,9.4778,7.001250946080955,7.068202799390472,7.077767349863261,6.982121845135378
600829.SH,20201015,7.34,7.34,7.23,7.24,7.32,-0.08,-1.0929,10104.0,7346.136,9.4778,6.9247345422986495,7.020380047026531,7.020380047026531,6.915169991825861
600829.SH,20201016,7.28,7.41,7.23,7.41,7.24,0.17,2.3481,16262.97,11889.713,9.4778,7.087331900336047,6.962992744189802,7.087331900336047,6.915169991825861
600829.SH,20201019,7.41,7.49,7.36,7.38,7.41,-0.03,-0.4049,15744.0,11677.018,9.4778,7.058638248917683,7.087331900336047,7.163848304118354,7.039509147972107
600829.SH,20201020,7.41,7.41,7.32,7.39,7.38,0.01,0.1355,8871.5,6530.713,9.4778,7.068202799390472,7.087331900336047,7.087331900336047,7.001250946080955
600829.SH,20201021,7.38,7.39,7.28,7.3,7.39,-0.09,-1.2179,9942.0,7278.98,9.4778,6.982121845135378,7.058638248917683,7.068202799390472,6.962992744189802
600829.SH,20201022,7.3,7.3,7.15,7.18,7.3,-0.12,-1.6438,16135.1,11588.767,9.4778,6.867347239461919,6.982121845135378,6.982121845135378,6.838653588043556
600829.SH,20201023,7.17,7.22,7.09,7.1,7.18,-0.08,-1.1142,11415.0,8152.23,9.4778,6.790830835679613,6.857782688989132,6.905605441353072,6.781266285206827
600829.SH,20201026,7.11,7.15,7.02,7.1,7.1,0.0,0.0,10231.0,7255.899,9.4778,6.790830835679613,6.8003953861524025,6.838653588043556,6.714314431897308
600829.SH,20201027,7.12,7.18,7.03,7.17,7.1,0.07,0.9859,16035.0,11380.631,9.4778,6.857782688989132,6.809959936625191,6.867347239461919,6.723878982370097
600829.SH,20201028,7.15,7.15,7.06,7.11,7.17,-0.06,-0.8368,9035.0,6414.323,9.4778,6.8003953861524025,6.838653588043556,6.838653588043556,6.7525726337884615
600829.SH,20201029,7.08,7.12,7.02,7.1,7.11,-0.01,-0.1406,8039.48,5694.305,9.4778,6.790830835679613,6.771701734734037,6.809959936625191,6.714314431897308
600829.SH,20201030,7.1,7.11,6.89,6.89,7.1,-0.21,-2.9577,19962.0,13950.998,9.4778,6.589975275751062,6.790830835679613,6.8003953861524025,6.589975275751062
600829.SH,20201102,6.93,6.93,6.66,6.68,6.89,-0.21,-3.0479,20974.5,14165.429,9.4778,6.38911971582251,6.628233477642215,6.628233477642215,6.369990614876934
600829.SH,20201103,6.69,6.8,6.69,6.79,6.68,0.11,1.6467,13477.0,9097.773,9.4778,6.494329771023181,6.398684266295299,6.503894321495968,6.398684266295299
600829.SH,20201104,6.81,7.05,6.81,6.87,6.79,0.08,1.1782,18667.1,12915.491,9.4778,6.570846174805486,6.513458871968757,6.743008083315673,6.513458871968757
600829.SH,20201105,6.87,6.91,6.86,6.89,6.87,0.02,0.2911,11516.39,7933.356,9.4778,6.589975275751062,6.570846174805486,6.609104376696638,6.561281624332698
600829.SH,20201106,6.9,6.91,6.82,6.88,6.89,-0.01,-0.1451,9057.48,6204.091,9.4778,6.5804107252782735,6.599539826223851,6.609104376696638,6.523023422441545
600829.SH,20201109,6.9,6.98,6.89,6.95,6.88,0.07,1.0174,13287.0,9232.12,9.4778,6.647362578587791,6.599539826223851,6.676056230006156,6.589975275751062
600829.SH,20201110,6.95,6.99,6.86,6.93,6.95,-0.02,-0.2878,11447.04,7917.457,9.4778,6.628233477642215,6.647362578587791,6.685620780478945,6.561281624332698
600829.SH,20201111,6.91,6.99,6.87,6.97,6.93,0.04,0.5772,13482.0,9362.67,9.4778,6.666491679533367,6.609104376696638,6.685620780478945,6.570846174805486
600829.SH,20201112,6.97,6.99,6.9,6.92,6.97,-0.05,-0.7174,7866.0,5446.239,9.4778,6.618668927169427,6.666491679533367,6.685620780478945,6.599539826223851
600829.SH,20201113,6.96,6.96,6.87,6.92,6.92,0.0,0.0,7889.49,5445.643,9.4778,6.618668927169427,6.6569271290605805,6.6569271290605805,6.570846174805486
600829.SH,20201116,6.95,6.98,6.91,6.97,6.92,0.05,0.7225,7826.0,5440.971,9.4778,6.666491679533367,6.647362578587791,6.676056230006156,6.609104376696638
600829.SH,20201117,6.99,7.0,6.92,6.99,6.97,0.02,0.2869,11236.71,7822.322,9.4778,6.685620780478945,6.685620780478945,6.695185330951732,6.618668927169427
600829.SH,20201118,6.99,7.05,6.97,7.0,6.99,0.01,0.1431,12284.22,8594.566,9.4778,6.695185330951732,6.685620780478945,6.743008083315673,6.666491679533367
600829.SH,20201119,6.98,7.03,6.95,6.99,7.0,-0.01,-0.1429,7640.31,5339.038,9.4778,6.685620780478945,6.676056230006156,6.723878982370097,6.647362578587791
600829.SH,20201120,6.99,7.05,6.97,7.05,6.99,0.06,0.8584,11204.0,7867.57,9.4778,6.743008083315673,6.685620780478945,6.743008083315673,6.666491679533367
600829.SH,20201123,7.09,7.15,7.03,7.1,7.05,0.05,0.7092,16172.6,11475.962,9.4778,6.790830835679613,6.781266285206827,6.838653588043556,6.723878982370097
600829.SH,20201124,7.1,7.14,7.05,7.06,7.1,-0.04,-0.5634,11389.0,8081.314,9.4778,6.7525726337884615,6.790830835679613,6.829089037570767,6.743008083315673
600829.SH,20201125,7.08,7.12,6.99,7.0,7.06,-0.06,-0.8499,14442.0,10138.301,9.4778,6.695185330951732,6.771701734734037,6.809959936625191,6.685620780478945
600829.SH,20201126,6.99,7.06,6.96,7.06,7.0,0.06,0.8571,9951.5,6981.032,9.4778,6.7525726337884615,6.685620780478945,6.7525726337884615,6.6569271290605805
600829.SH,20201127,7.04,7.12,7.02,7.12,7.06,0.06,0.8499,7391.0,5234.042,9.4778,6.809959936625191,6.733443532842886,6.809959936625191,6.714314431897308
600829.SH,20201130,7.1,7.37,7.1,7.29,7.12,0.17,2.3876,27818.05,20036.724,9.4778,6.97255729466259,6.790830835679613,7.049073698444896,6.790830835679613
600829.SH,20201201,7.3,7.54,7.3,7.53,7.29,0.24,3.2922,49053.51,36310.511,9.4778,7.202106506009507,6.982121845135378,7.211671056482295,6.982121845135378
600829.SH,20201202,7.28,7.47,7.22,7.33,7.53,-0.2,-2.656,49079.01,35889.654,9.4778,7.010815496553742,6.962992744189802,7.144719203172777,6.905605441353072
600829.SH,20201203,7.26,7.3,7.22,7.24,7.33,-0.09,-1.2278,24407.0,17718.357,9.4778,6.9247345422986495,6.943863643244225,6.982121845135378,6.905605441353072
600829.SH,20201204,7.26,7.29,7.18,7.25,7.24,0.01,0.1381,16192.02,11729.084,9.4778,6.934299092771437,6.943863643244225,6.97255729466259,6.867347239461919
600829.SH,20201207,7.27,7.35,7.14,7.14,7.25,-0.11,-1.5172,16990.02,12282.314,9.4778,6.829089037570767,6.953428193717013,7.029944597499318,6.829089037570767
600829.SH,20201208,7.13,7.14,7.05,7.05,7.14,-0.09,-1.2605,13096.02,9271.633,9.4778,6.743008083315673,6.819524487097978,6.829089037570767,6.743008083315673
600829.SH,20201209,7.08,7.11,7.02,7.04,7.05,-0.01,-0.1418,11001.0,7778.837,9.4778,6.733443532842886,6.771701734734037,6.8003953861524025,6.714314431897308
600829.SH,20201210,7.03,7.54,6.98,7.32,7.04,0.28,3.9773,43550.04,31739.992,9.4778,7.001250946080955,6.723878982370097,7.211671056482295,6.676056230006156
600829.SH,20201211,7.33,7.39,7.05,7.19,7.32,-0.13,-1.776,27273.0,19554.207,9.4778,6.876911789934709,7.010815496553742,7.068202799390472,6.743008083315673
600829.SH,20201214,7.1,7.55,7.02,7.48,7.19,0.29,4.0334,65722.0,48588.473,9.4778,7.154283753645566,6.790830835679613,7.221235606955083,6.714314431897308
600829.SH,20201215,7.35,7.43,7.27,7.41,7.48,-0.07,-0.9358,34121.02,25105.441,9.4778,7.087331900336047,7.029944597499318,7.106461001281624,6.953428193717013
600829.SH,20201216,7.4,8.15,7.4,7.77,7.41,0.36,4.8583,170823.98,135777.444,9.4778,7.431655717356422,7.077767349863261,7.795108635322375,7.077767349863261
600829.SH,20201217,7.5,7.75,7.3,7.75,7.77,-0.02,-0.2574,124573.1,92980.098,9.4778,7.4125266164108465,7.173412854591142,7.4125266164108465,6.982121845135378
600829.SH,20201218,7.53,7.68,7.49,7.58,7.75,-0.17,-2.1935,61465.65,46539.593,9.4778,7.249929258373447,7.202106506009507,7.345574763101329,7.163848304118354
600829.SH,20201221,7.55,7.67,7.42,7.46,7.58,-0.12,-1.5831,55717.54,41902.483,9.4778,7.135154652699988,7.221235606955083,7.336010212628541,7.096896450808837
600829.SH,20201222,7.39,8.12,7.38,7.9,7.46,0.44,5.8981,150002.34,117399.103,9.4778,7.55599487350267,7.068202799390472,7.766414983904008,7.058638248917683
600829.SH,20201223,7.72,8.05,7.65,7.99,7.9,0.09,1.1392,104944.04,82189.748,9.4778,7.642075827757764,7.383832964992481,7.699463130594493,7.316881111682965
600829.SH,20201224,7.85,8.12,7.7,7.85,7.99,-0.14,-1.7522,77156.5,60679.17,9.4778,7.508172121138728,7.508172121138728,7.766414983904008,7.364703864046906
600829.SH,20201225,7.77,7.8,7.5,7.69,7.85,-0.16,-2.0382,65657.0,50164.263,9.4778,7.355139313574117,7.431655717356422,7.4603493687747875,7.173412854591142
600829.SH,20201228,7.66,7.94,7.52,7.92,7.69,0.23,2.9909,79485.47,62102.383,9.4778,7.575123974448246,7.326445662155752,7.594253075393822,7.192541955536718
600829.SH,20201229,7.82,7.92,7.59,7.61,7.92,-0.31,-3.9141,57906.75,44677.446,9.4778,7.278622909791812,7.479478469720364,7.575123974448246,7.259493808846236
600829.SH,20201230,7.52,7.6,7.35,7.41,7.61,-0.2,-2.6281,56489.0,41938.118,9.4778,7.087331900336047,7.192541955536718,7.269058359319023,7.029944597499318
600829.SH,20201231,7.33,7.46,7.27,7.42,7.41,0.01,0.135,38606.0,28470.293,9.4778,7.096896450808837,7.010815496553742,7.135154652699988,6.953428193717013
600829.SH,20210104,7.42,7.5,7.31,7.49,7.42,0.07,0.9434,39565.03,29277.328,9.4778,7.163848304118354,7.096896450808837,7.173412854591142,6.991686395608166
600829.SH,20210105,7.45,7.97,7.42,7.78,7.49,0.29,3.8718,89174.04,69295.506,9.4778,7.441220267829211,7.125590102227201,7.622946726812186,7.096896450808837
600829.SH,20210106,7.77,7.83,7.61,7.78,7.78,0.0,0.0,54771.01,42250.427,9.4778,7.441220267829211,7.431655717356422,7.489043020193152,7.278622909791812
600829.SH,20210107,7.7,7.78,7.24,7.32,7.78,-0.46,-5.9126,64324.0,47987.712,9.478,7.001398686082771,7.364859273611657,7.441377292038791,6.924880667655637
600829.SH,20210108,7.25,7.32,6.76,6.83,7.32,-0.49,-6.694,63383.03,43924.131,9.478,6.532725823216574,6.934445419959028,7.001398686082771,6.465772557092832
600829.SH,20210111,6.84,6.84,6.66,6.68,6.83,-0.15,-2.1962,35409.04,23725.34,9.478,6.389254538665697,6.542290575519966,6.542290575519966,6.370125034058915
600829.SH,20210112,6.66,6.76,6.62,6.62,6.68,-0.06,-0.8982,24201.0,16184.367,9.478,6.331866024845348,6.370125034058915,6.465772557092832,6.331866024845348
600829.SH,20210113,6.63,6.68,6.11,6.21,6.62,-0.41,-6.1934,60822.15,38269.517,9.478,5.9397111804062845,6.341430777148739,6.389254538665697,5.844063657372367
600829.SH,20210114,6.15,6.27,6.06,6.17,6.21,-0.04,-0.6441,25453.5,15699.185,9.478,5.901452171192718,5.882322666585935,5.997099694226636,5.796239895855408
600829.SH,20210115,6.2,6.3,6.14,6.28,6.17,0.11,1.7828,20243.47,12609.106,9.478,6.006664446530027,5.930146428102893,6.02579395113681,5.872757914282542
600829.SH,20210118,6.29,6.37,6.24,6.25,6.28,-0.03,-0.4777,19870.02,12494.199,9.478,5.977970189619851,6.016229198833419,6.092747217260553,5.96840543731646
600829.SH,20210119,6.26,6.29,6.18,6.27,6.25,0.02,0.32,15982.0,9985.828,9.478,5.997099694226636,5.987534941923244,6.016229198833419,5.911016923496109
600829.SH,20210120,6.28,6.47,6.24,6.39,6.27,0.12,1.9139,26962.11,17112.614,9.478,6.111876721867336,6.006664446530027,6.188394740294471,5.96840543731646
600829.SH,20210121,6.39,6.41,6.28,6.37,6.39,-0.02,-0.313,17823.3,11329.992,9.478,6.092747217260553,6.111876721867336,6.1310062264741205,6.006664446530027
600829.SH,20210122,6.32,6.34,6.24,6.33,6.37,-0.04,-0.6279,15942.15,10022.379,9.478,6.054488208046986,6.044923455743594,6.064052960350378,5.96840543731646
600829.SH,20210125,6.36,6.39,5.93,5.97,6.33,-0.36,-5.6872,42613.46,25938.284,9.478,5.710157125124882,6.0831824649571615,6.111876721867336,5.671898115911315
600829.SH,20210126,6.04,6.04,5.78,5.81,5.97,-0.16,-2.6801,25532.58,14959.895,9.478,5.5571210882706135,5.777110391248624,5.777110391248624,5.528426831360439
600829.SH,20210127,5.81,5.83,5.72,5.83,5.81,0.02,0.3442,14930.23,8644.355,9.478,5.576250592877398,5.5571210882706135,5.576250592877398,5.4710383175400885
600829.SH,20210128,5.75,5.89,5.75,5.84,5.83,0.01,0.1715,18230.08,10638.019,9.478,5.58581534518079,5.499732574450264,5.633639106697748,5.499732574450264
600829.SH,20210129,5.81,5.85,5.73,5.79,5.84,-0.05,-0.8562,13189.49,7619.235,9.478,5.537991583663831,5.5571210882706135,5.595380097484181,5.480603069843481
600829.SH,20210201,5.85,5.92,5.76,5.89,5.79,0.1,1.7271,14570.69,8516.041,9.478,5.633639106697748,5.595380097484181,5.662333363607924,5.509297326753655
600829.SH,20210202,5.83,5.92,5.83,5.87,5.89,-0.02,-0.3396,11006.0,6455.272,9.478,5.6145096020909655,5.576250592877398,5.662333363607924,5.576250592877398
600829.SH,20210203,6.1,6.1,5.85,5.87,5.87,0.0,0.0,15432.49,9158.238,9.478,5.6145096020909655,5.834498905068975,5.834498905068975,5.595380097484181
600829.SH,20210204,5.87,5.87,5.38,5.53,5.87,-0.34,-5.7922,20426.49,11411.097,9.478,5.289308023775645,5.6145096020909655,5.6145096020909655,5.145836739224769
600829.SH,20210205,5.52,5.58,5.43,5.5,5.53,-0.03,-0.5425,11275.0,6228.057,9.478,5.26061376686547,5.279743271472253,5.337131785292604,5.193660500741728
600829.SH,20210208,5.46,5.52,5.43,5.52,5.5,0.02,0.3636,10208.48,5600.396,9.478,5.279743271472253,5.222354757651902,5.279743271472253,5.193660500741728
600829.SH,20210209,5.5,5.67,5.47,5.6,5.52,0.08,1.4493,11404.0,6323.66,9.478,5.356261289899387,5.26061376686547,5.4232145560231295,5.231919509955294
600829.SH,20210210,5.54,5.66,5.54,5.65,5.6,0.05,0.8929,9316.0,5244.898,9.478,5.404085051416346,5.298872776079037,5.413649803719738,5.298872776079037
600829.SH,20210218,5.72,5.77,5.67,5.75,5.65,0.1,1.7699,13869.01,7916.483,9.478,5.499732574450264,5.4710383175400885,5.518862079057047,5.4232145560231295
600829.SH,20210219,5.75,5.88,5.72,5.86,5.75,0.11,1.913,14445.52,8391.795,9.478,5.604944849787573,5.499732574450264,5.624074354394357,5.4710383175400885
600829.SH,20210222,5.89,6.16,5.86,6.0,5.86,0.14,2.3891,33239.53,20086.083,9.478,5.738851382035057,5.633639106697748,5.8918874188893255,5.604944849787573
600829.SH,20210223,6.1,6.1,5.87,5.89,6.0,-0.11,-1.8333,13521.54,8021.8,9.478,5.633639106697748,5.834498905068975,5.834498905068975,5.6145096020909655
600829.SH,20210224,5.93,5.97,5.85,5.97,5.89,0.08,1.3582,14462.48,8577.968,9.478,5.710157125124882,5.671898115911315,5.710157125124882,5.595380097484181
600829.SH,20210225,5.95,5.97,5.87,5.89,5.97,-0.08,-1.34,11072.0,6553.986,9.478,5.633639106697748,5.691027620518099,5.710157125124882,5.6145096020909655
600829.SH,20210226,5.89,5.95,5.84,5.92,5.89,0.03,0.5093,8854.0,5210.232,9.478,5.662333363607924,5.633639106697748,5.691027620518099,5.58581534518079
600829.SH,20210301,5.94,6.1,5.9,6.04,5.92,0.12,2.027,14799.55,8889.82,9.478,5.777110391248624,5.681462868214708,5.834498905068975,5.64320385900114
600829.SH,20210302,6.04,6.07,5.94,5.98,6.04,-0.06,-0.9934,7892.51,4724.211,9.478,5.719721877428275,5.777110391248624,5.805804648158801,5.681462868214708
600829.SH,20210303,5.95,6.03,5.95,6.02,5.98,0.04,0.6689,6813.5,4086.078,9.478,5.757980886641841,5.691027620518099,5.767545638945234,5.691027620518099
600829.SH,20210304,6.02,6.05,5.98,6.0,6.02,-0.02,-0.3322,9395.0,5658.588,9.478,5.738851382035057,5.757980886641841,5.786675143552016,5.719721877428275
600829.SH,20210305,6.0,6.08,5.96,6.07,6.0,0.07,1.1667,9937.0,5997.191,9.478,5.805804648158801,5.738851382035057,5.815369400462192,5.700592372821491
600829.SH,20210308,6.08,6.26,6.01,6.01,6.07,-0.06,-0.9885,13127.0,7999.346,9.478,5.7484161343384494,5.815369400462192,5.987534941923244,5.7484161343384494
600829.SH,20210309,6.05,6.18,5.93,6.08,6.01,0.07,1.1647,21976.03,13255.681,9.478,5.815369400462192,5.786675143552016,5.911016923496109,5.671898115911315
600829.SH,20210310,6.03,6.22,6.03,6.21,6.08,0.13,2.1382,32717.52,20211.692,9.478,5.9397111804062845,5.767545638945234,5.949275932709677,5.767545638945234
600829.SH,20210311,6.24,6.25,6.04,6.17,6.21,-0.04,-0.6441,19861.5,12176.292,9.478,5.901452171192718,5.96840543731646,5.977970189619851,5.777110391248624
600829.SH,20210312,6.17,6.24,6.07,6.21,6.17,0.04,0.6483,22003.0,13566.417,9.478,5.9397111804062845,5.901452171192718,5.96840543731646,5.805804648158801
600829.SH,20210315,6.2,6.24,6.11,6.17,6.21,-0.04,-0.6441,10157.0,6264.867,9.478,5.901452171192718,5.930146428102893,5.96840543731646,5.844063657372367
600829.SH,20210316,6.16,6.16,6.04,6.11,6.17,-0.06,-0.9724,16497.0,10051.852,9.478,5.844063657372367,5.8918874188893255,5.8918874188893255,5.777110391248624
600829.SH,20210317,6.09,6.22,6.06,6.17,6.11,0.06,0.982,14287.51,8792.358,9.478,5.901452171192718,5.824934152765583,5.949275932709677,5.796239895855408
600829.SH,20210318,6.2,6.25,6.14,6.24,6.17,0.07,1.1345,13965.0,8689.79,9.478,5.96840543731646,5.930146428102893,5.977970189619851,5.872757914282542
600829.SH,20210319,6.21,6.37,6.17,6.3,6.24,0.06,0.9615,18979.41,11968.069,9.478,6.02579395113681,5.9397111804062845,6.092747217260553,5.901452171192718
600829.SH,20210322,6.3,6.33,6.21,6.23,6.3,-0.07,-1.1111,16278.0,10165.681,9.478,5.958840685013069,6.02579395113681,6.054488208046986,5.9397111804062845
600829.SH,20210323,6.2,6.23,6.12,6.13,6.23,-0.1,-1.6051,10195.0,6289.566,9.478,5.863193161979151,5.930146428102893,5.958840685013069,5.853628409675759
600829.SH,20210324,6.1,6.25,6.09,6.15,6.13,0.02,0.3263,16912.65,10417.136,9.478,5.882322666585935,5.834498905068975,5.977970189619851,5.824934152765583
600829.SH,20210325,6.17,6.19,6.09,6.11,6.15,-0.04,-0.6504,7936.0,4870.555,9.478,5.844063657372367,5.901452171192718,5.920581675799502,5.824934152765583
600829.SH,20210326,6.08,6.15,6.06,6.13,6.11,0.02,0.3273,6835.02,4170.424,9.478,5.863193161979151,5.815369400462192,5.882322666585935,5.796239895855408
600829.SH,20210329,6.13,6.14,6.08,6.11,6.13,-0.02,-0.3263,7582.0,4621.274,9.478,5.844063657372367,5.863193161979151,5.872757914282542,5.815369400462192
600829.SH,20210330,6.09,6.11,6.05,6.05,6.11,-0.06,-0.982,5459.01,3308.011,9.478,5.786675143552016,5.824934152765583,5.844063657372367,5.786675143552016
600829.SH,20210331,6.02,6.05,5.98,6.04,6.05,-0.01,-0.1653,6593.0,3970.024,9.478,5.777110391248624,5.757980886641841,5.786675143552016,5.719721877428275
600829.SH,20210401,6.01,6.08,5.99,6.03,6.04,-0.01,-0.1656,5402.01,3260.204,9.478,5.767545638945234,5.7484161343384494,5.815369400462192,5.729286629731666
600829.SH,20210402,6.01,6.16,6.01,6.1,6.03,0.07,1.1609,8986.0,5484.048,9.478,5.834498905068975,5.7484161343384494,5.8918874188893255,5.7484161343384494
600829.SH,20210406,6.1,6.1,6.0,6.05,6.1,-0.05,-0.8197,10411.32,6288.876,9.478,5.786675143552016,5.834498905068975,5.834498905068975,5.738851382035057
600829.SH,20210407,6.04,6.09,6.01,6.07,6.05,0.02,0.3306,7641.0,4623.969,9.478,5.805804648158801,5.777110391248624,5.824934152765583,5.7484161343384494
600829.SH,20210408,6.06,6.1,6.03,6.03,6.07,-0.04,-0.659,6054.0,3660.189,9.478,5.767545638945234,5.796239895855408,5.834498905068975,5.767545638945234
600829.SH,20210409,6.03,6.07,6.01,6.04,6.03,0.01,0.1658,5881.72,3558.147,9.478,5.777110391248624,5.767545638945234,5.805804648158801,5.7484161343384494
600829.SH,20210412,6.05,6.18,6.04,6.07,6.04,0.03,0.4967,20390.0,12463.608,9.478,5.805804648158801,5.786675143552016,5.911016923496109,5.777110391248624
600829.SH,20210413,6.07,6.12,6.04,6.12,6.07,0.05,0.8237,11780.65,7175.176,9.478,5.853628409675759,5.805804648158801,5.853628409675759,5.777110391248624
600829.SH,20210414,6.11,6.35,6.1,6.3,6.12,0.18,2.9412,46603.0,29127.846,9.478,6.02579395113681,5.844063657372367,6.073617712653769,5.834498905068975
600829.SH,20210415,6.28,6.28,6.16,6.27,6.3,-0.03,-0.4762,21772.02,13549.543,9.478,5.997099694226636,6.006664446530027,6.006664446530027,5.8918874188893255
600829.SH,20210416,6.26,6.3,6.17,6.26,6.27,-0.01,-0.1595,24974.0,15553.753,9.478,5.987534941923244,5.987534941923244,6.02579395113681,5.901452171192718
600829.SH,20210419,6.25,6.28,6.17,6.22,6.26,-0.04,-0.639,19227.0,11968.255,9.478,5.949275932709677,5.977970189619851,6.006664446530027,5.901452171192718
600829.SH,20210420,6.21,6.26,6.15,6.15,6.22,-0.07,-1.1254,19131.16,11886.227,9.478,5.882322666585935,5.9397111804062845,5.987534941923244,5.882322666585935
600829.SH,20210421,6.18,6.39,6.14,6.28,6.15,0.13,2.1138,42362.33,26580.762,9.478,6.006664446530027,5.911016923496109,6.111876721867336,5.872757914282542
600829.SH,20210422,6.28,6.4,6.22,6.25,6.28,-0.03,-0.4777,32385.12,20439.374,9.478,5.977970189619851,6.006664446530027,6.121441474170728,5.949275932709677
600829.SH,20210423,6.25,6.25,6.14,6.21,6.25,-0.04,-0.64,19247.25,11906.268,9.478,5.9397111804062845,5.977970189619851,5.977970189619851,5.872757914282542
600829.SH,20210426,6.18,6.34,6.16,6.18,6.21,-0.03,-0.4831,19594.25,12256.536,9.478,5.911016923496109,5.911016923496109,6.064052960350378,5.8918874188893255
600829.SH,20210427,6.18,6.27,6.06,6.23,6.18,0.05,0.8091,22327.68,13804.024,9.478,5.958840685013069,5.911016923496109,5.997099694226636,5.796239895855408
600829.SH,20210428,6.19,6.72,6.18,6.38,6.23,0.15,2.4077,64033.56,41287.509,9.478,6.102311969563945,5.920581675799502,6.427513547879264,5.911016923496109
600829.SH,20210429,6.32,6.35,6.2,6.24,6.38,-0.14,-2.1944,27396.54,17142.126,9.478,5.96840543731646,6.044923455743594,6.073617712653769,5.930146428102893
600829.SH,20210430,6.2,6.32,6.15,6.28,6.24,0.04,0.641,18102.0,11293.244,9.478,6.006664446530027,5.930146428102893,6.044923455743594,5.882322666585935
600829.SH,20210506,6.28,6.28,6.12,6.12,6.28,-0.16,-2.5478,26081.1,16098.639,9.478,5.853628409675759,6.006664446530027,6.006664446530027,5.853628409675759
600829.SH,20210507,6.1,6.22,6.1,6.19,6.12,0.07,1.1438,18273.09,11281.969,9.478,5.920581675799502,5.834498905068975,5.949275932709677,5.834498905068975
600829.SH,20210510,6.19,6.25,6.16,6.19,6.19,0.0,0.0,12118.65,7501.624,9.478,5.920581675799502,5.920581675799502,5.977970189619851,5.8918874188893255
600829.SH,20210511,6.11,6.31,6.11,6.28,6.19,0.09,1.454,16393.03,10236.621,9.478,6.006664446530027,5.844063657372367,6.0353587034402025,5.844063657372367
600829.SH,20210512,6.28,6.41,6.24,6.4,6.28,0.12,1.9108,18973.9,12012.839,9.478,6.121441474170728,6.006664446530027,6.1310062264741205,5.96840543731646
600829.SH,20210513,6.42,6.54,6.35,6.41,6.4,0.01,0.1563,33871.04,21817.014,9.478,6.1310062264741205,6.140570978777512,6.255348006418213,6.073617712653769
600829.SH,20210514,6.42,6.5,6.38,6.4,6.41,-0.01,-0.156,24513.59,15768.136,9.478,6.121441474170728,6.140570978777512,6.217088997204646,6.102311969563945
600829.SH,20210517,6.39,6.42,6.27,6.3,6.4,-0.1,-1.5625,15596.08,9853.855,9.478,6.02579395113681,6.111876721867336,6.140570978777512,5.997099694226636
600829.SH,20210518,6.3,6.35,6.21,6.3,6.3,0.0,0.0,13847.5,8676.525,9.478,6.02579395113681,6.02579395113681,6.073617712653769,5.9397111804062845
600829.SH,20210519,6.25,6.4,6.25,6.31,6.3,0.01,0.1587,10086.98,6370.82,9.478,6.0353587034402025,5.977970189619851,6.121441474170728,5.977970189619851
600829.SH,20210520,6.31,6.31,6.2,6.2,6.31,-0.11,-1.7433,11509.97,7174.277,9.478,5.930146428102893,6.0353587034402025,6.0353587034402025,5.930146428102893
600829.SH,20210521,6.21,6.23,6.18,6.19,6.2,-0.01,-0.1613,7929.0,4914.555,9.478,5.920581675799502,5.9397111804062845,5.958840685013069,5.911016923496109
600829.SH,20210524,6.19,6.24,6.16,6.22,6.19,0.03,0.4847,10665.51,6616.426,9.478,5.949275932709677,5.920581675799502,5.96840543731646,5.8918874188893255
600829.SH,20210525,6.21,6.24,6.2,6.22,6.22,0.0,0.0,7661.0,4765.587,9.478,5.949275932709677,5.9397111804062845,5.96840543731646,5.930146428102893
600829.SH,20210526,6.22,6.3,6.22,6.3,6.22,0.08,1.2862,15578.49,9746.92,9.478,6.02579395113681,5.949275932709677,6.02579395113681,5.949275932709677
600829.SH,20210527,6.18,6.22,6.17,6.19,6.18,0.01,0.1618,12125.51,7514.806,9.662,6.035520167923063,6.025769731464382,6.064771477299104,6.016019295005703
600829.SH,20210528,6.19,6.36,6.19,6.3,6.19,0.11,1.7771,38881.23,24419.742,9.662,6.142774968968545,6.035520167923063,6.201277587720627,6.035520167923063
600829.SH,20210531,6.3,6.31,6.23,6.29,6.3,-0.01,-0.1587,14020.0,8812.626,9.662,6.133024532509865,6.142774968968545,6.152525405427226,6.074521913757784
600829.SH,20210601,6.32,6.33,6.28,6.29,6.29,0.0,0.0,13038.25,8211.05,9.662,6.133024532509865,6.162275841885906,6.172026278344586,6.123274096051185
600829.SH,20210602,6.29,6.3,6.26,6.29,6.29,0.0,0.0,14881.31,9343.526,9.662,6.133024532509865,6.133024532509865,6.142774968968545,6.103773223133825
600829.SH,20210603,6.29,6.34,6.26,6.3,6.29,0.01,0.159,8920.0,5616.603,9.662,6.142774968968545,6.133024532509865,6.181776714803266,6.103773223133825
600829.SH,20210604,6.3,6.31,6.19,6.22,6.3,-0.08,-1.2698,9928.0,6203.88,9.662,6.064771477299104,6.142774968968545,6.152525405427226,6.035520167923063
600829.SH,20210607,6.21,6.34,6.19,6.33,6.22,0.11,1.7685,14389.92,9028.168,9.662,6.172026278344586,6.055021040840424,6.181776714803266,6.035520167923063
600829.SH,20210608,6.33,6.35,6.28,6.29,6.33,-0.04,-0.6319,7072.0,4452.139,9.662,6.133024532509865,6.172026278344586,6.191527151261946,6.123274096051185
600829.SH,20210609,6.27,6.3,6.25,6.29,6.29,0.0,0.0,5549.5,3478.708,9.662,6.133024532509865,6.113523659592504,6.142774968968545,6.094022786675144
600829.SH,20210610,6.29,6.29,6.24,6.25,6.29,-0.04,-0.6359,7264.0,4542.927,9.662,6.094022786675144,6.133024532509865,6.133024532509865,6.084272350216464
600829.SH,20210611,6.23,6.28,6.22,6.22,6.25,-0.03,-0.48,7398.0,4617.507,9.662,6.064771477299104,6.074521913757784,6.123274096051185,6.064771477299104
600829.SH,20210615,6.2,6.22,5.93,5.98,6.22,-0.24,-3.8585,23721.0,14341.438,9.662,5.830761002290778,6.045270604381743,6.064771477299104,5.782008819997377
600829.SH,20210616,5.98,5.98,5.87,5.89,5.98,-0.09,-1.505,10927.6,6456.226,9.662,5.743007074162655,5.830761002290778,5.830761002290778,5.723506201245296
600829.SH,20210617,5.9,5.93,5.84,5.87,5.89,-0.02,-0.3396,18057.15,10598.271,9.662,5.723506201245296,5.752757510621336,5.782008819997377,5.694254891869255
600829.SH,20210618,5.86,5.86,5.8,5.86,5.87,-0.01,-0.1704,6515.88,3792.999,9.662,5.713755764786615,5.713755764786615,5.713755764786615,5.655253146034533
600829.SH,20210621,5.85,5.92,5.84,5.92,5.86,0.06,1.0239,7931.0,4672.757,9.662,5.772258383538697,5.704005328327934,5.772258383538697,5.694254891869255
600829.SH,20210622,5.93,6.0,5.9,5.99,5.92,0.07,1.1824,9489.12,5664.779,9.662,5.840511438749458,5.782008819997377,5.850261875208139,5.752757510621336
600829.SH,20210623,5.95,6.02,5.88,5.92,5.99,-0.07,-1.1686,11976.77,7084.676,9.662,5.772258383538697,5.801509692914737,5.869762748125499,5.733256637703976
600829.SH,20210624,5.91,5.91,5.84,5.87,5.92,-0.05,-0.8446,8475.5,4968.382,9.662,5.723506201245296,5.7625079470800165,5.7625079470800165,5.694254891869255
600829.SH,20210625,5.85,5.88,5.8,5.88,5.87,0.01,0.1704,11086.6,6476.936,9.662,5.733256637703976,5.704005328327934,5.733256637703976,5.655253146034533
600829.SH,20210628,6.17,6.17,5.97,5.99,5.88,0.11,1.8707,31529.64,19060.124,9.662,5.840511438749458,6.016019295005703,6.016019295005703,5.821010565832098
600829.SH,20210629,5.99,6.05,5.86,5.91,5.99,-0.08,-1.3356,38590.46,22848.273,9.662,5.7625079470800165,5.840511438749458,5.899014057501539,5.713755764786615
600829.SH,20210630,5.87,5.95,5.87,5.93,5.91,0.02,0.3384,8908.53,5259.032,9.662,5.782008819997377,5.723506201245296,5.801509692914737,5.723506201245296
600829.SH,20210701,5.92,6.07,5.88,5.95,5.93,0.02,0.3373,21766.36,13064.403,9.662,5.801509692914737,5.772258383538697,5.9185149304189,5.733256637703976
600829.SH,20210702,5.92,5.96,5.82,5.82,5.95,-0.13,-2.1849,18050.0,10603.497,9.662,5.674754018951894,5.772258383538697,5.811260129373417,5.674754018951894
600829.SH,20210705,5.8,5.87,5.8,5.85,5.82,0.03,0.5155,8826.8,5151.422,9.662,5.704005328327934,5.655253146034533,5.723506201245296,5.655253146034533
600829.SH,20210706,5.87,5.88,5.82,5.87,5.85,0.02,0.3419,9347.66,5461.36,9.662,5.723506201245296,5.723506201245296,5.733256637703976,5.674754018951894
600829.SH,20210707,5.86,5.89,5.83,5.85,5.87,-0.02,-0.3407,7470.3,4371.29,9.662,5.704005328327934,5.713755764786615,5.743007074162655,5.684504455410575
600829.SH,20210708,5.85,5.85,5.68,5.69,5.85,-0.16,-2.735,16414.0,9433.796,9.662,5.547998344989051,5.704005328327934,5.704005328327934,5.538247908530371
600829.SH,20210709,5.74,5.74,5.64,5.71,5.69,0.02,0.3515,8681.57,4927.902,9.662,5.567499217906411,5.5967505272824525,5.5967505272824525,5.49924616269565
600829.SH,20210712,5.72,5.76,5.71,5.74,5.71,0.03,0.5254,8794.08,5049.359,9.662,5.5967505272824525,5.577249654365092,5.616251400199812,5.567499217906411
600829.SH,20210713,5.76,5.76,5.7,5.74,5.74,0.0,0.0,7273.44,4165.104,9.662,5.5967505272824525,5.616251400199812,5.616251400199812,5.557748781447732
600829.SH,20210714,5.76,5.78,5.67,5.68,5.74,-0.06,-1.0453,9881.02,5638.276,9.662,5.538247908530371,5.616251400199812,5.635752273117173,5.528497472071691
600829.SH,20210715,5.68,5.7,5.55,5.61,5.68,-0.07,-1.2324,10319.0,5788.16,9.662,5.469994853319609,5.538247908530371,5.557748781447732,5.411492234567528
600829.SH,20210716,5.63,5.65,5.57,5.59,5.61,-0.02,-0.3565,5909.01,3308.48,9.662,5.450493980402249,5.48949572623697,5.50899659915433,5.4309931074848885
600829.SH,20210719,5.59,5.77,5.59,5.69,5.59,0.1,1.7889,11768.07,6705.008,9.662,5.547998344989051,5.450493980402249,5.626001836658493,5.450493980402249
600829.SH,20210720,5.69,5.78,5.67,5.75,5.69,0.06,1.0545,10517.67,6024.734,9.662,5.606500963741133,5.547998344989051,5.635752273117173,5.528497472071691
600829.SH,20210721,5.72,5.75,5.65,5.69,5.75,-0.06,-1.0435,12147.83,6918.9,9.662,5.547998344989051,5.577249654365092,5.606500963741133,5.50899659915433
600829.SH,20210722,5.66,5.66,5.58,5.6,5.69,-0.09,-1.5817,15749.22,8821.762,9.662,5.460244416860928,5.518747035613011,5.518747035613011,5.440743543943569
600829.SH,20210723,5.61,5.61,5.52,5.52,5.6,-0.08,-1.4286,10591.6,5883.329,9.662,5.382240925191487,5.469994853319609,5.469994853319609,5.382240925191487
600829.SH,20210726,5.52,5.56,5.32,5.38,5.52,-0.14,-2.5362,11395.0,6172.444,9.662,5.245734814769964,5.382240925191487,5.421242671026207,5.187232196017883
600829.SH,20210727,5.4,5.43,5.32,5.32,5.38,-0.06,-1.1152,7590.0,4084.503,9.662,5.187232196017883,5.2652356876873245,5.294486997063365,5.187232196017883
600829.SH,20210728,5.32,5.38,5.1,5.22,5.32,-0.1,-1.8797,14659.7,7645.024,9.662,5.089727831431079,5.187232196017883,5.245734814769964,4.9727225939269175
600829.SH,20210729,5.22,5.3,5.21,5.21,5.22,-0.01,-0.1916,9214.04,4838.623,9.662,5.0799773949724,5.089727831431079,5.167731323100522,5.0799773949724
600829.SH,20210730,5.29,5.29,5.15,5.26,5.21,0.05,0.9597,7969.0,4159.932,9.662,5.128729577265801,5.157980886641842,5.157980886641842,5.02147477622032
600829.SH,20210802,5.3,5.42,5.2,5.37,5.26,0.11,2.0913,8898.0,4748.214,9.662,5.235984378311284,5.167731323100522,5.284736560604684,5.07022695851372
600829.SH,20210803,5.36,5.47,5.3,5.47,5.37,0.1,1.8622,11686.47,6349.459,9.662,5.333488742898086,5.226233941852604,5.333488742898086,5.167731323100522
600829.SH,20210804,5.47,5.47,5.35,5.41,5.47,-0.06,-1.0969,11523.46,6224.332,9.662,5.274986124146005,5.333488742898086,5.333488742898086,5.216483505393923
600829.SH,20210805,5.41,5.44,5.33,5.37,5.41,-0.04,-0.7394,9026.0,4847.644,9.662,5.235984378311284,5.274986124146005,5.304237433522046,5.196982632476563
600829.SH,20210806,5.37,5.47,5.3,5.46,5.37,0.09,1.676,13803.73,7458.974,9.662,5.323738306439406,5.235984378311284,5.333488742898086,5.167731323100522
600829.SH,20210809,5.82,6.01,5.82,6.01,5.46,0.55,10.0733,43064.0,25842.294,9.662,5.860012311666818,5.674754018951894,5.860012311666818,5.674754018951894
600829.SH,20210810,6.35,6.35,6.0,6.14,6.01,0.13,2.1631,214919.99,132251.918,9.662,5.986767985629661,6.191527151261946,6.191527151261946,5.850261875208139
600829.SH,20210811,6.03,6.06,5.85,5.95,6.14,-0.19,-3.0945,87286.47,51854.692,9.662,5.801509692914737,5.879513184584179,5.908764493960219,5.704005328327934
600829.SH,20210812,5.95,5.96,5.84,5.88,5.95,-0.07,-1.1765,38001.44,22392.757,9.662,5.733256637703976,5.801509692914737,5.811260129373417,5.694254891869255
600829.SH,20210813,5.88,5.95,5.84,5.92,5.88,0.04,0.6803,39028.0,23017.73,9.662,5.772258383538697,5.733256637703976,5.801509692914737,5.694254891869255
600829.SH,20210816,5.94,6.13,5.86,6.07,5.92,0.15,2.5338,55331.44,33342.43,9.662,5.9185149304189,5.791759256456057,5.977017549170982,5.713755764786615
600829.SH,20210817,6.04,6.09,5.86,5.86,6.07,-0.21,-3.4596,54235.16,32351.252,9.662,5.713755764786615,5.88926362104286,5.93801580333626,5.713755764786615
600829.SH,20210818,5.94,6.0,5.81,5.9,5.86,0.04,0.6826,33845.52,19965.359,9.662,5.752757510621336,5.791759256456057,5.850261875208139,5.665003582493213
600829.SH,20210819,5.96,5.98,5.83,5.93,5.9,0.03,0.5085,27702.0,16363.171,9.662,5.782008819997377,5.811260129373417,5.830761002290778,5.684504455410575
600829.SH,20210820,5.95,6.05,5.86,6.04,5.93,0.11,1.855,35425.37,21130.367,9.662,5.88926362104286,5.801509692914737,5.899014057501539,5.713755764786615
600829.SH,20210823,5.98,6.06,5.88,6.02,6.04,-0.02,-0.3311,39741.0,23812.487,9.662,5.869762748125499,5.830761002290778,5.908764493960219,5.733256637703976
600829.SH,20210824,6.09,6.09,5.9,5.96,6.02,-0.06,-0.9967,29022.39,17299.099,9.662,5.811260129373417,5.93801580333626,5.93801580333626,5.752757510621336
600829.SH,20210825,5.92,5.99,5.91,5.93,5.96,-0.03,-0.5034,26434.76,15693.612,9.662,5.782008819997377,5.772258383538697,5.840511438749458,5.7625079470800165
600829.SH,20210826,5.89,5.99,5.83,5.9,5.93,-0.03,-0.5059,33961.17,20043.479,9.662,5.752757510621336,5.743007074162655,5.840511438749458,5.684504455410575
600829.SH,20210827,5.84,5.92,5.81,5.87,5.9,-0.03,-0.5085,25979.05,15187.31,9.662,5.723506201245296,5.694254891869255,5.772258383538697,5.665003582493213
600829.SH,20210830,5.87,5.89,5.71,5.83,5.87,-0.04,-0.6814,30309.02,17521.546,9.662,5.684504455410575,5.723506201245296,5.743007074162655,5.567499217906411
600829.SH,20210831,5.99,6.05,5.83,5.92,5.83,0.09,1.5437,31552.32,18647.763,9.662,5.772258383538697,5.840511438749458,5.899014057501539,5.684504455410575
600829.SH,20210901,5.87,5.95,5.85,5.94,5.92,0.02,0.3378,28235.0,16642.844,9.662,5.791759256456057,5.723506201245296,5.801509692914737,5.704005328327934
600829.SH,20210902,5.96,5.96,5.84,5.88,5.94,-0.06,-1.0101,19379.74,11398.941,9.662,5.733256637703976,5.811260129373417,5.811260129373417,5.694254891869255
600829.SH,20210903,5.91,5.91,5.85,5.9,5.88,0.02,0.3401,16719.53,9839.278,9.662,5.752757510621336,5.7625079470800165,5.7625079470800165,5.704005328327934
600829.SH,20210906,5.9,5.98,5.89,5.95,5.9,0.05,0.8475,26109.04,15507.497,9.662,5.801509692914737,5.752757510621336,5.830761002290778,5.743007074162655
600829.SH,20210907,5.97,6.04,5.91,6.03,5.95,0.08,1.3445,31410.72,18839.977,9.662,5.879513184584179,5.821010565832098,5.88926362104286,5.7625079470800165
600829.SH,20210908,6.03,6.1,6.02,6.09,6.03,0.06,0.995,32120.71,19454.052,9.662,5.93801580333626,5.879513184584179,5.94776623979494,5.869762748125499
600829.SH,20210909,6.07,6.17,6.07,6.16,6.09,0.07,1.1494,32046.21,19674.626,9.662,6.006268858547022,5.9185149304189,6.016019295005703,5.9185149304189
600829.SH,20210910,6.17,6.2,6.12,6.17,6.16,0.01,0.1623,32581.57,20110.212,9.662,6.016019295005703,6.016019295005703,6.045270604381743,5.967267112712301
600829.SH,20210913,6.18,6.28,6.13,6.18,6.17,0.01,0.1621,32179.54,19980.365,9.662,6.025769731464382,6.025769731464382,6.123274096051185,5.977017549170982
600829.SH,20210914,6.18,6.24,6.09,6.13,6.18,-0.05,-0.8091,28346.71,17413.82,9.662,5.977017549170982,6.025769731464382,6.084272350216464,5.93801580333626
600829.SH,20210915,6.03,6.2,6.03,6.2,6.13,0.07,1.1419,25189.78,15523.74,9.662,6.045270604381743,5.879513184584179,6.045270604381743,5.879513184584179
600829.SH,20210916,6.22,6.3,6.16,6.29,6.2,0.09,1.4516,38749.54,24194.247,9.662,6.133024532509865,6.064771477299104,6.142774968968545,6.006268858547022
600829.SH,20210917,6.29,6.29,6.04,6.09,6.29,-0.2,-3.1797,30979.0,18927.533,9.662,5.93801580333626,6.133024532509865,6.133024532509865,5.88926362104286
600829.SH,20210922,6.03,6.23,6.02,6.17,6.09,0.08,1.3136,27878.0,17152.766,9.662,6.016019295005703,5.879513184584179,6.074521913757784,5.869762748125499
600829.SH,20210923,6.13,6.32,6.13,6.28,6.17,0.11,1.7828,38117.54,23859.375,9.662,6.123274096051185,5.977017549170982,6.162275841885906,5.977017549170982
600829.SH,20210924,6.31,6.32,6.06,6.12,6.28,-0.16,-2.5478,36449.32,22433.821,9.662,5.967267112712301,6.152525405427226,6.162275841885906,5.908764493960219
600829.SH,20210927,6.11,6.24,6.07,6.17,6.12,0.05,0.817,27469.27,16904.177,9.662,6.016019295005703,5.957516676253621,6.084272350216464,5.9185149304189
600829.SH,20210928,6.12,6.15,5.84,5.92,6.17,-0.25,-4.0519,37030.5,21950.28,9.662,5.772258383538697,5.967267112712301,5.996518422088342,5.694254891869255
600829.SH,20210929,5.92,6.01,5.75,5.77,5.92,-0.15,-2.5338,31255.0,18367.424,9.662,5.626001836658493,5.772258383538697,5.860012311666818,5.606500963741133
600829.SH,20210930,5.77,6.1,5.75,6.06,5.77,0.29,5.026,36292.85,21654.754,9.662,5.908764493960219,5.626001836658493,5.94776623979494,5.606500963741133
600829.SH,20211008,6.13,6.25,6.06,6.18,6.06,0.12,1.9802,36088.33,22309.844,9.662,6.025769731464382,5.977017549170982,6.094022786675144,5.908764493960219
600829.SH,20211011,6.18,6.61,6.18,6.56,6.18,0.38,6.1489,90151.78,58048.497,9.662,6.396286316894231,6.025769731464382,6.445038499187633,6.025769731464382
600829.SH,20211012,6.56,6.59,6.37,6.46,6.56,-0.1,-1.5244,53393.63,34406.826,9.662,6.298781952307429,6.396286316894231,6.425537626270272,6.211028024179307
600829.SH,20211013,6.43,6.77,6.4,6.69,6.46,0.23,3.5604,71133.53,47321.275,9.662,6.523041990857075,6.269530642931388,6.601045482526515,6.240279333555348
600829.SH,20211014,6.69,6.69,6.49,6.63,6.69,-0.06,-0.8969,43702.16,28747.363,9.662,6.464539372104992,6.523041990857075,6.523041990857075,6.32803326168347
600829.SH,20211015,6.63,6.63,6.41,6.46,6.63,-0.17,-2.5641,40324.16,26143.782,9.662,6.298781952307429,6.464539372104992,6.464539372104992,6.250029770014028
600829.SH,20211018,6.5,6.55,6.28,6.33,6.46,-0.13,-2.0124,53546.44,33982.513,9.662,6.172026278344586,6.337783698142149,6.386535880435551,6.123274096051185
600829.SH,20211019,6.31,6.38,6.2,6.31,6.33,-0.02,-0.316,49034.01,30794.789,9.662,6.152525405427226,6.152525405427226,6.220778460637987,6.045270604381743
600829.SH,20211020,6.29,6.33,6.12,6.2,6.31,-0.11,-1.7433,42934.64,26579.723,9.662,6.045270604381743,6.133024532509865,6.172026278344586,5.967267112712301
600829.SH,20211021,6.16,6.43,6.16,6.4,6.2,0.2,3.2258,59833.66,37888.585,9.662,6.240279333555348,6.006268858547022,6.269530642931388,6.006268858547022
600829.SH,20211022,6.36,6.37,5.98,5.99,6.4,-0.41,-6.4063,76896.13,47046.483,9.662,5.840511438749458,6.201277587720627,6.211028024179307,5.830761002290778
600829.SH,20211025,5.96,6.17,5.91,6.05,5.99,0.06,1.0017,43384.75,26332.672,9.662,5.899014057501539,5.811260129373417,6.016019295005703,5.7625079470800165
600829.SH,20211026,6.05,6.11,5.9,5.91,6.05,-0.14,-2.314,35900.82,21403.914,9.662,5.7625079470800165,5.899014057501539,5.957516676253621,5.752757510621336
600829.SH,20211027,5.92,5.96,5.76,5.81,5.91,-0.1,-1.692,33905.64,19791.527,9.662,5.665003582493213,5.772258383538697,5.811260129373417,5.616251400199812
600829.SH,20211028,5.78,5.81,5.62,5.66,5.81,-0.15,-2.5818,27283.0,15517.413,9.662,5.518747035613011,5.635752273117173,5.665003582493213,5.47974528977829
600829.SH,20211029,5.77,5.9,5.68,5.86,5.66,0.2,3.5336,38926.0,22604.113,9.662,5.713755764786615,5.626001836658493,5.752757510621336,5.538247908530371
600829.SH,20211101,5.85,5.9,5.79,5.86,5.86,0.0,0.0,26184.0,15318.371,9.662,5.713755764786615,5.704005328327934,5.752757510621336,5.645502709575854
600829.SH,20211102,5.88,5.88,5.68,5.74,5.86,-0.12,-2.0478,28447.11,16396.085,9.662,5.5967505272824525,5.733256637703976,5.733256637703976,5.538247908530371
600829.SH,20211103,5.8,5.81,5.71,5.77,5.74,0.03,0.5226,14649.5,8449.715,9.662,5.626001836658493,5.655253146034533,5.665003582493213,5.567499217906411
600829.SH,20211104,5.74,5.8,5.68,5.78,5.77,0.01,0.1733,23256.0,13328.426,9.662,5.635752273117173,5.5967505272824525,5.655253146034533,5.538247908530371
600829.SH,20211105,5.71,5.82,5.7,5.71,5.78,-0.07,-1.2111,18837.02,10850.694,9.662,5.567499217906411,5.567499217906411,5.674754018951894,5.557748781447732
600829.SH,20211108,5.69,5.76,5.66,5.7,5.71,-0.01,-0.1751,19941.63,11371.398,9.662,5.557748781447732,5.547998344989051,5.616251400199812,5.518747035613011
600829.SH,20211109,5.63,5.77,5.63,5.76,5.7,0.06,1.0526,13609.12,7793.777,9.662,5.616251400199812,5.48949572623697,5.626001836658493,5.48949572623697
600829.SH,20211110,5.7,5.82,5.64,5.75,5.76,-0.01,-0.1736,16910.83,9660.485,9.662,5.606500963741133,5.557748781447732,5.674754018951894,5.49924616269565
600829.SH,20211111,5.71,5.82,5.71,5.8,5.75,0.05,0.8696,20386.01,11778.379,9.662,5.655253146034533,5.567499217906411,5.674754018951894,5.567499217906411
600829.SH,20211112,5.83,5.84,5.74,5.78,5.8,-0.02,-0.3448,17596.0,10159.013,9.662,5.635752273117173,5.684504455410575,5.694254891869255,5.5967505272824525
600829.SH,20211115,5.8,5.84,5.76,5.82,5.78,0.04,0.692,29383.02,17050.712,9.662,5.674754018951894,5.655253146034533,5.694254891869255,5.616251400199812
600829.SH,20211116,5.8,5.86,5.78,5.78,5.82,-0.04,-0.6873,20885.02,12145.487,9.662,5.635752273117173,5.655253146034533,5.713755764786615,5.635752273117173
600829.SH,20211117,5.81,5.84,5.74,5.81,5.78,0.03,0.519,26625.95,15444.595,9.662,5.665003582493213,5.665003582493213,5.694254891869255,5.5967505272824525
600829.SH,20211118,5.82,5.87,5.78,5.8,5.81,-0.01,-0.1721,26355.0,15359.891,9.662,5.655253146034533,5.674754018951894,5.723506201245296,5.635752273117173
600829.SH,20211119,5.81,5.83,5.72,5.82,5.8,0.02,0.3448,19557.0,11282.14,9.662,5.674754018951894,5.665003582493213,5.684504455410575,5.577249654365092
600829.SH,20211122,5.83,5.83,5.76,5.78,5.82,-0.04,-0.6873,13814.65,7986.318,9.662,5.635752273117173,5.684504455410575,5.684504455410575,5.616251400199812
600829.SH,20211123,5.79,5.85,5.76,5.81,5.78,0.03,0.519,18978.65,11002.97,9.662,5.665003582493213,5.645502709575854,5.704005328327934,5.616251400199812
600829.SH,20211124,5.82,5.82,5.76,5.81,5.81,0.0,0.0,19325.0,11180.881,9.662,5.665003582493213,5.674754018951894,5.674754018951894,5.616251400199812
600829.SH,20211125,5.81,5.95,5.78,5.9,5.81,0.09,1.5491,40448.0,23772.207,9.662,5.752757510621336,5.665003582493213,5.801509692914737,5.635752273117173
600829.SH,20211126,5.92,5.92,5.82,5.87,5.9,-0.03,-0.5085,22590.01,13215.051,9.662,5.723506201245296,5.772258383538697,5.772258383538697,5.674754018951894
600829.SH,20211129,5.91,5.97,5.8,5.87,5.87,0.0,0.0,20716.0,12164.861,9.662,5.723506201245296,5.7625079470800165,5.821010565832098,5.655253146034533
600829.SH,20211130,5.87,5.94,5.83,5.94,5.87,0.07,1.1925,31245.37,18381.242,9.662,5.791759256456057,5.723506201245296,5.791759256456057,5.684504455410575
600829.SH,20211201,5.92,5.99,5.86,5.97,5.94,0.03,0.5051,36570.92,21754.801,9.662,5.821010565832098,5.772258383538697,5.840511438749458,5.713755764786615
600829.SH,20211202,5.97,6.03,5.93,5.95,5.97,-0.02,-0.335,36762.01,21993.391,9.662,5.801509692914737,5.821010565832098,5.879513184584179,5.782008819997377
600829.SH,20211203,5.95,6.01,5.92,5.99,5.95,0.04,0.6723,19780.0,11806.92,9.662,5.840511438749458,5.801509692914737,5.860012311666818,5.772258383538697
600829.SH,20211206,5.99,6.0,5.9,5.92,5.99,-0.07,-1.1686,24723.84,14722.863,9.662,5.772258383538697,5.840511438749458,5.850261875208139,5.752757510621336
600829.SH,20211207,5.95,6.0,5.9,5.93,5.92,0.01,0.1689,28380.83,16884.404,9.662,5.782008819997377,5.801509692914737,5.850261875208139,5.752757510621336
600829.SH,20211208,5.89,5.94,5.83,5.89,5.93,-0.04,-0.6745,20363.0,11979.922,9.662,5.743007074162655,5.743007074162655,5.791759256456057,5.684504455410575
600829.SH,20211209,5.92,6.04,5.92,6.02,5.89,0.13,2.2071,32865.43,19680.744,9.662,5.869762748125499,5.772258383538697,5.88926362104286,5.772258383538697
600829.SH,20211210,6.0,6.0,5.95,5.97,6.02,-0.05,-0.8306,20653.0,12332.002,9.662,5.821010565832098,5.850261875208139,5.850261875208139,5.801509692914737
600829.SH,20211213,5.97,6.08,5.97,6.04,5.97,0.07,1.1725,26238.27,15790.751,9.662,5.88926362104286,5.821010565832098,5.92826536687758,5.821010565832098
600829.SH,20211214,6.02,6.16,6.02,6.14,6.04,0.1,1.6556,36357.26,22187.585,9.662,5.986767985629661,5.869762748125499,6.006268858547022,5.869762748125499
600829.SH,20211215,6.14,6.18,6.07,6.11,6.14,-0.03,-0.4886,26884.19,16456.056,9.662,5.957516676253621,5.986767985629661,6.025769731464382,5.9185149304189
600829.SH,20211216,6.09,6.17,6.08,6.17,6.11,0.06,0.982,24790.0,15183.901,9.662,6.016019295005703,5.93801580333626,6.016019295005703,5.92826536687758
600829.SH,20211217,6.17,6.17,6.06,6.06,6.17,-0.11,-1.7828,25870.01,15757.281,9.662,5.908764493960219,6.016019295005703,6.016019295005703,5.908764493960219
600829.SH,20211220,6.06,6.26,6.05,6.13,6.06,0.07,1.1551,43669.74,26980.443,9.662,5.977017549170982,5.908764493960219,6.103773223133825,5.899014057501539
600829.SH,20211221,6.18,6.28,6.11,6.27,6.13,0.14,2.2838,33519.07,20831.106,9.662,6.113523659592504,6.025769731464382,6.123274096051185,5.957516676253621
600829.SH,20211222,6.28,6.35,6.21,6.32,6.27,0.05,0.7974,37630.07,23687.959,9.662,6.162275841885906,6.123274096051185,6.191527151261946,6.055021040840424
600829.SH,20211223,6.34,6.35,6.21,6.25,6.32,-0.07,-1.1076,28530.37,17809.54,9.662,6.094022786675144,6.181776714803266,6.191527151261946,6.055021040840424
600829.SH,20211224,6.22,6.42,6.19,6.37,6.25,0.12,1.92,58938.32,37255.961,9.662,6.211028024179307,6.064771477299104,6.259780206472708,6.035520167923063
600829.SH,20211227,6.35,6.6,6.32,6.58,6.37,0.21,3.2967,80664.95,52408.681,9.662,6.415787189811592,6.191527151261946,6.435288062728952,6.162275841885906
600829.SH,20211228,6.53,6.53,6.39,6.45,6.58,-0.13,-1.9757,53998.0,34799.695,9.662,6.289031515848748,6.367035007518191,6.367035007518191,6.230528897096667
600829.SH,20211229,6.45,6.68,6.38,6.46,6.45,0.01,0.155,68117.0,44487.188,9.662,6.298781952307429,6.289031515848748,6.5132915543983945,6.220778460637987
600829.SH,20211230,6.48,6.6,6.4,6.57,6.46,0.11,1.7028,50959.12,33118.65,9.662,6.406036753352912,6.31828282522479,6.435288062728952,6.240279333555348
600829.SH,20211231,6.59,6.89,6.54,6.72,6.57,0.15,2.2831,79473.11,53472.432,9.662,6.5522933002331145,6.425537626270272,6.718050720030679,6.37678544397687
600829.SH,20220104,6.8,7.15,6.76,7.06,6.72,0.34,5.0595,115477.15,80740.558,9.662,6.883808139828242,6.630296791902556,6.9715620679563655,6.591295046067836
600829.SH,20220105,6.99,6.99,6.65,6.73,7.06,-0.33,-4.6742,96088.63,64957.331,9.662,6.562043736691795,6.815555084617482,6.815555084617482,6.484040245022353
600829.SH,20220106,6.65,6.99,6.65,6.95,6.73,0.22,3.2689,74610.51,50727.53,9.662,6.776553338782761,6.484040245022353,6.815555084617482,6.484040245022353
600829.SH,20220107,6.9,6.92,6.68,6.71,6.95,-0.24,-3.4532,63908.35,43536.512,9.662,6.542542863774434,6.72780115648936,6.747302029406719,6.5132915543983945
600829.SH,20220110,6.73,6.83,6.73,6.77,6.71,0.06,0.8942,38402.5,26048.119,9.662,6.601045482526515,6.562043736691795,6.659548101278597,6.562043736691795
600829.SH,20220111,6.83,6.95,6.73,6.89,6.77,0.12,1.7725,56505.84,38941.438,9.662,6.718050720030679,6.659548101278597,6.776553338782761,6.562043736691795
600829.SH,20220112,6.88,7.03,6.81,6.95,6.89,0.06,0.8708,52719.02,36661.067,9.662,6.776553338782761,6.708300283571999,6.854556830452202,6.640047228361237
600829.SH,20220113,6.9,7.02,6.8,6.84,6.95,-0.11,-1.5827,50214.01,34508.239,9.662,6.669298537737277,6.72780115648936,6.8448063939935215,6.630296791902556
600829.SH,20220114,6.84,7.02,6.8,6.94,6.84,0.1,1.462,56082.12,38919.179,9.662,6.76680290232408,6.669298537737277,6.8448063939935215,6.630296791902556
600829.SH,20220117,6.88,7.02,6.82,6.84,6.94,-0.1,-1.4409,53136.0,36588.729,9.662,6.669298537737277,6.708300283571999,6.8448063939935215,6.649797664819917
600829.SH,20220118,6.84,6.9,6.56,6.57,6.84,-0.27,-3.9474,55338.15,36905.443,9.662,6.406036753352912,6.669298537737277,6.72780115648936,6.396286316894231
600829.SH,20220119,6.62,6.74,6.55,6.61,6.57,0.04,0.6088,34370.0,22821.856,9.662,6.445038499187633,6.454788935646313,6.571794173150475,6.386535880435551
600829.SH,20220120,6.66,7.27,6.65,6.71,6.61,0.1,1.5129,97281.0,66959.554,9.662,6.542542863774434,6.493790681481034,7.088567305460527,6.484040245022353
600829.SH,20220121,6.5,6.68,6.18,6.39,6.71,-0.32,-4.769,64424.16,41540.568,9.662,6.230528897096667,6.337783698142149,6.5132915543983945,6.025769731464382
600829.SH,20220124,6.44,6.45,6.23,6.26,6.39,-0.13,-2.0344,37124.25,23444.081,9.662,6.103773223133825,6.279281079390069,6.289031515848748,6.074521913757784
600829.SH,20220125,6.29,6.32,5.92,5.92,6.26,-0.34,-5.4313,44190.0,26893.741,9.662,5.772258383538697,6.133024532509865,6.162275841885906,5.772258383538697
600829.SH,20220126,5.97,6.05,5.85,5.94,5.92,0.02,0.3378,34362.9,20404.409,9.662,5.791759256456057,5.821010565832098,5.899014057501539,5.704005328327934
600829.SH,20220127,5.94,5.96,5.78,5.78,5.94,-0.16,-2.6936,25580.0,14987.574,9.662,5.635752273117173,5.791759256456057,5.811260129373417,5.635752273117173
600829.SH,20220128,5.8,5.95,5.8,5.9,5.78,0.12,2.0761,20380.6,11997.014,9.662,5.752757510621336,5.655253146034533,5.801509692914737,5.655253146034533
600829.SH,20220207,6.0,6.14,5.92,6.1,5.9,0.2,3.3898,33984.11,20533.009,9.662,5.94776623979494,5.850261875208139,5.986767985629661,5.772258383538697
600829.SH,20220208,6.09,6.23,6.0,6.23,6.1,0.13,2.1311,36387.0,22402.782,9.662,6.074521913757784,5.93801580333626,6.074521913757784,5.850261875208139
600829.SH,20220209,6.25,6.29,6.2,6.22,6.23,-0.01,-0.1605,29700.01,18522.369,9.662,6.064771477299104,6.094022786675144,6.133024532509865,6.045270604381743
600829.SH,20220210,6.23,6.4,6.22,6.29,6.22,0.07,1.1254,32992.04,20827.702,9.662,6.133024532509865,6.074521913757784,6.240279333555348,6.064771477299104
600829.SH,20220211,6.32,6.34,6.11,6.16,6.29,-0.13,-2.0668,27134.0,16731.282,9.662,6.006268858547022,6.162275841885906,6.181776714803266,5.957516676253621
600829.SH,20220214,6.22,6.36,6.16,6.26,6.16,0.1,1.6234,34167.43,21423.926,9.662,6.103773223133825,6.064771477299104,6.201277587720627,6.006268858547022
600829.SH,20220215,6.27,6.35,6.2,6.29,6.26,0.03,0.4792,27628.0,17336.55,9.662,6.133024532509865,6.113523659592504,6.191527151261946,6.045270604381743
600829.SH,20220216,6.3,6.36,6.26,6.31,6.29,0.02,0.318,19551.01,12326.425,9.662,6.152525405427226,6.142774968968545,6.201277587720627,6.103773223133825
600829.SH,20220217,6.33,6.35,6.22,6.24,6.31,-0.07,-1.1094,19838.03,12440.965,9.662,6.084272350216464,6.172026278344586,6.191527151261946,6.064771477299104
600829.SH,20220218,6.21,6.32,6.21,6.29,6.24,0.05,0.8013,22388.01,14055.264,9.662,6.133024532509865,6.055021040840424,6.162275841885906,6.055021040840424
600829.SH,20220221,6.28,6.37,6.23,6.34,6.29,0.05,0.7949,29884.04,18819.7,9.662,6.181776714803266,6.123274096051185,6.211028024179307,6.074521913757784
600829.SH,20220222,6.36,6.36,6.24,6.26,6.34,-0.08,-1.2618,21408.0,13434.34,9.662,6.103773223133825,6.201277587720627,6.201277587720627,6.084272350216464
600829.SH,20220223,6.28,6.3,6.24,6.24,6.26,-0.02,-0.3195,25536.0,15986.723,9.662,6.084272350216464,6.123274096051185,6.142774968968545,6.084272350216464
600829.SH,20220224,6.24,6.32,6.08,6.15,6.24,-0.09,-1.4423,44121.0,27363.325,9.662,5.996518422088342,6.084272350216464,6.162275841885906,5.92826536687758
600829.SH,20220225,6.2,6.31,6.18,6.28,6.15,0.13,2.1138,24468.0,15299.892,9.662,6.123274096051185,6.045270604381743,6.152525405427226,6.025769731464382
600829.SH,20220228,6.29,6.3,6.17,6.26,6.28,-0.02,-0.3185,19239.0,11995.266,9.662,6.103773223133825,6.133024532509865,6.142774968968545,6.016019295005703
600829.SH,20220301,6.29,6.32,6.24,6.3,6.26,0.04,0.639,20137.0,12652.707,9.662,6.142774968968545,6.133024532509865,6.162275841885906,6.084272350216464
600829.SH,20220302,6.32,6.46,6.24,6.45,6.3,0.15,2.381,37589.0,23962.955,9.662,6.289031515848748,6.162275841885906,6.298781952307429,6.084272350216464
600829.SH,20220303,6.5,6.63,6.44,6.63,6.45,0.18,2.7907,45477.0,29782.583,9.662,6.464539372104992,6.337783698142149,6.464539372104992,6.279281079390069
600829.SH,20220304,6.6,6.89,6.55,6.73,6.63,0.1,1.5083,89602.5,60462.159,9.662,6.562043736691795,6.435288062728952,6.718050720030679,6.386535880435551
600829.SH,20220307,6.68,6.84,6.61,6.76,6.73,0.03,0.4458,62617.69,42186.231,9.662,6.591295046067836,6.5132915543983945,6.669298537737277,6.445038499187633
600829.SH,20220308,6.75,6.75,6.44,6.46,6.76,-0.3,-4.4379,55112.0,35942.46,9.662,6.298781952307429,6.581544609609155,6.581544609609155,6.279281079390069
600829.SH,20220309,6.48,6.53,6.05,6.26,6.46,-0.2,-3.096,50799.5,31958.317,9.662,6.103773223133825,6.31828282522479,6.367035007518191,5.899014057501539
600829.SH,20220310,6.34,6.89,6.34,6.89,6.26,0.63,10.0639,387459.6,266219.009,9.662,6.718050720030679,6.181776714803266,6.718050720030679,6.181776714803266
600829.SH,20220311,6.83,7.0,6.55,6.8,6.89,-0.09,-1.3062,415711.93,281314.47,9.662,6.630296791902556,6.659548101278597,6.825305521076161,6.386535880435551
600829.SH,20220314,6.8,7.13,6.59,6.59,6.8,-0.21,-3.0882,289561.16,198310.381,9.662,6.425537626270272,6.630296791902556,6.952061195039004,6.425537626270272
600829.SH,20220315,6.48,6.77,6.24,6.24,6.59,-0.35,-5.3111,202802.29,132487.717,9.662,6.084272350216464,6.31828282522479,6.601045482526515,6.084272350216464
600829.SH,20220316,6.31,6.41,6.04,6.41,6.24,0.17,2.7244,167059.01,104722.042,9.662,6.250029770014028,6.152525405427226,6.250029770014028,5.88926362104286
600829.SH,20220317,6.45,6.84,6.35,6.59,6.41,0.18,2.8081,168156.06,111850.679,9.662,6.425537626270272,6.289031515848748,6.669298537737277,6.191527151261946
600829.SH,20220318,6.57,6.85,6.53,6.8,6.59,0.21,3.1866,144483.34,97747.17,9.662,6.630296791902556,6.406036753352912,6.6790489741959576,6.367035007518191
600829.SH,20220321,6.75,7.19,6.75,7.1,6.8,0.3,4.4118,186863.08,131510.284,9.662,6.922809885662963,6.581544609609155,7.010563813791086,6.581544609609155
600829.SH,20220322,7.13,7.13,6.87,6.95,7.1,-0.15,-2.1127,124986.92,86972.913,9.662,6.776553338782761,6.952061195039004,6.952061195039004,6.698549847113319
600829.SH,20220323,6.99,7.03,6.85,6.89,6.95,-0.06,-0.8633,74321.92,51345.631,9.662,6.718050720030679,6.815555084617482,6.854556830452202,6.6790489741959576
600829.SH,20220324,6.87,7.11,6.8,7.04,6.89,0.15,2.1771,123421.47,86616.786,9.662,6.864307266910882,6.698549847113319,6.932560322121644,6.630296791902556
600829.SH,20220325,7.02,7.15,6.93,7.06,7.04,0.02,0.2841,110784.89,78353.936,9.662,6.883808139828242,6.8448063939935215,6.9715620679563655,6.757052465865399
600829.SH,20220328,6.92,7.03,6.83,6.94,7.06,-0.12,-1.6997,93401.5,64667.571,9.662,6.76680290232408,6.747302029406719,6.854556830452202,6.659548101278597
600829.SH,20220329,7.01,7.07,6.8,6.93,6.94,-0.01,-0.1441,88982.0,61575.016,9.662,6.757052465865399,6.835055957534841,6.893558576286924,6.630296791902556
600829.SH,20220330,6.97,7.62,6.79,7.62,6.93,0.69,9.9567,106289.22,77060.333,9.662,7.429832581514336,6.796054211700121,7.429832581514336,6.620546355443877
600829.SH,20220331,7.85,8.38,7.51,7.54,7.62,-0.08,-1.0499,504658.1,400480.833,9.662,7.351829089844894,7.65409262006398,8.170865752374034,7.322577780468853
600829.SH,20220401,7.6,7.62,7.09,7.17,7.54,-0.37,-4.9072,358501.18,259999.02,9.662,6.991062940873726,7.410331708596975,7.429832581514336,6.913059449204283
600829.SH,20220406,7.26,7.89,7.26,7.89,7.17,0.72,10.0418,136188.93,104494.029,9.662,7.693094365898702,7.078816869001848,7.693094365898702,7.078816869001848
600829.SH,20220407,7.85,8.13,7.31,7.52,7.89,-0.37,-4.6895,408255.94,313649.331,9.662,7.332328216927533,7.65409262006398,7.9271048409070275,7.127569051295248
600829.SH,20220408,7.39,7.59,7.14,7.32,7.52,-0.2,-2.6596,240554.51,175194.404,9.662,7.1373194877539285,7.20557254296469,7.400581272138295,6.961811631497684
600829.SH,20220411,7.18,7.32,6.89,7.0,7.32,-0.32,-4.3716,183146.53,129962.966,9.662,6.825305521076161,7.000813377332404,7.1373194877539285,6.718050720030679
600829.SH,20220412,6.9,7.22,6.75,7.18,7.0,0.18,2.5714,150725.0,105722.535,9.662,7.000813377332404,6.72780115648936,7.039815123167126,6.581544609609155
600829.SH,20220413,7.05,7.18,6.71,6.75,7.18,-0.43,-5.9889,156274.45,107374.974,9.662,6.581544609609155,6.874057703369563,7.000813377332404,6.542542863774434
600829.SH,20220414,6.77,7.05,6.72,6.83,6.75,0.08,1.1852,118556.45,81969.669,9.662,6.659548101278597,6.601045482526515,6.874057703369563,6.5522933002331145
600829.SH,20220415,6.83,6.89,6.7,6.74,6.83,-0.09,-1.3177,88474.97,60044.194,9.662,6.571794173150475,6.659548101278597,6.718050720030679,6.532792427315755
600829.SH,20220418,6.66,6.71,6.45,6.53,6.74,-0.21,-3.1157,99704.13,65112.524,9.662,6.367035007518191,6.493790681481034,6.542542863774434,6.289031515848748
600829.SH,20220419,6.53,6.62,6.5,6.54,6.53,0.01,0.1531,56799.6,37202.412,9.662,6.37678544397687,6.367035007518191,6.454788935646313,6.337783698142149
600829.SH,20220420,6.53,6.63,6.27,6.36,6.54,-0.18,-2.7523,75469.7,48524.028,9.662,6.201277587720627,6.367035007518191,6.464539372104992,6.113523659592504
600829.SH,20220421,6.3,6.32,5.94,5.96,6.36,-0.4,-6.2893,117196.77,71603.018,9.662,5.811260129373417,6.142774968968545,6.162275841885906,5.791759256456057
600829.SH,20220422,5.95,5.99,5.81,5.81,5.96,-0.15,-2.5168,71398.69,41841.438,9.662,5.665003582493213,5.801509692914737,5.840511438749458,5.665003582493213
600829.SH,20220425,5.79,5.79,5.35,5.38,5.81,-0.43,-7.401,96880.43,54113.111,9.662,5.245734814769964,5.645502709575854,5.645502709575854,5.216483505393923
600829.SH,20220426,5.36,5.52,5.27,5.31,5.38,-0.07,-1.3011,73531.0,39733.262,9.662,5.1774817595592015,5.226233941852604,5.382240925191487,5.138480013724481
600829.SH,20220427,5.3,5.46,5.08,5.45,5.31,0.14,2.6365,80973.0,42602.111,9.662,5.313987869980726,5.167731323100522,5.323738306439406,4.953221721009557
600829.SH,20220428,5.4,5.42,5.26,5.35,5.45,-0.1,-1.8349,46073.0,24666.099,9.662,5.216483505393923,5.2652356876873245,5.284736560604684,5.128729577265801
600829.SH,20220429,5.4,5.58,5.36,5.55,5.35,0.2,3.7383,57146.0,31468.296,9.662,5.411492234567528,5.2652356876873245,5.440743543943569,5.226233941852604
600829.SH,20220505,5.51,5.7,5.41,5.62,5.55,0.07,1.2613,65718.01,36701.749,9.662,5.47974528977829,5.372490488732806,5.557748781447732,5.274986124146005
600829.SH,20220506,5.47,5.64,5.43,5.54,5.62,-0.08,-1.4235,51481.0,28483.352,9.662,5.401741798108848,5.333488742898086,5.49924616269565,5.294486997063365
600829.SH,20220509,5.54,5.7,5.52,5.68,5.54,0.14,2.5271,46436.81,26208.021,9.662,5.538247908530371,5.401741798108848,5.557748781447732,5.382240925191487
600829.SH,20220510,5.63,5.69,5.53,5.68,5.68,0.0,0.0,58733.53,32979.213,9.662,5.538247908530371,5.48949572623697,5.547998344989051,5.391991361650168
600829.SH,20220511,5.67,5.87,5.62,5.63,5.68,-0.05,-0.8803,75743.3,43588.24,9.662,5.48949572623697,5.528497472071691,5.723506201245296,5.47974528977829
600829.SH,20220512,5.59,5.77,5.55,5.74,5.63,0.11,1.9538,46680.0,26623.741,9.662,5.5967505272824525,5.450493980402249,5.626001836658493,5.411492234567528
600829.SH,20220513,5.76,5.84,5.67,5.77,5.74,0.03,0.5226,45525.0,26151.741,9.662,5.626001836658493,5.616251400199812,5.694254891869255,5.528497472071691
600829.SH,20220516,5.8,5.9,5.77,5.83,5.77,0.06,1.0399,59011.53,34438.465,9.662,5.684504455410575,5.655253146034533,5.752757510621336,5.626001836658493
600829.SH,20220517,5.83,5.84,5.65,5.72,5.83,-0.11,-1.8868,48858.56,27883.246,9.662,5.577249654365092,5.684504455410575,5.694254891869255,5.50899659915433
600829.SH,20220518,5.72,5.82,5.68,5.74,5.72,0.02,0.3497,34367.02,19843.327,9.662,5.5967505272824525,5.577249654365092,5.674754018951894,5.538247908530371
600829.SH,20220519,5.66,5.75,5.62,5.73,5.74,-0.01,-0.1742,33227.65,18951.919,9.662,5.587000090823773,5.518747035613011,5.606500963741133,5.47974528977829
600829.SH,20220520,5.74,5.87,5.74,5.78,5.73,0.05,0.8726,43763.0,25341.156,9.662,5.635752273117173,5.5967505272824525,5.723506201245296,5.5967505272824525
600829.SH,20220523,5.79,5.91,5.75,5.9,5.78,0.12,2.0761,52867.62,30870.902,9.662,5.752757510621336,5.645502709575854,5.7625079470800165,5.606500963741133
600829.SH,20220524,5.89,5.98,5.55,5.55,5.9,-0.35,-5.9322,70295.64,40431.891,9.662,5.411492234567528,5.743007074162655,5.830761002290778,5.411492234567528
600829.SH,20220525,5.55,5.72,5.55,5.72,5.55,0.17,3.0631,45047.0,25533.842,9.662,5.577249654365092,5.411492234567528,5.577249654365092,5.411492234567528
600829.SH,20220526,5.73,5.83,5.66,5.81,5.72,0.09,1.5734,46517.0,26747.47,9.662,5.665003582493213,5.587000090823773,5.684504455410575,5.518747035613011
600829.SH,20220527,5.83,5.84,5.73,5.8,5.81,-0.01,-0.1721,44736.0,25861.626,9.662,5.655253146034533,5.684504455410575,5.694254891869255,5.587000090823773
600829.SH,20220530,5.81,5.88,5.76,5.88,5.8,0.08,1.3793,45961.0,26783.928,9.662,5.733256637703976,5.665003582493213,5.733256637703976,5.616251400199812
600829.SH,20220531,5.88,5.95,5.8,5.9,5.88,0.02,0.3401,54227.0,31918.855,9.662,5.752757510621336,5.733256637703976,5.801509692914737,5.655253146034533
600829.SH,20220601,5.86,5.96,5.85,5.94,5.9,0.04,0.678,49228.0,29138.542,9.662,5.791759256456057,5.713755764786615,5.811260129373417,5.704005328327934
600829.SH,20220602,5.94,5.97,5.84,5.97,5.94,0.03,0.5051,40703.0,24073.236,9.662,5.821010565832098,5.791759256456057,5.821010565832098,5.694254891869255
600829.SH,20220606,6.06,6.26,6.01,6.18,5.97,0.21,3.5176,118493.0,72314.894,9.662,6.025769731464382,5.908764493960219,6.103773223133825,5.860012311666818
600829.SH,20220607,6.15,6.23,6.08,6.15,6.18,-0.03,-0.4854,62161.0,38184.666,9.662,5.996518422088342,5.996518422088342,6.074521913757784,5.92826536687758
600829.SH,20220608,6.16,6.19,6.0,6.11,6.15,-0.04,-0.6504,44809.19,27260.776,9.662,5.957516676253621,6.006268858547022,6.035520167923063,5.850261875208139
600829.SH,20220609,6.11,6.15,5.9,5.96,6.11,-0.15,-2.455,44989.0,26937.139,9.662,5.811260129373417,5.957516676253621,5.996518422088342,5.752757510621336
600829.SH,20220610,5.94,6.08,5.9,6.05,5.96,0.09,1.5101,38011.0,22862.475,9.662,5.899014057501539,5.791759256456057,5.92826536687758,5.752757510621336
600829.SH,20220613,6.06,6.07,5.88,5.99,6.05,-0.06,-0.9917,43549.54,25963.542,9.662,5.840511438749458,5.908764493960219,5.9185149304189,5.733256637703976
600829.SH,20220614,5.93,5.96,5.77,5.95,5.99,-0.04,-0.6678,37704.02,22140.957,9.662,5.801509692914737,5.782008819997377,5.811260129373417,5.626001836658493
600829.SH,20220615,5.95,6.0,5.9,5.92,5.95,-0.03,-0.5042,45055.7,26831.959,9.662,5.772258383538697,5.801509692914737,5.850261875208139,5.752757510621336
600829.SH,20220616,5.93,6.0,5.89,5.95,5.92,0.03,0.5068,33193.88,19757.03,9.662,5.801509692914737,5.782008819997377,5.850261875208139,5.743007074162655
600829.SH,20220617,5.93,5.93,5.78,5.9,5.95,-0.05,-0.8403,41071.53,24097.145,9.662,5.752757510621336,5.782008819997377,5.782008819997377,5.635752273117173
600829.SH,20220620,5.89,5.97,5.87,5.92,5.9,0.02,0.339,34189.0,20211.155,9.662,5.772258383538697,5.743007074162655,5.821010565832098,5.723506201245296
600829.SH,20220621,5.92,6.0,5.86,5.93,5.92,0.01,0.1689,42545.88,25242.559,9.662,5.782008819997377,5.772258383538697,5.850261875208139,5.713755764786615
600829.SH,20220622,5.94,6.28,5.87,6.07,5.93,0.14,2.3609,130460.05,79709.298,9.662,5.9185149304189,5.791759256456057,6.123274096051185,5.723506201245296
600829.SH,20220623,6.06,6.11,5.92,6.04,6.07,-0.03,-0.4942,105202.97,63029.384,9.662,5.88926362104286,5.908764493960219,5.957516676253621,5.772258383538697
600829.SH,20220624,6.02,6.09,5.95,5.99,6.04,-0.05,-0.8278,58586.76,35173.273,9.662,5.840511438749458,5.869762748125499,5.93801580333626,5.801509692914737
600829.SH,20220627,6.04,6.59,6.02,6.59,5.99,0.6,10.0167,100098.2,64560.186,9.662,6.425537626270272,5.88926362104286,6.425537626270272,5.869762748125499
600829.SH,20220628,6.6,6.6,6.39,6.48,6.59,-0.11,-1.6692,232610.69,150890.111,9.662,6.31828282522479,6.435288062728952,6.435288062728952,6.230528897096667
600829.SH,20220629,6.38,6.47,6.27,6.29,6.48,-0.19,-2.9321,122640.89,78071.166,9.662,6.133024532509865,6.220778460637987,6.308532388766109,6.113523659592504
600829.SH,20220630,6.29,6.38,6.25,6.31,6.29,0.02,0.318,90551.44,57130.005,9.662,6.152525405427226,6.133024532509865,6.220778460637987,6.094022786675144
600829.SH,20220701,6.3,6.36,6.23,6.28,6.31,-0.03,-0.4754,52932.15,33308.526,9.662,6.123274096051185,6.142774968968545,6.201277587720627,6.074521913757784
600829.SH,20220704,6.26,6.36,6.23,6.32,6.28,0.04,0.6369,57154.94,36023.71,9.662,6.162275841885906,6.103773223133825,6.201277587720627,6.074521913757784
600829.SH,20220705,6.3,6.4,6.2,6.29,6.32,-0.03,-0.4747,73091.45,46117.372,9.662,6.133024532509865,6.142774968968545,6.240279333555348,6.045270604381743
600829.SH,20220706,6.29,6.29,6.1,6.15,6.29,-0.14,-2.2258,60194.93,37114.521,9.662,5.996518422088342,6.133024532509865,6.133024532509865,5.94776623979494
600829.SH,20220707,6.17,6.24,6.13,6.19,6.15,0.04,0.6504,35973.0,22223.441,9.662,6.035520167923063,6.016019295005703,6.084272350216464,5.977017549170982
600829.SH,20220708,6.2,6.31,6.17,6.29,6.19,0.1,1.6155,49968.01,31221.765,9.662,6.133024532509865,6.045270604381743,6.152525405427226,6.016019295005703
600829.SH,20220711,6.27,6.57,6.25,6.42,6.29,0.13,2.0668,127650.15,82016.827,9.662,6.259780206472708,6.113523659592504,6.406036753352912,6.094022786675144
600829.SH,20220712,6.42,6.42,6.21,6.32,6.42,-0.1,-1.5576,88973.04,56187.104,9.662,6.162275841885906,6.259780206472708,6.259780206472708,6.055021040840424
600829.SH,20220713,6.26,6.35,6.19,6.34,6.32,0.02,0.3165,54580.0,34110.604,9.662,6.181776714803266,6.103773223133825,6.191527151261946,6.035520167923063
600829.SH,20220714,6.28,6.43,6.23,6.29,6.34,-0.05,-0.7886,53129.0,33481.844,9.662,6.133024532509865,6.123274096051185,6.269530642931388,6.074521913757784
600829.SH,20220715,6.32,6.32,5.97,5.97,6.29,-0.32,-5.0874,71522.0,43560.112,9.662,5.821010565832098,6.162275841885906,6.162275841885906,5.821010565832098
600829.SH,20220718,5.95,6.21,5.95,6.2,5.97,0.23,3.8526,67350.06,41370.808,9.662,6.045270604381743,5.801509692914737,6.055021040840424,5.801509692914737
600829.SH,20220719,6.19,6.27,6.09,6.17,6.2,-0.03,-0.4839,48829.01,30033.843,9.662,6.016019295005703,6.035520167923063,6.113523659592504,5.93801580333626
600829.SH,20220720,6.19,6.24,6.16,6.21,6.17,0.04,0.6483,34814.2,21613.396,9.662,6.055021040840424,6.035520167923063,6.084272350216464,6.006268858547022
600829.SH,20220721,6.2,6.25,6.1,6.11,6.21,-0.1,-1.6103,36020.0,22214.317,9.662,5.957516676253621,6.045270604381743,6.094022786675144,5.94776623979494
600829.SH,20220722,6.12,6.18,6.01,6.09,6.11,-0.02,-0.3273,39069.0,23780.982,9.662,5.93801580333626,5.967267112712301,6.025769731464382,5.860012311666818
600829.SH,20220725,6.09,6.17,6.05,6.11,6.09,0.02,0.3284,28564.0,17448.52,9.662,5.957516676253621,5.93801580333626,6.016019295005703,5.899014057501539
600829.SH,20220726,6.1,6.12,5.99,6.12,6.11,0.01,0.1637,32342.0,19580.509,9.662,5.967267112712301,5.94776623979494,5.967267112712301,5.840511438749458
600829.SH,20220727,6.09,6.15,6.08,6.12,6.12,0.0,0.0,21430.0,13110.242,9.662,5.967267112712301,5.93801580333626,5.996518422088342,5.92826536687758
600829.SH,20220728,6.15,6.2,6.11,6.2,6.12,0.08,1.3072,35676.8,21965.17,9.662,6.045270604381743,5.996518422088342,6.045270604381743,5.957516676253621
600829.SH,20220729,6.19,6.23,6.09,6.11,6.2,-0.09,-1.4516,33900.0,20840.949,9.662,5.957516676253621,6.035520167923063,6.074521913757784,5.93801580333626
600829.SH,20220801,6.1,6.14,6.04,6.13,6.11,0.02,0.3273,26309.36,16019.473,9.662,5.977017549170982,5.94776623979494,5.986767985629661,5.88926362104286
600829.SH,20220802,6.11,6.11,5.73,5.81,6.13,-0.32,-5.2202,56527.54,33056.935,9.662,5.665003582493213,5.957516676253621,5.957516676253621,5.587000090823773
600829.SH,20220803,5.81,5.92,5.69,5.7,5.81,-0.11,-1.8933,33299.93,19386.172,9.662,5.557748781447732,5.665003582493213,5.772258383538697,5.547998344989051
600829.SH,20220804,5.72,5.87,5.72,5.87,5.7,0.17,2.9825,24652.65,14292.912,9.662,5.723506201245296,5.577249654365092,5.723506201245296,5.577249654365092
600829.SH,20220805,5.88,5.91,5.81,5.89,5.87,0.02,0.3407,17342.84,10175.256,9.662,5.743007074162655,5.733256637703976,5.7625079470800165,5.665003582493213
600829.SH,20220808,5.89,5.99,5.85,5.96,5.89,0.07,1.1885,21307.1,12674.629,9.662,5.811260129373417,5.743007074162655,5.840511438749458,5.704005328327934
600829.SH,20220809,5.97,5.98,5.89,5.94,5.96,-0.02,-0.3356,16187.81,9582.561,9.662,5.791759256456057,5.821010565832098,5.830761002290778,5.743007074162655
600829.SH,20220810,5.94,5.95,5.88,5.92,5.94,-0.02,-0.3367,15111.0,8929.986,9.662,5.772258383538697,5.791759256456057,5.801509692914737,5.733256637703976
600829.SH,20220811,5.94,6.02,5.9,5.98,5.92,0.06,1.0135,22771.67,13617.203,9.662,5.830761002290778,5.791759256456057,5.869762748125499,5.752757510621336
600829.SH,20220812,5.99,6.03,5.96,6.02,5.98,0.04,0.6689,17243.0,10356.202,9.662,5.869762748125499,5.840511438749458,5.879513184584179,5.811260129373417
600829.SH,20220815,5.98,5.99,5.89,5.98,6.02,-0.04,-0.6645,27678.17,16430.998,9.662,5.830761002290778,5.830761002290778,5.840511438749458,5.743007074162655
600829.SH,20220816,5.97,6.01,5.94,5.99,5.98,0.01,0.1672,17534.0,10466.56,9.662,5.840511438749458,5.821010565832098,5.860012311666818,5.791759256456057
600829.SH,20220817,5.99,6.05,5.97,6.05,5.99,0.06,1.0017,26819.0,16139.248,9.662,5.899014057501539,5.840511438749458,5.899014057501539,5.821010565832098
600829.SH,20220818,6.03,6.05,5.96,6.0,6.05,-0.05,-0.8264,20697.27,12377.354,9.662,5.850261875208139,5.879513184584179,5.899014057501539,5.811260129373417
600829.SH,20220819,6.0,6.02,5.92,5.94,6.0,-0.06,-1.0,19047.0,11379.791,9.662,5.791759256456057,5.850261875208139,5.869762748125499,5.772258383538697
600829.SH,20220822,5.9,6.05,5.88,6.01,5.94,0.07,1.1785,24038.54,14377.978,9.662,5.860012311666818,5.752757510621336,5.899014057501539,5.733256637703976
600829.SH,20220823,5.99,6.05,5.97,6.05,6.01,0.04,0.6656,23225.5,13984.793,9.662,5.899014057501539,5.840511438749458,5.899014057501539,5.821010565832098
600829.SH,20220824,6.02,6.09,6.01,6.03,6.05,-0.02,-0.3306,33191.0,20076.533,9.662,5.879513184584179,5.869762748125499,5.93801580333626,5.860012311666818
600829.SH,20220825,6.05,6.09,5.92,6.08,6.03,0.05,0.8292,30821.0,18557.415,9.662,5.92826536687758,5.899014057501539,5.93801580333626,5.772258383538697
600829.SH,20220826,6.08,6.11,6.02,6.1,6.08,0.02,0.3289,31155.0,18900.161,9.662,5.94776623979494,5.92826536687758,5.957516676253621,5.869762748125499
600829.SH,20220829,6.03,6.17,5.93,6.17,6.1,0.07,1.1475,37510.0,22889.84,9.662,6.016019295005703,5.879513184584179,6.016019295005703,5.782008819997377
600829.SH,20220830,6.17,6.2,6.12,6.19,6.17,0.02,0.3241,29030.0,17888.296,9.662,6.035520167923063,6.016019295005703,6.045270604381743,5.967267112712301
600829.SH,20220831,6.19,6.2,6.06,6.08,6.19,-0.11,-1.7771,31791.81,19378.31,9.662,5.92826536687758,6.035520167923063,6.045270604381743,5.908764493960219
600829.SH,20220901,6.08,6.24,6.08,6.17,6.08,0.09,1.4803,40214.51,24805.579,9.662,6.016019295005703,5.92826536687758,6.084272350216464,5.92826536687758
600829.SH,20220902,6.2,6.32,6.15,6.25,6.17,0.08,1.2966,49782.51,30889.531,9.662,6.094022786675144,6.045270604381743,6.162275841885906,5.996518422088342
600829.SH,20220905,6.22,6.35,6.21,6.32,6.25,0.07,1.12,50015.5,31371.821,9.662,6.162275841885906,6.064771477299104,6.191527151261946,6.055021040840424
600829.SH,20220906,6.32,6.4,6.28,6.37,6.32,0.05,0.7911,56057.15,35621.978,9.662,6.211028024179307,6.162275841885906,6.240279333555348,6.123274096051185
600829.SH,20220907,6.41,6.45,6.3,6.37,6.37,0.0,0.0,45964.0,29205.67,9.662,6.211028024179307,6.250029770014028,6.289031515848748,6.142774968968545
600829.SH,20220908,6.35,6.41,6.27,6.31,6.37,-0.06,-0.9419,48987.0,30939.179,9.662,6.152525405427226,6.191527151261946,6.250029770014028,6.113523659592504
600829.SH,20220909,6.33,6.35,6.27,6.29,6.31,-0.02,-0.317,34469.51,21715.157,9.662,6.133024532509865,6.172026278344586,6.191527151261946,6.113523659592504
600829.SH,20220913,6.32,6.32,6.2,6.26,6.29,-0.03,-0.4769,30520.0,19105.176,9.662,6.103773223133825,6.162275841885906,6.162275841885906,6.045270604381743
600829.SH,20220914,6.21,6.3,6.13,6.25,6.26,-0.01,-0.1597,32558.0,20296.461,9.662,6.094022786675144,6.055021040840424,6.142774968968545,5.977017549170982
600829.SH,20220915,6.29,6.3,6.08,6.16,6.25,-0.09,-1.44,28751.0,17726.583,9.662,6.006268858547022,6.133024532509865,6.142774968968545,5.92826536687758
600829.SH,20220916,6.16,6.16,5.89,5.91,6.16,-0.25,-4.0584,32695.0,19605.801,9.662,5.7625079470800165,6.006268858547022,6.006268858547022,5.743007074162655
600829.SH,20220919,5.91,5.91,5.71,5.78,5.91,-0.13,-2.1997,27160.0,15741.99,9.662,5.635752273117173,5.7625079470800165,5.7625079470800165,5.567499217906411
600829.SH,20220920,5.87,5.88,5.78,5.84,5.78,0.06,1.0381,16964.0,9886.709,9.662,5.694254891869255,5.723506201245296,5.733256637703976,5.635752273117173
600829.SH,20220921,5.88,5.89,5.72,5.87,5.84,0.03,0.5137,21614.0,12578.248,9.662,5.723506201245296,5.733256637703976,5.743007074162655,5.577249654365092
600829.SH,20220922,5.85,5.9,5.8,5.82,5.87,-0.05,-0.8518,29137.69,17013.606,9.662,5.674754018951894,5.704005328327934,5.752757510621336,5.655253146034533
600829.SH,20220923,5.87,5.87,5.72,5.74,5.82,-0.08,-1.3746,21333.69,12302.181,9.662,5.5967505272824525,5.723506201245296,5.723506201245296,5.577249654365092
600829.SH,20220926,5.79,5.79,5.62,5.63,5.74,-0.11,-1.9164,26738.0,15205.645,9.662,5.48949572623697,5.645502709575854,5.645502709575854,5.47974528977829
600829.SH,20220927,5.7,5.78,5.65,5.77,5.63,0.14,2.4867,28090.36,16100.892,9.662,5.626001836658493,5.557748781447732,5.635752273117173,5.50899659915433
600829.SH,20220928,5.8,5.84,5.73,5.73,5.77,-0.04,-0.6932,29131.36,16844.835,9.662,5.587000090823773,5.655253146034533,5.694254891869255,5.587000090823773
600829.SH,20220929,5.79,5.86,5.69,5.73,5.73,0.0,0.0,26192.15,15157.257,9.662,5.587000090823773,5.645502709575854,5.713755764786615,5.547998344989051
600829.SH,20220930,5.73,5.84,5.7,5.82,5.73,0.09,1.5707,33877.77,19633.419,9.662,5.674754018951894,5.587000090823773,5.694254891869255,5.557748781447732
600829.SH,20221010,5.85,5.93,5.71,5.75,5.82,-0.07,-1.2027,30523.0,17793.329,9.662,5.606500963741133,5.704005328327934,5.782008819997377,5.567499217906411
600829.SH,20221011,5.72,5.8,5.55,5.61,5.75,-0.14,-2.4348,28602.02,16081.553,9.662,5.469994853319609,5.577249654365092,5.655253146034533,5.411492234567528
600829.SH,20221012,5.63,5.7,5.52,5.69,5.61,0.08,1.426,28252.06,15829.838,9.662,5.547998344989051,5.48949572623697,5.557748781447732,5.382240925191487
600829.SH,20221013,5.67,5.87,5.65,5.83,5.69,0.14,2.4605,30795.0,17791.533,9.662,5.684504455410575,5.528497472071691,5.723506201245296,5.50899659915433
600829.SH,20221014,5.83,6.14,5.83,6.11,5.83,0.28,4.8027,60545.0,36703.801,9.662,5.957516676253621,5.684504455410575,5.986767985629661,5.684504455410575
600829.SH,20221017,6.09,6.19,6.08,6.15,6.11,0.04,0.6547,39027.01,24019.203,9.662,5.996518422088342,5.93801580333626,6.035520167923063,5.92826536687758
600829.SH,20221018,6.19,6.31,6.1,6.24,6.15,0.09,1.4634,52523.05,32704.78,9.662,6.084272350216464,6.035520167923063,6.152525405427226,5.94776623979494
600829.SH,20221019,6.3,6.32,6.16,6.18,6.24,-0.06,-0.9615,30348.18,18877.136,9.662,6.025769731464382,6.142774968968545,6.162275841885906,6.006268858547022
600829.SH,20221020,6.18,6.29,6.14,6.25,6.18,0.07,1.1327,40862.0,25486.509,9.662,6.094022786675144,6.025769731464382,6.133024532509865,5.986767985629661
600829.SH,20221021,6.24,6.34,6.19,6.28,6.25,0.03,0.48,32520.0,20384.482,9.662,6.123274096051185,6.084272350216464,6.181776714803266,6.035520167923063
600829.SH,20221024,6.27,6.3,6.0,6.07,6.28,-0.21,-3.3439,42423.0,26023.638,9.662,5.9185149304189,6.113523659592504,6.142774968968545,5.850261875208139
600829.SH,20221025,6.07,6.16,5.93,6.02,6.07,-0.05,-0.8237,31264.0,18851.11,9.662,5.869762748125499,5.9185149304189,6.006268858547022,5.782008819997377
600829.SH,20221026,6.02,6.31,6.02,6.24,6.02,0.22,3.6545,58700.0,36597.886,9.662,6.084272350216464,5.869762748125499,6.152525405427226,5.869762748125499
600829.SH,20221027,6.26,6.42,6.21,6.37,6.24,0.13,2.0833,52655.0,33304.411,9.662,6.211028024179307,6.103773223133825,6.259780206472708,6.055021040840424
600829.SH,20221028,6.35,6.36,6.19,6.2,6.37,-0.17,-2.6688,36815.0,23035.227,9.662,6.045270604381743,6.191527151261946,6.201277587720627,6.035520167923063
600829.SH,20221031,6.22,6.41,6.18,6.38,6.2,0.18,2.9032,50297.0,31784.697,9.662,6.220778460637987,6.064771477299104,6.250029770014028,6.025769731464382
600829.SH,20221101,6.39,6.49,6.28,6.41,6.38,0.03,0.4702,43397.0,27657.928,9.662,6.250029770014028,6.230528897096667,6.32803326168347,6.123274096051185
600829.SH,20221102,6.38,6.59,6.31,6.41,6.41,0.0,0.0,59403.5,38566.834,9.662,6.250029770014028,6.220778460637987,6.425537626270272,6.152525405427226
600829.SH,20221103,6.38,6.46,6.34,6.38,6.41,-0.03,-0.468,31544.0,20142.844,9.662,6.220778460637987,6.220778460637987,6.298781952307429,6.181776714803266
600829.SH,20221104,6.37,6.45,6.28,6.38,6.38,0.0,0.0,37815.0,24098.258,9.662,6.220778460637987,6.211028024179307,6.289031515848748,6.123274096051185
600829.SH,20221107,6.38,6.46,6.28,6.34,6.38,-0.04,-0.627,39005.01,24750.859,9.662,6.181776714803266,6.220778460637987,6.298781952307429,6.123274096051185
600829.SH,20221108,6.34,6.44,6.2,6.42,6.34,0.08,1.2618,38608.02,24514.939,9.662,6.259780206472708,6.181776714803266,6.279281079390069,6.045270604381743
600829.SH,20221109,6.39,6.97,6.34,6.73,6.42,0.31,4.8287,137295.15,91734.045,9.662,6.562043736691795,6.230528897096667,6.796054211700121,6.181776714803266
600829.SH,20221110,6.8,6.91,6.65,6.71,6.73,-0.02,-0.2972,135144.7,91236.545,9.662,6.542542863774434,6.630296791902556,6.737551592948039,6.484040245022353
600829.SH,20221111,7.0,7.38,6.91,7.38,6.71,0.67,9.9851,411215.16,301022.787,9.662,7.195822106506009,6.825305521076161,7.195822106506009,6.737551592948039
600829.SH,20221114,7.41,8.12,7.12,8.02,7.38,0.64,8.6721,715142.75,551998.116,9.662,7.819850039861545,7.225073415882051,7.917354404448346,6.942310758580324
600829.SH,20221115,7.55,7.58,7.22,7.3,8.02,-0.72,-8.9776,540110.71,395615.566,9.662,7.117818614836568,7.361579526303575,7.390830835679615,7.039815123167126
600829.SH,20221116,7.15,7.46,7.09,7.13,7.3,-0.17,-2.3288,338010.02,244030.588,9.662,6.952061195039004,6.9715620679563655,7.273825598175453,6.913059449204283
600829.SH,20221117,7.07,7.57,7.04,7.44,7.13,0.31,4.3478,411384.9,302917.801,9.662,7.254324725258091,6.893558576286924,7.381080399220935,6.864307266910882
600829.SH,20221118,7.36,7.59,7.24,7.45,7.44,0.01,0.1344,280466.01,208780.958,9.662,7.264075161716772,7.17632123358865,7.400581272138295,7.059315996084487
600829.SH,20221121,7.39,7.87,7.14,7.74,7.45,0.29,3.8926,355379.43,271696.733,9.662,7.546837819018499,7.20557254296469,7.6735934929813405,6.961811631497684
600829.SH,20221122,7.6,7.69,7.27,7.37,7.74,-0.37,-4.7804,231455.81,172690.508,9.662,7.186071670047331,7.410331708596975,7.498085636725097,7.088567305460527
600829.SH,20221123,7.35,7.37,7.0,7.16,7.37,-0.21,-2.8494,171627.46,122540.092,9.662,6.981312504415046,7.16657079712997,7.186071670047331,6.825305521076161
600829.SH,20221124,7.3,7.88,7.3,7.88,7.16,0.72,10.0559,688950.7,533974.919,9.662,7.683343929440022,7.117818614836568,7.683343929440022,7.117818614836568
600829.SH,20221125,7.36,7.47,7.09,7.26,7.88,-0.62,-7.868,446802.58,322628.822,9.662,7.078816869001848,7.17632123358865,7.283576034634131,6.913059449204283
600829.SH,20221128,7.14,7.84,7.14,7.38,7.26,0.12,1.6529,331931.69,248532.548,9.662,7.195822106506009,6.961811631497684,7.644342183605302,6.961811631497684
600829.SH,20221129,7.3,7.76,7.3,7.56,7.38,0.18,2.439,341882.25,259500.321,9.662,7.371329962762253,7.117818614836568,7.566338691935858,7.117818614836568
600829.SH,20221130,7.59,7.72,7.37,7.41,7.56,-0.15,-1.9841,226344.4,169382.394,9.662,7.225073415882051,7.400581272138295,7.527336946101138,7.186071670047331
600829.SH,20221201,7.64,7.64,7.15,7.34,7.41,-0.07,-0.9447,204857.0,149534.366,9.662,7.156820360671289,7.449333454431697,7.449333454431697,6.9715620679563655
600829.SH,20221202,7.33,7.44,7.24,7.37,7.34,0.03,0.4087,157944.1,116102.63,9.662,7.186071670047331,7.147069924212609,7.254324725258091,7.059315996084487
600829.SH,20221205,7.45,7.85,7.32,7.58,7.37,0.21,2.8494,287286.27,218488.339,9.662,7.390830835679615,7.264075161716772,7.65409262006398,7.1373194877539285
600829.SH,20221206,7.57,8.34,7.47,7.75,7.58,0.17,2.2427,604280.24,482869.02,9.662,7.5565882554771795,7.381080399220935,8.131864006539312,7.283576034634131
600829.SH,20221207,7.58,7.63,7.2,7.63,7.75,-0.12,-1.5484,382725.0,286245.096,9.662,7.439583017973016,7.390830835679615,7.439583017973016,7.020314250249766
600829.SH,20221208,7.55,7.86,7.48,7.62,7.63,-0.01,-0.1311,376117.28,288052.263,9.662,7.429832581514336,7.361579526303575,7.663843056522662,7.293326471092813
600829.SH,20221209,7.55,7.74,7.48,7.56,7.62,-0.06,-0.7874,250965.52,190843.83,9.662,7.371329962762253,7.361579526303575,7.546837819018499,7.293326471092813
600829.SH,20221212,7.6,7.94,7.55,7.92,7.56,0.36,4.7619,325539.01,252476.655,9.662,7.722345675274743,7.410331708596975,7.741846548192104,7.361579526303575
600829.SH,20221213,7.9,7.93,7.6,7.8,7.92,-0.12,-1.5152,263509.39,203818.916,9.662,7.60534043777058,7.702844802357382,7.732096111733423,7.410331708596975
600829.SH,20221214,7.75,7.75,7.4,7.43,7.8,-0.37,-4.7436,196365.5,148308.311,9.662,7.244574288799411,7.5565882554771795,7.5565882554771795,7.21532297942337
600829.SH,20221215,7.43,7.79,7.43,7.53,7.43,0.1,1.3459,142899.0,108306.112,9.662,7.342078653386213,7.244574288799411,7.5955900013118995,7.244574288799411
600829.SH,20221216,7.46,7.59,7.36,7.43,7.53,-0.1,-1.328,150189.5,112291.521,9.662,7.244574288799411,7.273825598175453,7.400581272138295,7.17632123358865
600829.SH,20221219,7.37,7.45,6.92,7.03,7.43,-0.4,-5.3836,201201.5,141403.235,9.662,6.854556830452202,7.186071670047331,7.264075161716772,6.747302029406719
600829.SH,20221220,7.03,7.06,6.8,6.93,7.03,-0.1,-1.4225,97273.62,67368.689,9.662,6.757052465865399,6.854556830452202,6.883808139828242,6.630296791902556
600829.SH,20221221,6.95,7.01,6.79,6.85,6.93,-0.08,-1.1544,67407.0,46343.688,9.662,6.6790489741959576,6.776553338782761,6.835055957534841,6.620546355443877
600829.SH,20221222,6.87,6.88,6.69,6.71,6.85,-0.14,-2.0438,74510.27,50436.205,9.662,6.542542863774434,6.698549847113319,6.708300283571999,6.523041990857075
600829.SH,20221223,6.7,6.84,6.67,6.72,6.71,0.01,0.149,50243.0,33858.661,9.662,6.5522933002331145,6.532792427315755,6.669298537737277,6.503541117939714
600829.SH,20221226,6.7,6.88,6.62,6.68,6.72,-0.04,-0.5952,152332.0,102609.828,9.662,6.5132915543983945,6.532792427315755,6.708300283571999,6.454788935646313
600829.SH,20221227,6.6,6.65,6.35,6.46,6.68,-0.22,-3.2934,116296.0,75043.465,9.662,6.298781952307429,6.435288062728952,6.484040245022353,6.191527151261946
600829.SH,20221228,6.46,6.49,6.32,6.33,6.46,-0.13,-2.0124,114758.0,73382.358,9.662,6.172026278344586,6.298781952307429,6.32803326168347,6.162275841885906
600829.SH,20221229,6.37,6.5,6.2,6.46,6.33,0.13,2.0537,80744.1,51886.799,9.662,6.298781952307429,6.211028024179307,6.337783698142149,6.045270604381743
600829.SH,20221230,6.42,6.52,6.35,6.38,6.46,-0.08,-1.2384,83884.17,53836.092,9.662,6.220778460637987,6.259780206472708,6.35728457105951,6.191527151261946
600829.SH,20230103,6.38,6.64,6.38,6.61,6.38,0.23,3.605,84809.69,55744.884,9.662,6.445038499187633,6.220778460637987,6.474289808563673,6.220778460637987
600829.SH,20230104,6.59,6.64,6.5,6.54,6.61,-0.07,-1.059,76750.0,50307.779,9.662,6.37678544397687,6.425537626270272,6.474289808563673,6.337783698142149
600829.SH,20230105,6.53,6.61,6.5,6.57,6.54,0.03,0.4587,64329.0,42222.284,9.662,6.406036753352912,6.367035007518191,6.445038499187633,6.337783698142149
600829.SH,20230106,6.57,6.62,6.41,6.43,6.57,-0.14,-2.1309,65429.06,42483.674,9.662,6.269530642931388,6.406036753352912,6.454788935646313,6.250029770014028
600829.SH,20230109,6.43,6.48,6.41,6.43,6.43,0.0,0.0,32471.0,20900.66,9.662,6.269530642931388,6.269530642931388,6.31828282522479,6.250029770014028
600829.SH,20230110,6.62,6.75,6.4,6.42,6.43,-0.01,-0.1555,152596.0,100004.44,9.662,6.259780206472708,6.454788935646313,6.581544609609155,6.240279333555348
600829.SH,20230111,6.44,6.46,6.35,6.36,6.42,-0.06,-0.9346,70479.0,45117.196,9.662,6.201277587720627,6.279281079390069,6.298781952307429,6.191527151261946
600829.SH,20230112,6.49,6.72,6.34,6.38,6.36,0.02,0.3145,184106.0,119722.123,9.662,6.220778460637987,6.32803326168347,6.5522933002331145,6.181776714803266
600829.SH,20230113,6.36,6.45,6.31,6.35,6.38,-0.03,-0.4702,93302.76,59374.568,9.662,6.191527151261946,6.201277587720627,6.289031515848748,6.152525405427226
600829.SH,20230116,6.35,6.49,6.34,6.47,6.35,0.12,1.8898,73381.0,47177.459,9.662,6.308532388766109,6.191527151261946,6.32803326168347,6.181776714803266
600829.SH,20230117,6.46,6.48,6.35,6.37,6.47,-0.1,-1.5456,52654.0,33690.442,9.662,6.211028024179307,6.298781952307429,6.31828282522479,6.191527151261946
600829.SH,20230118,6.39,6.4,6.34,6.37,6.37,0.0,0.0,33957.71,21619.714,9.662,6.211028024179307,6.230528897096667,6.240279333555348,6.181776714803266
600829.SH,20230119,6.36,6.41,6.34,6.4,6.37,0.03,0.471,30038.01,19179.685,9.662,6.240279333555348,6.201277587720627,6.250029770014028,6.181776714803266
600829.SH,20230120,6.4,6.53,6.4,6.52,6.4,0.12,1.875,54444.33,35300.162,9.662,6.35728457105951,6.240279333555348,6.367035007518191,6.240279333555348
600829.SH,20230130,6.54,6.6,6.51,6.55,6.52,0.03,0.4601,54919.06,35954.53,9.662,6.386535880435551,6.37678544397687,6.435288062728952,6.347534134600831
600829.SH,20230131,6.55,6.56,6.47,6.56,6.55,0.01,0.1527,42625.5,27769.225,9.662,6.396286316894231,6.386535880435551,6.396286316894231,6.308532388766109
600829.SH,20230201,6.59,6.64,6.53,6.64,6.56,0.08,1.2195,59601.0,39233.39,9.662,6.474289808563673,6.425537626270272,6.474289808563673,6.367035007518191
600829.SH,20230202,6.65,6.73,6.61,6.72,6.64,0.08,1.2048,71382.0,47726.327,9.662,6.5522933002331145,6.484040245022353,6.562043736691795,6.445038499187633
600829.SH,20230203,6.73,6.73,6.57,6.63,6.72,-0.09,-1.3393,53862.0,35704.825,9.662,6.464539372104992,6.562043736691795,6.562043736691795,6.406036753352912
600829.SH,20230206,6.6,6.65,6.57,6.61,6.63,-0.02,-0.3017,33185.0,21922.723,9.662,6.445038499187633,6.435288062728952,6.484040245022353,6.406036753352912
600829.SH,20230207,6.65,6.65,6.57,6.59,6.61,-0.02,-0.3026,36377.01,24002.186,9.662,6.425537626270272,6.484040245022353,6.484040245022353,6.406036753352912
600829.SH,20230208,6.58,6.69,6.58,6.6,6.59,0.01,0.1517,43188.01,28667.569,9.662,6.435288062728952,6.415787189811592,6.523041990857075,6.415787189811592
600829.SH,20230209,6.6,6.65,6.58,6.64,6.6,0.04,0.6061,33573.0,22229.355,9.662,6.474289808563673,6.435288062728952,6.484040245022353,6.415787189811592
600829.SH,20230210,6.65,6.66,6.58,6.63,6.64,-0.01,-0.1506,38607.01,25581.11,9.662,6.464539372104992,6.484040245022353,6.493790681481034,6.415787189811592
600829.SH,20230213,6.64,6.74,6.64,6.73,6.63,0.1,1.5083,48358.33,32437.544,9.662,6.562043736691795,6.474289808563673,6.571794173150475,6.474289808563673
600829.SH,20230214,6.77,6.77,6.7,6.76,6.73,0.03,0.4458,42839.0,28875.191,9.662,6.591295046067836,6.601045482526515,6.601045482526515,6.532792427315755
600829.SH,20230215,6.76,6.82,6.73,6.78,6.76,0.02,0.2959,37863.4,25621.103,9.662,6.610795918985197,6.591295046067836,6.649797664819917,6.562043736691795
600829.SH,20230216,6.83,6.97,6.66,6.73,6.78,-0.05,-0.7375,98680.42,67731.678,9.662,6.562043736691795,6.659548101278597,6.796054211700121,6.493790681481034
600829.SH,20230217,6.73,6.88,6.69,6.83,6.73,0.1,1.4859,87555.35,59614.551,9.662,6.659548101278597,6.562043736691795,6.708300283571999,6.523041990857075
600829.SH,20230220,6.86,6.88,6.68,6.83,6.83,0.0,0.0,62530.5,42347.6,9.662,6.659548101278597,6.688799410654639,6.708300283571999,6.5132915543983945
600829.SH,20230221,6.81,6.94,6.81,6.89,6.83,0.06,0.8785,62182.0,42822.721,9.662,6.718050720030679,6.640047228361237,6.76680290232408,6.640047228361237
600829.SH,20230222,6.87,6.93,6.83,6.93,6.89,0.04,0.5806,46239.0,31900.171,9.662,6.757052465865399,6.698549847113319,6.757052465865399,6.659548101278597
600829.SH,20230223,6.92,6.93,6.85,6.91,6.93,-0.02,-0.2886,31056.0,21379.881,9.662,6.737551592948039,6.747302029406719,6.757052465865399,6.6790489741959576
600829.SH,20230224,6.9,6.91,6.81,6.85,6.91,-0.06,-0.8683,32864.0,22493.326,9.662,6.6790489741959576,6.72780115648936,6.737551592948039,6.640047228361237
600829.SH,20230227,6.85,6.87,6.74,6.75,6.85,-0.1,-1.4599,36394.0,24703.021,9.662,6.581544609609155,6.6790489741959576,6.698549847113319,6.571794173150475
600829.SH,20230228,6.81,6.98,6.76,6.98,6.75,0.23,3.4074,68791.02,47471.571,9.662,6.8058046481588015,6.640047228361237,6.8058046481588015,6.591295046067836
600829.SH,20230301,7.0,7.07,6.93,6.96,6.98,-0.02,-0.2865,50437.0,35116.959,9.662,6.786303775241441,6.825305521076161,6.893558576286924,6.757052465865399
600829.SH,20230302,6.92,7.0,6.9,6.92,6.96,-0.04,-0.5747,40033.0,27782.266,9.662,6.747302029406719,6.747302029406719,6.825305521076161,6.72780115648936
600829.SH,20230303,6.9,6.97,6.86,6.91,6.92,-0.01,-0.1445,27986.0,19342.927,9.662,6.737551592948039,6.72780115648936,6.796054211700121,6.688799410654639
600829.SH,20230306,6.92,6.97,6.87,6.95,6.91,0.04,0.5789,39222.0,27198.281,9.662,6.776553338782761,6.747302029406719,6.796054211700121,6.698549847113319
600829.SH,20230307,6.95,6.98,6.8,6.81,6.95,-0.14,-2.0144,42727.01,29424.524,9.662,6.640047228361237,6.776553338782761,6.8058046481588015,6.630296791902556
600829.SH,20230308,6.82,6.87,6.75,6.78,6.81,-0.03,-0.4405,25872.0,17590.781,9.662,6.610795918985197,6.649797664819917,6.698549847113319,6.581544609609155
600829.SH,20230309,6.84,6.93,6.81,6.85,6.78,0.07,1.0324,40817.0,28030.129,9.662,6.6790489741959576,6.669298537737277,6.757052465865399,6.640047228361237
600829.SH,20230310,6.81,6.84,6.71,6.74,6.85,-0.11,-1.6058,31492.51,21292.801,9.662,6.571794173150475,6.640047228361237,6.669298537737277,6.542542863774434
600829.SH,20230313,6.7,6.79,6.64,6.78,6.74,0.04,0.5935,40766.0,27421.374,9.662,6.610795918985197,6.532792427315755,6.620546355443877,6.474289808563673
600829.SH,20230314,6.78,6.81,6.54,6.56,6.78,-0.22,-3.2448,44554.0,29575.985,9.662,6.396286316894231,6.610795918985197,6.640047228361237,6.37678544397687
600829.SH,20230315,6.61,6.81,6.61,6.79,6.56,0.23,3.5061,47091.0,31783.62,9.662,6.620546355443877,6.445038499187633,6.640047228361237,6.445038499187633
600829.SH,20230316,6.74,6.9,6.66,6.79,6.79,0.0,0.0,33796.0,22994.385,9.662,6.620546355443877,6.571794173150475,6.72780115648936,6.493790681481034
600829.SH,20230317,6.85,6.85,6.71,6.72,6.79,-0.07,-1.0309,36870.0,24897.492,9.662,6.5522933002331145,6.6790489741959576,6.6790489741959576,6.542542863774434
600829.SH,20230320,6.73,6.78,6.53,6.56,6.72,-0.16,-2.381,63108.0,41634.087,9.662,6.396286316894231,6.562043736691795,6.610795918985197,6.367035007518191
600829.SH,20230321,6.57,6.7,6.55,6.68,6.56,0.12,1.8293,40896.77,27240.19,9.662,6.5132915543983945,6.406036753352912,6.532792427315755,6.386535880435551
600829.SH,20230322,6.72,6.78,6.67,6.72,6.68,0.04,0.5988,35245.0,23710.507,9.662,6.5522933002331145,6.5522933002331145,6.610795918985197,6.503541117939714
600829.SH,20230323,6.77,6.77,6.64,6.68,6.72,-0.04,-0.5952,29323.0,19564.717,9.662,6.5132915543983945,6.601045482526515,6.601045482526515,6.474289808563673
600829.SH,20230324,6.68,6.75,6.58,6.58,6.68,-0.1,-1.497,40892.0,27164.639,9.662,6.415787189811592,6.5132915543983945,6.581544609609155,6.415787189811592
600829.SH,20230327,6.58,6.61,6.5,6.54,6.58,-0.04,-0.6079,35867.0,23465.71,9.662,6.37678544397687,6.415787189811592,6.445038499187633,6.337783698142149
600829.SH,20230328,6.63,6.73,6.54,6.67,6.54,0.13,1.9878,47056.0,31304.601,9.662,6.503541117939714,6.464539372104992,6.562043736691795,6.37678544397687
600829.SH,20230329,6.68,6.71,6.55,6.55,6.67,-0.12,-1.7991,42674.14,28185.276,9.662,6.386535880435551,6.5132915543983945,6.542542863774434,6.386535880435551
600829.SH,20230330,6.56,6.63,6.52,6.59,6.55,0.04,0.6107,37873.0,24914.055,9.662,6.425537626270272,6.396286316894231,6.464539372104992,6.35728457105951
600829.SH,20230331,6.6,6.83,6.56,6.81,6.59,0.22,3.3384,65035.0,44002.266,9.662,6.640047228361237,6.435288062728952,6.659548101278597,6.396286316894231
600829.SH,20230403,6.81,6.85,6.67,6.7,6.81,-0.11,-1.6153,64355.0,43193.159,9.662,6.532792427315755,6.640047228361237,6.6790489741959576,6.503541117939714
600829.SH,20230404,6.69,6.74,6.62,6.65,6.7,-0.05,-0.7463,42872.0,28597.12,9.662,6.484040245022353,6.523041990857075,6.571794173150475,6.454788935646313
600829.SH,20230406,6.65,6.71,6.58,6.65,6.65,0.0,0.0,39267.0,26079.39,9.662,6.484040245022353,6.484040245022353,6.542542863774434,6.415787189811592
600829.SH,20230407,6.67,6.71,6.61,6.71,6.65,0.06,0.9023,37433.01,24946.233,9.662,6.542542863774434,6.503541117939714,6.542542863774434,6.445038499187633
600829.SH,20230410,6.7,6.7,6.41,6.44,6.71,-0.27,-4.0238,61657.01,40142.043,9.662,6.279281079390069,6.532792427315755,6.532792427315755,6.250029770014028
600829.SH,20230411,6.42,6.49,6.35,6.48,6.44,0.04,0.6211,40556.0,26024.587,9.662,6.31828282522479,6.259780206472708,6.32803326168347,6.191527151261946
600829.SH,20230412,6.48,6.55,6.44,6.5,6.48,0.02,0.3086,31707.0,20623.864,9.662,6.337783698142149,6.31828282522479,6.386535880435551,6.279281079390069
600829.SH,20230413,6.5,6.56,6.42,6.53,6.5,0.03,0.4615,26869.0,17480.562,9.662,6.367035007518191,6.337783698142149,6.396286316894231,6.259780206472708
600829.SH,20230414,6.56,6.62,6.43,6.53,6.53,0.0,0.0,27014.02,17685.301,9.662,6.367035007518191,6.396286316894231,6.454788935646313,6.269530642931388
600829.SH,20230417,6.53,6.62,6.46,6.6,6.53,0.07,1.072,30590.51,20104.706,9.662,6.435288062728952,6.367035007518191,6.454788935646313,6.298781952307429
600829.SH,20230418,6.58,6.63,6.57,6.61,6.6,0.01,0.1515,28098.01,18539.418,9.662,6.445038499187633,6.415787189811592,6.464539372104992,6.406036753352912
600829.SH,20230419,6.54,6.69,6.52,6.54,6.61,-0.07,-1.059,42652.0,28111.38,9.662,6.37678544397687,6.37678544397687,6.523041990857075,6.35728457105951
600829.SH,20230420,6.54,6.55,6.33,6.36,6.54,-0.18,-2.7523,36359.01,23200.282,9.662,6.201277587720627,6.37678544397687,6.386535880435551,6.172026278344586
600829.SH,20230421,6.6,6.8,6.56,6.62,6.36,0.26,4.0881,156801.75,104841.234,9.662,6.454788935646313,6.435288062728952,6.630296791902556,6.396286316894231
600829.SH,20230424,6.58,6.71,6.46,6.66,6.62,0.04,0.6042,117153.0,77414.104,9.662,6.493790681481034,6.415787189811592,6.542542863774434,6.298781952307429
600829.SH,20230425,6.68,6.68,6.28,6.42,6.66,-0.24,-3.6036,96186.0,61776.855,9.662,6.259780206472708,6.5132915543983945,6.5132915543983945,6.123274096051185
600829.SH,20230426,6.3,6.54,6.3,6.51,6.42,0.09,1.4019,62997.01,40700.482,9.662,6.347534134600831,6.142774968968545,6.37678544397687,6.142774968968545
600829.SH,20230427,6.51,6.94,6.48,6.9,6.51,0.39,5.9908,161369.01,110159.02,9.662,6.72780115648936,6.347534134600831,6.76680290232408,6.31828282522479
600829.SH,20230428,6.9,7.08,6.82,7.06,6.9,0.16,2.3188,135340.0,94367.055,9.662,6.883808139828242,6.72780115648936,6.903309012745604,6.649797664819917
600829.SH,20230504,7.0,7.23,6.99,7.17,7.06,0.11,1.5581,114130.0,81532.955,9.662,6.991062940873726,6.825305521076161,7.049565559625806,6.815555084617482
600829.SH,20230505,7.18,7.19,7.01,7.07,7.17,-0.1,-1.3947,64046.01,45322.788,9.662,6.893558576286924,7.000813377332404,7.010563813791086,6.835055957534841
600829.SH,20230508,7.09,7.15,7.01,7.05,7.07,-0.02,-0.2829,52327.0,36957.414,9.662,6.874057703369563,6.913059449204283,6.9715620679563655,6.835055957534841
600829.SH,20230509,7.07,7.08,6.97,7.01,7.05,-0.04,-0.5674,59395.0,41735.453,9.662,6.835055957534841,6.893558576286924,6.903309012745604,6.796054211700121
600829.SH,20230510,7.03,7.2,6.98,7.04,7.01,0.03,0.428,57187.5,40393.885,9.662,6.864307266910882,6.854556830452202,7.020314250249766,6.8058046481588015
600829.SH,20230511,7.01,7.06,6.9,6.95,7.04,-0.09,-1.2784,49048.0,34154.426,9.662,6.776553338782761,6.835055957534841,6.883808139828242,6.72780115648936
600829.SH,20230512,6.94,7.13,6.92,7.03,6.95,0.08,1.1511,51458.0,36204.44,9.662,6.854556830452202,6.76680290232408,6.952061195039004,6.747302029406719
600829.SH,20230515,6.99,7.09,6.9,7.06,7.03,0.03,0.4267,44383.0,31017.841,9.662,6.883808139828242,6.815555084617482,6.913059449204283,6.72780115648936
600829.SH,20230516,7.06,7.08,6.94,7.02,7.06,-0.04,-0.5666,42890.0,30072.256,9.662,6.8448063939935215,6.883808139828242,6.903309012745604,6.76680290232408
600829.SH,20230517,7.05,7.25,6.89,7.24,7.02,0.22,3.1339,103997.5,74007.608,9.662,7.059315996084487,6.874057703369563,7.069066432543168,6.718050720030679
600829.SH,20230518,7.2,7.45,7.05,7.09,7.24,-0.15,-2.0718,99674.5,71167.953,9.662,6.913059449204283,7.020314250249766,7.264075161716772,6.874057703369563
600829.SH,20230519,7.11,7.14,6.97,7.12,7.09,0.03,0.4231,50833.0,35927.642,9.662,6.942310758580324,6.932560322121644,6.961811631497684,6.796054211700121
600829.SH,20230522,7.07,7.21,7.04,7.12,7.12,0.0,0.0,42740.0,30541.899,9.662,6.942310758580324,6.893558576286924,7.030064686708446,6.864307266910882
600829.SH,20230523,7.12,7.3,7.11,7.17,7.12,0.05,0.7022,76052.01,54944.871,9.662,6.991062940873726,6.942310758580324,7.117818614836568,6.932560322121644
600829.SH,20230524,7.25,7.28,7.04,7.15,7.17,-0.02,-0.2789,56155.12,40158.204,9.662,6.9715620679563655,7.069066432543168,7.0983177419192085,6.864307266910882
600829.SH,20230525,7.12,7.13,6.95,7.01,7.15,-0.14,-1.958,64969.01,45629.684,9.662,6.835055957534841,6.942310758580324,6.952061195039004,6.776553338782761
600829.SH,20230526,7.02,7.29,6.96,7.25,7.01,0.24,3.4237,79317.01,56903.317,9.662,7.069066432543168,6.8448063939935215,7.108068178377888,6.786303775241441
600829.SH,20230529,7.24,7.45,7.2,7.27,7.25,0.02,0.2759,62183.01,45533.402,9.662,7.088567305460527,7.059315996084487,7.264075161716772,7.020314250249766
600829.SH,20230530,7.25,7.31,7.1,7.23,7.27,-0.04,-0.5502,48414.0,34916.489,9.662,7.049565559625806,7.069066432543168,7.127569051295248,6.922809885662963
600829.SH,20230531,7.25,7.44,7.19,7.29,7.23,0.06,0.8299,66648.49,48767.715,9.662,7.108068178377888,7.069066432543168,7.254324725258091,7.010563813791086
600829.SH,20230601,7.31,7.34,7.11,7.13,7.29,-0.16,-2.1948,64954.0,46736.608,9.662,6.952061195039004,7.127569051295248,7.156820360671289,6.932560322121644
600829.SH,20230602,7.1,7.2,7.09,7.1,7.13,-0.03,-0.4208,44469.0,31735.641,9.662,6.922809885662963,6.922809885662963,7.020314250249766,6.913059449204283
600829.SH,20230605,7.09,7.39,7.08,7.3,7.1,0.2,2.8169,71309.01,51764.732,9.662,7.117818614836568,6.913059449204283,7.20557254296469,6.903309012745604
600829.SH,20230606,7.31,7.34,7.09,7.12,7.3,-0.18,-2.4658,64827.0,46780.366,9.662,6.942310758580324,7.127569051295248,7.156820360671289,6.913059449204283
600829.SH,20230607,7.08,7.17,7.02,7.06,7.12,-0.06,-0.8427,64570.0,45782.42,9.662,6.883808139828242,6.903309012745604,6.991062940873726,6.8448063939935215
600829.SH,20230608,7.06,7.1,6.92,6.97,7.06,-0.09,-1.2748,50642.0,35360.998,9.662,6.796054211700121,6.883808139828242,6.922809885662963,6.747302029406719
600829.SH,20230609,6.95,7.18,6.93,7.04,6.97,0.07,1.0043,41918.0,29666.667,9.662,6.864307266910882,6.776553338782761,7.000813377332404,6.757052465865399
600829.SH,20230612,7.01,7.07,6.88,6.97,7.04,-0.07,-0.9943,57434.0,39872.864,9.662,6.796054211700121,6.835055957534841,6.893558576286924,6.708300283571999
600829.SH,20230613,6.94,6.98,6.8,6.82,6.97,-0.15,-2.1521,46405.0,31834.366,9.662,6.649797664819917,6.76680290232408,6.8058046481588015,6.630296791902556
600829.SH,20230614,6.82,7.03,6.77,6.97,6.82,0.15,2.1994,73734.5,50930.711,9.662,6.796054211700121,6.649797664819917,6.854556830452202,6.601045482526515
600829.SH,20230615,6.95,6.99,6.83,6.88,6.97,-0.09,-1.2912,43960.0,30250.589,9.662,6.708300283571999,6.776553338782761,6.815555084617482,6.659548101278597
600829.SH,20230616,6.86,6.94,6.83,6.87,6.88,-0.01,-0.1453,37677.01,25924.995,9.662,6.698549847113319,6.688799410654639,6.76680290232408,6.659548101278597
600829.SH,20230619,6.9,7.0,6.86,6.88,6.87,0.01,0.1456,45788.0,31650.127,9.662,6.708300283571999,6.72780115648936,6.825305521076161,6.688799410654639
600829.SH,20230620,6.85,6.99,6.81,6.82,6.88,-0.06,-0.8721,47621.01,32842.654,9.662,6.649797664819917,6.6790489741959576,6.815555084617482,6.640047228361237
600829.SH,20230621,6.82,6.86,6.72,6.72,6.82,-0.1,-1.4663,32833.01,22220.266,9.662,6.5522933002331145,6.649797664819917,6.688799410654639,6.5522933002331145
600829.SH,20230626,6.62,6.72,6.56,6.6,6.72,-0.12,-1.7857,28404.78,18860.152,9.662,6.435288062728952,6.454788935646313,6.5522933002331145,6.396286316894231
600829.SH,20230627,6.62,6.84,6.62,6.8,6.6,0.2,3.0303,46611.0,31573.755,9.662,6.630296791902556,6.454788935646313,6.669298537737277,6.454788935646313
600829.SH,20230628,6.82,6.86,6.72,6.8,6.8,0.0,0.0,34250.0,23233.917,9.662,6.630296791902556,6.649797664819917,6.688799410654639,6.5522933002331145
600829.SH,20230629,6.79,7.05,6.78,6.98,6.8,0.18,2.6471,41091.5,28614.399,9.662,6.8058046481588015,6.620546355443877,6.874057703369563,6.610795918985197
600829.SH,20230630,7.0,7.13,6.96,7.04,6.98,0.06,0.8596,44349.01,31294.531,9.662,6.864307266910882,6.825305521076161,6.952061195039004,6.786303775241441
600829.SH,20230703,7.08,7.1,6.86,7.05,7.04,0.01,0.142,60425.01,42159.886,9.662,6.874057703369563,6.903309012745604,6.922809885662963,6.688799410654639
600829.SH,20230704,7.06,7.06,6.93,6.98,7.05,-0.07,-0.9929,33565.01,23427.273,9.662,6.8058046481588015,6.883808139828242,6.883808139828242,6.757052465865399
600829.SH,20230705,7.0,7.08,6.95,6.98,6.98,0.0,0.0,47420.0,33268.267,9.662,6.8058046481588015,6.825305521076161,6.903309012745604,6.776553338782761
600829.SH,20230706,7.04,7.13,6.95,6.96,6.98,-0.02,-0.2865,37805.0,26486.22,9.662,6.786303775241441,6.864307266910882,6.952061195039004,6.776553338782761
600829.SH,20230707,6.98,7.01,6.89,6.95,6.96,-0.01,-0.1437,20743.0,14427.645,9.662,6.776553338782761,6.8058046481588015,6.835055957534841,6.718050720030679
600829.SH,20230710,6.97,7.0,6.9,6.95,6.95,0.0,0.0,25712.5,17864.624,9.662,6.776553338782761,6.796054211700121,6.825305521076161,6.72780115648936
600829.SH,20230711,6.94,7.05,6.93,7.05,6.95,0.1,1.4388,29632.0,20742.239,9.662,6.874057703369563,6.76680290232408,6.874057703369563,6.757052465865399
600829.SH,20230712,7.05,7.1,6.96,6.96,7.05,-0.09,-1.2766,31245.0,21967.283,9.662,6.786303775241441,6.874057703369563,6.922809885662963,6.786303775241441
600829.SH,20230713,6.94,7.07,6.94,7.04,6.96,0.08,1.1494,32171.5,22634.991,9.662,6.864307266910882,6.76680290232408,6.893558576286924,6.76680290232408
600829.SH,20230714,7.06,7.07,7.0,7.01,7.04,-0.03,-0.4261,27117.01,19053.926,9.662,6.835055957534841,6.883808139828242,6.893558576286924,6.825305521076161
600829.SH,20230717,6.97,7.05,6.89,7.04,7.01,0.03,0.428,30894.0,21543.751,9.662,6.864307266910882,6.796054211700121,6.874057703369563,6.718050720030679
600829.SH,20230718,7.05,7.12,7.0,7.07,7.04,0.03,0.4261,32835.0,23227.419,9.662,6.893558576286924,6.874057703369563,6.942310758580324,6.825305521076161
600829.SH,20230719,7.09,7.14,7.04,7.12,7.07,0.05,0.7072,31017.0,22000.857,9.662,6.942310758580324,6.913059449204283,6.961811631497684,6.864307266910882
600829.SH,20230720,7.09,7.12,7.0,7.01,7.12,-0.11,-1.5449,24683.0,17398.545,9.662,6.835055957534841,6.913059449204283,6.942310758580324,6.825305521076161
600829.SH,20230721,6.99,7.09,6.97,7.06,7.01,0.05,0.7133,31099.0,21908.89,9.662,6.883808139828242,6.815555084617482,6.913059449204283,6.796054211700121
600829.SH,20230724,7.05,7.14,7.02,7.12,7.06,0.06,0.8499,40762.0,28893.496,9.662,6.942310758580324,6.874057703369563,6.961811631497684,6.8448063939935215
600829.SH,20230725,7.14,7.16,7.07,7.15,7.12,0.03,0.4213,45319.83,32217.572,9.662,6.9715620679563655,6.961811631497684,6.981312504415046,6.893558576286924
600829.SH,20230726,7.16,7.25,7.11,7.23,7.15,0.08,1.1189,40329.61,29003.915,9.662,7.049565559625806,6.981312504415046,7.069066432543168,6.932560322121644
600829.SH,20230727,7.2,7.23,7.1,7.12,7.23,-0.11,-1.5214,43969.51,31449.521,9.662,6.942310758580324,7.020314250249766,7.049565559625806,6.922809885662963
600829.SH,20230728,7.13,7.27,7.09,7.25,7.12,0.13,1.8258,50354.5,36245.634,9.662,7.069066432543168,6.952061195039004,7.088567305460527,6.913059449204283
600829.SH,20230731,7.22,7.37,7.2,7.24,7.25,-0.01,-0.1379,43349.0,31371.86,9.662,7.059315996084487,7.039815123167126,7.186071670047331,7.020314250249766
600829.SH,20230801,7.22,7.24,7.15,7.18,7.24,-0.06,-0.8287,36161.55,25941.201,9.662,7.000813377332404,7.039815123167126,7.059315996084487,6.9715620679563655
600829.SH,20230802,7.12,7.18,7.08,7.1,7.18,-0.08,-1.1142,36760.5,26147.022,9.662,6.922809885662963,6.942310758580324,7.000813377332404,6.903309012745604
600829.SH,20230803,7.07,7.21,7.07,7.19,7.1,0.09,1.2676,36316.52,26016.273,9.662,7.010563813791086,6.893558576286924,7.030064686708446,6.893558576286924
600829.SH,20230804,7.21,7.24,7.13,7.17,7.19,-0.02,-0.2782,31589.02,22658.444,9.662,6.991062940873726,7.030064686708446,7.059315996084487,6.952061195039004
600829.SH,20230807,7.14,7.15,7.01,7.03,7.17,-0.14,-1.9526,39945.02,28203.853,9.662,6.854556830452202,6.961811631497684,6.9715620679563655,6.835055957534841
600829.SH,20230808,7.01,7.15,6.94,7.11,7.03,0.08,1.138,46645.5,32941.137,9.662,6.932560322121644,6.835055957534841,6.9715620679563655,6.76680290232408
600829.SH,20230809,7.11,7.24,7.02,7.14,7.11,0.03,0.4219,42604.0,30383.517,9.662,6.961811631497684,6.932560322121644,7.059315996084487,6.8448063939935215
600829.SH,20230810,7.1,7.34,7.09,7.2,7.14,0.06,0.8403,57513.55,41505.196,9.662,7.020314250249766,6.922809885662963,7.156820360671289,6.913059449204283
600829.SH,20230811,7.2,7.8,7.19,7.72,7.2,0.52,7.2222,279797.31,211715.731,9.662,7.527336946101138,7.020314250249766,7.60534043777058,7.010563813791086
600829.SH,20230814,7.59,7.68,7.37,7.57,7.72,-0.15,-1.943,291571.67,219296.664,9.662,7.381080399220935,7.400581272138295,7.488335200266417,7.186071670047331
600829.SH,20230815,7.51,8.33,7.31,8.33,7.57,0.76,10.0396,288793.41,227863.099,9.662,8.122113570080632,7.322577780468853,8.122113570080632,7.127569051295248
600829.SH,20230816,9.03,9.16,8.54,8.88,8.33,0.55,6.6026,790576.39,703933.089,9.662,8.658387575308044,8.804644122188249,8.93139979615109,8.326872735712916
600829.SH,20230817,8.7,9.77,8.56,9.77,8.88,0.89,10.0225,802342.36,749526.368,9.662,9.526176420130584,8.4828797190518,9.526176420130584,8.346373608630278
600829.SH,20230818,9.35,10.5,8.79,9.8,9.77,0.03,0.3071,831886.54,775353.077,9.662,9.555427729506627,9.116658088866016,10.237958281614242,8.570633647179921
600829.SH,20230821,9.18,9.33,8.82,8.82,9.8,-0.98,-10.0,460797.05,415042.722,9.662,8.599884956555965,8.950900669068451,9.097157215948656,8.599884956555965
600829.SH,20230822,8.57,8.69,7.94,8.13,8.82,-0.69,-7.8231,557126.43,456825.765,9.662,7.9271048409070275,8.356124045088958,8.47312928259312,7.741846548192104
600829.SH,20230823,8.08,8.52,7.82,8.19,8.13,0.06,0.738,451316.5,371028.924,9.662,7.985607459659109,7.878352658613626,8.307371862795556,7.62484131068794
600829.SH,20230824,7.94,8.03,7.59,7.65,8.19,-0.54,-6.5934,384837.2,298182.018,9.662,7.459083890890377,7.741846548192104,7.829600476320224,7.400581272138295
600829.SH,20230825,7.64,7.83,7.35,7.64,7.65,-0.01,-0.1307,349796.61,264501.247,9.662,7.449333454431697,7.449333454431697,7.6345917471466205,7.16657079712997
600829.SH,20230828,7.98,8.0,7.34,7.47,7.64,-0.17,-2.2251,343073.3,261775.028,9.662,7.283576034634131,7.780848294026824,7.800349166944184,7.156820360671289
600829.SH,20230829,7.39,7.68,7.35,7.67,7.47,0.2,2.6774,297266.76,224447.394,9.662,7.478584763807736,7.20557254296469,7.488335200266417,7.16657079712997
600829.SH,20230830,7.6,7.85,7.54,7.67,7.67,0.0,0.0,286680.56,220178.833,9.662,7.478584763807736,7.410331708596975,7.65409262006398,7.351829089844894
600829.SH,20230831,7.64,8.22,7.46,8.13,7.67,0.46,5.9974,502760.96,394950.375,9.662,7.9271048409070275,7.449333454431697,8.01485876903515,7.273825598175453
600829.SH,20230901,7.87,7.9,7.73,7.77,8.13,-0.36,-4.428,305501.81,238411.992,9.662,7.576089128394538,7.6735934929813405,7.702844802357382,7.537087382559818
600829.SH,20230904,7.78,7.84,7.7,7.79,7.77,0.02,0.2574,186580.25,144900.323,9.662,7.5955900013118995,7.585839564853219,7.644342183605302,7.507836073183777
600829.SH,20230905,7.71,7.83,7.62,7.63,7.79,-0.16,-2.0539,180696.51,138755.624,9.662,7.439583017973016,7.517586509642458,7.6345917471466205,7.429832581514336
600829.SH,20230906,7.58,7.63,7.49,7.51,7.63,-0.12,-1.5727,160522.0,120881.3,9.662,7.322577780468853,7.390830835679615,7.439583017973016,7.303076907551492
600829.SH,20230907,7.43,7.54,7.4,7.41,7.51,-0.1,-1.3316,123971.92,92244.684,9.662,7.225073415882051,7.244574288799411,7.351829089844894,7.21532297942337
600829.SH,20230908,7.38,7.51,7.37,7.48,7.41,0.07,0.9447,87229.02,64933.4,9.662,7.293326471092813,7.195822106506009,7.322577780468853,7.186071670047331
600829.SH,20230911,7.49,7.64,7.48,7.56,7.48,0.08,1.0695,150218.0,113780.924,9.662,7.371329962762253,7.303076907551492,7.449333454431697,7.293326471092813
600829.SH,20230912,7.58,7.71,7.54,7.63,7.56,0.07,0.9259,117005.0,89375.287,9.662,7.439583017973016,7.390830835679615,7.517586509642458,7.351829089844894
600829.SH,20230913,7.63,7.67,7.52,7.55,7.63,-0.08,-1.0485,102762.0,77899.731,9.662,7.361579526303575,7.439583017973016,7.478584763807736,7.332328216927533
600829.SH,20230914,7.58,7.81,7.56,7.65,7.55,0.1,1.3245,151980.0,116726.015,9.662,7.459083890890377,7.390830835679615,7.61509087422926,7.371329962762253
600829.SH,20230915,7.67,7.8,7.6,7.76,7.65,0.11,1.4379,137624.84,106380.833,9.662,7.566338691935858,7.478584763807736,7.60534043777058,7.410331708596975
600829.SH,20230918,7.75,7.83,7.69,7.81,7.76,0.05,0.6443,116210.24,90194.45,9.662,7.61509087422926,7.5565882554771795,7.6345917471466205,7.498085636725097
600829.SH,20230919,7.81,8.14,7.76,8.12,7.81,0.31,3.9693,318847.68,256048.373,9.662,7.917354404448346,7.61509087422926,7.936855277365709,7.566338691935858
600829.SH,20230920,8.0,8.26,7.88,7.99,8.12,-0.13,-1.601,249076.63,200188.342,9.662,7.790598730485504,7.800349166944184,8.05386051486987,7.683343929440022
600829.SH,20230921,7.9,7.93,7.73,7.73,7.99,-0.26,-3.2541,180774.49,140843.596,9.662,7.537087382559818,7.702844802357382,7.732096111733423,7.537087382559818
600829.SH,20230922,7.71,7.75,7.55,7.71,7.73,-0.02,-0.2587,129329.89,98975.089,9.662,7.517586509642458,7.517586509642458,7.5565882554771795,7.361579526303575
600829.SH,20230925,7.65,7.79,7.56,7.74,7.71,0.03,0.3891,103197.01,79687.113,9.662,7.546837819018499,7.459083890890377,7.5955900013118995,7.371329962762253
600829.SH,20230926,7.69,7.73,7.6,7.66,7.74,-0.08,-1.0336,90118.0,68991.074,9.662,7.468834327349057,7.498085636725097,7.537087382559818,7.410331708596975
600829.SH,20230927,7.68,7.88,7.66,7.81,7.66,0.15,1.9582,121086.0,94242.338,9.662,7.61509087422926,7.488335200266417,7.683343929440022,7.468834327349057
600829.SH,20230928,7.78,7.95,7.72,7.86,7.81,0.05,0.6402,96025.0,75425.466,9.662,7.663843056522662,7.585839564853219,7.751596984650784,7.527336946101138
600829.SH,20231009,7.84,7.89,7.65,7.79,7.86,-0.07,-0.8906,97556.0,75552.534,9.662,7.5955900013118995,7.644342183605302,7.693094365898702,7.459083890890377
600829.SH,20231010,7.82,7.82,7.54,7.57,7.79,-0.22,-2.8241,101882.0,77630.325,9.662,7.381080399220935,7.62484131068794,7.62484131068794,7.351829089844894
600829.SH,20231011,7.59,7.79,7.55,7.66,7.57,0.09,1.1889,105097.0,81014.639,9.662,7.468834327349057,7.400581272138295,7.5955900013118995,7.361579526303575
600829.SH,20231012,7.66,7.9,7.66,7.79,7.66,0.13,1.6971,116384.0,90625.492,9.662,7.5955900013118995,7.468834327349057,7.702844802357382,7.468834327349057
600829.SH,20231013,7.76,7.97,7.7,7.85,7.79,0.06,0.7702,123609.0,97298.011,9.662,7.65409262006398,7.566338691935858,7.771097857568143,7.507836073183777
600829.SH,20231016,7.84,7.97,7.66,7.7,7.85,-0.15,-1.9108,115303.0,89859.927,9.662,7.507836073183777,7.644342183605302,7.771097857568143,7.468834327349057
600829.SH,20231017,7.74,7.74,7.52,7.61,7.7,-0.09,-1.1688,93463.0,70856.751,9.662,7.420082145055655,7.546837819018499,7.546837819018499,7.332328216927533
600829.SH,20231018,7.6,7.62,7.4,7.4,7.61,-0.21,-2.7595,84222.0,62862.658,9.662,7.21532297942337,7.410331708596975,7.429832581514336,7.21532297942337
600829.SH,20231019,7.36,7.41,7.23,7.28,7.4,-0.12,-1.6216,74697.62,54641.081,9.662,7.0983177419192085,7.17632123358865,7.225073415882051,7.049565559625806
600829.SH,20231020,7.23,7.36,7.23,7.29,7.28,0.01,0.1374,62416.0,45557.143,9.662,7.108068178377888,7.049565559625806,7.17632123358865,7.049565559625806
600829.SH,20231023,7.26,7.27,7.05,7.11,7.29,-0.18,-2.4691,65621.0,46784.913,9.662,6.932560322121644,7.078816869001848,7.088567305460527,6.874057703369563
600829.SH,20231024,7.12,7.32,7.1,7.28,7.11,0.17,2.391,73829.01,53385.29,9.662,7.0983177419192085,6.942310758580324,7.1373194877539285,6.922809885662963
600829.SH,20231025,7.32,7.36,7.24,7.25,7.28,-0.03,-0.4121,74699.0,54443.716,9.662,7.069066432543168,7.1373194877539285,7.17632123358865,7.059315996084487
600829.SH,20231026,7.21,7.28,7.13,7.26,7.25,0.01,0.1379,61688.0,44333.872,9.662,7.078816869001848,7.030064686708446,7.0983177419192085,6.952061195039004
600829.SH,20231027,7.26,7.55,7.19,7.5,7.26,0.24,3.3058,116013.0,85789.526,9.662,7.312827344010173,7.078816869001848,7.361579526303575,7.010563813791086
600829.SH,20231030,7.54,7.72,7.49,7.65,7.5,0.15,2.0,100462.49,76823.562,9.662,7.459083890890377,7.351829089844894,7.527336946101138,7.303076907551492
600829.SH,20231031,7.66,7.75,7.57,7.69,7.65,0.04,0.5229,92478.49,71063.228,9.662,7.498085636725097,7.468834327349057,7.5565882554771795,7.381080399220935
600829.SH,20231101,7.67,7.72,7.53,7.7,7.69,0.01,0.13,72462.51,55370.139,9.662,7.507836073183777,7.478584763807736,7.527336946101138,7.342078653386213
600829.SH,20231102,7.68,7.71,7.61,7.61,7.7,-0.09,-1.1688,44348.0,33878.558,9.662,7.420082145055655,7.488335200266417,7.517586509642458,7.420082145055655
600829.SH,20231103,7.61,7.74,7.61,7.63,7.61,0.02,0.2628,50559.0,38743.795,9.662,7.439583017973016,7.420082145055655,7.546837819018499,7.420082145055655
600829.SH,20231106,7.6,7.73,7.6,7.72,7.63,0.09,1.1796,65124.5,50142.5,9.662,7.527336946101138,7.410331708596975,7.537087382559818,7.410331708596975
600829.SH,20231107,7.71,7.81,7.67,7.75,7.72,0.03,0.3886,71822.0,55719.09,9.662,7.5565882554771795,7.517586509642458,7.61509087422926,7.478584763807736
600829.SH,20231108,7.75,7.92,7.72,7.84,7.75,0.09,1.1613,85498.0,67029.988,9.662,7.644342183605302,7.5565882554771795,7.722345675274743,7.527336946101138
600829.SH,20231109,7.83,7.94,7.7,7.74,7.84,-0.1,-1.2755,77150.99,60143.319,9.662,7.546837819018499,7.6345917471466205,7.741846548192104,7.507836073183777
600829.SH,20231110,7.74,8.03,7.65,7.92,7.74,0.18,2.3256,137931.0,108709.495,9.662,7.722345675274743,7.546837819018499,7.829600476320224,7.459083890890377
600829.SH,20231113,7.88,7.88,7.72,7.86,7.92,-0.06,-0.7576,122452.0,95278.838,9.662,7.663843056522662,7.683343929440022,7.683343929440022,7.527336946101138
600829.SH,20231114,7.83,7.89,7.76,7.84,7.86,-0.02,-0.2545,93673.0,73281.465,9.662,7.644342183605302,7.6345917471466205,7.693094365898702,7.566338691935858
600829.SH,20231115,7.85,7.89,7.76,7.79,7.84,-0.05,-0.6378,67772.01,52845.17,9.662,7.5955900013118995,7.65409262006398,7.693094365898702,7.566338691935858
600829.SH,20231116,7.78,7.83,7.71,7.71,7.79,-0.08,-1.027,51690.0,40014.434,9.662,7.517586509642458,7.585839564853219,7.6345917471466205,7.517586509642458
600829.SH,20231117,7.71,7.83,7.66,7.82,7.71,0.11,1.4267,63092.0,48952.272,9.662,7.62484131068794,7.517586509642458,7.6345917471466205,7.468834327349057
600829.SH,20231120,7.83,7.92,7.79,7.89,7.82,0.07,0.8951,64407.0,50595.414,9.662,7.693094365898702,7.6345917471466205,7.722345675274743,7.5955900013118995
600829.SH,20231121,7.89,7.97,7.85,7.92,7.89,0.03,0.3802,77663.03,61460.73,9.662,7.722345675274743,7.693094365898702,7.771097857568143,7.65409262006398
600829.SH,20231122,7.9,7.99,7.87,7.92,7.92,0.0,0.0,81451.99,64717.868,9.662,7.722345675274743,7.702844802357382,7.790598730485504,7.6735934929813405
600829.SH,20231123,7.93,8.09,7.93,8.07,7.92,0.15,1.8939,105505.0,84845.521,9.662,7.868602222154945,7.732096111733423,7.888103095072307,7.732096111733423
600829.SH,20231124,8.08,8.6,8.06,8.49,8.07,0.42,5.2045,332030.02,279339.049,9.662,8.278120553419516,7.878352658613626,8.385375354465,7.858851785696267
600829.SH,20231127,8.66,8.79,8.24,8.3,8.49,-0.19,-2.2379,281373.7,236312.79,9.662,8.092862260704592,8.443877973217079,8.570633647179921,8.034359641952511
600829.SH,20231128,8.32,8.37,8.06,8.36,8.3,0.06,0.7229,175477.7,144552.61,9.662,8.151364879456672,8.112363133621953,8.161115315915353,7.858851785696267
600829.SH,20231129,8.32,8.32,8.07,8.09,8.36,-0.27,-3.2297,135591.03,110496.092,9.662,7.888103095072307,8.112363133621953,8.112363133621953,7.868602222154945
600829.SH,20231130,8.07,8.12,7.94,8.1,8.09,0.01,0.1236,100509.74,80789.957,9.662,7.897853531530987,7.868602222154945,7.917354404448346,7.741846548192104
600829.SH,20231201,8.1,8.25,8.05,8.15,8.1,0.05,0.6173,84936.0,69126.285,9.662,7.946605713824389,7.897853531530987,8.04411007841119,7.849101349237586
600829.SH,20231204,8.16,8.25,8.09,8.2,8.15,0.05,0.6135,89945.0,73548.342,9.662,7.995357896117787,7.956356150283067,8.04411007841119,7.888103095072307
600829.SH,20231205,8.23,8.23,8.06,8.08,8.2,-0.12,-1.4634,86547.0,70267.395,9.662,7.878352658613626,8.02460920549383,8.02460920549383,7.858851785696267
600829.SH,20231206,8.07,8.1,7.95,8.02,8.08,-0.06,-0.7426,75039.0,60238.602,9.662,7.819850039861545,7.868602222154945,7.897853531530987,7.751596984650784
600829.SH,20231207,8.0,8.02,7.89,7.93,8.02,-0.09,-1.1222,68632.1,54555.202,9.662,7.732096111733423,7.800349166944184,7.819850039861545,7.693094365898702
600829.SH,20231208,7.95,7.98,7.77,7.79,7.93,-0.14,-1.7654,67740.74,53218.083,9.662,7.5955900013118995,7.751596984650784,7.780848294026824,7.576089128394538
600829.SH,20231211,7.76,7.87,7.69,7.86,7.79,0.07,0.8986,61933.0,48315.566,9.662,7.663843056522662,7.566338691935858,7.6735934929813405,7.498085636725097
600829.SH,20231212,7.87,7.95,7.84,7.9,7.86,0.04,0.5089,52209.01,41172.958,9.662,7.702844802357382,7.6735934929813405,7.751596984650784,7.644342183605302
600829.SH,20231213,7.9,8.17,7.89,8.04,7.9,0.14,1.7722,105606.0,85317.427,9.662,7.839350912778904,7.702844802357382,7.9661065867417475,7.693094365898702
600829.SH,20231214,8.0,8.15,7.95,8.03,8.04,-0.01,-0.1244,85583.0,68923.869,9.662,7.829600476320224,7.800349166944184,7.946605713824389,7.751596984650784
600829.SH,20231215,8.03,8.07,7.85,7.88,8.03,-0.15,-1.868,67087.82,53039.414,9.662,7.683343929440022,7.829600476320224,7.868602222154945,7.65409262006398
600829.SH,20231218,7.87,7.98,7.78,7.83,7.88,-0.05,-0.6345,55937.01,44083.642,9.662,7.6345917471466205,7.6735934929813405,7.780848294026824,7.585839564853219
600829.SH,20231219,7.82,7.85,7.63,7.69,7.83,-0.14,-1.788,64029.0,49263.257,9.662,7.498085636725097,7.62484131068794,7.65409262006398,7.439583017973016
600829.SH,20231220,7.69,7.81,7.65,7.67,7.69,-0.02,-0.2601,41130.66,31782.826,9.662,7.478584763807736,7.498085636725097,7.61509087422926,7.459083890890377
600829.SH,20231221,7.66,7.71,7.48,7.7,7.67,0.03,0.3911,51682.21,39263.569,9.662,7.507836073183777,7.468834327349057,7.517586509642458,7.293326471092813
600829.SH,20231222,7.7,7.7,7.51,7.52,7.7,-0.18,-2.3377,47043.7,35685.098,9.662,7.332328216927533,7.507836073183777,7.507836073183777,7.322577780468853
600829.SH,20231225,7.49,7.58,7.42,7.5,7.52,-0.02,-0.266,35234.0,26369.386,9.662,7.312827344010173,7.303076907551492,7.390830835679615,7.234823852340731
600829.SH,20231226,7.51,7.63,7.45,7.47,7.5,-0.03,-0.4,46720.65,35227.367,9.662,7.283576034634131,7.322577780468853,7.439583017973016,7.264075161716772
600829.SH,20231227,7.48,7.63,7.45,7.61,7.47,0.14,1.8742,40901.01,30859.755,9.662,7.420082145055655,7.293326471092813,7.439583017973016,7.264075161716772
600829.SH,20231228,7.63,7.7,7.5,7.66,7.61,0.05,0.657,44220.0,33706.292,9.662,7.468834327349057,7.439583017973016,7.507836073183777,7.312827344010173
600829.SH,20231229,7.63,7.83,7.61,7.82,7.66,0.16,2.0888,55948.0,43398.317,9.662,7.62484131068794,7.439583017973016,7.6345917471466205,7.420082145055655
600829.SH,20240102,7.81,7.98,7.76,7.92,7.82,0.1,1.2788,55577.0,43942.653,9.662,7.722345675274743,7.61509087422926,7.780848294026824,7.566338691935858
600829.SH,20240103,7.91,8.07,7.87,8.0,7.92,0.08,1.0101,58668.0,46815.812,9.662,7.800349166944184,7.712595238816062,7.868602222154945,7.6735934929813405
600829.SH,20240104,8.05,8.19,7.95,8.16,8.0,0.16,2.0,95607.01,77396.5,9.662,7.956356150283067,7.849101349237586,7.985607459659109,7.751596984650784
600829.SH,20240105,8.07,8.07,7.86,7.86,8.16,-0.3,-3.6765,81052.0,64525.673,9.662,7.663843056522662,7.868602222154945,7.868602222154945,7.663843056522662
600829.SH,20240108,7.85,7.98,7.73,7.76,7.86,-0.1,-1.2723,50616.5,39675.849,9.662,7.566338691935858,7.65409262006398,7.780848294026824,7.537087382559818
600829.SH,20240109,7.76,8.45,7.72,8.14,7.76,0.38,4.8969,180554.01,145689.261,9.662,7.936855277365709,7.566338691935858,8.239118807584795,7.527336946101138
600829.SH,20240110,7.98,8.07,7.87,7.89,8.14,-0.25,-3.0713,137763.07,109342.438,9.662,7.693094365898702,7.780848294026824,7.868602222154945,7.6735934929813405
600829.SH,20240111,7.85,7.95,7.74,7.89,7.89,0.0,0.0,83326.0,65489.251,9.662,7.693094365898702,7.65409262006398,7.751596984650784,7.546837819018499
600829.SH,20240112,7.88,8.0,7.76,7.78,7.89,-0.11,-1.3942,72760.7,57351.37,9.662,7.585839564853219,7.683343929440022,7.800349166944184,7.566338691935858
600829.SH,20240115,7.76,7.95,7.7,7.9,7.78,0.12,1.5424,72909.01,57393.617,9.662,7.702844802357382,7.566338691935858,7.751596984650784,7.507836073183777
600829.SH,20240116,7.92,7.95,7.68,7.83,7.9,-0.07,-0.8861,76196.0,59455.008,9.662,7.6345917471466205,7.722345675274743,7.751596984650784,7.488335200266417
600829.SH,20240117,7.82,7.9,7.6,7.61,7.83,-0.22,-2.8097,66564.0,51701.094,9.662,7.420082145055655,7.62484131068794,7.702844802357382,7.410331708596975
600829.SH,20240118,7.55,7.57,7.26,7.51,7.61,-0.1,-1.3141,73352.0,54280.662,9.662,7.322577780468853,7.361579526303575,7.381080399220935,7.078816869001848
600829.SH,20240119,7.49,7.61,7.4,7.42,7.51,-0.09,-1.1984,43877.0,32819.604,9.662,7.234823852340731,7.303076907551492,7.420082145055655,7.21532297942337
600829.SH,20240122,7.37,7.42,6.72,6.86,7.42,-0.56,-7.5472,67810.0,48187.565,9.662,6.688799410654639,7.186071670047331,7.234823852340731,6.5522933002331145
600829.SH,20240123,6.92,6.92,6.59,6.84,6.86,-0.02,-0.2915,71436.0,48128.619,9.662,6.669298537737277,6.747302029406719,6.747302029406719,6.425537626270272
600829.SH,20240124,6.86,7.03,6.71,7.03,6.84,0.19,2.7778,82845.0,57134.105,9.662,6.854556830452202,6.688799410654639,6.854556830452202,6.542542863774434
600829.SH,20240125,7.09,7.59,7.08,7.58,7.03,0.55,7.8236,109268.0,80681.521,9.662,7.390830835679615,6.913059449204283,7.400581272138295,6.903309012745604
600829.SH,20240126,7.63,7.63,7.41,7.53,7.58,-0.05,-0.6596,71311.0,53649.827,9.662,7.342078653386213,7.439583017973016,7.439583017973016,7.225073415882051
600829.SH,20240129,7.54,7.55,7.27,7.28,7.53,-0.25,-3.3201,51497.0,37854.535,9.662,7.0983177419192085,7.351829089844894,7.361579526303575,7.088567305460527
600829.SH,20240130,7.16,7.28,6.93,6.96,7.28,-0.32,-4.3956,53512.0,37920.78,9.662,6.786303775241441,6.981312504415046,7.0983177419192085,6.757052465865399
600829.SH,20240131,6.92,6.95,6.56,6.58,6.96,-0.38,-5.4598,67397.65,45266.443,9.662,6.415787189811592,6.747302029406719,6.776553338782761,6.396286316894231
600829.SH,20240201,6.58,6.65,6.23,6.36,6.58,-0.22,-3.3435,71649.01,45827.533,9.662,6.201277587720627,6.415787189811592,6.484040245022353,6.074521913757784
600829.SH,20240202,6.36,6.49,5.8,6.03,6.36,-0.33,-5.1887,72523.0,44681.698,9.662,5.879513184584179,6.201277587720627,6.32803326168347,5.655253146034533
600829.SH,20240205,5.96,5.96,5.43,5.43,6.03,-0.6,-9.9502,105078.01,58082.419,9.662,5.294486997063365,5.811260129373417,5.811260129373417,5.294486997063365
600829.SH,20240206,5.11,5.65,4.96,5.49,5.43,0.06,1.105,137973.84,72566.779,9.662,5.352989615815447,4.982473030385598,5.50899659915433,4.836216483505394
600829.SH,20240207,5.42,5.48,5.13,5.23,5.49,-0.26,-4.7359,179188.05,93819.33,9.662,5.0994782678897606,5.284736560604684,5.343239179356766,5.001973903302958
600829.SH,20240208,5.26,5.72,5.16,5.7,5.23,0.47,8.9866,196624.72,106159.303,9.662,5.557748781447732,5.128729577265801,5.577249654365092,5.031225212678999
600829.SH,20240219,5.75,5.95,5.71,5.85,5.7,0.15,2.6316,141325.68,82454.889,9.662,5.704005328327934,5.606500963741133,5.801509692914737,5.567499217906411
600829.SH,20240220,5.84,6.03,5.72,5.97,5.85,0.12,2.0513,82380.31,48694.485,9.662,5.821010565832098,5.694254891869255,5.879513184584179,5.577249654365092
600829.SH,20240221,5.89,6.16,5.85,6.02,5.97,0.05,0.8375,84034.99,50828.637,9.662,5.869762748125499,5.743007074162655,6.006268858547022,5.704005328327934
600829.SH,20240222,6.03,6.18,5.97,6.18,6.02,0.16,2.6578,89628.1,54505.981,9.662,6.025769731464382,5.879513184584179,6.025769731464382,5.821010565832098
600829.SH,20240223,6.21,6.36,6.12,6.36,6.18,0.18,2.9126,85745.1,53470.426,9.662,6.201277587720627,6.055021040840424,6.201277587720627,5.967267112712301
600829.SH,20240226,6.33,6.52,6.29,6.42,6.36,0.06,0.9434,80854.0,51785.394,9.662,6.259780206472708,6.172026278344586,6.35728457105951,6.133024532509865
600829.SH,20240227,6.4,6.57,6.34,6.56,6.42,0.14,2.1807,56777.0,36855.438,9.662,6.396286316894231,6.240279333555348,6.406036753352912,6.181776714803266
600829.SH,20240228,6.57,6.75,6.08,6.1,6.56,-0.46,-7.0122,126517.24,81327.783,9.662,5.94776623979494,6.406036753352912,6.581544609609155,5.92826536687758
600829.SH,20240229,6.09,6.28,6.01,6.28,6.1,0.18,2.9508,87564.39,54296.033,9.662,6.123274096051185,5.93801580333626,6.123274096051185,5.860012311666818
600829.SH,20240301,6.3,6.39,6.23,6.33,6.28,0.05,0.7962,61325.0,38584.122,9.662,6.172026278344586,6.142774968968545,6.230528897096667,6.074521913757784
600829.SH,20240304,6.38,6.48,6.29,6.41,6.33,0.08,1.2638,59564.0,38015.325,9.662,6.250029770014028,6.220778460637987,6.31828282522479,6.133024532509865
600829.SH,20240305,6.41,6.41,6.24,6.27,6.41,-0.14,-2.1841,38988.85,24584.268,9.662,6.113523659592504,6.250029770014028,6.250029770014028,6.084272350216464
600829.SH,20240306,6.23,6.31,6.17,6.25,6.27,-0.02,-0.319,36491.0,22757.534,9.662,6.094022786675144,6.074521913757784,6.152525405427226,6.016019295005703
600829.SH,20240307,6.32,6.42,6.24,6.27,6.25,0.02,0.32,48803.85,30781.594,9.662,6.113523659592504,6.162275841885906,6.259780206472708,6.084272350216464
600829.SH,20240308,6.25,6.33,6.2,6.33,6.27,0.06,0.9569,45193.0,28407.49,9.662,6.172026278344586,6.094022786675144,6.172026278344586,6.045270604381743
600829.SH,20240311,6.33,6.42,6.3,6.41,6.33,0.08,1.2638,52703.05,33519.542,9.662,6.250029770014028,6.172026278344586,6.259780206472708,6.142774968968545
600829.SH,20240312,6.43,6.53,6.41,6.52,6.41,0.11,1.7161,49609.0,32145.972,9.662,6.35728457105951,6.269530642931388,6.367035007518191,6.250029770014028
600829.SH,20240313,6.52,6.64,6.44,6.54,6.52,0.02,0.3067,54233.01,35450.981,9.662,6.37678544397687,6.35728457105951,6.474289808563673,6.279281079390069
600829.SH,20240314,6.59,6.63,6.46,6.54,6.54,0.0,0.0,42129.02,27646.694,9.662,6.37678544397687,6.425537626270272,6.464539372104992,6.298781952307429
600829.SH,20240315,6.56,6.63,6.5,6.62,6.54,0.08,1.2232,43634.0,28671.143,9.662,6.454788935646313,6.396286316894231,6.464539372104992,6.337783698142149
600829.SH,20240318,6.68,6.78,6.6,6.77,6.62,0.15,2.2659,58068.0,38780.716,9.662,6.601045482526515,6.5132915543983945,6.610795918985197,6.435288062728952
600829.SH,20240319,6.76,6.84,6.71,6.73,6.77,-0.04,-0.5908,51471.0,34843.633,9.662,6.562043736691795,6.591295046067836,6.669298537737277,6.542542863774434
600829.SH,20240320,6.75,6.93,6.68,6.88,6.73,0.15,2.2288,71103.34,48339.747,9.662,6.708300283571999,6.581544609609155,6.757052465865399,6.5132915543983945
600829.SH,20240321,6.85,6.91,6.79,6.89,6.88,0.01,0.1453,42065.72,28880.825,9.662,6.718050720030679,6.6790489741959576,6.737551592948039,6.620546355443877
600829.SH,20240322,6.86,6.89,6.66,6.79,6.89,-0.1,-1.4514,55303.0,37416.886,9.662,6.620546355443877,6.688799410654639,6.718050720030679,6.493790681481034
600829.SH,20240325,6.78,6.85,6.62,6.64,6.79,-0.15,-2.2091,48028.81,32398.724,9.662,6.474289808563673,6.610795918985197,6.6790489741959576,6.454788935646313
600829.SH,20240326,6.67,6.69,6.49,6.62,6.64,-0.02,-0.3012,40869.09,26922.826,9.662,6.454788935646313,6.503541117939714,6.523041990857075,6.32803326168347
600829.SH,20240327,6.64,6.71,6.56,6.57,6.62,-0.05,-0.7553,48953.0,32473.591,9.662,6.406036753352912,6.474289808563673,6.542542863774434,6.396286316894231
600829.SH,20240328,6.55,6.68,6.4,6.57,6.57,0.0,0.0,80544.25,52693.744,9.662,6.406036753352912,6.386535880435551,6.5132915543983945,6.240279333555348
600829.SH,20240329,6.54,6.62,6.51,6.61,6.57,0.04,0.6088,55859.25,36713.362,9.662,6.445038499187633,6.37678544397687,6.454788935646313,6.347534134600831
600829.SH,20240401,6.61,6.74,6.61,6.73,6.61,0.12,1.8154,56915.59,37972.233,9.662,6.562043736691795,6.445038499187633,6.571794173150475,6.445038499187633
600829.SH,20240402,6.72,6.75,6.64,6.74,6.73,0.01,0.1486,50354.12,33812.575,9.662,6.571794173150475,6.5522933002331145,6.581544609609155,6.474289808563673
600829.SH,20240403,6.68,6.8,6.66,6.78,6.74,0.04,0.5935,47184.01,31799.384,9.662,6.610795918985197,6.5132915543983945,6.630296791902556,6.493790681481034
600829.SH,20240408,6.74,6.75,6.56,6.58,6.78,-0.2,-2.9499,53284.19,35431.152,9.662,6.415787189811592,6.571794173150475,6.581544609609155,6.396286316894231
600829.SH,20240409,6.6,6.73,6.52,6.73,6.58,0.15,2.2796,41905.0,27741.142,9.662,6.562043736691795,6.435288062728952,6.562043736691795,6.35728457105951
600829.SH,20240410,6.72,6.72,6.52,6.58,6.73,-0.15,-2.2288,38294.0,25373.765,9.662,6.415787189811592,6.5522933002331145,6.5522933002331145,6.35728457105951
600829.SH,20240411,6.57,6.69,6.47,6.61,6.58,0.03,0.4559,36929.67,24440.296,9.662,6.445038499187633,6.406036753352912,6.523041990857075,6.308532388766109
600829.SH,20240412,6.64,6.7,6.53,6.54,6.61,-0.07,-1.059,36945.0,24402.258,9.662,6.37678544397687,6.474289808563673,6.532792427315755,6.367035007518191
600829.SH,20240415,6.5,6.58,6.08,6.22,6.54,-0.32,-4.893,86420.0,54528.259,9.662,6.064771477299104,6.337783698142149,6.415787189811592,5.92826536687758
600829.SH,20240416,6.22,6.22,5.78,5.8,6.22,-0.42,-6.7524,81705.76,48549.594,9.662,5.655253146034533,6.064771477299104,6.064771477299104,5.635752273117173
600829.SH,20240417,5.81,6.23,5.81,6.22,5.8,0.42,7.2414,75488.67,46088.022,9.662,6.064771477299104,5.665003582493213,6.074521913757784,5.665003582493213
600829.SH,20240418,6.18,6.27,6.1,6.18,6.22,-0.04,-0.6431,54216.0,33565.541,9.662,6.025769731464382,6.025769731464382,6.113523659592504,5.94776623979494
600829.SH,20240419,6.16,6.26,6.09,6.21,6.18,0.03,0.4854,39393.39,24373.983,9.662,6.055021040840424,6.006268858547022,6.103773223133825,5.93801580333626
600829.SH,20240422,6.28,6.36,6.14,6.22,6.21,0.01,0.161,57718.0,36095.37,9.662,6.064771477299104,6.123274096051185,6.201277587720627,5.986767985629661
600829.SH,20240423,6.19,6.39,6.19,6.28,6.22,0.06,0.9646,53715.78,33803.794,9.662,6.123274096051185,6.035520167923063,6.230528897096667,6.035520167923063
600829.SH,20240424,6.34,6.38,6.24,6.34,6.28,0.06,0.9554,42364.0,26734.896,9.662,6.181776714803266,6.181776714803266,6.220778460637987,6.084272350216464
600829.SH,20240425,6.32,6.43,6.3,6.4,6.34,0.06,0.9464,39910.0,25487.389,9.662,6.240279333555348,6.162275841885906,6.269530642931388,6.142774968968545
600829.SH,20240426,6.4,6.45,6.36,6.45,6.4,0.05,0.7813,42013.13,26991.253,9.662,6.289031515848748,6.240279333555348,6.289031515848748,6.201277587720627
600829.SH,20240429,6.45,6.61,6.44,6.61,6.45,0.16,2.4806,46034.5,30170.366,9.662,6.445038499187633,6.289031515848748,6.445038499187633,6.279281079390069
600829.SH,20240430,6.65,6.73,6.58,6.69,6.61,0.08,1.2103,53690.0,35859.94,9.662,6.523041990857075,6.484040245022353,6.562043736691795,6.415787189811592
600829.SH,20240506,6.73,6.9,6.73,6.88,6.69,0.19,2.8401,56878.0,38951.542,9.662,6.708300283571999,6.562043736691795,6.72780115648936,6.562043736691795
600829.SH,20240507,6.91,6.94,6.84,6.88,6.88,0.0,0.0,49130.0,33783.597,9.662,6.708300283571999,6.737551592948039,6.76680290232408,6.669298537737277
600829.SH,20240508,6.88,6.95,6.8,6.87,6.88,-0.01,-0.1453,43009.0,29555.694,9.662,6.698549847113319,6.708300283571999,6.776553338782761,6.630296791902556
600829.SH,20240509,6.92,7.03,6.78,6.95,6.87,0.08,1.1645,47037.0,32622.438,9.662,6.776553338782761,6.747302029406719,6.854556830452202,6.610795918985197
600829.SH,20240510,6.95,7.0,6.84,6.87,6.95,-0.08,-1.1511,38105.5,26366.16,9.662,6.698549847113319,6.776553338782761,6.825305521076161,6.669298537737277
600829.SH,20240513,6.8,6.91,6.76,6.81,6.87,-0.06,-0.8734,49364.0,33641.309,9.662,6.640047228361237,6.630296791902556,6.737551592948039,6.591295046067836
600829.SH,20240514,6.81,6.96,6.78,6.91,6.81,0.1,1.4684,39138.5,26992.443,9.662,6.737551592948039,6.640047228361237,6.786303775241441,6.610795918985197
600829.SH,20240515,6.96,6.96,6.8,6.83,6.91,-0.08,-1.1577,32036.0,21964.256,9.662,6.659548101278597,6.786303775241441,6.786303775241441,6.630296791902556
600829.SH,20240516,6.88,6.88,6.78,6.78,6.83,-0.05,-0.7321,31556.0,21530.367,9.662,6.610795918985197,6.708300283571999,6.708300283571999,6.610795918985197
600829.SH,20240517,6.83,6.83,6.67,6.76,6.78,-0.02,-0.295,31012.0,20865.232,9.662,6.591295046067836,6.659548101278597,6.659548101278597,6.503541117939714
600829.SH,20240520,6.76,6.85,6.74,6.79,6.76,0.03,0.4438,38790.5,26348.894,9.662,6.620546355443877,6.591295046067836,6.6790489741959576,6.571794173150475
600829.SH,20240521,6.78,6.78,6.66,6.71,6.79,-0.08,-1.1782,27438.0,18403.396,9.662,6.542542863774434,6.610795918985197,6.610795918985197,6.493790681481034
600829.SH,20240522,6.73,6.76,6.68,6.7,6.71,-0.01,-0.149,28563.0,19174.462,9.662,6.532792427315755,6.562043736691795,6.591295046067836,6.5132915543983945
600829.SH,20240523,6.66,6.67,6.48,6.54,6.7,-0.16,-2.3881,33528.01,22029.488,9.662,6.37678544397687,6.493790681481034,6.503541117939714,6.31828282522479
600829.SH,20240524,6.53,6.58,6.48,6.51,6.54,-0.03,-0.4587,29045.01,18998.355,9.662,6.347534134600831,6.367035007518191,6.415787189811592,6.31828282522479
600829.SH,20240527,6.5,6.55,6.38,6.54,6.51,0.03,0.4608,35604.5,23010.018,9.662,6.37678544397687,6.337783698142149,6.386535880435551,6.220778460637987
600829.SH,20240528,6.52,6.53,6.4,6.4,6.54,-0.14,-2.1407,23471.0,15155.62,9.662,6.240279333555348,6.35728457105951,6.367035007518191,6.240279333555348
600829.SH,20240529,6.43,6.45,6.36,6.41,6.4,0.01,0.1563,20107.01,12911.672,9.662,6.250029770014028,6.269530642931388,6.289031515848748,6.201277587720627
600829.SH,20240530,6.4,6.44,6.33,6.36,6.41,-0.05,-0.78,20215.02,12899.311,9.662,6.201277587720627,6.240279333555348,6.279281079390069,6.172026278344586
600829.SH,20240531,6.36,6.42,6.34,6.37,6.36,0.01,0.1572,24955.0,15897.22,9.662,6.211028024179307,6.201277587720627,6.259780206472708,6.181776714803266
600829.SH,20240603,6.39,6.39,6.12,6.18,6.37,-0.19,-2.9827,36690.78,22810.67,9.662,6.025769731464382,6.230528897096667,6.230528897096667,5.967267112712301
600829.SH,20240604,6.16,6.17,6.06,6.13,6.18,-0.05,-0.8091,36088.0,22026.43,9.662,5.977017549170982,6.006268858547022,6.016019295005703,5.908764493960219
600829.SH,20240605,6.14,6.14,5.95,5.95,6.13,-0.18,-2.9364,43077.5,26055.447,9.662,5.801509692914737,5.986767985629661,5.986767985629661,5.801509692914737
600829.SH,20240606,5.96,6.02,5.66,5.73,5.95,-0.22,-3.6975,57116.5,33125.928,9.662,5.587000090823773,5.811260129373417,5.869762748125499,5.518747035613011
600829.SH,20240607,5.8,6.0,5.8,5.97,5.73,0.24,4.1885,49373.6,29117.095,9.662,5.821010565832098,5.655253146034533,5.850261875208139,5.655253146034533
600829.SH,20240611,5.99,6.04,5.81,5.93,5.97,-0.04,-0.67,44664.0,26347.839,9.662,5.782008819997377,5.840511438749458,5.88926362104286,5.665003582493213
600829.SH,20240612,5.95,6.02,5.92,6.01,5.93,0.08,1.3491,30234.0,18084.577,9.662,5.860012311666818,5.801509692914737,5.869762748125499,5.772258383538697
600829.SH,20240613,6.0,6.02,5.77,5.85,6.01,-0.16,-2.6622,57992.0,34064.18,9.662,5.704005328327934,5.850261875208139,5.869762748125499,5.626001836658493
600829.SH,20240614,5.84,5.88,5.75,5.86,5.85,0.01,0.1709,37982.0,22145.851,9.662,5.713755764786615,5.694254891869255,5.733256637703976,5.606500963741133
600829.SH,20240617,5.83,5.87,5.72,5.74,5.86,-0.12,-2.0478,42883.0,24822.99,9.662,5.5967505272824525,5.684504455410575,5.723506201245296,5.577249654365092
600829.SH,20240618,5.74,5.79,5.71,5.78,5.74,0.04,0.6969,33849.0,19476.676,9.662,5.635752273117173,5.5967505272824525,5.645502709575854,5.567499217906411
600829.SH,20240619,5.78,5.8,5.69,5.7,5.78,-0.08,-1.3841,30930.0,17707.572,9.662,5.557748781447732,5.635752273117173,5.655253146034533,5.547998344989051
600829.SH,20240620,5.7,5.75,5.55,5.56,5.7,-0.14,-2.4561,39705.0,22337.691,9.662,5.421242671026207,5.557748781447732,5.606500963741133,5.411492234567528
600829.SH,20240621,5.56,5.68,5.53,5.61,5.56,0.05,0.8993,23894.0,13404.668,9.662,5.469994853319609,5.421242671026207,5.538247908530371,5.391991361650168
600829.SH,20240624,5.62,5.63,5.35,5.4,5.61,-0.21,-3.7433,44320.68,24117.56,9.662,5.2652356876873245,5.47974528977829,5.48949572623697,5.216483505393923
600829.SH,20240625,5.4,5.48,5.36,5.44,5.4,0.04,0.7407,34541.0,18760.045,9.6619,5.304182535597873,5.265181193424358,5.343183877771387,5.226179851250845
600829.SH,20240626,5.41,5.74,5.4,5.71,5.44,0.27,4.9632,52769.0,29524.122,9.662,5.567499217906411,5.274986124146005,5.5967505272824525,5.2652356876873245
600829.SH,20240627,5.7,5.71,5.55,5.56,5.71,-0.15,-2.627,36177.0,20369.481,9.662,5.421242671026207,5.557748781447732,5.567499217906411,5.411492234567528
600829.SH,20240628,5.56,5.71,5.55,5.61,5.56,0.05,0.8993,37003.0,20882.674,9.662,5.469994853319609,5.421242671026207,5.567499217906411,5.411492234567528
600829.SH,20240701,5.64,5.71,5.53,5.71,5.61,0.1,1.7825,35146.18,19763.666,9.662,5.567499217906411,5.49924616269565,5.567499217906411,5.391991361650168
600829.SH,20240702,5.71,5.78,5.68,5.77,5.71,0.06,1.0508,43577.0,25041.763,9.662,5.626001836658493,5.567499217906411,5.635752273117173,5.538247908530371
600829.SH,20240703,5.75,5.79,5.7,5.72,5.77,-0.05,-0.8666,26052.0,14953.044,9.662,5.577249654365092,5.606500963741133,5.645502709575854,5.557748781447732
600829.SH,20240704,5.71,5.73,5.53,5.55,5.72,-0.17,-2.972,36439.0,20462.881,9.662,5.411492234567528,5.567499217906411,5.587000090823773,5.391991361650168
600829.SH,20240705,5.59,5.69,5.51,5.67,5.55,0.12,2.1622,28928.0,16215.848,9.662,5.528497472071691,5.450493980402249,5.547998344989051,5.372490488732806
600829.SH,20240708,5.65,5.65,5.49,5.51,5.67,-0.16,-2.8219,39734.96,22051.526,9.662,5.372490488732806,5.50899659915433,5.50899659915433,5.352989615815447
600829.SH,20240709,5.55,5.57,5.37,5.55,5.51,0.04,0.726,32006.0,17511.474,9.662,5.411492234567528,5.411492234567528,5.4309931074848885,5.235984378311284
600829.SH,20240710,5.5,5.63,5.5,5.55,5.55,0.0,0.0,31350.0,17481.271,9.662,5.411492234567528,5.362740052274127,5.48949572623697,5.362740052274127
600829.SH,20240711,5.64,5.74,5.61,5.74,5.55,0.19,3.4234,32880.5,18706.698,9.662,5.5967505272824525,5.49924616269565,5.5967505272824525,5.469994853319609
600829.SH,20240712,5.7,5.79,5.7,5.75,5.74,0.01,0.1742,33172.0,19092.661,9.662,5.606500963741133,5.557748781447732,5.645502709575854,5.557748781447732
600829.SH,20240715,5.73,5.81,5.63,5.66,5.75,-0.09,-1.5652,29758.0,16875.354,9.662,5.518747035613011,5.587000090823773,5.665003582493213,5.48949572623697
600829.SH,20240716,5.67,5.67,5.59,5.65,5.66,-0.01,-0.1767,29297.01,16487.116,9.662,5.50899659915433,5.528497472071691,5.528497472071691,5.450493980402249
600829.SH,20240717,5.61,5.69,5.58,5.66,5.65,0.01,0.177,29065.0,16408.092,9.662,5.518747035613011,5.469994853319609,5.547998344989051,5.440743543943569
600829.SH,20240718,5.63,5.69,5.56,5.68,5.66,0.02,0.3534,28952.0,16297.814,9.662,5.538247908530371,5.48949572623697,5.547998344989051,5.421242671026207
600829.SH,20240719,5.68,5.69,5.6,5.68,5.68,0.0,0.0,21281.15,12040.219,9.662,5.538247908530371,5.538247908530371,5.547998344989051,5.460244416860928
600829.SH,20240722,5.68,5.71,5.63,5.7,5.68,0.02,0.3521,24336.0,13825.795,9.662,5.557748781447732,5.538247908530371,5.567499217906411,5.48949572623697
600829.SH,20240723,5.68,5.86,5.66,5.66,5.7,-0.04,-0.7018,84415.0,48516.102,9.662,5.518747035613011,5.538247908530371,5.713755764786615,5.518747035613011
600829.SH,20240724,5.57,5.7,5.56,5.61,5.66,-0.05,-0.8834,58194.5,32652.012,9.662,5.469994853319609,5.4309931074848885,5.557748781447732,5.421242671026207
600829.SH,20240725,5.46,5.51,5.4,5.43,5.47,-0.04,-0.7313,43700.57,23797.265,9.9093,5.43,5.46,5.51,5.4
600829.SH,20240726,5.43,5.56,5.43,5.55,5.43,0.12,2.2099,31891.96,17601.791,9.9093,5.55,5.43,5.56,5.43
600829.SH,20240729,5.58,5.61,5.51,5.56,5.55,0.01,0.1802,25859.0,14403.937,9.9093,5.56,5.58,5.61,5.51
600829.SH,20240730,5.54,5.61,5.53,5.58,5.56,0.02,0.3597,26030.5,14494.941,9.9093,5.58,5.54,5.61,5.53
600829.SH,20240731,5.58,5.78,5.56,5.75,5.58,0.17,3.0466,49334.01,28167.79,9.9093,5.75,5.58,5.78,5.56
600829.SH,20240801,5.75,5.89,5.72,5.79,5.75,0.04,0.6957,39142.0,22777.608,9.9093,5.79,5.75,5.89,5.72
600829.SH,20240802,5.79,5.92,5.74,5.81,5.79,0.02,0.3454,39482.13,23104.899,9.9093,5.81,5.79,5.92,5.74
600829.SH,20240805,5.8,5.95,5.75,5.76,5.81,-0.05,-0.8606,54208.0,31804.291,9.9093,5.76,5.8,5.95,5.75
600829.SH,20240806,5.81,6.01,5.8,6.01,5.76,0.25,4.3403,55268.0,32704.16,9.9093,6.01,5.81,6.01,5.8
600829.SH,20240807,6.0,6.0,5.9,5.92,6.01,-0.09,-1.4975,41252.1,24530.673,9.9093,5.92,6.0,6.0,5.9
600829.SH,20240808,5.88,6.0,5.86,5.94,5.92,0.02,0.3378,37620.1,22443.537,9.9093,5.94,5.88,6.0,5.86
600829.SH,20240809,5.88,5.89,5.66,5.66,5.94,-0.28,-4.7138,85735.76,49060.663,9.9093,5.66,5.88,5.89,5.66
600829.SH,20240812,5.67,5.81,5.66,5.72,5.66,0.06,1.0601,60087.76,34500.245,9.9093,5.72,5.67,5.81,5.66
600829.SH,20240813,5.7,5.73,5.56,5.64,5.72,-0.08,-1.3986,40321.0,22659.021,9.9093,5.64,5.7,5.73,5.56
600829.SH,20240814,5.66,5.67,5.58,5.61,5.64,-0.03,-0.5319,27360.18,15369.093,9.9093,5.61,5.66,5.67,5.58
600829.SH,20240815,5.6,5.69,5.55,5.66,5.61,0.05,0.8913,42049.43,23695.449,9.9093,5.66,5.6,5.69,5.55
600829.SH,20240816,5.63,5.7,5.61,5.65,5.66,-0.01,-0.1767,31749.51,17915.176,9.9093,5.65,5.63,5.7,5.61
600829.SH,20240819,5.65,5.67,5.58,5.6,5.65,-0.05,-0.885,34858.0,19566.817,9.9093,5.6,5.65,5.67,5.58
600829.SH,20240820,5.61,5.61,5.45,5.47,5.6,-0.13,-2.3214,36847.33,20270.11,9.9093,5.47,5.61,5.61,5.45
600829.SH,20240821,5.45,5.48,5.41,5.43,5.47,-0.04,-0.7313,20934.5,11400.032,9.9093,5.43,5.45,5.48,5.41
600829.SH,20240822,5.42,5.46,5.29,5.3,5.43,-0.13,-2.3941,26694.0,14291.024,9.9093,5.3,5.42,5.46,5.29
600829.SH,20240823,5.3,5.3,5.14,5.19,5.3,-0.11,-2.0755,35400.0,18440.759,9.9093,5.19,5.3,5.3,5.14
600829.SH,20240826,5.19,5.28,5.17,5.25,5.19,0.06,1.1561,30301.01,15851.794,9.9093,5.25,5.19,5.28,5.17
600829.SH,20240827,5.26,5.3,5.16,5.19,5.25,-0.06,-1.1429,26417.01,13783.274,9.9093,5.19,5.26,5.3,5.16
600829.SH,20240828,5.17,5.29,5.16,5.25,5.19,0.06,1.1561,26558.01,13901.884,9.9093,5.25,5.17,5.29,5.16
600829.SH,20240829,5.21,5.34,5.21,5.32,5.25,0.07,1.3333,21608.0,11448.991,9.9093,5.32,5.21,5.34,5.21
600829.SH,20240830,5.3,5.46,5.27,5.37,5.32,0.05,0.9398,29602.78,15927.442,9.9093,5.37,5.3,5.46,5.27
600829.SH,20240902,5.38,5.39,5.23,5.24,5.37,-0.13,-2.4209,35097.0,18589.52,9.9093,5.24,5.38,5.39,5.23
600829.SH,20240903,5.23,5.42,5.19,5.35,5.24,0.11,2.0992,65996.12,35028.188,9.9093,5.35,5.23,5.42,5.19
600829.SH,20240904,5.31,5.89,5.31,5.89,5.35,0.54,10.0935,188371.22,109755.83,9.9093,5.89,5.31,5.89,5.31
600829.SH,20240905,6.34,6.48,5.98,6.48,5.89,0.59,10.017,491670.1,308805.661,9.9093,6.48,6.34,6.48,5.98
600829.SH,20240906,6.77,7.13,6.47,6.49,6.48,0.01,0.1543,618151.35,425258.153,9.9093,6.49,6.77,7.129999999999999,6.47
600829.SH,20240909,6.31,6.49,5.84,5.89,6.49,-0.6,-9.245,454132.29,275663.275,9.9093,5.89,6.31,6.49,5.84
600829.SH,20240910,5.87,6.02,5.43,5.56,5.89,-0.33,-5.6027,360864.64,202706.738,9.9093,5.56,5.87,6.02,5.43
600829.SH,20240911,5.48,5.55,5.36,5.38,5.56,-0.18,-3.2374,220614.53,119529.855,9.9093,5.38,5.48,5.55,5.36
600829.SH,20240912,5.37,5.42,5.3,5.32,5.38,-0.06,-1.1152,163329.0,87394.563,9.9093,5.32,5.37,5.42,5.3
600829.SH,20240913,5.31,5.32,5.19,5.19,5.32,-0.13,-2.4436,117413.99,61656.156,9.9093,5.19,5.31,5.32,5.19
600829.SH,20240918,5.19,5.21,5.09,5.19,5.19,0.0,0.0,98117.51,50644.227,9.9093,5.19,5.19,5.21,5.09
600829.SH,20240919,5.19,5.33,5.16,5.31,5.19,0.12,2.3121,151068.29,79743.961,9.9093,5.31,5.19,5.33,5.16
600829.SH,20240920,5.27,5.29,5.19,5.23,5.31,-0.08,-1.5066,110254.0,57679.18,9.9093,5.23,5.27,5.29,5.19
600829.SH,20240923,5.23,5.25,5.18,5.21,5.23,-0.02,-0.3824,84879.0,44281.003,9.9093,5.21,5.23,5.25,5.18
600829.SH,20240924,5.23,5.38,5.22,5.38,5.21,0.17,3.263,152195.01,80749.819,9.9093,5.38,5.23,5.38,5.22
600829.SH,20240925,5.42,5.61,5.42,5.44,5.38,0.06,1.1152,194431.11,106924.747,9.9093,5.44,5.42,5.61,5.42
600829.SH,20240926,5.48,5.63,5.44,5.63,5.44,0.19,3.4926,138467.01,76634.11,9.9093,5.63,5.48,5.63,5.44
600829.SH,20240927,5.69,5.83,5.67,5.83,5.63,0.2,3.5524,108568.01,62329.087,9.9093,5.83,5.69,5.83,5.67
600829.SH,20240930,6.05,6.34,5.86,6.28,5.83,0.45,7.7187,285304.1,174245.848,9.9093,6.28,6.05,6.34,5.86
600829.SH,20241008,6.9,6.9,6.19,6.56,6.28,0.28,4.4586,268688.02,176100.755,9.9093,6.559999999999999,6.9,6.9,6.19
600829.SH,20241009,6.35,6.41,5.91,5.93,6.56,-0.63,-9.6037,172473.0,105563.844,9.9093,5.93,6.35,6.41,5.91
600829.SH,20241010,5.93,6.13,5.92,6.01,5.93,0.08,1.3491,117532.07,71079.871,9.9093,6.01,5.93,6.13,5.92
600829.SH,20241011,5.98,6.02,5.77,5.83,6.01,-0.18,-2.995,95766.47,56416.072,9.9093,5.83,5.98,6.02,5.77
600829.SH,20241014,5.87,5.98,5.77,5.97,5.83,0.14,2.4014,83878.94,49452.831,9.9093,5.97,5.87,5.98,5.77
600829.SH,20241015,5.92,5.98,5.84,5.84,5.97,-0.13,-2.1776,66767.0,39438.836,9.9093,5.84,5.92,5.98,5.84
600829.SH,20241016,5.8,5.92,5.77,5.88,5.84,0.04,0.6849,66398.68,38889.332,9.9093,5.88,5.8,5.92,5.77
600829.SH,20241017,5.9,5.92,5.78,5.79,5.88,-0.09,-1.5306,65924.01,38600.785,9.9093,5.79,5.9,5.92,5.78
600829.SH,20241018,5.8,5.94,5.78,5.87,5.79,0.08,1.3817,94069.33,55059.973,9.9093,5.87,5.8,5.94,5.78
600829.SH,20241021,5.88,5.93,5.84,5.9,5.87,0.03,0.5111,79581.05,46819.456,9.9093,5.9,5.88,5.93,5.84
600829.SH,20241022,5.94,6.08,5.9,6.07,5.9,0.17,2.8814,118075.86,71115.216,9.9093,6.07,5.94,6.08,5.9
600829.SH,20241023,6.15,6.19,6.07,6.11,6.07,0.04,0.659,100057.48,61265.258,9.9093,6.11,6.15,6.19,6.07
600829.SH,20241024,6.1,6.22,6.07,6.16,6.11,0.05,0.8183,85058.51,52281.86,9.9093,6.16,6.1,6.22,6.07
600829.SH,20241025,6.18,6.25,6.13,6.25,6.16,0.09,1.461,97753.0,60480.809,9.9093,6.25,6.18,6.25,6.13
600829.SH,20241028,6.3,6.53,6.27,6.53,6.25,0.28,4.48,144603.5,92870.916,9.9093,6.53,6.3,6.53,6.27
600829.SH,20241029,6.58,6.58,6.26,6.27,6.53,-0.26,-3.9816,112490.0,71544.897,9.9093,6.27,6.58,6.58,6.26
600829.SH,20241030,6.21,6.35,6.19,6.32,6.27,0.05,0.7974,73709.0,46342.197,9.9093,6.32,6.21,6.35,6.19
600829.SH,20241031,6.26,6.49,6.26,6.46,6.32,0.14,2.2152,99247.0,63778.999,9.9093,6.46,6.26,6.49,6.26
600829.SH,20241101,6.42,7.06,6.26,6.64,6.46,0.18,2.7864,234673.51,156107.281,9.9093,6.640000000000001,6.42,7.059999999999999,6.26
600829.SH,20241104,6.64,7.3,6.53,7.12,6.64,0.48,7.2289,328411.48,227702.969,9.9093,7.12,6.640000000000001,7.3,6.53
600829.SH,20241105,6.93,7.04,6.79,7.04,7.12,-0.08,-1.1236,262677.79,181805.711,9.9093,7.04,6.93,7.04,6.79
600829.SH,20241106,7.05,7.16,6.82,6.94,7.04,-0.1,-1.4205,213419.49,148280.014,9.9093,6.94,7.05,7.159999999999999,6.820000000000001
600829.SH,20241107,6.82,7.09,6.79,7.01,6.94,0.07,1.0086,168402.81,117316.095,9.9093,7.01,6.820000000000001,7.089999999999999,6.79
600829.SH,20241108,7.3,7.71,7.08,7.71,7.01,0.7,9.9857,387448.72,293415.589,9.9093,7.709999999999999,7.3,7.709999999999999,7.08
600829.SH,20241111,7.6,7.8,7.32,7.68,7.71,-0.03,-0.3891,379577.53,287222.461,9.9093,7.680000000000001,7.599999999999999,7.8,7.320000000000001
600829.SH,20241112,7.52,8.45,7.52,8.1,7.68,0.42,5.4688,455779.68,376093.495,9.9093,8.1,7.52,8.45,7.52
600829.SH,20241113,7.89,8.25,7.64,7.77,8.1,-0.33,-4.0741,352636.15,277917.272,9.9093,7.77,7.89,8.25,7.639999999999999
600829.SH,20241114,7.67,7.74,7.35,7.4,7.77,-0.37,-4.7619,214477.72,160413.148,9.9093,7.4,7.669999999999999,7.739999999999999,7.35
600829.SH,20241115,7.31,7.38,7.06,7.08,7.4,-0.32,-4.3243,141488.0,102134.363,9.9093,7.08,7.31,7.38,7.059999999999999
600829.SH,20241118,7.09,7.21,6.92,6.97,7.08,-0.11,-1.5537,139735.49,98972.584,9.9093,6.97,7.089999999999999,7.210000000000001,6.92
600829.SH,20241119,6.96,7.1,6.94,7.1,6.97,0.13,1.8651,91038.78,63953.89,9.9093,7.099999999999999,6.96,7.099999999999999,6.94
600829.SH,20241120,7.09,7.31,7.04,7.3,7.1,0.2,2.8169,115960.0,83584.399,9.9093,7.3,7.089999999999999,7.31,7.04
600829.SH,20241121,7.27,7.33,7.15,7.28,7.3,-0.02,-0.274,89268.5,64570.771,9.9093,7.280000000000001,7.27,7.33,7.15
600829.SH,20241122,7.26,7.29,6.86,6.9,7.28,-0.38,-5.2198,119654.6,84679.435,9.9093,6.9,7.26,7.290000000000001,6.86
600829.SH,20241125,6.9,7.02,6.88,7.02,6.9,0.12,1.7391,79268.0,55229.144,9.9093,7.019999999999999,6.9,7.019999999999999,6.88
600829.SH,20241126,7.02,7.15,6.99,7.04,7.02,0.02,0.2849,64912.89,45866.83,9.9093,7.04,7.019999999999999,7.15,6.99
600829.SH,20241127,7.01,7.13,6.83,7.13,7.04,0.09,1.2784,79606.0,55684.74,9.9093,7.129999999999999,7.01,7.129999999999999,6.83
600829.SH,20241128,7.12,7.7,7.08,7.42,7.13,0.29,4.0673,200959.7,147627.439,9.9093,7.42,7.12,7.699999999999999,7.08
600829.SH,20241129,7.3,7.39,7.16,7.34,7.42,-0.08,-1.0782,147670.0,107462.06,9.9093,7.34,7.3,7.39,7.159999999999999
600829.SH,20241202,7.48,7.54,7.38,7.51,7.34,0.17,2.3161,147691.94,110404.606,9.9093,7.51,7.48,7.54,7.38
600829.SH,20241203,7.54,7.59,7.4,7.46,7.51,-0.05,-0.6658,102871.74,76808.288,9.9093,7.46,7.54,7.59,7.4
600829.SH,20241204,7.4,7.54,7.25,7.31,7.46,-0.15,-2.0107,104894.36,77534.583,9.9093,7.31,7.4,7.54,7.250000000000001
600829.SH,20241205,7.25,7.32,7.2,7.3,7.31,-0.01,-0.1368,70596.03,51299.671,9.9093,7.3,7.250000000000001,7.320000000000001,7.199999999999999
600829.SH,20241206,7.27,7.46,7.25,7.37,7.3,0.07,0.9589,83210.52,61068.292,9.9093,7.37,7.27,7.46,7.250000000000001
600829.SH,20241209,7.41,7.57,7.37,7.51,7.37,0.14,1.8996,140528.5,105139.501,9.9093,7.51,7.41,7.57,7.37
600829.SH,20241210,7.69,8.0,7.47,7.63,7.51,0.12,1.5979,233695.22,179058.105,9.9093,7.629999999999999,7.69,8.0,7.47
600829.SH,20241211,7.63,7.88,7.58,7.7,7.63,0.07,0.9174,140534.0,108132.46,9.9093,7.699999999999999,7.629999999999999,7.88,7.58
600829.SH,20241212,7.7,8.47,7.7,8.47,7.7,0.77,10.0,168592.67,139801.745,9.9093,8.47,7.699999999999999,8.47,7.699999999999999
600829.SH,20241213,9.01,9.32,8.7,9.32,8.47,0.85,10.0354,441127.51,406137.472,9.9093,9.32,9.01,9.32,8.7
600829.SH,20241216,10.1,10.25,9.88,10.25,9.32,0.93,9.9785,170983.8,173426.751,9.9093,10.25,10.1,10.25,9.88
600829.SH,20241217,11.26,11.28,9.23,9.23,10.25,-1.02,-9.9512,794647.3,804494.401,9.9093,9.23,11.26,11.28,9.23
600829.SH,20241218,8.71,9.5,8.47,8.65,9.23,-0.58,-6.2839,568604.75,510559.119,9.9093,8.65,8.71,9.5,8.47
600829.SH,20241219,8.38,8.76,8.03,8.08,8.65,-0.57,-6.5896,430308.19,353024.783,9.9093,8.08,8.38,8.76,8.03
600829.SH,20241220,8.01,8.5,8.01,8.19,8.08,0.11,1.3614,332079.67,274180.383,9.9093,8.19,8.01,8.5,8.01
600829.SH,20241223,8.19,8.28,7.76,7.81,8.19,-0.38,-4.6398,224345.5,178601.35,9.9093,7.81,8.19,8.28,7.760000000000001
600829.SH,20241224,7.81,7.97,7.77,7.88,7.81,0.07,0.8963,142481.0,112106.511,9.9093,7.88,7.81,7.97,7.77
600829.SH,20241225,7.95,8.52,7.91,8.16,7.88,0.28,3.5533,347903.0,284049.742,9.9093,8.16,7.95,8.52,7.91
600829.SH,20241226,8.06,8.23,7.93,8.13,8.16,-0.03,-0.3676,229111.12,184912.469,9.9093,8.13,8.06,8.23,7.93
600829.SH,20241227,8.06,8.34,8.0,8.23,8.13,0.1,1.23,210267.01,172997.601,9.9093,8.23,8.06,8.34,8.0
600829.SH,20241230,8.22,8.22,7.85,7.92,8.23,-0.31,-3.7667,191299.01,152584.732,9.9093,7.92,8.22,8.22,7.85
600829.SH,20241231,7.88,7.95,7.49,7.5,7.92,-0.42,-5.303,196449.11,150550.365,9.9093,7.5,7.88,7.95,7.49
600829.SH,20250102,7.46,7.73,7.38,7.46,7.5,-0.04,-0.5333,136042.0,102586.939,9.9093,7.46,7.46,7.729999999999999,7.38
600829.SH,20250103,7.46,7.58,7.23,7.35,7.46,-0.11,-1.4745,128969.5,95426.148,9.9093,7.35,7.46,7.58,7.229999999999999
600829.SH,20250106,7.44,7.99,7.38,7.85,7.35,0.5,6.8027,257980.42,197257.725,9.9093,7.85,7.44,7.99,7.38
600829.SH,20250107,7.76,7.77,7.08,7.42,7.85,-0.43,-5.4777,261200.0,192145.871,9.9093,7.42,7.760000000000001,7.77,7.08
600829.SH,20250108,7.25,7.46,7.11,7.33,7.42,-0.09,-1.2129,166236.0,120997.913,9.9093,7.33,7.250000000000001,7.46,7.11
600829.SH,20250109,7.2,7.36,7.11,7.24,7.33,-0.09,-1.2278,94877.5,68851.911,9.9093,7.239999999999999,7.199999999999999,7.360000000000001,7.11
600829.SH,20250110,7.25,7.32,6.94,6.94,7.24,-0.3,-4.1436,98236.0,69629.68,9.9093,6.94,7.250000000000001,7.320000000000001,6.94
600829.SH,20250113,6.88,6.94,6.66,6.92,6.94,-0.02,-0.2882,75359.0,51533.65,9.9093,6.92,6.88,6.94,6.659999999999999
600829.SH,20250114,6.95,7.23,6.93,7.23,6.92,0.31,4.4798,98071.5,69738.541,9.9093,7.229999999999999,6.95,7.229999999999999,6.93
600829.SH,20250115,7.22,7.24,7.12,7.19,7.23,-0.04,-0.5533,61741.0,44295.235,9.9093,7.19,7.220000000000001,7.239999999999999,7.12
600829.SH,20250116,7.24,7.35,7.21,7.29,7.19,0.1,1.3908,86601.0,63029.674,9.9093,7.290000000000001,7.239999999999999,7.35,7.210000000000001
600829.SH,20250117,7.26,7.31,7.18,7.27,7.29,-0.02,-0.2743,52952.0,38394.456,9.9093,7.27,7.26,7.31,7.180000000000001
600829.SH,20250120,7.33,7.45,7.22,7.41,7.27,0.14,1.9257,77358.83,56967.264,9.9093,7.41,7.33,7.45,7.220000000000001
600829.SH,20250121,7.4,7.43,7.22,7.26,7.41,-0.15,-2.0243,54780.0,39899.55,9.9093,7.26,7.4,7.43,7.220000000000001
600829.SH,20250122,7.25,7.27,7.15,7.19,7.26,-0.07,-0.9642,45158.0,32551.991,9.9093,7.19,7.250000000000001,7.27,7.15
600829.SH,20250123,7.25,7.35,7.19,7.19,7.19,0.0,0.0,61794.0,45004.231,9.9093,7.19,7.250000000000001,7.35,7.19
600829.SH,20250124,7.18,7.22,7.09,7.19,7.19,0.0,0.0,55313.1,39578.1,9.9093,7.19,7.180000000000001,7.220000000000001,7.089999999999999
600829.SH,20250127,7.22,7.34,7.14,7.16,7.19,-0.03,-0.4172,49354.1,35733.308,9.9093,7.159999999999999,7.220000000000001,7.34,7.140000000000001
600829.SH,20250205,7.22,7.27,7.14,7.22,7.16,0.06,0.838,48675.0,35110.6,9.9093,7.220000000000001,7.220000000000001,7.27,7.140000000000001
600829.SH,20250206,7.23,7.3,7.08,7.3,7.22,0.08,1.108,67473.0,48609.127,9.9093,7.3,7.229999999999999,7.3,7.08
600829.SH,20250207,7.28,7.54,7.24,7.47,7.3,0.17,2.3288,101982.0,75869.033,9.9093,7.47,7.280000000000001,7.54,7.239999999999999
600829.SH,20250210,7.47,7.77,7.46,7.77,7.47,0.3,4.0161,133281.22,102048.327,9.9093,7.77,7.47,7.77,7.46
600829.SH,20250211,7.77,7.78,7.57,7.7,7.77,-0.07,-0.9009,95853.0,73443.553,9.9093,7.699999999999999,7.77,7.779999999999999,7.57
600829.SH,20250212,7.7,7.78,7.65,7.77,7.7,0.07,0.9091,78933.22,60949.178,9.9093,7.77,7.699999999999999,7.779999999999999,7.65
600829.SH,20250213,7.77,7.95,7.68,7.88,7.77,0.11,1.4157,124553.58,97587.111,9.9093,7.88,7.77,7.95,7.680000000000001
600829.SH,20250214,7.87,7.96,7.75,7.79,7.88,-0.09,-1.1421,107226.25,84041.344,9.9093,7.790000000000001,7.87,7.96,7.750000000000001
600829.SH,20250217,7.77,7.88,7.68,7.79,7.79,0.0,0.0,85902.0,66865.07,9.9093,7.790000000000001,7.77,7.88,7.680000000000001
600829.SH,20250218,7.75,7.79,7.36,7.38,7.79,-0.41,-5.2632,118035.58,88930.115,9.9093,7.38,7.750000000000001,7.790000000000001,7.360000000000001
600829.SH,20250219,7.38,7.45,7.32,7.42,7.38,0.04,0.542,67710.0,50046.584,9.9093,7.42,7.38,7.45,7.320000000000001
600829.SH,20250220,7.46,8.06,7.42,7.73,7.42,0.31,4.1779,184697.0,142850.556,9.9093,7.729999999999999,7.46,8.06,7.42
600829.SH,20250221,7.68,7.81,7.58,7.71,7.73,-0.02,-0.2587,96425.02,74037.027,9.9093,7.709999999999999,7.680000000000001,7.81,7.58
600829.SH,20250224,7.7,7.79,7.56,7.73,7.71,0.02,0.2594,78090.0,59999.487,9.9093,7.729999999999999,7.699999999999999,7.790000000000001,7.559999999999999
600829.SH,20250225,7.67,7.72,7.59,7.63,7.73,-0.1,-1.2937,78344.0,59881.029,9.9093,7.629999999999999,7.669999999999999,7.720000000000001,7.59
600829.SH,20250226,7.62,7.78,7.58,7.72,7.63,0.09,1.1796,78162.0,59963.401,9.9093,7.720000000000001,7.62,7.779999999999999,7.58
600829.SH,20250227,7.7,7.86,7.58,7.84,7.72,0.12,1.5544,98241.0,75858.644,9.9093,7.84,7.699999999999999,7.860000000000001,7.58
600829.SH,20250228,7.81,7.85,7.58,7.61,7.84,-0.23,-2.9337,90826.0,70024.611,9.9093,7.61,7.81,7.85,7.58
600829.SH,20250303,7.6,7.76,7.6,7.66,7.61,0.05,0.657,63022.0,48389.076,9.9093,7.66,7.599999999999999,7.760000000000001,7.599999999999999
600829.SH,20250304,7.6,7.79,7.55,7.78,7.66,0.12,1.5666,70686.49,54615.033,9.9093,7.779999999999999,7.599999999999999,7.790000000000001,7.55
600829.SH,20250305,7.79,7.81,7.58,7.71,7.78,-0.07,-0.8997,73353.12,56133.859,9.9093,7.709999999999999,7.790000000000001,7.81,7.58
600829.SH,20250306,7.7,7.84,7.64,7.82,7.71,0.11,1.4267,105870.02,82204.381,9.9093,7.820000000000001,7.699999999999999,7.84,7.639999999999999
600829.SH,20250307,7.77,7.79,7.62,7.65,7.82,-0.17,-2.1739,63123.1,48550.61,9.9093,7.65,7.77,7.790000000000001,7.62
600829.SH,20250310,7.65,8.42,7.65,8.42,7.65,0.77,10.0654,275608.36,223706.779,9.9093,8.42,7.65,8.42,7.65
600829.SH,20250311,8.46,8.9,8.43,8.63,8.42,0.21,2.4941,483959.82,415792.109,9.9093,8.63,8.46,8.9,8.43
600829.SH,20250312,8.59,8.71,8.42,8.49,8.63,-0.14,-1.6222,274825.51,234090.793,9.9093,8.49,8.59,8.71,8.42
600829.SH,20250313,8.5,8.55,8.26,8.3,8.49,-0.19,-2.2379,196949.08,165421.156,9.9093,8.3,8.5,8.55,8.26
600829.SH,20250314,8.31,8.43,8.19,8.42,8.3,0.12,1.4458,150980.6,125734.875,9.9093,8.42,8.31,8.43,8.19
600829.SH,20250317,8.38,8.47,8.34,8.35,8.42,-0.07,-0.8314,113263.01,94989.334,9.9093,8.35,8.38,8.47,8.34
600829.SH,20250318,8.4,8.4,8.29,8.35,8.35,0.0,0.0,80232.02,66774.548,9.9093,8.35,8.4,8.4,8.29
600829.SH,20250319,8.3,8.39,8.14,8.19,8.35,-0.16,-1.9162,101746.0,83990.453,9.9093,8.19,8.3,8.39,8.14
600829.SH,20250320,8.19,8.2,8.08,8.15,8.19,-0.04,-0.4884,78731.5,64047.903,9.9093,8.15,8.19,8.2,8.08
600829.SH,20250321,8.2,8.28,7.96,8.1,8.15,-0.05,-0.6135,112496.5,91115.798,9.9093,8.1,8.2,8.28,7.96
600829.SH,20250324,8.08,8.17,7.77,7.92,8.1,-0.18,-2.2222,92973.01,73856.053,9.9093,7.92,8.08,8.17,7.77
600829.SH,20250325,7.91,8.03,7.8,7.99,7.92,0.07,0.8838,60250.0,47789.671,9.9093,7.99,7.91,8.03,7.8
600829.SH,20250326,8.02,8.12,7.94,8.12,7.99,0.13,1.627,83273.0,67156.643,9.9093,8.12,8.02,8.12,7.94
600829.SH,20250327,8.12,8.28,7.95,8.2,8.12,0.08,0.9852,116860.0,95127.174,9.9093,8.2,8.12,8.28,7.95
600829.SH,20250328,8.25,8.35,8.11,8.13,8.2,-0.07,-0.8537,134158.42,110477.398,9.9093,8.13,8.25,8.35,8.11
600829.SH,20250331,8.12,8.12,7.7,7.8,8.13,-0.33,-4.059,98763.95,77366.047,9.9093,7.8,8.12,8.12,7.699999999999999
600829.SH,20250401,7.81,8.29,7.81,8.25,7.8,0.45,5.7692,165985.35,135576.445,9.9093,8.25,7.81,8.29,7.81
600829.SH,20250402,8.16,8.25,8.1,8.14,8.25,-0.11,-1.3333,75495.4,61568.386,9.9093,8.14,8.16,8.25,8.1
600829.SH,20250403,8.08,8.25,8.0,8.21,8.14,0.07,0.86,69842.0,57136.328,9.9093,8.21,8.08,8.25,8.0
600829.SH,20250407,7.8,7.86,7.39,7.39,8.21,-0.82,-9.9878,82294.0,61655.034,9.9093,7.39,7.8,7.860000000000001,7.39
600829.SH,20250408,7.21,7.38,6.85,7.06,7.39,-0.33,-4.4655,140202.49,99191.631,9.9093,7.059999999999999,7.210000000000001,7.38,6.85
600829.SH,20250409,6.9,7.17,6.4,7.09,7.06,0.03,0.4249,115582.0,78484.546,9.9093,7.089999999999999,6.9,7.169999999999999,6.4
600829.SH,20250410,7.2,7.39,7.15,7.29,7.09,0.2,2.8209,92558.5,67503.532,9.9093,7.290000000000001,7.199999999999999,7.39,7.15
600829.SH,20250411,7.16,7.38,7.16,7.2,7.29,-0.09,-1.2346,58975.49,42783.026,9.9093,7.199999999999999,7.159999999999999,7.38,7.159999999999999
600829.SH,20250414,7.25,7.8,7.22,7.44,7.2,0.24,3.3333,137216.5,102563.746,9.9093,7.44,7.250000000000001,7.8,7.220000000000001
600829.SH,20250415,7.36,7.5,7.3,7.38,7.44,-0.06,-0.8065,78490.11,57915.798,9.9093,7.38,7.360000000000001,7.5,7.3
600829.SH,20250416,7.38,7.38,7.07,7.19,7.38,-0.19,-2.5745,68103.08,49048.202,9.9093,7.19,7.38,7.38,7.07
600829.SH,20250417,7.16,7.4,7.11,7.3,7.19,0.11,1.5299,59354.39,43210.134,9.9093,7.3,7.159999999999999,7.4,7.11
600829.SH,20250418,7.3,7.48,7.3,7.32,7.3,0.02,0.274,56960.0,41952.721,9.9093,7.320000000000001,7.3,7.48,7.3
600829.SH,20250421,7.25,7.32,7.14,7.31,7.32,-0.01,-0.1366,58568.0,42409.719,9.9093,7.31,7.250000000000001,7.320000000000001,7.140000000000001
600829.SH,20250422,7.27,7.36,7.25,7.33,7.31,0.02,0.2736,50158.5,36679.982,9.9093,7.33,7.27,7.360000000000001,7.250000000000001
600829.SH,20250423,7.37,7.39,7.23,7.28,7.33,-0.05,-0.6821,54827.0,39990.478,9.9093,7.280000000000001,7.37,7.39,7.229999999999999
600829.SH,20250424,7.27,7.31,7.14,7.2,7.28,-0.08,-1.0989,52484.01,37866.672,9.9093,7.199999999999999,7.27,7.31,7.140000000000001
600829.SH,20250425,7.18,7.27,7.14,7.18,7.2,-0.02,-0.2778,37841.0,27226.882,9.9093,7.180000000000001,7.180000000000001,7.27,7.140000000000001
600829.SH,20250428,7.16,7.16,7.01,7.05,7.18,-0.13,-1.8106,43141.0,30480.906,9.9093,7.05,7.159999999999999,7.159999999999999,7.01
600829.SH,20250429,7.05,7.16,7.01,7.13,7.05,0.08,1.1348,35657.0,25415.468,9.9093,7.129999999999999,7.05,7.159999999999999,7.01
600829.SH,20250430,7.13,7.21,7.1,7.11,7.13,-0.02,-0.2805,32748.0,23400.066,9.9093,7.11,7.129999999999999,7.210000000000001,7.099999999999999
600829.SH,20250506,7.14,7.26,7.11,7.26,7.11,0.15,2.1097,40764.0,29387.363,9.9093,7.26,7.140000000000001,7.26,7.11
600829.SH,20250507,7.33,7.37,7.23,7.29,7.26,0.03,0.4132,45037.0,32825.632,9.9093,7.290000000000001,7.33,7.37,7.229999999999999
600829.SH,20250508,7.3,7.39,7.23,7.37,7.29,0.08,1.0974,50390.0,36999.52,9.9093,7.37,7.3,7.39,7.229999999999999
600829.SH,20250509,7.39,7.43,7.29,7.3,7.37,-0.07,-0.9498,41758.01,30643.152,9.9093,7.3,7.39,7.43,7.290000000000001
600829.SH,20250512,7.33,7.33,7.2,7.25,7.3,-0.05,-0.6849,51281.0,37068.114,9.9093,7.250000000000001,7.33,7.33,7.199999999999999
600829.SH,20250513,7.3,7.34,7.27,7.32,7.25,0.07,0.9655,53028.0,38786.73,9.9093,7.320000000000001,7.3,7.34,7.27
600829.SH,20250514,7.33,7.33,7.18,7.26,7.32,-0.06,-0.8197,49541.01,35818.658,9.9093,7.26,7.33,7.33,7.180000000000001
600829.SH,20250515,7.24,7.24,7.16,7.18,7.26,-0.08,-1.1019,40467.5,29092.923,9.9093,7.180000000000001,7.239999999999999,7.239999999999999,7.159999999999999
600829.SH,20250516,7.18,7.29,7.16,7.26,7.18,0.08,1.1142,48453.0,35106.421,9.9093,7.26,7.180000000000001,7.290000000000001,7.159999999999999
600829.SH,20250519,7.25,7.35,7.23,7.35,7.26,0.09,1.2397,48325.2,35255.916,9.9093,7.35,7.250000000000001,7.35,7.229999999999999
600829.SH,20250520,7.33,7.44,7.33,7.43,7.35,0.08,1.0884,43707.49,32380.531,9.9093,7.43,7.33,7.44,7.33
600829.SH,20250521,7.44,7.73,7.41,7.46,7.43,0.03,0.4038,86934.0,65313.066,9.9093,7.46,7.44,7.729999999999999,7.41
600829.SH,20250522,7.37,7.56,7.34,7.36,7.46,-0.1,-1.3405,66827.0,49671.556,9.9093,7.360000000000001,7.37,7.559999999999999,7.34
600829.SH,20250523,7.35,7.55,7.34,7.4,7.36,0.04,0.5435,73433.0,54876.541,9.9093,7.4,7.35,7.55,7.34
600829.SH,20250526,7.36,7.54,7.28,7.53,7.4,0.13,1.7568,73255.0,54463.882,9.9093,7.53,7.360000000000001,7.54,7.280000000000001
600829.SH,20250527,7.53,7.79,7.51,7.73,7.53,0.2,2.656,121817.0,93656.59,9.9093,7.729999999999999,7.53,7.790000000000001,7.51
600829.SH,20250528,7.73,7.93,7.6,7.92,7.73,0.19,2.458,131106.2,102476.371,9.9093,7.92,7.729999999999999,7.93,7.599999999999999
600829.SH,20250529,7.89,8.08,7.82,8.03,7.92,0.11,1.3889,143442.02,114301.114,9.9093,8.03,7.89,8.08,7.820000000000001
600829.SH,20250530,8.0,8.19,7.95,7.97,8.03,-0.06,-0.7472,134408.0,108222.589,9.9093,7.97,8.0,8.19,7.95
600829.SH,20250603,7.97,8.31,7.83,8.23,7.97,0.26,3.2622,186584.0,150504.41,9.9093,8.23,7.97,8.31,7.830000000000001
600829.SH,20250604,8.22,8.83,8.18,8.8,8.23,0.57,6.9259,267071.0,228975.335,9.9093,8.8,8.22,8.83,8.18
600829.SH,20250605,8.71,9.01,8.56,8.88,8.8,0.08,0.9091,259298.08,229348.638,9.9093,8.88,8.71,9.01,8.56
600829.SH,20250606,8.78,8.97,8.66,8.82,8.88,-0.06,-0.6757,130444.39,114454.416,9.9093,8.82,8.78,8.97,8.66
600829.SH,20250609,8.81,9.7,8.32,8.41,8.82,-0.41,-4.6485,651823.11,599212.92,9.9093,8.41,8.81,9.7,8.32
600829.SH,20250610,8.0,8.0,7.6,7.6,8.41,-0.81,-9.6314,559305.0,436956.738,9.9093,7.599999999999999,8.0,8.0,7.599999999999999
600829.SH,20250611,7.55,7.74,7.54,7.58,7.6,-0.02,-0.2632,252135.01,191355.662,9.9093,7.58,7.55,7.739999999999999,7.54
600829.SH,20250612,7.52,7.58,7.47,7.52,7.58,-0.06,-0.7916,163514.0,123054.385,9.9093,7.52,7.52,7.58,7.47
600829.SH,20250613,7.5,7.53,7.33,7.35,7.52,-0.17,-2.2606,134649.0,99677.596,9.9093,7.35,7.5,7.53,7.33
600829.SH,20250616,7.37,7.45,7.31,7.44,7.35,0.09,1.2245,76574.01,56655.106,9.9093,7.44,7.37,7.45,7.31
600829.SH,20250617,7.42,7.49,7.34,7.35,7.44,-0.09,-1.2097,89547.48,66247.86,9.9093,7.35,7.42,7.49,7.34
600829.SH,20250618,7.34,7.38,7.25,7.28,7.35,-0.07,-0.9524,78463.0,57187.719,9.9093,7.280000000000001,7.34,7.38,7.250000000000001
600829.SH,20250619,7.25,7.31,7.15,7.17,7.28,-0.11,-1.511,88819.0,64119.211,9.9093,7.169999999999999,7.250000000000001,7.31,7.15
600829.SH,20250620,7.17,7.22,7.14,7.18,7.17,0.01,0.1395,56533.49,40633.355,9.9093,7.180000000000001,7.169999999999999,7.220000000000001,7.140000000000001
600829.SH,20250623,7.17,7.23,7.12,7.22,7.18,0.04,0.5571,63665.0,45779.495,9.9093,7.220000000000001,7.169999999999999,7.229999999999999,7.12
600829.SH,20250624,7.23,7.31,7.21,7.31,7.22,0.09,1.2465,85184.0,61950.828,9.9093,7.31,7.229999999999999,7.31,7.210000000000001
600829.SH,20250625,7.31,7.32,7.23,7.32,7.31,0.01,0.1368,80983.0,58996.503,9.9093,7.320000000000001,7.31,7.320000000000001,7.229999999999999
600829.SH,20250626,7.3,7.32,7.25,7.28,7.32,-0.04,-0.5464,64389.0,46895.811,9.9093,7.280000000000001,7.3,7.320000000000001,7.250000000000001
600829.SH,20250627,7.29,7.35,7.26,7.31,7.28,0.03,0.4121,61979.5,45321.092,9.9093,7.31,7.290000000000001,7.35,7.26
600829.SH,20250630,7.31,7.35,7.29,7.34,7.31,0.03,0.4104,52907.0,38771.351,9.9093,7.34,7.31,7.35,7.290000000000001
600829.SH,20250701,7.34,7.43,7.33,7.42,7.34,0.08,1.0899,88365.0,65267.21,9.9093,7.42,7.34,7.43,7.33
600829.SH,20250702,7.39,7.45,7.38,7.42,7.42,0.0,0.0,75259.02,55745.341,9.9093,7.42,7.39,7.45,7.38
600829.SH,20250703,7.44,7.51,7.39,7.5,7.42,0.08,1.0782,84003.01,62714.484,9.9093,7.5,7.44,7.51,7.39
600829.SH,20250704,7.49,7.55,7.46,7.49,7.5,-0.01,-0.1333,79632.02,59751.014,9.9093,7.49,7.49,7.55,7.46
600829.SH,20250707,7.48,7.53,7.45,7.46,7.49,-0.03,-0.4005,64416.0,48183.026,9.9093,7.46,7.48,7.53,7.45
600829.SH,20250708,7.48,7.53,7.44,7.48,7.46,0.02,0.2681,68724.0,51339.523,9.9093,7.48,7.48,7.53,7.44
600829.SH,20250709,7.49,7.51,7.45,7.47,7.48,-0.01,-0.1337,69181.76,51788.733,9.9093,7.47,7.49,7.51,7.45
600829.SH,20250710,7.46,7.59,7.45,7.57,7.47,0.1,1.3387,87669.52,66007.208,9.9093,7.57,7.46,7.59,7.45
600829.SH,20250711,7.58,7.59,7.48,7.56,7.57,-0.01,-0.1321,71022.01,53544.937,9.9093,7.559999999999999,7.58,7.59,7.48
600829.SH,20250714,7.56,7.64,7.53,7.62,7.56,0.06,0.7937,68633.0,52217.513,9.9093,7.62,7.559999999999999,7.639999999999999,7.53
600829.SH,20250715,7.61,7.63,7.41,7.48,7.62,-0.14,-1.8373,83022.0,62153.199,9.9093,7.48,7.61,7.629999999999999,7.41
600829.SH,20250716,7.49,7.64,7.48,7.64,7.48,0.16,2.139,92453.92,70167.594,9.9093,7.639999999999999,7.49,7.639999999999999,7.48
600829.SH,20250717,7.64,8.4,7.64,8.4,7.64,0.76,9.9476,168824.29,138946.705,9.9093,8.4,7.639999999999999,8.4,7.639999999999999
600829.SH,20250718,9.24,9.24,9.24,9.24,8.4,0.84,10.0,83733.0,77369.292,9.9093,9.24,9.24,9.24,9.24
600829.SH,20250721,10.16,10.16,8.59,10.16,9.24,0.92,9.9567,770410.05,721361.182,9.9093,10.16,10.16,10.16,8.59
600829.SH,20250722,10.08,10.1,9.16,9.5,10.16,-0.66,-6.4961,712394.52,673154.028,9.9093,9.5,10.08,10.1,9.16
600829.SH,20250723,9.27,9.3,8.65,8.65,9.5,-0.85,-8.9474,397435.53,356168.245,9.9093,8.65,9.27,9.3,8.65
600829.SH,20250724,8.63,8.83,8.6,8.73,8.65,0.08,0.9249,235804.75,205185.071,9.9093,8.73,8.63,8.83,8.6
600829.SH,20250725,8.66,8.78,8.56,8.59,8.73,-0.14,-1.6037,175040.0,151076.302,9.9093,8.59,8.66,8.78,8.56
600829.SH,20250728,8.52,8.67,8.39,8.59,8.59,0.0,0.0,211324.72,179770.444,9.9093,8.59,8.52,8.67,8.39
600829.SH,20250729,8.51,9.45,8.41,9.45,8.59,0.86,10.0116,477191.01,438799.193,9.9093,9.45,8.51,9.45,8.41
600829.SH,20250730,9.53,9.7,8.52,8.77,9.45,-0.68,-7.1958,724449.37,651255.152,9.9093,8.77,9.53,9.7,8.52
600829.SH,20250731,8.52,8.58,8.28,8.28,8.77,-0.49,-5.5872,388147.12,325760.393,9.9093,8.28,8.52,8.58,8.28
600829.SH,20250801,8.28,8.41,8.08,8.3,8.28,0.02,0.2415,188788.73,156976.431,9.9093,8.3,8.28,8.41,8.08
600829.SH,20250804,8.22,8.31,8.16,8.28,8.3,-0.02,-0.241,152110.75,125520.046,9.9093,8.28,8.22,8.31,8.16
600829.SH,20250805,8.29,8.42,8.28,8.41,8.28,0.13,1.57,155160.0,129680.307,9.9093,8.41,8.29,8.42,8.28
600829.SH,20250806,8.38,8.44,8.25,8.28,8.41,-0.13,-1.5458,135663.99,112608.947,9.9093,8.28,8.38,8.44,8.25
600829.SH,20250807,8.29,8.38,8.27,8.28,8.28,0.0,0.0,113640.0,94487.517,9.9093,8.28,8.29,8.38,8.27
600829.SH,20250808,8.31,8.38,8.22,8.38,8.28,0.1,1.2077,115003.44,95740.489,9.9093,8.38,8.31,8.38,8.22
600829.SH,20250811,8.27,8.4,8.26,8.34,8.38,-0.04,-0.4773,101463.85,84524.911,9.9093,8.34,8.27,8.4,8.26
600829.SH,20250812,8.34,8.44,8.28,8.32,8.34,-0.02,-0.2398,84998.0,70834.242,9.9093,8.32,8.34,8.44,8.28
600829.SH,20250813,8.32,8.34,8.25,8.29,8.32,-0.03,-0.3606,90354.44,74849.884,9.9093,8.29,8.32,8.34,8.25
600829.SH,20250814,8.28,8.3,8.1,8.1,8.29,-0.19,-2.2919,104770.0,85911.85,9.9093,8.1,8.28,8.3,8.1
600829.SH,20250815,8.08,8.18,8.08,8.15,8.1,0.05,0.6173,72106.0,58665.95,9.9093,8.15,8.08,8.18,8.08
600829.SH,20250818,8.18,8.28,8.16,8.22,8.15,0.07,0.8589,98967.0,81339.203,9.9093,8.22,8.18,8.28,8.16
600829.SH,20250819,8.25,8.38,8.2,8.3,8.22,0.08,0.9732,124851.0,103834.876,9.9093,8.3,8.25,8.38,8.2
600829.SH,20250820,8.25,8.33,8.21,8.33,8.3,0.03,0.3614,84123.76,69744.342,9.9093,8.33,8.25,8.33,8.21
600829.SH,20250821,8.35,8.37,8.26,8.3,8.33,-0.03,-0.3601,90578.5,75295.05,9.9093,8.3,8.35,8.37,8.26
600829.SH,20250822,8.3,8.32,8.2,8.27,8.3,-0.03,-0.3614,71181.76,58662.542,9.9093,8.27,8.3,8.32,8.2
600829.SH,20250825,8.29,8.36,8.22,8.33,8.27,0.06,0.7255,95577.0,79369.579,9.9093,8.33,8.29,8.36,8.22
600829.SH,20250826,8.33,8.65,8.27,8.47,8.33,0.14,1.6807,210996.0,178532.699,9.9093,8.47,8.33,8.65,8.27
600829.SH,20250827,8.48,8.52,8.2,8.21,8.47,-0.26,-3.0697,151940.0,126999.876,9.9093,8.21,8.48,8.52,8.2
600829.SH,20250828,8.21,8.3,7.89,8.18,8.21,-0.03,-0.3654,110588.2,89633.203,9.9093,8.18,8.21,8.3,7.89
600829.SH,20250829,8.15,8.22,8.11,8.18,8.18,0.0,0.0,52275.44,42711.401,9.9093,8.18,8.15,8.22,8.11
600829.SH,20250901,8.2,8.35,8.08,8.32,8.18,0.14,1.7115,85717.02,70747.016,9.9093,8.32,8.2,8.35,8.08
600829.SH,20250902,8.38,8.81,8.22,8.61,8.32,0.29,3.4856,273491.02,232770.934,9.9093,8.61,8.38,8.81,8.22
600829.SH,20250903,8.61,8.77,8.3,8.44,8.61,-0.17,-1.9744,191861.0,162864.435,9.9093,8.44,8.61,8.77,8.3
600829.SH,20250904,8.37,8.52,8.2,8.33,8.44,-0.11,-1.3033,129692.0,108866.012,9.9093,8.33,8.37,8.52,8.2
600829.SH,20250905,8.33,8.35,8.08,8.33,8.33,0.0,0.0,101979.58,83846.676,9.9093,8.33,8.33,8.35,8.08
600829.SH,20250908,8.33,8.56,8.3,8.56,8.33,0.23,2.7611,149697.58,126871.847,9.9093,8.56,8.33,8.56,8.3
600829.SH,20250909,8.56,8.58,8.38,8.46,8.56,-0.1,-1.1682,110846.0,93781.138,9.9093,8.46,8.56,8.58,8.38
600829.SH,20250910,8.48,8.51,8.39,8.43,8.46,-0.03,-0.3546,64930.66,54840.259,9.9093,8.43,8.48,8.51,8.39
600829.SH,20250911,8.38,8.45,8.21,8.45,8.43,0.02,0.2372,83748.2,69998.077,9.9093,8.45,8.38,8.45,8.21
600829.SH,20250912,8.48,8.5,8.35,8.35,8.45,-0.1,-1.1834,71223.2,59824.512,9.9093,8.35,8.48,8.5,8.35
600829.SH,20250915,8.32,8.34,8.23,8.26,8.35,-0.09,-1.0778,56721.0,46905.326,9.9093,8.26,8.32,8.34,8.23
600829.SH,20250916,8.3,8.3,8.18,8.26,8.26,0.0,0.0,62535.0,51470.446,9.9093,8.26,8.3,8.3,8.18
600829.SH,20250917,8.28,8.29,8.2,8.2,8.26,-0.06,-0.7264,63850.0,52517.243,9.9093,8.2,8.28,8.29,8.2
600829.SH,20250918,8.16,8.4,8.16,8.33,8.2,0.13,1.5854,123632.2,102115.551,9.9093,8.33,8.16,8.4,8.16
600829.SH,20250919,8.28,8.28,8.08,8.13,8.33,-0.2,-2.401,73717.0,60002.07,9.9093,8.13,8.28,8.28,8.08
600829.SH,20250922,8.12,8.16,7.95,7.96,8.13,-0.17,-2.091,58637.0,47027.519,9.9093,7.96,8.12,8.16,7.95
600829.SH,20250923,7.98,8.0,7.66,7.83,7.96,-0.13,-1.6332,63659.0,49494.085,9.9093,7.830000000000001,7.98,8.0,7.66
600829.SH,20250924,7.81,7.92,7.71,7.9,7.83,0.07,0.894,35207.0,27714.994,9.9093,7.900000000000001,7.81,7.92,7.709999999999999
600829.SH,20250925,7.9,8.02,7.9,7.95,7.9,0.05,0.6329,49979.0,39741.321,9.9093,7.95,7.900000000000001,8.02,7.900000000000001
600829.SH,20250926,7.91,7.91,7.78,7.86,7.95,-0.09,-1.1321,37110.0,29118.727,9.9093,7.860000000000001,7.91,7.91,7.779999999999999
600829.SH,20250929,7.84,7.91,7.7,7.91,7.86,0.05,0.6361,41245.98,32228.724,9.9093,7.91,7.84,7.91,7.699999999999999
600829.SH,20250930,7.91,7.93,7.86,7.89,7.91,-0.02,-0.2528,23051.14,18195.478,9.9093,7.89,7.91,7.93,7.860000000000001
600829.SH,20251009,7.96,7.97,7.81,7.94,7.89,0.05,0.6337,31772.26,25093.933,9.9093,7.94,7.96,7.97,7.81
600829.SH,20251010,7.93,8.05,7.87,8.04,7.94,0.1,1.2594,40685.0,32578.849,9.9093,8.04,7.93,8.05,7.87
600829.SH,20251013,7.82,7.94,7.74,7.92,8.04,-0.12,-1.4925,41961.1,32916.77,9.9093,7.92,7.820000000000001,7.94,7.739999999999999
600829.SH,20251014,7.94,8.05,7.9,8.0,7.92,0.08,1.0101,45515.0,36351.885,9.9093,8.0,7.94,8.05,7.900000000000001
600829.SH,20251015,8.01,8.1,7.94,8.08,8.0,0.08,1.0,40675.0,32822.595,9.9093,8.08,8.01,8.1,7.94
600829.SH,20251016,8.1,8.15,8.05,8.1,8.08,0.02,0.2475,39187.0,31744.742,9.9093,8.1,8.1,8.15,8.05
600829.SH,20251017,8.13,8.15,8.01,8.01,8.1,-0.09,-1.1111,49166.31,39732.142,9.9093,8.01,8.13,8.15,8.01
600829.SH,20251020,8.09,8.23,8.05,8.22,8.01,0.21,2.6217,74311.32,60635.794,9.9093,8.22,8.09,8.23,8.05
600829.SH,20251021,8.17,8.2,8.06,8.19,8.22,-0.03,-0.365,62757.66,51043.042,9.9093,8.19,8.17,8.2,8.06
600829.SH,20251022,8.15,8.26,8.13,8.21,8.19,0.02,0.2442,53090.66,43612.688,9.9093,8.21,8.15,8.26,8.13
600829.SH,20251023,8.22,8.28,8.12,8.24,8.21,0.03,0.3654,44617.0,36511.537,9.9093,8.24,8.22,8.28,8.12
600829.SH,20251024,8.24,8.24,8.14,8.14,8.24,-0.1,-1.2136,42590.0,34791.352,9.9093,8.14,8.24,8.24,8.14
600829.SH,20251027,8.17,8.23,8.09,8.18,8.14,0.04,0.4914,50166.31,41023.004,9.9093,8.18,8.17,8.23,8.09
600829.SH,20251028,8.19,8.47,8.13,8.25,8.18,0.07,0.8557,97394.12,80823.734,9.9093,8.25,8.19,8.47,8.13
600829.SH,20251029,8.15,8.87,8.15,8.43,8.25,0.18,2.1818,190989.25,161768.706,9.9093,8.43,8.15,8.87,8.15
600829.SH,20251030,8.35,8.88,8.27,8.6,8.43,0.17,2.0166,277195.81,239148.461,9.9093,8.6,8.35,8.88,8.27
600829.SH,20251031,8.49,8.8,8.49,8.65,8.6,0.05,0.5814,202749.31,175123.017,9.9093,8.65,8.49,8.8,8.49
600829.SH,20251103,8.66,9.44,8.56,8.99,8.65,0.34,3.9306,337542.39,302492.802,9.9093,8.99,8.66,9.44,8.56
600829.SH,20251104,8.82,9.89,8.73,9.71,8.99,0.72,8.0089,550341.39,517346.403,9.9093,9.71,8.82,9.89,8.73
600829.SH,20251105,9.38,10.5,9.27,10.32,9.71,0.61,6.2822,603543.98,598179.694,9.9093,10.32,9.38,10.5,9.27
600829.SH,20251106,10.0,10.19,9.29,9.29,10.32,-1.03,-9.9806,521665.98,500185.645,9.9093,9.29,10.0,10.19,9.29
600829.SH,20251107,9.02,9.49,9.02,9.39,9.29,0.1,1.0764,362957.3,335852.003,9.9093,9.39,9.02,9.49,9.02
600829.SH,20251110,9.2,10.33,9.15,10.33,9.39,0.94,10.0106,308830.62,312510.943,9.9093,10.33,9.2,10.33,9.15
600829.SH,20251111,11.36,11.36,11.36,11.36,10.33,1.03,9.971,60304.5,68505.912,9.9093,11.36,11.36,11.36,11.36
600829.SH,20251112,12.5,12.5,12.5,12.5,11.36,1.14,10.0352,47823.88,59779.85,9.9093,12.5,12.5,12.5,12.5
600829.SH,20251113,13.75,13.75,13.75,13.75,12.5,1.25,10.0,69359.76,95369.67,9.9093,13.749999999999998,13.749999999999998,13.749999999999998,13.749999999999998
600829.SH,20251114,15.13,15.13,14.68,15.13,13.75,1.38,10.0364,427632.82,645230.353,9.9093,15.130000000000004,15.130000000000004,15.130000000000004,14.68
600829.SH,20251117,16.64,16.64,16.2,16.64,15.13,1.51,9.9802,768021.28,1276133.499,9.9093,16.64,16.64,16.64,16.2
600829.SH,20251118,16.7,18.13,14.98,17.72,16.64,1.08,6.4904,1148746.06,1901590.856,9.9093,17.72,16.7,18.13,14.98
600829.SH,20251119,15.95,17.48,15.95,15.95,17.72,-1.77,-9.9887,650950.93,1060253.372,9.9093,15.95,15.95,17.48,15.95
600829.SH,20251120,14.36,15.46,14.36,14.36,15.95,-1.59,-9.9687,557740.0,809411.77,9.9093,14.36,14.36,15.46,14.36
600829.SH,20251121,12.92,13.23,12.92,12.92,14.36,-1.44,-10.0279,220171.74,284877.617,9.9093,12.92,12.92,13.23,12.92
600829.SH,20251124,11.86,12.5,11.63,11.63,12.92,-1.29,-9.9845,645482.54,768878.949,9.9093,11.63,11.86,12.5,11.63
600829.SH,20251125,11.84,12.14,11.68,11.98,11.63,0.35,3.0095,569943.8,680589.419,9.9093,11.98,11.84,12.14,11.68
600829.SH,20251126,11.94,13.18,11.68,13.18,11.98,1.2,10.0167,538852.53,671683.541,9.9093,13.179999999999998,11.94,13.179999999999998,11.68
600829.SH,20251127,13.45,13.6,12.35,12.63,13.18,-0.55,-4.173,708575.71,909406.6,9.9093,12.63,13.45,13.6,12.35
600829.SH,20251128,12.6,13.28,12.21,12.67,12.63,0.04,0.3167,589705.84,740157.045,9.9093,12.67,12.6,13.28,12.21
600829.SH,20251201,12.59,12.96,12.25,12.26,12.67,-0.41,-3.236,509275.21,642208.774,9.9093,12.26,12.59,12.96,12.25
600829.SH,20251202,12.45,13.49,12.19,13.49,12.26,1.23,10.0326,450625.81,582521.054,9.9093,13.49,12.45,13.49,12.19
600829.SH,20251203,14.03,14.8,13.7,14.47,13.49,0.98,7.2646,933406.8,1340054.119,9.9093,14.47,14.03,14.8,13.7
600829.SH,20251204,13.89,13.98,13.02,13.02,14.47,-1.45,-10.0207,650371.0,863436.479,9.9093,13.02,13.89,13.98,13.02
600829.SH,20251205,12.73,13.79,12.59,13.29,13.02,0.27,2.0737,629257.38,838777.279,9.9093,13.29,12.73,13.79,12.59
600829.SH,20251208,13.26,13.97,12.99,13.72,13.29,0.43,3.2355,625477.01,840134.316,9.9093,13.72,13.259999999999998,13.97,12.990000000000002
600829.SH,20251209,13.43,13.44,12.62,12.77,13.72,-0.95,-6.9242,481353.0,623360.702,9.9093,12.77,13.43,13.44,12.62
600829.SH,20251210,12.51,12.77,12.14,12.36,12.77,-0.41,-3.2106,386287.38,477316.746,9.9093,12.36,12.51,12.77,12.14
600829.SH,20251211,12.34,12.34,11.93,12.02,12.36,-0.34,-2.7508,302214.0,364381.177,9.9093,12.02,12.34,12.34,11.93
600829.SH,20251212,11.9,11.93,11.5,11.55,12.02,-0.47,-3.9101,264381.0,306641.788,9.9093,11.55,11.9,11.93,11.5
600829.SH,20251215,11.4,11.95,11.37,11.81,11.55,0.26,2.2511,251872.0,295774.052,9.9093,11.81,11.4,11.95,11.37
600829.SH,20251216,11.76,11.82,11.24,11.32,11.81,-0.49,-4.149,217030.77,248419.517,9.9093,11.32,11.76,11.82,11.24
600829.SH,20251217,11.32,11.62,11.22,11.44,11.32,0.12,1.0601,229609.6,262624.36,9.9093,11.44,11.32,11.62,11.22
600829.SH,20251218,11.33,12.3,11.3,11.85,11.44,0.41,3.5839,326184.9,387273.595,9.9093,11.85,11.33,12.3,11.3
600829.SH,20251219,11.61,11.91,11.28,11.79,11.85,-0.06,-0.5063,330760.62,386163.237,9.9093,11.79,11.61,11.91,11.28
600829.SH,20251222,11.96,11.97,11.54,11.58,11.79,-0.21,-1.7812,202936.45,235893.7,9.9093,11.58,11.96,11.97,11.54
600829.SH,20251223,11.51,12.15,11.43,11.67,11.58,0.09,0.7772,379863.71,448946.233,9.9093,11.67,11.51,12.15,11.43
600829.SH,20251224,11.53,11.78,11.5,11.76,11.67,0.09,0.7712,227105.54,264666.282,9.9093,11.76,11.53,11.78,11.5
600829.SH,20251225,11.75,12.25,11.52,11.8,11.76,0.04,0.3401,332312.62,392256.377,9.9093,11.8,11.75,12.25,11.52
600829.SH,20251226,11.8,12.25,11.77,11.99,11.8,0.19,1.6102,337500.14,403132.629,9.9093,11.99,11.8,12.25,11.77
600829.SH,20251229,11.79,11.84,10.99,11.17,11.99,-0.82,-6.839,367659.01,413976.251,9.9093,11.17,11.79,11.84,10.99
600829.SH,20251230,11.11,11.13,10.71,10.89,11.17,-0.28,-2.5067,264745.1,288712.521,9.9093,10.89,11.11,11.13,10.71
600829.SH,20251231,10.93,11.03,10.7,10.81,10.89,-0.08,-0.7346,174382.0,188746.538,9.9093,10.81,10.93,11.03,10.7
600829.SH,20260105,10.98,11.19,10.81,11.0,10.81,0.19,1.7576,203718.1,223174.836,9.9093,11.0,10.98,11.19,10.81
600829.SH,20260106,11.01,11.45,10.95,11.29,11.0,0.29,2.6364,260269.36,293510.9,9.9093,11.29,11.01,11.45,10.95
600829.SH,20260107,11.3,11.6,11.28,11.44,11.29,0.15,1.3286,215578.01,246106.956,9.9093,11.44,11.3,11.6,11.28
600829.SH,20260108,11.44,11.54,11.37,11.51,11.44,0.07,0.6119,159096.37,182464.499,9.9093,11.51,11.44,11.54,11.37
600829.SH,20260109,11.52,11.85,11.5,11.83,11.51,0.32,2.7802,202217.27,237404.531,9.9093,11.83,11.52,11.85,11.5
600829.SH,20260112,11.88,12.1,11.68,12.09,11.83,0.26,2.1978,224396.15,267764.966,9.9093,12.09,11.88,12.1,11.68
600829.SH,20260113,12.19,12.69,11.76,12.11,12.09,0.02,0.1654,521381.01,639808.68,9.9093,12.11,12.19,12.69,11.76
600829.SH,20260114,12.1,12.43,11.65,11.89,12.11,-0.22,-1.8167,403839.72,482566.214,9.9093,11.89,12.1,12.43,11.65
600829.SH,20260115,11.68,11.76,11.27,11.46,11.89,-0.43,-3.6165,229751.0,263270.218,9.9093,11.46,11.68,11.76,11.27
600829.SH,20260116,11.55,11.56,11.06,11.1,11.46,-0.36,-3.1414,164738.0,184549.746,9.9093,11.1,11.55,11.56,11.06
600829.SH,20260119,11.03,11.41,11.01,11.29,11.1,0.19,1.7117,125449.0,141452.214,9.9093,11.29,11.03,11.41,11.01
600829.SH,20260120,11.29,11.36,11.03,11.14,11.29,-0.15,-1.3286,105879.01,117946.91,9.9093,11.14,11.29,11.36,11.03
600829.SH,20260121,11.1,11.19,10.96,11.14,11.14,0.0,0.0,83307.0,92605.699,9.9093,11.14,11.1,11.19,10.96
600829.SH,20260122,11.14,11.37,11.05,11.35,11.14,0.21,1.8851,109329.0,123179.582,9.9093,11.35,11.14,11.37,11.05
600829.SH,20260123,11.61,12.49,11.61,12.04,11.35,0.69,6.0793,531766.35,649167.353,9.9093,12.04,11.61,12.49,11.61
600829.SH,20260126,12.04,12.65,11.88,12.25,12.04,0.21,1.7442,576676.58,704104.075,9.9093,12.25,12.04,12.65,11.88
600829.SH,20260127,12.0,13.16,11.69,12.99,12.25,0.74,6.0408,667223.47,838561.58,9.9093,12.990000000000002,12.0,13.16,11.69
600829.SH,20260128,12.61,12.65,12.24,12.35,12.99,-0.64,-4.9269,432726.81,537237.188,9.9093,12.35,12.61,12.65,12.24
600829.SH,20260129,12.06,12.06,11.41,11.77,12.35,-0.58,-4.6964,301824.97,356853.758,9.9093,11.77,12.06,12.06,11.41
600829.SH,20260130,11.78,11.96,11.12,11.22,11.77,-0.55,-4.6729,256797.25,292169.553,9.9093,11.22,11.78,11.96,11.12
600829.SH,20260202,10.99,11.44,10.99,11.11,11.22,-0.11,-0.9804,143493.34,161675.01,9.9093,11.11,10.99,11.44,10.99
600829.SH,20260203,11.16,11.32,11.07,11.29,11.11,0.18,1.6202,118866.87,133249.638,9.9093,11.29,11.16,11.32,11.07
600829.SH,20260204,11.22,11.37,11.15,11.36,11.29,0.07,0.62,106836.0,120640.446,9.9093,11.36,11.22,11.37,11.15
600829.SH,20260205,11.26,11.56,11.24,11.37,11.36,0.01,0.088,144191.31,164487.877,9.9093,11.37,11.26,11.56,11.24
600829.SH,20260206,11.42,11.98,11.42,11.51,11.37,0.14,1.2313,221870.22,258496.101,9.9093,11.51,11.42,11.98,11.42
600829.SH,20260209,11.2,11.66,11.2,11.45,11.51,-0.06,-0.5213,169698.0,194040.426,9.9093,11.45,11.2,11.66,11.2
600829.SH,20260210,11.44,11.45,11.1,11.12,11.45,-0.33,-2.8821,148206.0,165736.873,9.9093,11.12,11.44,11.45,11.1
600829.SH,20260211,11.14,11.16,11.03,11.04,11.12,-0.08,-0.7194,77946.0,86388.19,9.9093,11.04,11.14,11.16,11.03
600829.SH,20260212,11.04,11.06,10.77,10.8,11.04,-0.24,-2.1739,104258.0,113119.093,9.9093,10.8,11.04,11.06,10.77
600829.SH,20260213,10.86,10.89,10.66,10.69,10.8,-0.11,-1.0185,64867.0,69906.418,9.9093,10.69,10.86,10.89,10.66
600829.SH,20260224,10.85,11.0,10.76,10.99,10.69,0.3,2.8064,83615.0,91318.213,9.9093,10.99,10.85,11.0,10.76
600829.SH,20260225,10.99,11.07,10.93,10.98,10.99,-0.01,-0.091,81898.0,90128.465,9.9093,10.98,10.99,11.07,10.93
600829.SH,20260226,10.92,11.02,10.88,10.91,10.98,-0.07,-0.6375,69908.94,76245.089,9.9093,10.91,10.92,11.02,10.88
600829.SH,20260227,10.89,10.97,10.82,10.96,10.91,0.05,0.4583,54455.0,59360.756,9.9093,10.96,10.89,10.97,10.82
600829.SH,20260302,10.8,10.82,10.35,10.49,10.96,-0.47,-4.2883,121693.0,128238.02,9.9093,10.49,10.8,10.82,10.35
600829.SH,20260303,10.44,10.68,10.28,10.31,10.49,-0.18,-1.7159,89761.12,93863.748,9.9093,10.31,10.44,10.68,10.28
600829.SH,20260304,10.15,10.3,10.0,10.18,10.31,-0.13,-1.2609,67585.42,68610.767,9.9093,10.18,10.15,10.3,10.0
600829.SH,20260305,10.22,10.44,10.22,10.36,10.18,0.18,1.7682,61920.0,64106.652,9.9093,10.36,10.22,10.44,10.22
600829.SH,20260306,10.3,10.61,10.25,10.57,10.36,0.21,2.027,65362.0,68825.238,9.9093,10.57,10.3,10.61,10.25
600829.SH,20260309,10.45,10.45,10.32,10.38,10.57,-0.19,-1.7975,58084.0,60268.811,9.9093,10.38,10.45,10.45,10.32
600829.SH,20260310,10.5,10.51,10.38,10.49,10.38,0.11,1.0597,50551.47,52875.714,9.9093,10.49,10.5,10.51,10.38
600829.SH,20260311,10.51,10.54,10.26,10.33,10.49,-0.16,-1.5253,59649.0,61625.786,9.9093,10.33,10.51,10.54,10.26
600829.SH,20260312,10.3,10.35,10.14,10.14,10.33,-0.19,-1.8393,52577.92,53646.552,9.9093,10.14,10.3,10.35,10.14
600829.SH,20260313,10.1,10.27,10.05,10.14,10.14,0.0,0.0,48139.0,49014.476,9.9093,10.14,10.1,10.27,10.05
600829.SH,20260316,10.08,10.3,10.08,10.23,10.14,0.09,0.8876,41260.0,42102.184,9.9093,10.23,10.08,10.3,10.08
600829.SH,20260317,10.24,10.35,10.07,10.07,10.23,-0.16,-1.564,57017.62,58341.744,9.9093,10.07,10.24,10.35,10.07
600829.SH,20260318,10.12,10.25,10.0,10.23,10.07,0.16,1.5889,46330.28,46953.951,9.9093,10.23,10.12,10.25,10.0
600829.SH,20260319,10.12,10.2,9.9,9.96,10.23,-0.27,-2.6393,57570.31,57664.749,9.9093,9.96,10.12,10.2,9.9
600829.SH,20260320,9.92,10.09,9.76,9.76,9.96,-0.2,-2.008,58702.15,58115.635,9.9093,9.76,9.92,10.09,9.76
600829.SH,20260323,9.55,9.74,9.3,9.36,9.76,-0.4,-4.0984,85279.0,81124.7,9.9093,9.36,9.55,9.74,9.3
600829.SH,20260324,9.55,9.77,9.48,9.76,9.36,0.4,4.2735,81813.01,78759.631,9.9093,9.76,9.55,9.77,9.48
600829.SH,20260325,9.78,9.89,9.7,9.89,9.76,0.13,1.332,47964.0,47098.741,9.9093,9.89,9.78,9.89,9.7
600829.SH,20260326,9.85,10.0,9.74,9.75,9.89,-0.14,-1.4156,44502.0,43884.019,9.9093,9.75,9.85,10.0,9.74
600829.SH,20260327,9.67,10.02,9.65,10.02,9.75,0.27,2.7692,54578.0,54189.688,9.9093,10.02,9.67,10.02,9.65
600829.SH,20260330,9.91,10.29,9.91,10.23,10.02,0.21,2.0958,81885.0,83149.739,9.9093,10.23,9.91,10.29,9.91
600829.SH,20260331,10.17,10.42,10.14,10.19,10.23,-0.04,-0.391,81890.0,84324.058,9.9093,10.19,10.17,10.42,10.14
600829.SH,20260401,10.3,10.36,9.99,10.33,10.19,0.14,1.3739,90027.58,92198.095,9.9093,10.33,10.3,10.36,9.99
600829.SH,20260402,10.3,11.36,10.3,11.3,10.33,0.97,9.3901,434593.57,471660.009,9.9093,11.3,10.3,11.36,10.3
600829.SH,20260403,10.69,12.2,10.66,11.1,11.3,-0.2,-1.7699,510738.6,579850.122,9.9093,11.1,10.69,12.2,10.66
600829.SH,20260407,11.06,11.97,10.6,11.67,11.1,0.57,5.1351,495958.01,557216.37,9.9093,11.67,11.06,11.97,10.6
