ts_code,trade_date,open,high,low,close,pre_close,change,pct_chg,vol,amount,adj_factor,adj_close,adj_open,adj_high,adj_low
920174.BJ,20160321,8.1,8.18,8.1,8.18,,,,330.0,268.02,1.0,6.561321889789043,6.497152482553942,6.561321889789043,6.497152482553942
920174.BJ,20160323,7.9,7.9,7.77,7.77,8.18,-0.41,-5.0122,80.0,62.46,1.0,6.232453677709152,6.336728964466191,6.336728964466191,6.232453677709152
920174.BJ,20160413,7.58,7.58,7.58,7.58,7.77,-0.19,-2.4453,20.0,15.16,1.0,6.080051335525789,6.080051335525789,6.080051335525789,6.080051335525789
920174.BJ,20160418,7.58,7.58,7.58,7.58,7.58,0.0,0.0,50.0,37.9,1.0,6.080051335525789,6.080051335525789,6.080051335525789,6.080051335525789
920174.BJ,20160420,7.58,7.59,7.58,7.58,7.58,0.0,0.0,700.0,530.7,1.0,6.080051335525789,6.080051335525789,6.088072511430176,6.080051335525789
920174.BJ,20160421,7.6,7.62,7.6,7.6,7.58,0.02,0.2639,570.0,433.48,1.0,6.096093687334563,6.096093687334563,6.112136039143339,6.096093687334563
920174.BJ,20160422,7.59,7.62,7.59,7.62,7.6,0.02,0.2632,220.0,167.07,1.0,6.112136039143339,6.088072511430176,6.112136039143339,6.088072511430176
920174.BJ,20160425,7.63,7.7,7.63,7.68,7.62,0.06,0.7874,250.0,191.4,1.0,6.160263094569664,6.120157215047726,6.176305446378439,6.120157215047726
920174.BJ,20160426,7.7,7.7,7.68,7.68,7.68,0.0,0.0,400.0,307.43,1.0,6.160263094569664,6.176305446378439,6.176305446378439,6.160263094569664
920174.BJ,20160427,7.74,7.75,7.71,7.71,7.68,0.03,0.3906,230.0,177.97,1.0,6.184326622282827,6.20839014999599,6.216411325900378,6.184326622282827
920174.BJ,20160428,7.73,7.75,7.71,7.71,7.71,0.0,0.0,690.0,533.41,1.0,6.184326622282827,6.200368974091602,6.216411325900378,6.184326622282827
920174.BJ,20160429,7.71,7.71,7.68,7.68,7.71,-0.03,-0.3891,180.0,138.55,1.0,6.160263094569664,6.184326622282827,6.184326622282827,6.160263094569664
920174.BJ,20160503,7.68,7.68,7.67,7.67,7.68,-0.01,-0.1302,250.0,191.92,1.0,6.152241918665276,6.160263094569664,6.160263094569664,6.152241918665276
920174.BJ,20160504,7.67,7.7,7.65,7.7,7.67,0.03,0.3911,320.0,245.4,1.0,6.176305446378439,6.152241918665276,6.176305446378439,6.136199566856502
920174.BJ,20160505,7.7,7.7,7.65,7.65,7.7,-0.05,-0.6494,270.0,207.2,1.0,6.136199566856502,6.176305446378439,6.176305446378439,6.136199566856502
920174.BJ,20160506,7.65,7.65,7.65,7.65,7.65,0.0,0.0,20.0,15.3,1.0,6.136199566856502,6.136199566856502,6.136199566856502,6.136199566856502
920174.BJ,20160509,7.65,7.73,7.65,7.73,7.65,0.08,1.0458,60.0,45.98,1.0,6.200368974091602,6.136199566856502,6.200368974091602,6.136199566856502
920174.BJ,20160510,7.73,7.73,7.73,7.73,7.73,0.0,0.0,10.0,7.73,1.0,6.200368974091602,6.200368974091602,6.200368974091602,6.200368974091602
920174.BJ,20160511,7.73,7.73,7.66,7.66,7.73,-0.07,-0.9056,160.0,122.63,1.0,6.144220742760889,6.200368974091602,6.200368974091602,6.144220742760889
920174.BJ,20160512,7.66,7.66,7.65,7.65,7.66,-0.01,-0.1305,220.0,168.33,1.0,6.136199566856502,6.144220742760889,6.144220742760889,6.136199566856502
920174.BJ,20160513,7.65,7.65,7.63,7.63,7.65,-0.02,-0.2614,380.0,290.36,1.0,6.120157215047726,6.136199566856502,6.136199566856502,6.120157215047726
920174.BJ,20160516,7.6,7.6,7.58,7.58,7.63,-0.05,-0.6553,70.0,53.16,1.0,6.080051335525789,6.096093687334563,6.096093687334563,6.080051335525789
920174.BJ,20160517,7.58,7.58,7.5,7.55,7.58,-0.03,-0.3958,120.0,90.55,1.0,6.055987807812626,6.080051335525789,6.080051335525789,6.015881928290688
920174.BJ,20160518,7.05,7.49,6.98,7.49,7.55,-0.06,-0.7947,1580.0,1113.87,1.0,6.007860752386301,5.654929012593247,6.007860752386301,5.598780781262533
920174.BJ,20160519,7.4,7.4,7.4,7.4,7.49,-0.09,-1.2016,30.0,22.2,1.0,5.935670169246812,5.935670169246812,5.935670169246812,5.935670169246812
920174.BJ,20160520,7.4,7.4,7.4,7.4,7.4,0.0,0.0,30.0,22.2,1.0,5.935670169246812,5.935670169246812,5.935670169246812,5.935670169246812
920174.BJ,20160523,7.4,7.45,7.4,7.45,7.4,0.05,0.6757,90.0,66.91,1.0,5.97577604876875,5.935670169246812,5.97577604876875,5.935670169246812
920174.BJ,20160524,7.44,7.44,7.44,7.44,7.45,-0.01,-0.1342,120.0,89.28,1.0,5.967754872864362,5.967754872864362,5.967754872864362,5.967754872864362
920174.BJ,20160525,7.44,7.44,7.44,7.44,7.44,0.0,0.0,10.0,7.44,1.0,5.967754872864362,5.967754872864362,5.967754872864362,5.967754872864362
920174.BJ,20160526,7.44,7.44,7.44,7.44,7.44,0.0,0.0,90.0,66.96,1.0,5.967754872864362,5.967754872864362,5.967754872864362,5.967754872864362
920174.BJ,20160527,7.44,7.44,7.44,7.44,7.44,0.0,0.0,90.0,66.96,1.0,5.967754872864362,5.967754872864362,5.967754872864362,5.967754872864362
920174.BJ,20160530,7.44,7.44,7.44,7.44,7.44,0.0,0.0,130.0,96.72,1.0,5.967754872864362,5.967754872864362,5.967754872864362,5.967754872864362
920174.BJ,20160531,7.4,7.4,7.4,7.4,7.44,-0.04,-0.5376,30.0,22.2,1.0,5.935670169246812,5.935670169246812,5.935670169246812,5.935670169246812
920174.BJ,20160601,7.41,7.41,7.41,7.41,7.4,0.01,0.1351,10.0,7.41,1.0,5.9436913451512,5.9436913451512,5.9436913451512,5.9436913451512
920174.BJ,20160603,7.41,7.41,7.41,7.41,7.41,0.0,0.0,60.0,44.46,1.0,5.9436913451512,5.9436913451512,5.9436913451512,5.9436913451512
920174.BJ,20160607,7.4,7.4,7.38,7.38,7.41,-0.03,-0.4049,170.0,125.65,1.0,5.919627817438037,5.935670169246812,5.935670169246812,5.919627817438037
920174.BJ,20160613,7.38,7.38,7.36,7.36,7.38,-0.02,-0.271,80.0,58.98,1.0,5.903585465629262,5.919627817438037,5.919627817438037,5.903585465629262
920174.BJ,20160614,7.36,7.36,7.35,7.35,7.36,-0.01,-0.1359,120.0,88.26,1.0,5.895564289724874,5.903585465629262,5.903585465629262,5.895564289724874
920174.BJ,20160621,7.36,7.36,7.36,7.36,7.35,0.01,0.1361,30.0,22.08,1.0,5.903585465629262,5.903585465629262,5.903585465629262,5.903585465629262
920174.BJ,20160622,7.36,7.36,7.36,7.36,7.36,0.0,0.0,90.0,66.24,1.0,5.903585465629262,5.903585465629262,5.903585465629262,5.903585465629262
920174.BJ,20160623,7.36,7.36,7.36,7.36,7.36,0.0,0.0,180.0,132.48,1.0,5.903585465629262,5.903585465629262,5.903585465629262,5.903585465629262
920174.BJ,20160628,7.36,7.36,7.3,7.3,7.36,-0.06,-0.8152,220.0,161.38,1.0,5.855458410202936,5.903585465629262,5.903585465629262,5.855458410202936
920174.BJ,20160905,7.4,7.57,7.4,7.56,7.3,0.26,3.5616,400.0,298.39,1.0,6.064008983717013,5.935670169246812,6.072030159621401,5.935670169246812
920174.BJ,20160906,7.56,7.6,7.56,7.6,7.56,0.04,0.5291,50.0,37.88,1.0,6.096093687334563,6.064008983717013,6.096093687334563,6.064008983717013
920174.BJ,20160908,7.7,7.71,7.7,7.71,7.6,0.11,1.4474,30.0,23.11,1.0,6.184326622282827,6.176305446378439,6.184326622282827,6.176305446378439
920174.BJ,20160909,7.71,7.86,7.46,7.86,7.71,0.15,1.9455,260.0,200.13,1.0,6.304644260848641,6.184326622282827,6.304644260848641,5.983797224673137
920174.BJ,20160913,7.91,7.91,7.64,7.64,7.86,-0.22,-2.799,120.0,94.38,1.0,6.1281783909521135,6.344750140370579,6.344750140370579,6.1281783909521135
920174.BJ,20160914,8.0,8.0,7.9,7.9,7.64,0.26,3.4031,70.0,55.85,1.0,6.336728964466191,6.416940723510067,6.416940723510067,6.336728964466191
920174.BJ,20160919,7.95,8.04,7.95,8.04,7.9,0.14,1.7722,210.0,168.61,1.0,6.449025427127617,6.376834843988129,6.449025427127617,6.376834843988129
920174.BJ,20160920,8.0,8.0,7.8,7.8,8.04,-0.24,-2.9851,120.0,94.0,1.0,6.256517205422315,6.416940723510067,6.416940723510067,6.256517205422315
920174.BJ,20160921,7.9,7.99,7.9,7.99,7.8,0.19,2.4359,100.0,79.18,1.0,6.40891954760568,6.336728964466191,6.40891954760568,6.336728964466191
920174.BJ,20160927,8.0,8.0,8.0,8.0,7.99,0.01,0.1252,70.0,56.0,1.0,6.416940723510067,6.416940723510067,6.416940723510067,6.416940723510067
920174.BJ,20160929,8.0,8.0,8.0,8.0,8.0,0.0,0.0,50.0,40.0,1.0,6.416940723510067,6.416940723510067,6.416940723510067,6.416940723510067
920174.BJ,20160930,8.0,8.0,8.0,8.0,8.0,0.0,0.0,20.0,16.0,1.0,6.416940723510067,6.416940723510067,6.416940723510067,6.416940723510067
920174.BJ,20161010,7.96,7.96,7.96,7.96,8.0,-0.04,-0.5,30.0,23.88,1.0,6.384856019892517,6.384856019892517,6.384856019892517,6.384856019892517
920174.BJ,20161012,8.0,8.0,8.0,8.0,7.96,0.04,0.5025,60.0,48.0,1.0,6.416940723510067,6.416940723510067,6.416940723510067,6.416940723510067
920174.BJ,20161013,8.0,8.0,8.0,8.0,8.0,0.0,0.0,60.0,48.0,1.0,6.416940723510067,6.416940723510067,6.416940723510067,6.416940723510067
920174.BJ,20161014,8.0,8.2,8.0,8.2,8.0,0.2,2.5,140.0,114.0,1.0,6.577364241597818,6.416940723510067,6.577364241597818,6.416940723510067
920174.BJ,20161017,8.2,8.2,8.2,8.2,8.2,0.0,0.0,30.0,24.6,1.0,6.577364241597818,6.577364241597818,6.577364241597818,6.577364241597818
920174.BJ,20161018,8.2,8.2,8.1,8.1,8.2,-0.1,-1.2195,30.0,24.5,1.0,6.497152482553942,6.577364241597818,6.577364241597818,6.497152482553942
920174.BJ,20161021,8.14,8.14,8.14,8.14,8.1,0.04,0.4938,30.0,24.42,1.0,6.5292371861714935,6.5292371861714935,6.5292371861714935,6.5292371861714935
920174.BJ,20161024,8.31,8.31,8.31,8.31,8.14,0.17,2.0885,60.0,49.86,1.0,6.665597176546083,6.665597176546083,6.665597176546083,6.665597176546083
920174.BJ,20161025,8.31,8.31,8.31,8.31,8.31,0.0,0.0,10.0,8.31,1.0,6.665597176546083,6.665597176546083,6.665597176546083,6.665597176546083
920174.BJ,20161026,8.36,8.4,8.36,8.4,8.31,0.09,1.083,140.0,117.28,1.0,6.73778775968557,6.705703056068019,6.73778775968557,6.705703056068019
920174.BJ,20161027,8.36,8.36,8.28,8.28,8.4,-0.12,-1.4286,60.0,50.0,1.0,6.641533648832919,6.705703056068019,6.705703056068019,6.641533648832919
920174.BJ,20161028,8.3,8.3,8.3,8.3,8.28,0.02,0.2415,50.0,41.5,1.0,6.657576000641695,6.657576000641695,6.657576000641695,6.657576000641695
920174.BJ,20161031,8.0,8.42,8.0,8.42,8.3,0.12,1.4458,190.0,157.52,1.0,6.753830111494345,6.416940723510067,6.753830111494345,6.416940723510067
920174.BJ,20161101,8.46,8.56,8.46,8.56,8.42,0.14,1.6627,220.0,186.9,1.0,6.866126574155772,6.785914815111896,6.866126574155772,6.785914815111896
920174.BJ,20161102,8.57,8.57,8.57,8.57,8.56,0.01,0.1168,100.0,85.7,1.0,6.87414775006016,6.87414775006016,6.87414775006016,6.87414775006016
920174.BJ,20161103,8.7,8.79,8.7,8.79,8.57,0.22,2.5671,160.0,139.61,1.0,7.050613619956685,6.9784230368171976,7.050613619956685,6.9784230368171976
920174.BJ,20161104,8.79,8.8,8.79,8.8,8.79,0.01,0.1138,50.0,43.97,1.0,7.0586347958610745,7.050613619956685,7.0586347958610745,7.050613619956685
920174.BJ,20161107,8.8,8.84,8.8,8.84,8.8,0.04,0.4545,40.0,35.25,1.0,7.090719499478624,7.0586347958610745,7.090719499478624,7.0586347958610745
920174.BJ,20161108,8.84,9.08,8.84,9.08,8.84,0.24,2.7149,210.0,189.47,1.0,7.283227721183926,7.090719499478624,7.283227721183926,7.090719499478624
920174.BJ,20161114,9.2,9.21,9.2,9.21,9.08,0.13,1.4317,90.0,82.85,1.0,7.387503007940965,7.379481832036577,7.387503007940965,7.379481832036577
920174.BJ,20161116,9.29,9.32,9.29,9.32,9.21,0.11,1.1944,70.0,65.13,1.0,7.475735942889228,7.451672415176064,7.475735942889228,7.451672415176064
920174.BJ,20161117,9.4,9.47,9.4,9.47,9.32,0.15,1.6094,100.0,94.39,1.0,7.596053581455043,7.539905350124329,7.596053581455043,7.539905350124329
920174.BJ,20161122,9.66,9.68,9.66,9.68,9.47,0.21,2.2175,70.0,67.7,1.0,7.764498275447181,7.748455923638406,7.764498275447181,7.748455923638406
920174.BJ,20161123,9.36,9.45,9.36,9.37,9.68,-0.31,-3.2025,90.0,84.43,1.0,7.515841822411165,7.507820646506778,7.580011229646266,7.507820646506778
920174.BJ,20161207,9.36,9.72,9.3,9.72,9.37,0.35,3.7353,130.0,124.23,1.0,7.796582979064732,7.507820646506778,7.796582979064732,7.459693591080454
920174.BJ,20161208,9.59,9.6,9.59,9.6,9.72,-0.12,-1.2346,30.0,28.78,1.0,7.70032886821208,7.6923076923076925,7.70032886821208,7.6923076923076925
920174.BJ,20161209,9.56,9.73,9.56,9.73,9.6,0.13,1.3542,180.0,173.39,1.0,7.80460415496912,7.66824416459453,7.80460415496912,7.66824416459453
920174.BJ,20161212,9.7,9.7,9.7,9.7,9.73,-0.03,-0.3083,40.0,38.8,1.0,7.780540627255956,7.780540627255956,7.780540627255956,7.780540627255956
920174.BJ,20161213,9.7,9.85,9.7,9.83,9.7,0.13,1.3402,50.0,48.94,1.0,7.884815914012995,7.780540627255956,7.900858265821769,7.780540627255956
920174.BJ,20161214,9.83,9.83,9.83,9.83,9.83,0.0,0.0,10.0,9.83,1.0,7.884815914012995,7.884815914012995,7.884815914012995,7.884815914012995
920174.BJ,20161215,9.8,9.84,9.8,9.84,9.83,0.01,0.1017,20.0,19.64,1.0,7.892837089917382,7.860752386299833,7.892837089917382,7.860752386299833
920174.BJ,20161216,9.85,9.86,9.85,9.86,9.84,0.02,0.2033,120.0,118.22,1.0,7.908879441726157,7.900858265821769,7.908879441726157,7.900858265821769
920174.BJ,20161219,9.87,9.87,9.87,9.87,9.86,0.01,0.1014,200.0,197.4,1.0,7.916900617630544,7.916900617630544,7.916900617630544,7.916900617630544
920174.BJ,20161220,9.85,9.85,9.85,9.85,9.87,-0.02,-0.2026,40.0,39.4,1.0,7.900858265821769,7.900858265821769,7.900858265821769,7.900858265821769
920174.BJ,20170306,6.0,11.0,6.0,8.25,9.85,-1.6,-16.2437,8230.0,6788.0,1.0,6.617470121119757,4.812705542632551,8.823293494826341,4.812705542632551
920174.BJ,20170307,11.0,11.0,11.0,11.0,8.25,2.75,33.3333,120.0,132.0,1.0,8.823293494826341,8.823293494826341,8.823293494826341,8.823293494826341
920174.BJ,20170308,8.5,10.22,8.5,8.51,11.0,-2.49,-22.6364,13060.0,11111.32,1.0,6.826020694633834,6.817999518729446,8.197641774284111,6.817999518729446
920174.BJ,20170309,10.0,10.06,10.0,10.02,8.51,1.51,17.7438,40.0,40.06,1.0,8.03721825619636,8.021175904387583,8.069302959813909,8.021175904387583
920174.BJ,20170310,10.12,12.22,10.12,12.0,10.02,1.98,19.7605,430.0,498.29,1.0,9.6254110852651,8.117430015240235,9.801876955161628,8.117430015240235
920174.BJ,20170313,8.5,13.33,8.5,12.75,12.0,0.75,6.25,10320.0,8884.21,1.0,10.22699927809417,6.817999518729446,10.692227480548649,6.817999518729446
920174.BJ,20170314,8.5,13.33,8.5,13.0,12.75,0.25,1.9608,10040.0,8552.33,1.0,10.42752867570386,6.817999518729446,10.692227480548649,6.817999518729446
920174.BJ,20170315,12.5,13.5,12.5,13.42,13.0,0.42,3.2308,60.0,78.96,1.0,10.764418063688137,10.02646988048448,10.82858747092324,10.02646988048448
920174.BJ,20170316,8.5,13.77,8.5,8.51,13.42,-4.91,-36.5872,10010.0,8513.77,1.0,6.826020694633834,6.817999518729446,11.045159220341702,6.817999518729446
920174.BJ,20170317,14.44,14.44,14.4,14.42,8.51,5.91,69.4477,20.0,28.84,1.0,11.566535654126897,11.582578005935671,11.582578005935671,11.55049330231812
920174.BJ,20170321,14.0,14.0,14.0,14.0,14.42,-0.42,-2.9126,50.0,70.0,1.0,11.229646266142618,11.229646266142618,11.229646266142618,11.229646266142618
920174.BJ,20170324,13.5,13.5,13.5,13.5,14.0,-0.5,-3.5714,40.0,54.0,1.0,10.82858747092324,10.82858747092324,10.82858747092324,10.82858747092324
920174.BJ,20170328,13.37,13.37,13.37,13.37,13.5,-0.13,-0.963,180.0,240.66,1.0,10.724312184166198,10.724312184166198,10.724312184166198,10.724312184166198
920174.BJ,20170331,14.44,14.44,14.44,14.44,13.37,1.07,8.003,30.0,43.32,1.0,11.582578005935671,11.582578005935671,11.582578005935671,11.582578005935671
920174.BJ,20170405,14.44,14.44,14.44,14.44,14.44,0.0,0.0,10.0,14.44,1.0,11.582578005935671,11.582578005935671,11.582578005935671,11.582578005935671
920174.BJ,20170407,12.22,14.44,12.22,13.59,14.44,-0.85,-5.8864,420.0,570.65,1.0,10.900778054062728,9.801876955161628,11.582578005935671,9.801876955161628
920174.BJ,20170410,14.44,14.44,14.4,14.44,13.59,0.85,6.2546,610.0,880.8,1.0,11.582578005935671,11.582578005935671,11.582578005935671,11.55049330231812
920174.BJ,20170411,13.8,14.44,11.5,11.8,14.44,-2.64,-18.2825,3250.0,4014.49,1.0,9.46498756717735,11.069222748054866,11.582578005935671,9.22435229004572
920174.BJ,20170412,11.0,12.02,11.0,11.73,11.8,-0.07,-0.5932,1230.0,1443.0,1.0,9.408839335846636,8.823293494826341,9.641453437073876,8.823293494826341
920174.BJ,20170413,12.0,13.0,12.0,12.33,11.73,0.6,5.1151,330.0,407.0,1.0,9.89010989010989,9.6254110852651,10.42752867570386,9.6254110852651
920174.BJ,20170414,12.5,13.33,11.0,12.79,12.33,0.46,3.7307,12660.0,14077.98,1.0,10.25908398171172,10.02646988048448,10.692227480548649,8.823293494826341
920174.BJ,20170417,13.0,13.0,12.6,12.8,12.79,0.01,0.0782,370.0,474.0,1.0,10.267105157616108,10.42752867570386,10.42752867570386,10.106681639528356
920174.BJ,20170418,11.0,12.8,11.0,11.56,12.8,-1.24,-9.6875,2100.0,2427.39,1.0,9.272479345472048,8.823293494826341,10.267105157616108,8.823293494826341
920174.BJ,20170419,12.5,12.9,12.5,12.6,11.56,1.04,8.9965,260.0,330.28,1.0,10.106681639528356,10.02646988048448,10.347316916659985,10.02646988048448
920174.BJ,20170420,13.0,14.44,13.0,13.68,12.6,1.08,8.5714,280.0,383.0,1.0,10.972968637202214,10.42752867570386,11.582578005935671,10.42752867570386
920174.BJ,20170421,14.05,14.05,14.05,14.05,13.68,0.37,2.7047,40.0,56.2,1.0,11.269752145664556,11.269752145664556,11.269752145664556,11.269752145664556
920174.BJ,20170424,14.0,14.0,13.8,13.93,14.05,-0.12,-0.8541,880.0,1226.04,1.0,11.173498034811905,11.229646266142618,11.229646266142618,11.069222748054866
920174.BJ,20170425,14.0,14.0,13.5,13.51,13.93,-0.42,-3.0151,360.0,486.5,1.0,10.836608646827626,11.229646266142618,11.229646266142618,10.82858747092324
920174.BJ,20170426,14.9,15.55,14.44,15.06,13.51,1.55,11.473,250.0,376.42,1.0,12.079890912007702,11.9515520975375,12.472928531322694,11.582578005935671
920174.BJ,20170427,15.1,15.5,8.5,15.5,15.06,0.44,2.9216,1620.0,1460.6,1.0,12.432822651800755,12.111975615625251,12.432822651800755,6.817999518729446
920174.BJ,20170512,14.0,15.5,14.0,14.8,15.5,-0.7,-4.5161,430.0,636.48,1.0,11.871340338493624,11.229646266142618,12.432822651800755,11.229646266142618
920174.BJ,20170515,15.55,16.4,14.0,16.4,14.8,1.6,10.8108,250.0,374.65,1.0,13.154728483195637,12.472928531322694,13.154728483195637,11.229646266142618
920174.BJ,20180702,5.79,5.79,5.79,5.79,16.4,-10.61,-64.6951,20.0,11.58,1.0,4.644260848640411,4.644260848640411,4.644260848640411,4.644260848640411
920174.BJ,20180703,4.43,4.43,4.43,4.43,5.79,-1.36,-23.4888,300.0,132.9,1.0,3.5533809256436992,3.5533809256436992,3.5533809256436992,3.5533809256436992
920174.BJ,20180704,3.99,3.99,3.99,3.99,4.43,-0.44,-9.9323,710.0,283.29,1.0,3.200449185850646,3.200449185850646,3.200449185850646,3.200449185850646
920174.BJ,20180705,3.8,3.8,3.8,3.8,3.99,-0.19,-4.7619,160.0,60.8,1.0,3.0480468436672816,3.0480468436672816,3.0480468436672816,3.0480468436672816
920174.BJ,20180706,4.0,4.0,4.0,4.0,3.8,0.2,5.2632,80.0,32.0,1.0,3.2084703617550336,3.2084703617550336,3.2084703617550336,3.2084703617550336
920174.BJ,20180709,4.0,4.0,4.0,4.0,4.0,0.0,0.0,30.0,12.0,1.0,3.2084703617550336,3.2084703617550336,3.2084703617550336,3.2084703617550336
920174.BJ,20180710,3.83,3.83,3.83,3.83,4.0,-0.17,-4.25,50.0,19.15,1.0,3.0721103713804445,3.0721103713804445,3.0721103713804445,3.0721103713804445
920174.BJ,20180711,3.84,3.84,3.84,3.84,3.83,0.01,0.2611,360.0,138.24,1.0,3.080131547284832,3.080131547284832,3.080131547284832,3.080131547284832
920174.BJ,20180712,4.4,4.4,4.4,4.4,3.84,0.56,14.5833,20.0,8.8,1.0,3.529317397930537,3.529317397930537,3.529317397930537,3.529317397930537
920174.BJ,20180713,4.7,4.7,4.7,4.7,4.4,0.3,6.8182,230.0,108.1,1.0,3.769952675062165,3.769952675062165,3.769952675062165,3.769952675062165
920174.BJ,20180716,5.0,5.0,5.0,5.0,4.7,0.3,6.383,240.0,120.0,1.0,4.010587952193792,4.010587952193792,4.010587952193792,4.010587952193792
920174.BJ,20180717,4.76,4.76,4.76,4.76,5.0,-0.24,-4.8,40.0,19.04,1.0,3.8180797304884897,3.8180797304884897,3.8180797304884897,3.8180797304884897
920174.BJ,20180718,4.99,4.99,4.99,4.99,4.76,0.23,4.8319,60.0,29.94,1.0,4.002566776289404,4.002566776289404,4.002566776289404,4.002566776289404
920174.BJ,20180719,4.7,4.7,4.7,4.7,4.99,-0.29,-5.8116,50.0,23.5,1.0,3.769952675062165,3.769952675062165,3.769952675062165,3.769952675062165
920174.BJ,20180720,4.7,4.7,4.7,4.7,4.7,0.0,0.0,50.0,23.5,1.0,3.769952675062165,3.769952675062165,3.769952675062165,3.769952675062165
920174.BJ,20180724,4.7,4.7,4.7,4.7,4.7,0.0,0.0,20.0,9.4,1.0,3.769952675062165,3.769952675062165,3.769952675062165,3.769952675062165
920174.BJ,20180725,4.7,4.7,4.7,4.7,4.7,0.0,0.0,60.0,28.2,1.0,3.769952675062165,3.769952675062165,3.769952675062165,3.769952675062165
920174.BJ,20180726,4.8,4.8,4.8,4.8,4.7,0.1,2.1277,20.0,9.6,1.0,3.85016443410604,3.85016443410604,3.85016443410604,3.85016443410604
920174.BJ,20180801,4.65,4.65,4.65,4.65,4.8,-0.15,-3.125,20.0,9.3,1.0,3.729846795540227,3.729846795540227,3.729846795540227,3.729846795540227
920174.BJ,20180802,4.65,4.65,4.65,4.65,4.65,0.0,0.0,70.0,32.55,1.0,3.729846795540227,3.729846795540227,3.729846795540227,3.729846795540227
920174.BJ,20180806,4.65,4.65,4.65,4.65,4.65,0.0,0.0,10.0,4.65,1.0,3.729846795540227,3.729846795540227,3.729846795540227,3.729846795540227
920174.BJ,20180809,4.8,4.8,4.8,4.8,4.65,0.15,3.2258,30.0,14.4,1.0,3.85016443410604,3.85016443410604,3.85016443410604,3.85016443410604
920174.BJ,20180810,4.8,4.8,4.8,4.8,4.8,0.0,0.0,20.0,9.6,1.0,3.85016443410604,3.85016443410604,3.85016443410604,3.85016443410604
920174.BJ,20180814,4.8,4.8,4.8,4.8,4.8,0.0,0.0,30.0,14.4,1.0,3.85016443410604,3.85016443410604,3.85016443410604,3.85016443410604
920174.BJ,20180816,4.79,4.79,4.79,4.79,4.8,-0.01,-0.2083,30.0,14.37,1.0,3.8421432582016526,3.8421432582016526,3.8421432582016526,3.8421432582016526
920174.BJ,20180821,4.77,4.77,4.77,4.77,4.79,-0.02,-0.4175,30.0,14.31,1.0,3.826100906392877,3.826100906392877,3.826100906392877,3.826100906392877
920174.BJ,20180822,4.75,4.75,4.75,4.75,4.77,-0.02,-0.4193,50.0,23.75,1.0,3.8100585545841024,3.8100585545841024,3.8100585545841024,3.8100585545841024
920174.BJ,20180824,4.74,4.74,4.74,4.74,4.75,-0.01,-0.2105,70.0,33.18,1.0,3.802037378679715,3.802037378679715,3.802037378679715,3.802037378679715
920174.BJ,20180827,4.74,4.74,4.74,4.74,4.74,0.0,0.0,80.0,37.92,1.0,3.802037378679715,3.802037378679715,3.802037378679715,3.802037378679715
920174.BJ,20180828,4.74,4.74,4.74,4.74,4.74,0.0,0.0,70.0,33.18,1.0,3.802037378679715,3.802037378679715,3.802037378679715,3.802037378679715
920174.BJ,20180831,4.74,4.74,4.74,4.74,4.74,0.0,0.0,30.0,14.22,1.0,3.802037378679715,3.802037378679715,3.802037378679715,3.802037378679715
920174.BJ,20180903,4.68,4.68,4.68,4.68,4.74,-0.06,-1.2658,30.0,14.04,1.0,3.753910323253389,3.753910323253389,3.753910323253389,3.753910323253389
920174.BJ,20180911,4.68,4.68,4.68,4.68,4.68,0.0,0.0,50.0,23.4,1.0,3.753910323253389,3.753910323253389,3.753910323253389,3.753910323253389
920174.BJ,20180918,4.65,4.65,4.65,4.65,4.68,-0.03,-0.641,60.0,27.9,1.0,3.729846795540227,3.729846795540227,3.729846795540227,3.729846795540227
920174.BJ,20180919,4.62,4.62,4.62,4.62,4.65,-0.03,-0.6452,60.0,27.72,1.0,3.705783267827064,3.705783267827064,3.705783267827064,3.705783267827064
920174.BJ,20180921,4.58,4.58,4.58,4.58,4.62,-0.04,-0.8658,30.0,13.74,1.0,3.673698564209513,3.673698564209513,3.673698564209513,3.673698564209513
920174.BJ,20180927,4.58,4.58,4.58,4.58,4.58,0.0,0.0,70.0,32.06,1.0,3.673698564209513,3.673698564209513,3.673698564209513,3.673698564209513
920174.BJ,20181221,4.28,4.28,4.28,4.28,4.28,0.0,0.0,10.0,4.28,1.0701,3.673721023502046,3.673721023502046,3.673721023502046,3.673721023502046
920174.BJ,20181226,4.28,4.28,4.28,4.28,4.28,0.0,0.0,80.0,34.24,1.0701,3.673721023502046,3.673721023502046,3.673721023502046,3.673721023502046
920174.BJ,20190103,4.25,4.25,4.25,4.25,4.28,-0.03,-0.7009,40.0,17.0,1.0701,3.6479706424961904,3.6479706424961904,3.6479706424961904,3.6479706424961904
920174.BJ,20190104,4.25,4.25,4.25,4.25,4.25,0.0,0.0,60.0,25.5,1.0701,3.6479706424961904,3.6479706424961904,3.6479706424961904,3.6479706424961904
920174.BJ,20190109,4.2,4.2,4.2,4.2,4.25,-0.05,-1.1765,80.0,33.6,1.0701,3.605053340819765,3.605053340819765,3.605053340819765,3.605053340819765
920174.BJ,20190115,4.22,4.22,4.22,4.22,4.2,0.02,0.4762,30.0,12.66,1.0701,3.622220261490335,3.622220261490335,3.622220261490335,3.622220261490335
920174.BJ,20190121,4.22,4.22,4.22,4.22,4.22,0.0,0.0,30.0,12.66,1.0701,3.622220261490335,3.622220261490335,3.622220261490335,3.622220261490335
920174.BJ,20190123,4.22,4.22,4.22,4.22,4.22,0.0,0.0,30.0,12.66,1.0701,3.622220261490335,3.622220261490335,3.622220261490335,3.622220261490335
920174.BJ,20190130,4.2,4.2,4.2,4.2,4.22,-0.02,-0.4739,110.0,46.2,1.0701,3.605053340819765,3.605053340819765,3.605053340819765,3.605053340819765
920174.BJ,20190131,4.18,4.18,4.18,4.18,4.2,-0.02,-0.4762,70.0,29.26,1.0701,3.587886420149194,3.587886420149194,3.587886420149194,3.587886420149194
920174.BJ,20190201,4.2,4.2,4.2,4.2,4.18,0.02,0.4785,40.0,16.8,1.0701,3.605053340819765,3.605053340819765,3.605053340819765,3.605053340819765
920174.BJ,20190213,4.2,4.2,4.2,4.2,4.2,0.0,0.0,10.0,4.2,1.0701,3.605053340819765,3.605053340819765,3.605053340819765,3.605053340819765
920174.BJ,20190215,4.2,4.2,4.2,4.2,4.2,0.0,0.0,30.0,12.6,1.0701,3.605053340819765,3.605053340819765,3.605053340819765,3.605053340819765
920174.BJ,20190227,4.2,4.2,4.2,4.2,4.2,0.0,0.0,20.0,8.4,1.0701,3.605053340819765,3.605053340819765,3.605053340819765,3.605053340819765
920174.BJ,20190304,4.2,4.2,4.2,4.2,4.2,0.0,0.0,30.0,12.6,1.0701,3.605053340819765,3.605053340819765,3.605053340819765,3.605053340819765
920174.BJ,20190305,4.2,4.2,4.2,4.2,4.2,0.0,0.0,20.0,8.4,1.0701,3.605053340819765,3.605053340819765,3.605053340819765,3.605053340819765
920174.BJ,20190308,4.2,4.2,4.2,4.2,4.2,0.0,0.0,60.0,25.2,1.0701,3.605053340819765,3.605053340819765,3.605053340819765,3.605053340819765
920174.BJ,20190312,4.49,4.49,4.49,4.49,4.2,0.29,6.9048,10.0,4.49,1.0701,3.853973690543034,3.853973690543034,3.853973690543034,3.853973690543034
920174.BJ,20190318,4.49,4.49,4.49,4.49,4.49,0.0,0.0,20.0,8.98,1.0701,3.853973690543034,3.853973690543034,3.853973690543034,3.853973690543034
920174.BJ,20190325,4.49,4.49,4.49,4.49,4.49,0.0,0.0,50.0,22.45,1.0701,3.853973690543034,3.853973690543034,3.853973690543034,3.853973690543034
920174.BJ,20190409,4.49,4.49,4.49,4.49,4.49,0.0,0.0,50.0,22.45,1.0701,3.853973690543034,3.853973690543034,3.853973690543034,3.853973690543034
920174.BJ,20190423,4.5,4.5,4.5,4.5,4.49,0.01,0.2227,170.0,76.5,1.0701,3.86255715087832,3.86255715087832,3.86255715087832,3.86255715087832
920174.BJ,20190426,5.0,5.0,5.0,5.0,4.5,0.5,11.1111,60.0,30.0,1.0701,4.2917301676425765,4.2917301676425765,4.2917301676425765,4.2917301676425765
920174.BJ,20190507,4.3,4.3,4.3,4.3,5.0,-0.7,-14.0,10.0,4.3,1.0701,3.690887944172616,3.690887944172616,3.690887944172616,3.690887944172616
920174.BJ,20190524,5.88,5.88,5.88,5.88,4.3,1.58,36.7442,10.0,5.88,1.0701,5.047074677147671,5.047074677147671,5.047074677147671,5.047074677147671
920174.BJ,20190626,5.6,5.6,5.6,5.6,5.88,-0.28,-4.7619,10.0,5.6,1.0701,4.806737787759686,4.806737787759686,4.806737787759686,4.806737787759686
920174.BJ,20190627,6.01,6.01,6.01,6.01,5.6,0.41,7.3214,70.0,42.07,1.0701,5.158659661506378,5.158659661506378,5.158659661506378,5.158659661506378
920174.BJ,20190628,5.0,5.0,5.0,5.0,6.01,-1.01,-16.8053,70.0,35.0,1.0701,4.2917301676425765,4.2917301676425765,4.2917301676425765,4.2917301676425765
920174.BJ,20190718,5.88,5.88,5.88,5.88,4.7,1.18,25.1064,10.0,5.88,1.1384,5.369208309938237,5.369208309938237,5.369208309938237,5.369208309938237
920174.BJ,20190724,5.88,5.88,5.88,5.88,5.88,0.0,0.0,50.0,29.4,1.1384,5.369208309938237,5.369208309938237,5.369208309938237,5.369208309938237
920174.BJ,20190726,5.88,5.88,5.88,5.88,5.88,0.0,0.0,30.0,17.64,1.1384,5.369208309938237,5.369208309938237,5.369208309938237,5.369208309938237
920174.BJ,20190729,5.86,5.86,5.86,5.86,5.88,-0.02,-0.3401,60.0,35.16,1.1384,5.350945696639128,5.350945696639128,5.350945696639128,5.350945696639128
920174.BJ,20190731,5.86,5.86,5.86,5.86,5.86,0.0,0.0,60.0,35.16,1.1384,5.350945696639128,5.350945696639128,5.350945696639128,5.350945696639128
920174.BJ,20190807,5.6,5.6,5.6,5.6,5.86,-0.26,-4.4369,60.0,33.6,1.1384,5.113531723750702,5.113531723750702,5.113531723750702,5.113531723750702
920174.BJ,20190808,5.6,5.6,5.6,5.6,5.6,0.0,0.0,60.0,33.6,1.1384,5.113531723750702,5.113531723750702,5.113531723750702,5.113531723750702
920174.BJ,20190809,5.59,5.59,5.59,5.59,5.6,-0.01,-0.1786,60.0,33.54,1.1384,5.1044004171011474,5.1044004171011474,5.1044004171011474,5.1044004171011474
920174.BJ,20190812,5.2,5.2,5.2,5.2,5.59,-0.39,-6.9767,40.0,20.8,1.1384,4.7482794577685095,4.7482794577685095,4.7482794577685095,4.7482794577685095
920174.BJ,20190814,5.2,5.2,5.2,5.2,5.2,0.0,0.0,20.0,10.4,1.1384,4.7482794577685095,4.7482794577685095,4.7482794577685095,4.7482794577685095
920174.BJ,20190819,5.2,5.2,5.2,5.2,5.2,0.0,0.0,50.0,26.0,1.1384,4.7482794577685095,4.7482794577685095,4.7482794577685095,4.7482794577685095
920174.BJ,20190823,5.15,5.15,5.15,5.15,5.2,-0.05,-0.9615,50.0,25.75,1.1384,4.702622924520735,4.702622924520735,4.702622924520735,4.702622924520735
920174.BJ,20190903,4.8,4.8,4.8,4.8,5.15,-0.35,-6.7961,240.0,115.2,1.1384,4.383027191786316,4.383027191786316,4.383027191786316,4.383027191786316
920174.BJ,20190910,4.9,4.9,4.9,4.9,4.8,0.1,2.0833,110.0,53.9,1.1384,4.474340258281865,4.474340258281865,4.474340258281865,4.474340258281865
920174.BJ,20190924,4.85,4.85,4.85,4.85,4.9,-0.05,-1.0204,70.0,33.95,1.1384,4.42868372503409,4.42868372503409,4.42868372503409,4.42868372503409
920174.BJ,20190927,4.1,4.1,4.1,4.1,4.85,-0.75,-15.4639,10.0,4.1,1.1384,3.7438357263174784,3.7438357263174784,3.7438357263174784,3.7438357263174784
920174.BJ,20191015,4.1,4.1,4.1,4.1,4.1,0.0,0.0,10.0,4.1,1.1384,3.7438357263174784,3.7438357263174784,3.7438357263174784,3.7438357263174784
920174.BJ,20191028,4.1,4.1,4.1,4.1,4.1,0.0,0.0,70.0,28.7,1.1384,3.7438357263174784,3.7438357263174784,3.7438357263174784,3.7438357263174784
920174.BJ,20191226,3.5,3.5,3.5,3.5,4.1,-0.6,-14.6341,10.0,3.5,1.1384,3.195957327344189,3.195957327344189,3.195957327344189,3.195957327344189
920174.BJ,20191227,3.3,3.3,3.3,3.3,3.5,-0.2,-5.7143,20.0,6.6,1.1384,3.0133311943530923,3.0133311943530923,3.0133311943530923,3.0133311943530923
920174.BJ,20191230,3.3,3.3,3.3,3.3,3.3,0.0,0.0,20.0,6.6,1.1384,3.0133311943530923,3.0133311943530923,3.0133311943530923,3.0133311943530923
920174.BJ,20191231,3.3,3.4,3.3,3.4,3.3,0.1,3.0303,60.0,20.1,1.1384,3.104644260848641,3.0133311943530923,3.104644260848641,3.0133311943530923
920174.BJ,20200103,4.93,4.93,4.93,4.93,3.4,1.53,45.0,10.0,4.93,1.1384,4.501734178230529,4.501734178230529,4.501734178230529,4.501734178230529
920174.BJ,20200309,4.93,4.94,4.93,4.94,4.93,0.01,0.2028,50.0,24.67,1.1384,4.510865484880084,4.501734178230529,4.510865484880084,4.501734178230529
920174.BJ,20200310,5.0,5.2,5.0,5.2,4.94,0.26,5.2632,50.0,25.6,1.1384,4.7482794577685095,4.565653324777413,4.7482794577685095,4.565653324777413
920174.BJ,20200407,5.2,5.2,5.16,5.16,5.2,-0.04,-0.7692,197.0,101.852,1.1384,4.71175423117029,4.7482794577685095,4.7482794577685095,4.71175423117029
920174.BJ,20200408,5.16,5.16,5.12,5.12,5.16,-0.04,-0.7752,70.0,36.076,1.1384,4.675229004572072,4.71175423117029,4.71175423117029,4.675229004572072
920174.BJ,20200410,4.9,4.9,4.9,4.9,5.12,-0.22,-4.2969,11.0,5.39,1.1384,4.474340258281865,4.474340258281865,4.474340258281865,4.474340258281865
920174.BJ,20200414,4.99,4.99,4.99,4.99,4.9,0.09,1.8367,39.0,19.461,1.1384,4.5565220181278585,4.5565220181278585,4.5565220181278585,4.5565220181278585
920174.BJ,20200416,5.0,5.0,5.0,5.0,4.99,0.01,0.2004,3.0,1.5,1.1384,4.565653324777413,4.565653324777413,4.565653324777413,4.565653324777413
920174.BJ,20200422,4.95,4.95,4.95,4.95,5.0,-0.05,-1.0,40.0,19.8,1.1384,4.519996791529639,4.519996791529639,4.519996791529639,4.519996791529639
920174.BJ,20200512,5.0,5.0,5.0,5.0,4.95,0.05,1.0101,107.45,53.725,1.1384,4.565653324777413,4.565653324777413,4.565653324777413,4.565653324777413
920174.BJ,20200513,4.54,4.54,4.54,4.54,5.0,-0.46,-9.2,100.0,45.4,1.1384,4.145613218897891,4.145613218897891,4.145613218897891,4.145613218897891
920174.BJ,20200514,4.55,4.6,4.55,4.6,4.54,0.06,1.3216,480.0,219.82,1.1384,4.20040105879522,4.1547445255474456,4.20040105879522,4.1547445255474456
920174.BJ,20200515,4.55,4.55,4.55,4.55,4.6,-0.05,-1.087,262.55,119.46,1.1384,4.1547445255474456,4.1547445255474456,4.1547445255474456,4.1547445255474456
920174.BJ,20200518,4.56,4.56,4.56,4.56,4.55,0.01,0.2198,200.0,91.2,1.1384,4.163875832197,4.163875832197,4.163875832197,4.163875832197
920174.BJ,20200519,5.0,5.0,5.0,5.0,4.56,0.44,9.6491,200.0,100.0,1.1384,4.565653324777413,4.565653324777413,4.565653324777413,4.565653324777413
920174.BJ,20200520,5.0,5.0,5.0,5.0,5.0,0.0,0.0,100.0,50.0,1.1384,4.565653324777413,4.565653324777413,4.565653324777413,4.565653324777413
920174.BJ,20200521,5.06,5.06,5.06,5.06,5.0,0.06,1.2,220.0,111.32,1.1384,4.620441164674741,4.620441164674741,4.620441164674741,4.620441164674741
920174.BJ,20200522,5.05,5.05,5.05,5.05,5.06,-0.01,-0.1976,300.0,151.5,1.1384,4.611309858025187,4.611309858025187,4.611309858025187,4.611309858025187
920174.BJ,20200602,5.2,5.22,5.2,5.22,5.05,0.17,3.3663,200.0,104.134,1.1384,4.766542071067619,4.7482794577685095,4.766542071067619,4.7482794577685095
920174.BJ,20200605,6.0,6.0,6.0,6.0,5.22,0.78,14.9425,10.0,6.0,1.1384,5.478783989732896,5.478783989732896,5.478783989732896,5.478783989732896
920174.BJ,20200610,6.0,6.0,6.0,6.0,6.0,0.0,0.0,190.0,114.0,1.1384,5.478783989732896,5.478783989732896,5.478783989732896,5.478783989732896
920174.BJ,20200611,6.0,6.0,6.0,6.0,6.0,0.0,0.0,240.0,144.0,1.1384,5.478783989732896,5.478783989732896,5.478783989732896,5.478783989732896
920174.BJ,20200612,5.5,6.0,5.5,6.0,6.0,0.0,0.0,300.0,172.5,1.1384,5.478783989732896,5.022218657255154,5.478783989732896,5.022218657255154
920174.BJ,20200616,6.0,6.0,5.8,5.8,6.0,-0.2,-3.3333,217.0,125.88,1.1384,5.296157856741799,5.478783989732896,5.478783989732896,5.296157856741799
920174.BJ,20200618,5.8,5.8,5.8,5.8,5.8,0.0,0.0,33.0,19.14,1.1384,5.296157856741799,5.296157856741799,5.296157856741799,5.296157856741799
920174.BJ,20200623,5.8,5.8,5.8,5.8,5.8,0.0,0.0,164.0,95.12,1.1384,5.296157856741799,5.296157856741799,5.296157856741799,5.296157856741799
920174.BJ,20200630,5.0,5.1,5.0,5.1,5.8,-0.7,-12.069,290.0,146.05,1.1384,4.65696639127296,4.565653324777413,4.65696639127296,4.565653324777413
920174.BJ,20200703,5.15,5.61,5.15,5.61,5.1,0.51,10.0,265.0,145.074,1.1384,5.122663030400258,4.702622924520735,5.122663030400258,4.702622924520735
920174.BJ,20200707,6.0,6.0,6.0,6.0,5.61,0.39,6.9519,143.0,85.8,1.1384,5.478783989732896,5.478783989732896,5.478783989732896,5.478783989732896
920174.BJ,20200709,6.0,6.0,6.0,6.0,6.0,0.0,0.0,42.0,25.2,1.1384,5.478783989732896,5.478783989732896,5.478783989732896,5.478783989732896
920174.BJ,20200710,6.0,6.0,6.0,6.0,6.0,0.0,0.0,32.0,19.2,1.1384,5.478783989732896,5.478783989732896,5.478783989732896,5.478783989732896
920174.BJ,20200713,6.0,6.0,6.0,6.0,6.0,0.0,0.0,83.65,50.19,1.1384,5.478783989732896,5.478783989732896,5.478783989732896,5.478783989732896
920174.BJ,20200714,5.15,5.15,5.15,5.15,6.0,-0.85,-14.1667,1.0,0.515,1.1384,4.702622924520735,4.702622924520735,4.702622924520735,4.702622924520735
920174.BJ,20200716,8.18,8.18,8.18,8.18,5.15,3.03,58.835,1.0,0.818,1.1384,7.469408839335847,7.469408839335847,7.469408839335847,7.469408839335847
920174.BJ,20200727,6.0,6.0,6.0,6.0,8.18,-2.18,-26.6504,45.0,27.0,1.1384,5.478783989732896,5.478783989732896,5.478783989732896,5.478783989732896
920174.BJ,20200729,6.5,6.5,6.5,6.5,6.0,0.5,8.3333,10.0,6.5,1.1384,5.935349322210636,5.935349322210636,5.935349322210636,5.935349322210636
920174.BJ,20200803,5.16,5.16,5.16,5.16,6.5,-1.34,-20.6154,1.0,0.516,1.1384,4.71175423117029,4.71175423117029,4.71175423117029,4.71175423117029
920174.BJ,20200804,5.0,5.02,5.0,5.02,5.16,-0.14,-2.7132,200.0,100.08,1.1384,4.583915938076522,4.565653324777413,4.583915938076522,4.565653324777413
920174.BJ,20200805,5.17,5.17,5.17,5.17,5.02,0.15,2.988,40.0,20.68,1.1384,4.7208855378198455,4.7208855378198455,4.7208855378198455,4.7208855378198455
920174.BJ,20200811,6.0,6.0,5.88,5.88,5.17,0.71,13.7331,34.03,20.129,1.1384,5.369208309938237,5.478783989732896,5.478783989732896,5.369208309938237
920174.BJ,20200812,5.88,5.88,5.88,5.88,5.88,0.0,0.0,8.0,4.704,1.1384,5.369208309938237,5.369208309938237,5.369208309938237,5.369208309938237
920174.BJ,20200813,5.93,5.93,5.93,5.93,5.88,0.05,0.8503,17.96,10.65,1.1384,5.414864843186011,5.414864843186011,5.414864843186011,5.414864843186011
920174.BJ,20200825,6.48,6.48,6.48,6.48,5.93,0.55,9.2749,10.0,6.48,1.1384,5.917086708911528,5.917086708911528,5.917086708911528,5.917086708911528
920174.BJ,20200826,6.48,6.48,6.38,6.38,6.48,-0.1,-1.5432,28.0,17.913,1.1384,5.825773642415979,5.917086708911528,5.917086708911528,5.825773642415979
920174.BJ,20200904,6.0,6.01,6.0,6.0,6.38,-0.38,-5.9561,251.35,150.87,1.1384,5.478783989732896,5.478783989732896,5.48791529638245,5.478783989732896
920174.BJ,20200907,6.38,6.38,6.38,6.38,6.0,0.38,6.3333,10.0,6.38,1.1384,5.825773642415979,5.825773642415979,5.825773642415979,5.825773642415979
920174.BJ,20200916,6.0,6.0,6.0,6.0,6.38,-0.38,-5.9561,310.0,186.0,1.1384,5.478783989732896,5.478783989732896,5.478783989732896,5.478783989732896
920174.BJ,20200918,5.01,5.01,5.01,5.01,6.0,-0.99,-16.5,1.0,0.501,1.1384,4.574784631426967,4.574784631426967,4.574784631426967,4.574784631426967
920174.BJ,20200924,6.0,6.0,6.0,6.0,5.01,0.99,19.7605,770.0,462.0,1.1384,5.478783989732896,5.478783989732896,5.478783989732896,5.478783989732896
920174.BJ,20200925,5.02,5.02,5.02,5.02,6.0,-0.98,-16.3333,1.0,0.502,1.1384,4.583915938076522,4.583915938076522,4.583915938076522,4.583915938076522
920174.BJ,20200929,5.9,6.5,5.9,6.5,5.02,1.48,29.4821,186.92,118.308,1.1384,5.935349322210636,5.387470923237348,5.935349322210636,5.387470923237348
920174.BJ,20210820,7.18,7.79,7.05,7.57,7.18,0.39,5.4318,60657.45,44738.307,1.1384,6.912399133713004,6.556278174380365,7.113287880003209,6.437571187936151
920174.BJ,20210823,7.54,8.45,7.5,8.35,7.57,0.78,10.3038,27878.18,22381.271,1.1384,7.624641052378279,6.885005213764338,7.715954118873827,6.848479987166119
920174.BJ,20210824,8.33,9.08,8.28,8.98,8.35,0.63,7.5449,20467.08,18113.441,1.1384,8.199913371300234,7.60637843907917,8.291226437795782,7.560721905831396
920174.BJ,20210825,8.97,9.08,8.49,8.9,8.98,-0.08,-0.8909,13214.14,11656.989,1.1384,8.126862918103797,8.190782064650678,8.291226437795782,7.752479345472047
920174.BJ,20210826,8.72,9.07,8.72,8.88,8.9,-0.02,-0.2247,6899.64,6179.712,1.1384,8.108600304804687,7.962499398411809,8.282095131146226,7.962499398411809
920174.BJ,20210827,8.77,8.99,8.39,8.56,8.88,-0.32,-3.6036,5412.51,4685.852,1.1384,7.816398492018931,8.008155931659582,8.20904467794979,7.661166278976499
920174.BJ,20210830,8.4,8.65,8.12,8.33,8.56,-0.23,-2.6869,9117.88,7626.752,1.1384,7.60637843907917,7.670297585626054,7.898580251864924,7.414620999438518
920174.BJ,20210831,8.39,8.65,8.39,8.61,8.33,0.28,3.3613,6550.49,5591.011,1.1384,7.862055025266705,7.661166278976499,7.898580251864924,7.661166278976499
920174.BJ,20210901,8.65,9.07,8.63,9.06,8.61,0.45,5.2265,6896.53,6170.634,1.1384,8.272963824496673,7.898580251864924,8.282095131146226,7.880317638565815
920174.BJ,20210902,9.06,10.5,9.06,10.5,9.06,1.44,15.894,11525.46,11570.042,1.1384,9.587871982032569,8.272963824496673,9.587871982032569,8.272963824496673
920174.BJ,20210903,13.65,13.65,12.0,13.65,10.5,3.15,30.0,45142.19,59898.386,1.1384,12.464233576642338,12.464233576642338,12.464233576642338,10.957567979465791
920174.BJ,20210906,15.12,17.74,15.0,17.74,13.65,4.09,29.9634,28990.72,48527.197,1.1384,16.19893799631026,13.806535654126897,16.19893799631026,13.696959974332238
920174.BJ,20210907,21.55,22.98,19.5,20.99,17.74,3.25,18.3202,39726.5,84448.12,1.1384,19.166612657415577,19.67796582979065,20.983742680677,17.806047966631912
920174.BJ,20210908,20.01,26.68,18.77,24.6,20.99,3.61,17.1987,34306.04,74719.511,1.1384,22.46301435790487,18.27174460575921,24.362326141012275,17.13946258121441
920174.BJ,20210909,22.99,28.0,22.98,25.2,24.6,0.6,2.439,29054.26,75365.61,1.1384,23.01089275687816,20.992873987326544,25.567658618753512,20.983742680677
920174.BJ,20210910,25.62,27.0,22.98,25.6,25.2,0.4,1.5873,24792.18,62151.494,1.1384,23.37614502286036,23.394407636159464,24.65452795379803,20.983742680677
920174.BJ,20210913,26.0,26.0,23.0,23.02,25.6,-2.58,-10.0781,16937.63,40899.863,1.1384,21.02026790727521,23.741397288842546,23.741397288842546,21.0020052939761
920174.BJ,20210914,23.18,23.8,22.0,22.6,23.02,-0.42,-1.8245,13320.01,30309.318,1.1384,20.636753027993908,21.16636881366809,21.73250982594049,20.088874629020616
920174.BJ,20210915,22.6,22.97,20.71,21.0,22.6,-1.6,-7.0796,14541.76,31775.351,1.1384,19.17574396406513,20.636753027993908,20.974611374027432,18.910936071228043
920174.BJ,20210916,21.3,21.3,19.6,19.82,21.0,-1.18,-5.619,9500.7,19153.506,1.1384,18.098249779417664,19.449683163551786,19.449683163551786,17.89736103312746
920174.BJ,20210917,20.12,25.76,19.8,25.76,19.82,5.94,29.9697,26126.03,61527.933,1.1384,23.52224592925324,18.372188978904312,23.52224592925324,18.07998716611856
920174.BJ,20210922,28.5,33.0,28.0,31.5,25.76,5.74,22.2826,27624.55,84585.118,1.1384,28.7636159460977,26.024223951231253,30.133311943530924,25.567658618753512
920174.BJ,20210923,31.48,31.48,28.5,29.51,31.5,-1.99,-6.3175,17725.92,52309.96,1.1384,26.94648592283629,28.74535333279859,28.74535333279859,26.024223951231253
920174.BJ,20210924,29.6,32.88,29.5,31.12,29.51,1.61,5.4558,14916.72,46922.852,1.1384,28.416626293414616,27.028667682682286,30.023736263736268,26.93735461618673
920174.BJ,20210927,31.69,31.88,28.12,31.34,31.12,0.22,0.7069,11021.02,33190.935,1.1384,28.617515039704823,28.937110772439247,29.110605598780783,25.67723429854817
920174.BJ,20210928,31.28,31.99,30.11,30.4,31.34,-0.94,-2.9994,7395.22,22891.406,1.1384,27.759172214646668,28.56272719980749,29.21104997192589,27.49436432180958
920174.BJ,20210929,29.4,31.5,28.9,30.78,30.4,0.38,1.25,6878.82,20987.989,1.1384,28.10616186732976,26.84604154969119,28.7636159460977,26.38947621721345
920174.BJ,20210930,30.15,32.98,29.73,31.82,30.78,1.04,3.3788,10612.82,33308.448,1.1384,29.055817758883457,27.5308895484078,30.115049330231816,27.1473746691265
920174.BJ,20211008,31.2,31.2,25.0,26.42,31.82,-5.4,-16.9705,14460.63,40148.761,1.1384,24.124912168123853,28.48967674661106,28.48967674661106,22.828266623887064
920174.BJ,20211011,26.41,28.99,26.41,27.4,26.42,0.98,3.7093,4963.76,13675.52,1.1384,25.019780219780223,24.11578086147429,26.47165797705944,24.11578086147429
920174.BJ,20211012,27.4,27.98,24.24,25.75,27.4,-1.65,-6.0219,4957.59,12926.021,1.1384,23.51311462260368,25.019780219780223,25.549396005454405,22.134287318520897
920174.BJ,20211013,26.01,27.5,26.01,26.9,25.75,1.15,4.466,6893.37,18587.177,1.1384,24.56321488730248,23.750528595492103,25.11109328627577,23.750528595492103
920174.BJ,20211014,28.3,28.39,27.0,27.35,26.9,0.45,1.6729,5186.05,14252.045,1.1384,24.97412368653245,25.84159781824016,25.923779578086155,24.65452795379803
920174.BJ,20211015,27.74,28.99,27.13,28.83,27.35,1.48,5.4113,5460.66,15510.49,1.1384,26.32555707066656,25.330244645865086,26.47165797705944,24.773234940242244
920174.BJ,20211018,28.8,29.31,28.2,29.1,28.83,0.27,0.9365,3118.26,8939.604,1.1384,26.57210235020455,26.2981631507179,26.763859789845192,25.750284751744605
920174.BJ,20211019,29.49,29.58,28.5,28.75,29.1,-0.35,-1.2027,4032.62,11610.863,1.1384,26.25250661747012,26.92822330953718,27.01040506938317,26.024223951231253
920174.BJ,20211020,28.0,28.8,27.82,28.0,28.75,-0.75,-2.6087,6426.92,18088.287,1.1384,25.567658618753512,25.567658618753512,26.2981631507179,25.403295099061527
920174.BJ,20211021,28.29,28.38,27.0,27.26,28.0,-0.74,-2.6429,5854.72,16288.724,1.1384,24.891941926686457,25.832466511590603,25.9146482714366,24.65452795379803
920174.BJ,20211022,27.7,27.7,26.49,26.53,27.26,-0.73,-2.6779,3884.37,10442.053,1.1384,24.225356541268955,25.293719419266868,25.293719419266868,24.188831314670733
920174.BJ,20211025,26.2,27.8,26.02,27.15,26.53,0.62,2.337,2583.8,6989.712,1.1384,24.79149755354135,23.92402342183364,25.385032485762416,23.759659902141657
920174.BJ,20211026,27.46,27.46,25.22,25.99,27.15,-1.16,-4.2726,5060.4,13224.371,1.1384,23.73226598219299,25.07456805967756,25.07456805967756,23.029155370177268
920174.BJ,20211027,25.51,26.3,24.02,24.88,25.99,-1.11,-4.2709,4139.62,10246.354,1.1384,22.71869094409241,23.29396326301436,24.0153364883292,21.933398572230693
920174.BJ,20211028,25.31,27.31,24.55,26.0,24.88,1.12,4.5016,4215.15,10820.504,1.1384,23.741397288842546,23.111337130023266,24.93759845993423,22.4173578246571
920174.BJ,20211029,25.56,28.0,25.56,27.77,26.0,1.77,6.8077,5694.78,15553.891,1.1384,25.35763856581375,23.33961979626213,25.567658618753512,23.33961979626213
920174.BJ,20211101,29.98,31.48,28.6,28.68,27.77,0.91,3.2769,12707.41,37566.48,1.1384,26.18858747092324,27.375657335365368,28.74535333279859,26.115537017726805
920174.BJ,20211102,29.2,29.2,27.1,27.16,28.68,-1.52,-5.2999,5335.84,14848.273,1.1384,24.80062886019091,26.663415416700094,26.663415416700094,24.74584102029358
920174.BJ,20211103,27.5,27.8,26.86,27.15,27.16,-0.01,-0.0368,5481.65,14856.386,1.1384,24.79149755354135,25.11109328627577,25.385032485762416,24.52668966070426
920174.BJ,20211104,27.27,28.69,27.15,28.14,27.15,0.99,3.6464,6146.89,17233.765,1.1384,25.69549691184728,24.90107323333601,26.1977187775728,24.79149755354135
920174.BJ,20211105,28.4,28.7,27.51,27.8,28.14,-0.34,-1.2082,4603.02,12830.261,1.1384,25.385032485762416,25.9329108847357,26.20685008422235,25.12022459292533
920174.BJ,20211108,28.65,29.78,27.83,28.99,27.8,1.19,4.2806,8854.84,25508.897,1.1384,26.47165797705944,26.161193550974577,27.19303120237427,25.41242640571108
920174.BJ,20211109,29.0,29.69,28.23,28.56,28.99,-0.43,-1.4833,5056.44,14534.707,1.1384,26.07901179112858,26.480789283709,27.11084944252828,25.77767867169328
920174.BJ,20211110,28.53,28.57,27.76,28.09,28.56,-0.47,-1.6457,4234.75,11857.115,1.1384,25.649840378599507,26.05161787117992,26.08814309777814,25.3485072591642
920174.BJ,20211111,28.77,29.4,28.1,28.76,28.09,0.67,2.3852,7241.17,20738.919,1.1384,26.26163792411968,26.27076923076924,26.84604154969119,25.65897168524906
920174.BJ,20211112,28.15,32.8,28.15,31.0,28.76,2.24,7.7886,16543.23,50309.32,1.1384,28.307050613619964,25.70462821849684,29.950685810539827,25.70462821849684
920174.BJ,20211115,33.0,34.03,28.05,28.08,31.0,-2.92,-9.4194,25428.9,77146.179,1.1384,25.64070907194995,30.133311943530924,31.07383652843508,25.613315152001288
920174.BJ,20211116,27.95,27.95,24.07,25.08,28.08,-3.0,-10.6838,17136.02,43614.621,1.1384,22.901317077083505,25.522002085505736,25.522002085505736,21.979055105478466
920174.BJ,20211117,25.75,25.76,24.12,24.38,25.08,-0.7,-2.7911,8621.48,21083.178,1.1384,22.262125611614664,23.51311462260368,23.52224592925324,22.02471163872624
920174.BJ,20211118,24.21,24.69,24.04,24.12,24.38,-0.26,-1.0664,4681.75,11389.542,1.1384,22.02471163872624,22.10689339857224,22.545196117750866,21.9516611855298
920174.BJ,20211119,24.13,24.29,22.56,23.16,24.12,-0.96,-3.9801,7689.78,17749.776,1.1384,21.14810620036897,22.033842945375795,22.17994385176867,20.60022780139569
920174.BJ,20211122,23.42,25.03,23.42,24.9,23.16,1.74,7.513,7938.65,19557.583,1.1384,22.73695355739152,21.385520173257405,22.85566054383573,21.385520173257405
920174.BJ,20211123,25.02,26.66,25.02,25.62,24.9,0.72,2.8916,10863.14,28042.442,1.1384,23.394407636159464,22.84652923718617,24.344063527713164,22.84652923718617
920174.BJ,20211124,25.65,25.65,24.55,24.86,25.62,-0.76,-2.9664,6327.15,15803.223,1.1384,22.700428330793297,23.42180155610813,23.42180155610813,22.4173578246571
920174.BJ,20211125,24.9,25.5,24.0,24.17,24.86,-0.69,-2.7755,5539.19,13567.948,1.1384,22.070368171974017,22.73695355739152,23.28483195636481,21.915135958931582
920174.BJ,20211126,24.17,24.17,23.0,23.39,24.17,-0.78,-3.2271,5518.83,12878.156,1.1384,21.35812625330874,22.070368171974017,22.070368171974017,21.0020052939761
920174.BJ,20211129,22.96,23.5,22.41,22.48,23.39,-0.91,-3.8906,5574.41,12753.31,1.1384,20.52717734819925,20.96548006737788,21.45857062645384,20.46325820165237
920174.BJ,20211130,23.1,23.13,21.9,22.05,22.48,-0.43,-1.9128,4128.51,9170.69,1.1384,20.13453116226839,21.09331836047165,21.12071228042032,19.997561562525068
920174.BJ,20211201,22.42,22.42,21.8,21.99,22.05,-0.06,-0.2721,2092.25,4596.67,1.1384,20.07974332237106,20.472389508301923,20.472389508301923,19.906248496029523
920174.BJ,20211202,22.23,22.62,21.8,22.0,21.99,0.01,0.0455,3765.72,8355.481,1.1384,20.088874629020616,20.298894681960377,20.65501564129302,19.906248496029523
920174.BJ,20211203,22.67,22.67,21.0,22.21,22.0,0.21,0.9545,4732.22,10294.312,1.1384,20.28063206866127,20.70067217454079,20.70067217454079,19.17574396406513
920174.BJ,20211206,23.0,23.0,20.58,20.91,22.21,-1.3,-5.8532,6209.62,13276.154,1.1384,19.09356220421914,21.0020052939761,21.0020052939761,18.79222908478383
920174.BJ,20211207,20.49,21.6,19.2,19.7,20.91,-1.21,-5.7867,5996.7,11912.973,1.1384,17.988674099623008,18.71004732493784,19.723622363038427,17.532108767145264
920174.BJ,20211208,19.7,21.93,19.56,20.82,19.7,1.12,5.6853,6084.39,12737.238,1.1384,19.01138044437315,17.988674099623008,20.02495548247373,17.860835806529238
920174.BJ,20211209,20.58,20.93,20.02,20.16,20.82,-0.66,-3.17,3773.68,7650.708,1.1384,18.40871420550253,18.79222908478383,19.11182481751825,18.28087591240876
920174.BJ,20211210,20.16,20.23,19.9,19.94,20.16,-0.22,-1.0913,2228.11,4461.136,1.1384,18.207825459212323,18.40871420550253,18.472633352049414,18.171300232614104
920174.BJ,20211213,20.0,20.24,19.45,20.15,19.94,0.21,1.0532,4953.39,9777.004,1.1384,18.399582898852973,18.262613299109653,18.481764658698964,17.760391433384136
920174.BJ,20211214,20.62,20.64,19.79,20.48,20.15,0.33,1.6377,3189.48,6528.055,1.1384,18.70091601828829,18.828754311382053,18.84701692468116,18.070855859469
920174.BJ,20211215,20.5,20.5,20.01,20.1,20.48,-0.38,-1.8555,2065.56,4164.95,1.1384,18.3539263656052,18.7191786315874,18.7191786315874,18.27174460575921
920174.BJ,20211216,20.01,20.36,19.85,19.98,20.1,-0.12,-0.597,2378.38,4765.967,1.1384,18.24435068581054,18.27174460575921,18.591340338493627,18.12564369936633
920174.BJ,20211217,20.38,20.38,19.06,19.12,19.98,-0.86,-4.3043,6659.79,12916.694,1.1384,17.459058313948827,18.60960295179273,18.60960295179273,17.404270474051497
920174.BJ,20211220,19.56,19.56,18.5,19.02,19.12,-0.1,-0.523,4309.32,8144.517,1.1384,17.36774524745328,17.860835806529238,17.860835806529238,16.892917301676427
920174.BJ,20211221,19.28,19.28,18.61,18.66,19.02,-0.36,-1.8927,1965.95,3681.362,1.1384,17.039018208069304,17.605159220341704,17.605159220341704,16.993361674821532
920174.BJ,20211222,18.66,18.96,18.45,18.61,18.66,-0.05,-0.268,1764.66,3293.832,1.1384,16.993361674821532,17.039018208069304,17.31295740755595,16.84726076842865
920174.BJ,20211223,18.5,18.51,17.87,18.03,18.61,-0.58,-3.1166,4090.21,7428.782,1.1384,16.46374588914735,16.892917301676427,16.902048608325984,16.317644982754477
920174.BJ,20211224,18.01,18.2,17.57,17.71,18.03,-0.32,-1.7748,2287.18,4077.945,1.1384,16.1715440763616,16.445483275848243,16.618978102189782,16.04370578326783
920174.BJ,20211227,17.75,18.93,17.59,18.32,17.71,0.61,3.4444,6157.79,11357.142,1.1384,16.72855378198444,16.208069302959817,17.285563487607288,16.06196839656694
920174.BJ,20211228,18.99,22.04,18.51,21.87,18.32,3.55,19.3777,19550.99,39245.025,1.1384,19.970167642576406,17.340351327504614,20.125399855618834,16.902048608325984
920174.BJ,20211229,21.35,22.32,20.8,21.97,21.87,0.1,0.4572,10096.58,21727.703,1.1384,20.06148070907195,19.495339696799554,20.38107644180637,18.99311783107404
920174.BJ,20211230,21.88,23.86,21.27,22.78,21.97,0.81,3.6868,13980.83,32029.791,1.1384,20.801116547685897,19.97929894922596,21.787297665837816,19.42228924360312
920174.BJ,20211231,22.79,23.4,21.95,22.54,22.78,-0.24,-1.0536,11517.6,26030.156,1.1384,20.58196518809657,20.810247854335447,21.367257559958293,20.043218095772843
920174.BJ,20220104,22.5,22.52,20.56,21.5,22.54,-1.04,-4.614,9625.31,20419.979,1.1384,19.632309296542875,20.54543996149836,20.563702574797468,18.773966471484723
920174.BJ,20220105,21.08,21.57,20.65,20.79,21.5,-0.71,-3.3023,4295.31,9043.746,1.1384,18.983986524424484,19.24879441726157,19.69622844308976,18.85614823133072
920174.BJ,20220106,20.76,21.3,20.07,20.8,20.79,0.01,0.0481,4234.32,8635.911,1.1384,18.99311783107404,18.95659260447582,19.449683163551786,18.326532445656536
920174.BJ,20220107,20.8,20.83,20.01,20.19,20.8,-0.61,-2.9327,2747.43,5598.897,1.1384,18.436108125451195,18.99311783107404,19.020511751022703,18.27174460575921
920174.BJ,20220110,19.97,20.39,19.96,20.31,20.19,0.12,0.5944,2062.47,4163.507,1.1384,18.54568380524585,18.235219379160988,18.61873425844229,18.22608807251144
920174.BJ,20220111,20.14,20.34,19.86,19.91,20.31,-0.4,-1.9695,1545.19,3105.43,1.1384,18.18043153926365,18.39045159220342,18.57307772519452,18.13477500601589
920174.BJ,20220112,19.91,20.08,19.36,19.64,19.91,-0.27,-1.3561,4550.53,8927.35,1.1384,17.93388625972568,18.18043153926365,18.33566375230609,17.67820967353814
920174.BJ,20220113,19.3,20.52,19.05,19.13,19.64,-0.51,-2.5967,4486.48,8680.097,1.1384,17.468189620598384,17.623421833640815,18.737441244886504,17.395139167401943
920174.BJ,20220114,19.03,19.38,18.33,18.33,19.13,-0.8,-4.1819,5030.07,9350.013,1.1384,16.737685088633995,17.376876554102836,17.696472286837253,16.737685088633995
920174.BJ,20220117,18.36,18.5,17.82,18.28,18.33,-0.05,-0.2728,13493.17,24418.621,1.1384,16.692028555386223,16.76507900858266,16.892917301676427,16.2719884495067
920174.BJ,20220118,18.1,20.76,18.05,19.68,18.28,1.4,7.6586,15635.34,30913.146,1.1384,17.970411486323897,16.527665035694234,18.95659260447582,16.48200850244646
920174.BJ,20220119,19.8,20.0,18.88,19.31,19.68,-0.37,-1.8801,8303.01,15952.152,1.1384,17.632553140290366,18.07998716611856,18.262613299109653,17.239906954359512
920174.BJ,20220120,19.04,20.8,18.81,19.95,19.31,0.64,3.3143,12841.1,25538.669,1.1384,18.21695676586188,17.38600786075239,18.99311783107404,17.175987807812625
920174.BJ,20220121,19.6,20.48,19.52,19.6,19.95,-0.35,-1.7544,6225.64,12419.23,1.1384,17.89736103312746,17.89736103312746,18.70091601828829,17.82431057993102
920174.BJ,20220124,19.55,19.56,18.24,18.51,19.6,-1.09,-5.5612,3889.26,7396.042,1.1384,16.902048608325984,17.851704499879688,17.860835806529238,16.655503328788
920174.BJ,20220125,18.77,18.99,17.86,17.89,18.51,-0.62,-3.3495,5043.8,9195.067,1.1384,16.335907596053584,17.13946258121441,17.340351327504614,16.30851367610492
920174.BJ,20220126,18.06,18.75,18.01,18.05,17.89,0.16,0.8944,7189.6,13189.709,1.1384,16.48200850244646,16.491139809096016,17.1211999679153,16.445483275848243
920174.BJ,20220127,18.46,18.49,17.43,17.45,18.05,-0.6,-3.3241,5389.16,9518.859,1.1384,15.93413010347317,16.856392075078208,16.88378599502687,15.91586749017406
920174.BJ,20220128,17.87,17.87,17.4,17.52,17.45,0.07,0.4011,3241.3,5711.695,1.1384,15.998049250020054,16.317644982754477,16.317644982754477,15.888473570225395
920174.BJ,20220207,17.84,18.57,17.53,18.42,17.52,0.9,5.137,5938.7,10831.862,1.1384,16.819866848479993,16.290251062805808,16.956836448223314,16.00718055666961
920174.BJ,20220208,18.53,18.53,17.95,18.36,18.42,-0.06,-0.3257,4436.67,8053.565,1.1384,16.76507900858266,16.920311221625095,16.920311221625095,16.390695435950914
920174.BJ,20220209,18.48,20.88,18.21,19.42,18.36,1.06,5.7734,12160.09,23995.808,1.1384,17.732997513435475,16.87465468837732,19.066168284270475,16.62810940883934
920174.BJ,20220210,19.42,19.43,18.66,19.05,19.42,-0.37,-1.9053,8247.13,15723.53,1.1384,17.395139167401943,17.732997513435475,17.742128820085025,17.039018208069304
920174.BJ,20220211,19.15,19.15,17.93,18.18,19.05,-0.87,-4.5669,6445.69,11762.427,1.1384,16.60071548889067,17.48645223389749,17.48645223389749,16.372432822651803
920174.BJ,20220214,17.88,18.96,17.88,18.38,18.18,0.2,1.1001,5366.05,10002.377,1.1384,16.783341621881767,16.326776289404027,17.31295740755595,16.326776289404027
920174.BJ,20220215,18.39,18.39,17.88,18.06,18.38,-0.32,-1.741,4556.72,8241.866,1.1384,16.491139809096016,16.792472928531325,16.792472928531325,16.326776289404027
920174.BJ,20220216,18.13,18.49,18.09,18.22,18.06,0.16,0.8859,2500.54,4555.237,1.1384,16.637240715488893,16.5550589556429,16.88378599502687,16.51853372904468
920174.BJ,20220217,18.43,18.43,17.82,17.95,18.22,-0.27,-1.4819,3201.73,5769.41,1.1384,16.390695435950914,16.828998155129543,16.828998155129543,16.2719884495067
920174.BJ,20220218,17.51,18.29,17.51,17.89,17.95,-0.06,-0.3343,2441.16,4355.641,1.1384,16.335907596053584,15.988917943370502,16.701159862035773,15.988917943370502
920174.BJ,20220221,17.89,17.89,17.61,17.69,17.89,-0.2,-1.1179,4018.8,7121.395,1.1384,16.153281463062488,16.335907596053584,16.335907596053584,16.080231009866047
920174.BJ,20220222,17.53,17.72,17.18,17.34,17.69,-0.35,-1.9785,3025.23,5247.57,1.1384,15.833685730328067,16.00718055666961,16.18067538301115,15.687584823935191
920174.BJ,20220223,17.2,17.6,17.16,17.3,17.34,-0.04,-0.2307,5780.48,9968.814,1.1384,15.797160503729849,15.7058474372343,16.071099703216497,15.669322210636082
920174.BJ,20220224,17.33,17.37,16.53,16.81,17.3,-0.49,-2.8324,5969.49,10133.233,1.1384,15.34972647790166,15.824554423678512,15.861079650276734,15.094049891714128
920174.BJ,20220225,16.88,17.33,16.72,16.81,16.81,0.0,0.0,3675.93,6259.932,1.1384,15.34972647790166,15.413645624448543,15.824554423678512,15.267544718055667
920174.BJ,20220228,16.81,16.81,16.04,16.07,16.81,-0.74,-4.4021,7186.33,11643.066,1.1384,14.674009785834606,15.34972647790166,15.34972647790166,14.64661586588594
920174.BJ,20220301,16.65,16.65,16.18,16.29,16.07,0.22,1.369,2105.07,3420.418,1.1384,14.874898532124812,15.203625571508786,15.203625571508786,14.774454158979708
920174.BJ,20220302,16.1,16.16,15.67,15.67,16.29,-0.62,-3.806,4622.64,7353.305,1.1384,14.308757519852412,14.701403705783273,14.7561915456806,14.308757519852412
920174.BJ,20220303,15.94,16.19,15.78,15.83,15.67,0.16,1.0211,3218.05,5123.269,1.1384,14.45485842624529,14.555302799390391,14.783585465629264,14.409201892997514
920174.BJ,20220304,16.08,16.08,15.58,15.61,15.83,-0.22,-1.3898,4400.01,6957.468,1.1384,14.253969679955084,14.683141092484158,14.683141092484158,14.226575760006416
920174.BJ,20220307,15.65,15.7,14.96,15.05,15.61,-0.56,-3.5874,7295.2,11057.033,1.1384,13.742616507580014,14.290494906553302,14.336151439801078,13.66043474773402
920174.BJ,20220308,15.15,15.67,14.99,15.01,15.05,-0.04,-0.2658,6206.24,9503.399,1.1384,13.706091280981791,13.833929574075562,14.308757519852412,13.687828667682684
920174.BJ,20220309,15.17,15.37,14.28,14.78,15.01,-0.23,-1.5323,3417.6,5051.984,1.1384,13.496071228042034,13.852192187374673,14.034818320365767,13.03950589556429
920174.BJ,20220310,15.18,15.54,14.68,14.77,14.78,-0.01,-0.0677,3594.98,5327.529,1.1384,13.486939921392478,13.861323494024225,14.1900505334082,13.404758161546486
920174.BJ,20220311,14.6,14.79,14.01,14.76,14.77,-0.01,-0.0677,4465.53,6378.258,1.1384,13.477808614742925,13.331707708350049,13.505202534691588,12.792960616026312
920174.BJ,20220314,15.0,15.0,14.01,14.03,14.76,-0.73,-4.9458,3945.73,5612.537,1.1384,12.81122322932542,13.696959974332238,13.696959974332238,12.792960616026312
920174.BJ,20220315,14.01,14.49,12.89,12.9,14.03,-1.13,-8.0542,5544.68,7382.347,1.1384,11.779385577925726,12.792960616026312,13.231263335204943,11.77025427127617
920174.BJ,20220316,13.29,13.33,12.25,12.91,12.9,0.01,0.0775,6035.91,7689.817,1.1384,11.78851688457528,12.135506537258363,12.172031763856582,11.185850645704662
920174.BJ,20220317,13.01,14.49,12.94,13.75,12.91,0.84,6.5066,10910.32,15045.946,1.1384,12.555546643137886,11.879829951070828,13.231263335204943,11.815910804523943
920174.BJ,20220318,13.85,14.18,13.53,13.68,13.75,-0.07,-0.5091,5287.76,7282.513,1.1384,12.491627496591002,12.646859709633434,12.948192829068743,12.354657896847678
920174.BJ,20220321,13.68,13.68,13.01,13.27,13.68,-0.41,-2.9971,5197.14,6907.524,1.1384,12.117243923959254,12.491627496591002,12.491627496591002,11.879829951070828
920174.BJ,20220322,13.3,13.3,13.01,13.11,13.27,-0.16,-1.2057,2689.38,3532.645,1.1384,11.971143017566376,12.14463784390792,12.14463784390792,11.879829951070828
920174.BJ,20220323,13.01,13.17,13.0,13.14,13.11,0.03,0.2288,2583.4,3379.338,1.1384,11.998536937515045,11.879829951070828,12.025930857463706,11.870698644421273
920174.BJ,20220324,13.02,13.15,12.7,12.86,13.14,-0.28,-2.1309,2863.03,3690.942,1.1384,11.742860351327506,11.888961257720382,12.007668244164597,11.596759444934628
920174.BJ,20220325,12.76,12.89,12.5,12.58,12.86,-0.28,-2.1773,2195.24,2778.319,1.1384,11.48718376513997,11.651547284831958,11.77025427127617,11.414133311943532
920174.BJ,20220328,12.58,12.58,12.3,12.48,12.58,-0.1,-0.7949,1517.89,1894.753,1.1384,11.395870698644424,11.48718376513997,11.48718376513997,11.231507178952436
920174.BJ,20220329,12.64,12.9,12.39,12.68,12.48,0.2,1.6026,3332.35,4222.457,1.1384,11.57849683163552,11.5419716050373,11.779385577925726,11.31368893879843
920174.BJ,20220330,12.66,12.85,12.66,12.8,12.68,0.12,0.9464,1915.43,2449.696,1.1384,11.688072511430178,11.56023421833641,11.733729044677952,11.56023421833641
920174.BJ,20220331,12.96,13.16,12.75,13.09,12.8,0.29,2.2656,2942.57,3811.961,1.1384,11.952880404267267,11.834173417823056,12.016799550814152,11.642415978182404
920174.BJ,20220401,12.96,13.93,12.96,13.64,13.09,0.55,4.2017,7763.0,10600.677,1.1384,12.455102269992782,11.834173417823056,12.719910162829873,11.834173417823056
920174.BJ,20220406,13.95,13.95,13.52,13.65,13.64,0.01,0.0733,3460.44,4726.456,1.1384,12.464233576642338,12.738172776128982,12.738172776128982,12.345526590198125
920174.BJ,20220407,13.61,13.72,13.06,13.23,13.65,-0.42,-3.0769,2294.16,3063.154,1.1384,12.080718697361034,12.427708350044115,12.52815272318922,11.925486484318604
920174.BJ,20220408,13.45,13.45,12.94,12.94,13.23,-0.29,-2.192,2155.53,2823.97,1.1384,11.815910804523943,12.28160744365124,12.28160744365124,11.815910804523943
920174.BJ,20220411,12.92,12.98,12.28,12.46,12.94,-0.48,-3.7094,4441.62,5534.868,1.1384,11.377608085345312,11.797648191224834,11.852436031122163,11.213244565653325
920174.BJ,20220412,12.45,12.74,12.21,12.69,12.46,0.23,1.8459,2205.44,2741.322,1.1384,11.587628138285073,11.368476778695758,11.633284671532849,11.149325419106445
920174.BJ,20220413,12.55,12.71,12.26,12.5,12.69,-0.19,-1.4972,1780.17,2217.761,1.1384,11.414133311943532,11.459789845191308,11.605890751584184,11.194981952354215
920174.BJ,20220414,12.4,12.59,12.4,12.54,12.5,0.04,0.32,2215.45,2770.968,1.1384,11.450658538541752,11.322820245447984,11.496315071789526,11.322820245447984
920174.BJ,20220415,12.5,12.5,12.25,12.34,12.54,-0.2,-1.5949,2095.07,2585.8,1.1384,11.268032405550656,11.414133311943532,11.414133311943532,11.185850645704662
920174.BJ,20220418,12.22,12.29,12.03,12.28,12.34,-0.06,-0.4862,1575.31,1915.914,1.1384,11.213244565653325,11.158456725756,11.22237587230288,10.984961899414456
920174.BJ,20220419,12.3,12.39,12.08,12.22,12.28,-0.06,-0.4886,1014.95,1236.562,1.1384,11.158456725756,11.231507178952436,11.31368893879843,11.03061843266223
920174.BJ,20220420,12.2,12.23,12.02,12.15,12.22,-0.07,-0.5728,1509.1,1827.819,1.1384,11.094537579209112,11.140194112456886,11.167588032405552,10.9758305927649
920174.BJ,20220421,12.15,12.16,11.66,11.76,12.15,-0.39,-3.2099,2242.11,2663.92,1.1384,10.738416619876476,11.094537579209112,11.103668885858667,10.647103553380926
920174.BJ,20220422,11.78,11.78,11.52,11.75,11.76,-0.01,-0.085,1605.35,1875.615,1.1384,10.72928531322692,10.756679233175584,10.756679233175584,10.51926526028716
920174.BJ,20220425,11.76,11.76,10.94,11.0,11.75,-0.75,-6.383,3412.32,3816.777,1.1384,10.044437314510308,10.738416619876476,10.738416619876476,9.989649474612978
920174.BJ,20220426,10.85,10.88,10.11,10.14,11.0,-0.86,-7.8182,6362.5,6579.762,1.1384,9.259144942648597,9.907467714766986,9.934861634715652,9.231751022699928
920174.BJ,20220427,10.1,10.23,9.79,10.23,10.14,0.09,0.8876,2837.18,2826.769,1.1384,9.341326702494587,9.222619716050374,9.341326702494587,8.939549209914174
920174.BJ,20220428,10.14,10.33,10.0,10.0,10.23,-0.23,-2.2483,1910.84,1926.933,1.1384,9.131306649554826,9.259144942648597,9.432639768990134,9.131306649554826
920174.BJ,20220429,10.22,10.68,10.06,10.51,10.0,0.51,5.1,3814.81,3981.768,1.1384,9.59700328868212,9.332195395845032,9.752235501724554,9.186094489452156
920174.BJ,20220505,10.55,10.87,10.5,10.69,10.51,0.18,1.7127,3749.01,3987.009,1.1384,9.761366808374108,9.633528515280345,9.925730328066097,9.587871982032569
920174.BJ,20220506,10.69,10.69,10.21,10.33,10.69,-0.36,-3.3676,2460.33,2547.319,1.1384,9.432639768990134,9.761366808374108,9.761366808374108,9.323064089195478
920174.BJ,20220509,10.28,10.38,9.9,10.35,10.33,0.02,0.1936,3392.05,3443.729,1.1384,9.450902382289245,9.38698323574236,9.47829630223791,9.039993583059278
920174.BJ,20220510,10.2,10.5,10.19,10.49,10.35,0.14,1.3527,1889.93,1950.667,1.1384,9.578740675383012,9.31393278254592,9.587871982032569,9.304801475896369
920174.BJ,20220511,10.42,10.94,10.42,10.76,10.49,0.27,2.5739,4568.86,4933.074,1.1384,9.825285954920991,9.514821528836128,9.989649474612978,9.514821528836128
920174.BJ,20220512,10.81,11.1,10.74,10.83,10.76,0.07,0.6506,2179.29,2375.173,1.1384,9.889205101467876,9.870942488168769,10.135750381005856,9.807023341621882
920174.BJ,20220513,10.89,12.0,10.7,11.53,10.83,0.7,6.4635,4772.64,5374.949,1.1384,10.528396566936712,9.943992941365206,10.957567979465791,9.770498115023663
920174.BJ,20220516,11.53,11.87,11.4,11.54,11.53,0.01,0.0867,2734.56,3181.662,1.1384,10.537527873586267,10.528396566936712,10.838860993021578,10.409689580492502
920174.BJ,20220517,11.46,11.5,11.23,11.32,11.54,-0.22,-1.9064,1535.74,1745.149,1.1384,10.336639127296063,10.46447742038983,10.50100264698805,10.254457367450067
920174.BJ,20220518,11.45,11.59,11.33,11.37,11.32,0.05,0.4417,1226.08,1400.478,1.1384,10.382295660543836,10.455346113740276,10.583184406834045,10.345770433945615
920174.BJ,20220519,11.27,11.4,11.15,11.33,11.37,-0.04,-0.3518,1844.14,2078.809,1.1384,10.345770433945615,10.290982594048288,10.409689580492502,10.18140691425363
920174.BJ,20220520,11.33,11.8,11.33,11.66,11.33,0.33,2.9126,1834.7,2139.439,1.1384,10.647103553380926,10.345770433945615,10.774941846474697,10.345770433945615
920174.BJ,20220523,11.69,11.89,11.48,11.71,11.66,0.05,0.4288,1378.95,1615.024,1.1384,10.692760086628702,10.674497473329591,10.857123606320688,10.48274003368894
920174.BJ,20220524,11.79,11.79,11.44,11.48,11.71,-0.23,-1.9641,2581.55,2982.711,1.1384,10.48274003368894,10.765810539825138,10.765810539825138,10.44621480709072
920174.BJ,20220525,11.48,11.85,11.43,11.67,11.48,0.19,1.6551,2103.25,2441.913,1.1384,10.656234860030482,10.48274003368894,10.820598379722467,10.437083500441164
920174.BJ,20220526,11.77,11.82,11.56,11.77,11.67,0.1,0.8569,1197.03,1401.153,1.1384,10.74754792652603,10.74754792652603,10.793204459773804,10.555790486885378
920174.BJ,20220527,11.73,11.78,11.71,11.76,11.77,-0.01,-0.085,1898.44,2228.665,1.1384,10.738416619876476,10.711022699927812,10.756679233175584,10.692760086628702
920174.BJ,20220530,11.45,11.45,11.17,11.25,11.31,-0.06,-0.5305,1530.7,1721.819,1.1837,10.68149915777653,10.871392476137002,10.871392476137002,10.605541830432342
920174.BJ,20220531,11.12,11.36,11.1,11.27,11.25,0.02,0.1778,491.73,553.675,1.1837,10.700488489612578,10.558068500842223,10.78594048287479,10.539079169006175
920174.BJ,20220601,11.35,11.39,11.2,11.27,11.27,0.0,0.0,838.93,944.268,1.1837,10.700488489612578,10.776445816956766,10.814424480628862,10.634025828186411
920174.BJ,20220602,11.32,11.4,11.22,11.4,11.27,0.13,1.1535,1301.7,1469.479,1.1837,10.823919146546883,10.747961819202697,10.823919146546883,10.65301516002246
920174.BJ,20220606,11.46,11.79,11.29,11.67,11.4,0.27,2.3684,2308.39,2673.369,1.1837,11.080275126333522,10.880887142055029,11.194211117349804,10.719477821448624
920174.BJ,20220607,11.77,11.77,11.56,11.68,11.67,0.01,0.0857,957.61,1113.396,1.1837,11.089769792251545,11.175221785513756,11.175221785513756,10.97583380123526
920174.BJ,20220608,11.69,11.69,11.4,11.52,11.68,-0.16,-1.3699,1052.09,1211.343,1.1837,10.937855137563169,11.099264458169566,11.099264458169566,10.823919146546883
920174.BJ,20220609,11.45,11.59,11.22,11.38,11.52,-0.14,-1.2153,742.74,843.798,1.1837,10.804929814710835,10.871392476137002,11.004317798989332,10.65301516002246
920174.BJ,20220610,10.8,11.52,10.8,11.29,11.38,-0.09,-0.7909,1473.5,1652.524,1.1837,10.719477821448624,10.25423919146547,10.937855137563169,10.25423919146547
920174.BJ,20220613,11.11,11.25,11.0,11.18,11.29,-0.11,-0.9743,1148.03,1279.589,1.1837,10.615036496350363,10.548573834924198,10.68149915777653,10.44413250982594
920174.BJ,20220614,11.28,11.29,11.0,11.18,11.18,0.0,0.0,951.4,1055.211,1.1837,10.615036496350363,10.7099831555306,10.719477821448624,10.44413250982594
920174.BJ,20220615,11.17,11.44,11.04,11.28,11.18,0.1,0.8945,2096.74,2367.499,1.1837,10.7099831555306,10.605541830432342,10.86189781021898,10.482111173498035
920174.BJ,20220616,11.18,11.29,11.13,11.25,11.28,-0.03,-0.266,510.76,571.94,1.1837,10.68149915777653,10.615036496350363,10.719477821448624,10.567563166760248
920174.BJ,20220617,11.19,11.27,11.06,11.14,11.25,-0.11,-0.9778,1644.62,1829.242,1.1837,10.577057832678271,10.624531162268388,10.700488489612578,10.501100505334083
920174.BJ,20220620,11.04,11.35,11.03,11.09,11.14,-0.05,-0.4488,1457.42,1620.984,1.1837,10.529584503088154,10.482111173498035,10.776445816956766,10.472616507580012
920174.BJ,20220621,11.19,11.19,11.01,11.06,11.09,-0.03,-0.2705,1155.26,1278.378,1.1837,10.501100505334083,10.624531162268388,10.624531162268388,10.453627175743964
920174.BJ,20220622,11.01,11.11,10.83,11.02,11.06,-0.04,-0.3617,919.57,1007.634,1.1837,10.463121841661987,10.453627175743964,10.548573834924198,10.28272318921954
920174.BJ,20220623,10.9,11.08,10.87,11.0,11.02,-0.02,-0.1815,815.65,892.134,1.1837,10.44413250982594,10.349185850645704,10.520089837170133,10.320701852891634
920174.BJ,20220624,10.95,11.01,10.9,11.0,11.0,0.0,0.0,835.92,917.07,1.1837,10.44413250982594,10.396659180235822,10.453627175743964,10.349185850645704
920174.BJ,20220627,11.0,11.43,10.92,11.42,11.0,0.42,3.8182,5588.5,6229.384,1.1837,10.842908478382933,10.44413250982594,10.852403144300954,10.368175182481751
920174.BJ,20220628,11.58,12.88,11.35,12.68,11.42,1.26,11.0333,12046.18,14668.473,1.1837,12.039236384053902,10.994823133071309,12.229129702414376,10.776445816956766
920174.BJ,20220629,12.6,13.34,12.35,12.5,12.68,-0.18,-1.4196,9192.61,11875.259,1.1837,11.868332397529478,11.963279056709714,12.665884334643458,11.725912408759124
920174.BJ,20220630,12.52,12.52,12.01,12.25,12.5,-0.25,-2.0,5285.59,6443.386,1.1837,11.63096574957889,11.887321729365524,11.887321729365524,11.403093767546324
920174.BJ,20220701,12.25,12.27,12.03,12.26,12.25,0.01,0.0816,1632.38,1984.828,1.1837,11.640460415496912,11.63096574957889,11.649955081414936,11.42208309938237
920174.BJ,20220704,12.26,12.26,11.87,11.94,12.26,-0.32,-2.6101,2398.34,2875.272,1.1837,11.336631106120157,11.640460415496912,11.640460415496912,11.270168444693992
920174.BJ,20220705,12.1,12.1,11.6,11.7,11.94,-0.24,-2.0101,1973.26,2314.262,1.1837,11.108759124087593,11.488545760808536,11.488545760808536,11.013812464907357
920174.BJ,20220706,11.84,11.85,11.55,11.58,11.7,-0.12,-1.0256,832.22,969.908,1.1837,10.994823133071309,11.241684446939924,11.251179112857946,10.966339135317238
920174.BJ,20220707,11.73,11.73,11.54,11.61,11.58,0.03,0.2591,1201.27,1394.648,1.1837,11.02330713082538,11.137243121841662,11.137243121841662,10.956844469399211
920174.BJ,20220708,11.78,11.78,11.53,11.64,11.61,0.03,0.2584,605.15,701.818,1.1837,11.05179112857945,11.18471645143178,11.18471645143178,10.94734980348119
920174.BJ,20220711,11.59,11.66,11.41,11.48,11.64,-0.16,-1.3746,1523.36,1753.115,1.1837,10.899876473891071,11.004317798989332,11.0707804604155,10.833413812464908
920174.BJ,20220712,11.37,11.58,11.33,11.37,11.48,-0.11,-0.9582,1007.35,1150.436,1.1837,10.795435148792812,10.795435148792812,10.994823133071309,10.757456485120718
920174.BJ,20220713,11.37,11.44,11.2,11.37,11.37,0.0,0.0,1031.0,1165.132,1.1837,10.795435148792812,10.795435148792812,10.86189781021898,10.634025828186411
920174.BJ,20220714,11.27,11.97,11.27,11.48,11.37,0.11,0.9675,1063.43,1223.788,1.1837,10.899876473891071,10.700488489612578,11.36511510387423,10.700488489612578
920174.BJ,20220715,11.55,11.64,11.3,11.36,11.48,-0.12,-1.0453,1210.31,1378.341,1.1837,10.78594048287479,10.966339135317238,11.05179112857945,10.728972487366647
920174.BJ,20220718,11.35,11.39,11.18,11.27,11.36,-0.09,-0.7923,966.58,1085.035,1.1837,10.700488489612578,10.776445816956766,10.814424480628862,10.615036496350363
920174.BJ,20220719,11.29,11.32,11.1,11.26,11.27,-0.01,-0.0887,1086.08,1213.325,1.1837,10.690993823694557,10.719477821448624,10.747961819202697,10.539079169006175
920174.BJ,20220720,11.3,11.38,11.15,11.27,11.26,0.01,0.0888,1350.21,1519.136,1.1837,10.700488489612578,10.728972487366647,10.804929814710835,10.586552498596294
920174.BJ,20220721,11.13,11.24,11.12,11.22,11.27,-0.05,-0.4437,1657.75,1848.639,1.1837,10.65301516002246,10.567563166760248,10.672004491858509,10.558068500842223
920174.BJ,20220722,11.15,11.28,11.14,11.28,11.22,0.06,0.5348,1041.72,1165.164,1.1837,10.7099831555306,10.586552498596294,10.7099831555306,10.577057832678271
920174.BJ,20220725,11.17,11.25,10.98,11.11,11.28,-0.17,-1.5071,1079.44,1191.563,1.1837,10.548573834924198,10.605541830432342,10.68149915777653,10.425143177989892
920174.BJ,20220726,11.0,11.2,10.83,11.2,11.11,0.09,0.8101,1523.29,1678.905,1.1837,10.634025828186411,10.44413250982594,10.634025828186411,10.28272318921954
920174.BJ,20220727,11.07,11.29,11.07,11.24,11.2,0.04,0.3571,999.57,1117.196,1.1837,10.672004491858509,10.510595171252106,10.719477821448624,10.510595171252106
920174.BJ,20220728,11.13,11.54,11.1,11.52,11.24,0.28,2.4911,3191.84,3646.697,1.1837,10.937855137563169,10.567563166760248,10.956844469399211,10.539079169006175
920174.BJ,20220729,11.67,11.72,11.43,11.5,11.52,-0.02,-0.1736,1123.66,1301.577,1.1837,10.91886580572712,11.080275126333522,11.12774845592364,10.852403144300954
920174.BJ,20220801,11.63,11.63,11.39,11.52,11.5,0.02,0.1739,1502.52,1727.468,1.1837,10.937855137563169,11.042296462661428,11.042296462661428,10.814424480628862
920174.BJ,20220802,11.52,11.52,10.86,11.15,11.52,-0.37,-3.2118,1293.66,1430.644,1.1837,10.586552498596294,10.937855137563169,10.937855137563169,10.311207186973611
920174.BJ,20220803,10.95,11.16,10.8,11.07,11.15,-0.08,-0.7175,1561.43,1708.605,1.1837,10.510595171252106,10.396659180235822,10.596047164514315,10.25423919146547
920174.BJ,20220804,11.2,11.2,10.94,11.08,11.07,0.01,0.0903,579.16,638.099,1.1837,10.520089837170133,10.634025828186411,10.634025828186411,10.3871645143178
920174.BJ,20220805,11.13,11.13,10.92,11.09,11.08,0.01,0.0903,1095.24,1206.526,1.1837,10.529584503088154,10.567563166760248,10.567563166760248,10.368175182481751
920174.BJ,20220808,11.35,11.35,10.93,11.0,11.09,-0.09,-0.8115,1150.83,1268.098,1.1837,10.44413250982594,10.776445816956766,10.776445816956766,10.377669848399774
920174.BJ,20220809,10.96,11.0,10.79,10.92,11.0,-0.08,-0.7273,2033.11,2205.339,1.1837,10.368175182481751,10.406153846153847,10.44413250982594,10.244744525547445
920174.BJ,20220810,10.81,10.85,10.7,10.79,10.92,-0.13,-1.1905,1723.84,1852.88,1.1837,10.244744525547445,10.263733857383494,10.301712521055586,10.159292532285232
920174.BJ,20220811,10.72,10.96,10.72,10.95,10.79,0.16,1.4829,1640.59,1791.253,1.1837,10.396659180235822,10.17828186412128,10.406153846153847,10.17828186412128
920174.BJ,20220812,10.95,10.95,10.83,10.91,10.95,-0.04,-0.3653,1176.09,1278.129,1.1837,10.358680516563728,10.396659180235822,10.396659180235822,10.28272318921954
920174.BJ,20220815,11.07,11.07,10.82,10.92,10.91,0.01,0.0917,1254.59,1370.46,1.1837,10.368175182481751,10.510595171252106,10.510595171252106,10.273228523301515
920174.BJ,20220816,10.84,10.98,10.84,10.94,10.92,0.02,0.1832,1123.95,1224.193,1.1837,10.3871645143178,10.292217855137563,10.425143177989892,10.292217855137563
920174.BJ,20220817,10.94,10.97,10.84,10.94,10.94,0.0,0.0,668.89,728.632,1.1837,10.3871645143178,10.3871645143178,10.41564851207187,10.292217855137563
920174.BJ,20220818,10.85,10.85,10.75,10.8,10.94,-0.14,-1.2797,1049.36,1131.366,1.1837,10.25423919146547,10.301712521055586,10.301712521055586,10.20676586187535
920174.BJ,20220819,10.71,10.8,10.7,10.7,10.8,-0.1,-0.9259,458.6,492.619,1.1837,10.159292532285232,10.168787198203258,10.25423919146547,10.159292532285232
920174.BJ,20220822,10.69,10.72,10.49,10.72,10.7,0.02,0.1869,1434.99,1521.314,1.1837,10.17828186412128,10.149797866367209,10.17828186412128,9.95990454800674
920174.BJ,20220823,10.72,10.72,10.55,10.62,10.72,-0.1,-0.9328,1709.79,1813.344,1.1837,10.083335204941044,10.17828186412128,10.17828186412128,10.01687254351488
920174.BJ,20220824,10.6,10.6,10.34,10.38,10.62,-0.24,-2.2599,1337.38,1392.842,1.1837,9.85546322290848,10.064345873104998,10.064345873104998,9.817484559236384
920174.BJ,20220825,10.39,10.65,10.2,10.33,10.38,-0.05,-0.4817,1118.36,1149.165,1.1837,9.80798989331836,9.864957888826504,10.111819202695116,9.684559236384054
920174.BJ,20220826,10.37,10.37,10.25,10.33,10.33,0.0,0.0,626.05,644.655,1.1837,9.80798989331836,9.845968556990456,9.845968556990456,9.732032565974173
920174.BJ,20220829,10.26,10.4,10.2,10.32,10.33,-0.01,-0.0968,390.59,401.534,1.1837,9.798495227400338,9.741527231892196,9.874452554744526,9.684559236384054
920174.BJ,20220830,10.22,10.29,10.15,10.29,10.32,-0.03,-0.2907,694.59,709.169,1.1837,9.770011229646263,9.703548568220102,9.770011229646263,9.637085906793937
920174.BJ,20220831,10.28,10.49,10.1,10.29,10.29,0.0,0.0,985.32,1004.751,1.1837,9.770011229646263,9.760516563728244,9.95990454800674,9.589612577203818
920174.BJ,20220901,10.29,10.36,10.17,10.28,10.29,-0.01,-0.0972,787.72,803.981,1.1837,9.760516563728244,9.770011229646263,9.836473891072432,9.656075238629985
920174.BJ,20220902,10.04,10.26,10.03,10.09,10.28,-0.19,-1.8482,340.4,344.601,1.1837,9.580117911285797,9.532644581695676,9.741527231892196,9.523149915777651
920174.BJ,20220905,10.35,10.35,10.05,10.22,10.09,0.13,1.2884,947.77,974.725,1.1837,9.703548568220102,9.826979225154409,9.826979225154409,9.5421392476137
920174.BJ,20220906,10.24,10.3,10.0,10.16,10.22,-0.06,-0.5871,1368.12,1383.972,1.1837,9.64658057271196,9.72253790005615,9.779505895564292,9.494665918023582
920174.BJ,20220907,10.1,10.1,9.91,9.99,10.16,-0.17,-1.6732,1331.88,1332.506,1.1837,9.48517125210556,9.589612577203818,9.589612577203818,9.409213924761367
920174.BJ,20220908,9.92,9.92,9.43,9.53,9.99,-0.46,-4.6046,4453.53,4285.408,1.1837,9.048416619876472,9.418708590679394,9.418708590679394,8.95346996069624
920174.BJ,20220909,9.59,9.63,9.45,9.63,9.53,0.1,1.0493,1082.19,1031.818,1.1837,9.143363279056713,9.105384615384615,9.143363279056713,8.972459292532285
920174.BJ,20220913,9.52,9.85,9.51,9.67,9.63,0.04,0.4154,918.85,894.33,1.1837,9.181341942728803,9.03892195395845,9.352245929253227,9.029427288040427
920174.BJ,20220914,9.74,9.74,9.49,9.55,9.67,-0.12,-1.241,932.72,892.332,1.1837,9.06740595171252,9.24780460415497,9.24780460415497,9.01043795620438
920174.BJ,20220915,9.64,9.65,9.3,9.41,9.55,-0.14,-1.466,1141.6,1073.273,1.1837,8.934480628860191,9.152857944974734,9.162352610892755,8.830039303761934
920174.BJ,20220916,9.32,9.69,9.2,9.39,9.41,-0.02,-0.2125,4636.72,4373.232,1.1837,8.915491297024145,8.849028635597978,9.200331274564851,8.735092644581696
920174.BJ,20220919,9.36,9.37,8.85,8.99,9.39,-0.4,-4.2599,4066.1,3672.859,1.1837,8.535704660303201,8.887007299270072,8.896501965188095,8.402779337450871
920174.BJ,20220920,8.92,9.03,8.87,8.99,8.99,0.0,0.0,3366.0,3008.266,1.1837,8.535704660303201,8.469241998877035,8.573683323975295,8.421768669286918
920174.BJ,20220921,9.03,9.93,8.88,9.66,8.99,0.67,7.4527,11344.54,10713.832,1.1837,9.171847276810782,8.573683323975295,9.428203256597415,8.431263335204942
920174.BJ,20220922,9.48,9.84,9.32,9.4,9.66,-0.26,-2.6915,6781.82,6505.593,1.1837,8.924985962942168,9.000943290286358,9.342751263335206,8.849028635597978
920174.BJ,20220923,9.24,9.35,8.95,9.04,9.4,-0.36,-3.8298,3520.24,3209.64,1.1837,8.583177989893318,8.77307130825379,8.87751263335205,8.497725996631106
920174.BJ,20220926,8.91,9.0,8.73,8.77,9.04,-0.27,-2.9867,1548.06,1370.48,1.1837,8.326822010106682,8.459747332959012,8.545199326221224,8.288843346434588
920174.BJ,20220927,8.55,8.79,8.55,8.69,8.77,-0.08,-0.9122,1710.48,1485.151,1.1837,8.250864682762492,8.117939359910164,8.345811341942728,8.117939359910164
920174.BJ,20220928,8.64,8.73,8.55,8.61,8.69,-0.08,-0.9206,1281.39,1103.661,1.1837,8.174907355418304,8.203391353172377,8.288843346434588,8.117939359910164
920174.BJ,20220929,8.65,8.68,8.4,8.4,8.61,-0.21,-2.439,1808.79,1536.39,1.1837,7.97551937113981,8.2128860190904,8.24137001684447,7.97551937113981
920174.BJ,20220930,8.39,8.46,8.3,8.4,8.4,0.0,0.0,931.05,779.0,1.1837,7.97551937113981,7.966024705221786,8.032487366647953,7.880572711959575
920174.BJ,20221010,8.43,8.43,8.16,8.25,8.4,-0.15,-1.7857,359.81,295.379,1.1837,7.833099382369456,8.00400336889388,8.00400336889388,7.747647389107243
920174.BJ,20221011,8.27,8.48,8.24,8.44,8.25,0.19,2.303,439.36,365.93,1.1837,8.013498034811903,7.852088714205503,8.051476698483999,7.823604716451433
920174.BJ,20221012,8.45,8.55,8.35,8.46,8.44,0.02,0.237,691.55,585.377,1.1837,8.032487366647953,8.022992700729928,8.117939359910164,7.928046041549691
920174.BJ,20221013,8.45,8.59,8.38,8.46,8.46,0.0,0.0,551.63,466.845,1.1837,8.032487366647953,8.022992700729928,8.155918023582258,7.956530039303763
920174.BJ,20221014,8.45,8.68,8.4,8.66,8.46,0.2,2.3641,1529.24,1313.936,1.1837,8.222380685008423,8.022992700729928,8.24137001684447,7.97551937113981
920174.BJ,20221017,8.56,8.78,8.55,8.7,8.66,0.04,0.4619,746.51,647.253,1.1837,8.260359348680515,8.127434025828187,8.336316676024705,8.117939359910164
920174.BJ,20221018,8.62,8.7,8.49,8.62,8.7,-0.08,-0.9195,849.13,729.023,1.1837,8.184402021336329,8.184402021336329,8.260359348680515,8.060971364402022
920174.BJ,20221019,8.66,8.66,8.48,8.5,8.62,-0.12,-1.3921,675.65,575.645,1.1837,8.070466030320047,8.222380685008423,8.222380685008423,8.051476698483999
920174.BJ,20221020,8.47,8.6,8.41,8.55,8.5,0.05,0.5882,965.38,821.064,1.1837,8.117939359910164,8.041982032565976,8.16541268950028,7.985014037057833
920174.BJ,20221021,8.48,8.58,8.48,8.58,8.55,0.03,0.3509,551.68,470.645,1.1837,8.146423357664235,8.051476698483999,8.146423357664235,8.051476698483999
920174.BJ,20221024,8.57,8.58,8.35,8.46,8.58,-0.12,-1.3986,1199.12,1011.817,1.1837,8.032487366647953,8.13692869174621,8.146423357664235,7.928046041549691
920174.BJ,20221025,8.46,8.46,8.29,8.42,8.46,-0.04,-0.4728,646.19,537.131,1.1837,7.994508702975857,8.032487366647953,8.032487366647953,7.871078046041548
920174.BJ,20221026,8.43,8.46,8.32,8.42,8.42,0.0,0.0,584.35,489.839,1.1837,7.994508702975857,8.00400336889388,8.032487366647953,7.899562043795621
920174.BJ,20221027,8.43,8.43,8.26,8.26,8.42,-0.16,-1.9002,611.22,507.896,1.1837,7.84259404828748,8.00400336889388,8.00400336889388,7.84259404828748
920174.BJ,20221028,8.26,8.3,8.11,8.11,8.26,-0.15,-1.816,442.24,361.146,1.1837,7.700174059517124,7.84259404828748,7.880572711959575,7.700174059517124
920174.BJ,20221031,8.11,8.23,8.11,8.14,8.11,0.03,0.3699,525.89,429.825,1.1837,7.728658057271196,7.700174059517124,7.814110050533409,7.700174059517124
920174.BJ,20221101,8.17,8.26,8.17,8.25,8.14,0.11,1.3514,649.82,534.25,1.1837,7.833099382369456,7.757142055025267,7.84259404828748,7.757142055025267
920174.BJ,20221102,8.26,8.5,8.17,8.41,8.25,0.16,1.9394,1246.12,1042.387,1.1837,7.985014037057833,7.84259404828748,8.070466030320047,7.757142055025267
920174.BJ,20221103,8.4,8.47,8.39,8.44,8.41,0.03,0.3567,293.01,246.773,1.1837,8.013498034811903,7.97551937113981,8.041982032565976,7.966024705221786
920174.BJ,20221104,8.5,8.53,8.38,8.48,8.44,0.04,0.4739,1198.24,1013.132,1.1837,8.051476698483999,8.070466030320047,8.098950028074116,7.956530039303763
920174.BJ,20221107,8.6,8.88,8.6,8.6,8.48,0.12,1.4151,2392.13,2078.594,1.1837,8.16541268950028,8.16541268950028,8.431263335204942,8.16541268950028
920174.BJ,20221108,8.6,8.64,8.52,8.6,8.6,0.0,0.0,726.91,622.623,1.1837,8.16541268950028,8.16541268950028,8.203391353172377,8.089455362156091
920174.BJ,20221109,8.54,8.66,8.51,8.58,8.6,-0.02,-0.2326,712.36,611.267,1.1837,8.146423357664235,8.108444693992139,8.222380685008423,8.079960696238068
920174.BJ,20221110,8.6,8.79,8.51,8.65,8.58,0.07,0.8159,2130.18,1843.59,1.1837,8.2128860190904,8.16541268950028,8.345811341942728,8.079960696238068
920174.BJ,20221111,8.72,8.96,8.64,8.87,8.65,0.22,2.5434,3218.29,2831.666,1.1837,8.421768669286918,8.279348680516565,8.50722066254913,8.203391353172377
920174.BJ,20221114,8.97,9.56,8.97,9.11,8.87,0.24,2.7057,5783.66,5348.803,1.1837,8.649640651319483,8.516715328467154,9.076900617630546,8.516715328467154
920174.BJ,20221115,9.2,9.2,9.0,9.07,9.11,-0.04,-0.4391,2889.29,2615.161,1.1837,8.61166198764739,8.735092644581696,8.735092644581696,8.545199326221224
920174.BJ,20221116,9.15,9.15,8.98,9.02,9.07,-0.05,-0.5513,941.44,847.425,1.1837,8.56418865805727,8.687619314991577,8.687619314991577,8.526209994385177
920174.BJ,20221117,9.0,9.03,8.54,8.6,9.02,-0.42,-4.6563,12729.94,10941.334,1.1837,8.16541268950028,8.545199326221224,8.573683323975295,8.108444693992139
920174.BJ,20221118,8.58,8.58,8.2,8.3,8.6,-0.3,-3.4884,7315.07,6135.428,1.1837,7.880572711959575,8.146423357664235,8.146423357664235,7.785626052779337
920174.BJ,20221121,8.33,8.45,8.15,8.25,8.3,-0.05,-0.6024,9868.16,8194.373,1.1837,7.833099382369456,7.909056709713644,8.022992700729928,7.73815272318922
920174.BJ,20221122,8.3,8.3,7.9,8.04,8.25,-0.21,-2.5455,9735.24,7876.687,1.1837,7.63371139809096,7.880572711959575,7.880572711959575,7.500786075238631
920174.BJ,20221123,7.94,8.05,7.8,8.0,8.04,-0.04,-0.4975,5589.23,4406.81,1.1837,7.595732734418866,7.538764738910725,7.643206064008985,7.405839416058393
920174.BJ,20221124,8.03,8.1,7.95,8.02,8.0,0.02,0.25,2712.33,2177.642,1.1837,7.614722066254913,7.624216732172936,7.690679393599101,7.548259404828749
920174.BJ,20221125,8.0,8.0,7.85,7.94,8.02,-0.08,-0.9975,2774.71,2195.058,1.1837,7.538764738910725,7.595732734418866,7.595732734418866,7.453312745648512
920174.BJ,20221128,7.97,8.06,7.88,8.0,7.94,0.06,0.7557,3444.84,2747.591,1.1837,7.595732734418866,7.567248736664796,7.652700729927009,7.481796743402583
920174.BJ,20221129,8.06,8.44,8.06,8.27,8.0,0.27,3.375,5442.88,4518.554,1.1837,7.852088714205503,7.652700729927009,8.013498034811903,7.652700729927009
920174.BJ,20221130,8.25,8.38,8.17,8.27,8.27,0.0,0.0,3371.34,2776.678,1.1837,7.852088714205503,7.833099382369456,7.956530039303763,7.757142055025267
920174.BJ,20221201,8.31,8.31,8.21,8.25,8.27,-0.02,-0.2418,2080.92,1718.49,1.1837,7.833099382369456,7.890067377877599,7.890067377877599,7.795120718697362
920174.BJ,20221202,8.23,8.31,8.2,8.25,8.25,0.0,0.0,948.48,780.363,1.1837,7.833099382369456,7.814110050533409,7.890067377877599,7.785626052779337
920174.BJ,20221205,8.24,8.26,8.22,8.23,8.25,-0.02,-0.2424,1054.48,868.829,1.1837,7.814110050533409,7.823604716451433,7.84259404828748,7.804615384615386
920174.BJ,20221206,8.28,8.29,8.18,8.28,8.23,0.05,0.6075,1155.77,952.288,1.1837,7.861583380123527,7.861583380123527,7.871078046041548,7.76663672094329
920174.BJ,20221207,8.23,8.35,8.23,8.25,8.28,-0.03,-0.3623,1204.57,996.942,1.1837,7.833099382369456,7.814110050533409,7.928046041549691,7.814110050533409
920174.BJ,20221208,8.22,8.26,8.19,8.23,8.25,-0.02,-0.2424,537.0,440.629,1.1837,7.814110050533409,7.804615384615386,7.84259404828748,7.776131386861314
920174.BJ,20221209,8.25,8.25,8.11,8.17,8.23,-0.06,-0.729,1382.64,1131.386,1.1837,7.757142055025267,7.833099382369456,7.833099382369456,7.700174059517124
920174.BJ,20221212,8.23,8.23,8.13,8.18,8.17,0.01,0.1224,1517.64,1238.606,1.1837,7.76663672094329,7.814110050533409,7.814110050533409,7.719163391353173
920174.BJ,20221213,8.18,8.18,8.11,8.14,8.18,-0.04,-0.489,972.8,792.233,1.1837,7.728658057271196,7.76663672094329,7.76663672094329,7.700174059517124
920174.BJ,20221214,8.13,8.13,8.03,8.07,8.14,-0.07,-0.86,1405.94,1136.88,1.1837,7.662195395845032,7.719163391353173,7.719163391353173,7.624216732172936
920174.BJ,20221215,8.05,8.05,7.99,8.03,8.07,-0.04,-0.4957,1003.87,803.727,1.1837,7.624216732172936,7.643206064008985,7.643206064008985,7.586238068500843
920174.BJ,20221216,7.99,8.02,7.95,8.0,8.03,-0.03,-0.3736,488.48,390.347,1.1837,7.595732734418866,7.586238068500843,7.614722066254913,7.548259404828749
920174.BJ,20221219,7.98,8.0,7.91,7.95,8.0,-0.05,-0.625,805.84,640.892,1.1837,7.548259404828749,7.576743402582819,7.595732734418866,7.510280741156653
920174.BJ,20221220,7.92,7.97,7.84,7.91,7.95,-0.04,-0.5031,728.64,575.912,1.1837,7.510280741156653,7.519775407074677,7.567248736664796,7.443818079730489
920174.BJ,20221221,7.91,7.92,7.87,7.91,7.91,0.0,0.0,652.88,515.852,1.1837,7.510280741156653,7.510280741156653,7.519775407074677,7.472302077484559
920174.BJ,20221222,7.88,7.92,7.83,7.83,7.91,-0.08,-1.0114,527.51,415.04,1.1837,7.434323413812465,7.481796743402583,7.519775407074677,7.434323413812465
920174.BJ,20221223,7.85,7.85,7.75,7.78,7.83,-0.05,-0.6386,565.2,440.969,1.1837,7.386850084222348,7.453312745648512,7.453312745648512,7.358366086468276
920174.BJ,20221226,7.78,7.84,7.72,7.8,7.78,0.02,0.2571,730.48,567.282,1.1837,7.405839416058393,7.386850084222348,7.443818079730489,7.329882088714205
920174.BJ,20221227,7.76,7.78,7.6,7.72,7.8,-0.08,-1.0256,1604.57,1239.713,1.1837,7.329882088714205,7.367860752386299,7.386850084222348,7.215946097697922
920174.BJ,20221228,7.61,7.72,7.49,7.66,7.72,-0.06,-0.7772,2211.33,1671.963,1.1837,7.272914093206065,7.225440763615946,7.329882088714205,7.111504772599664
920174.BJ,20221229,7.62,7.62,7.58,7.58,7.66,-0.08,-1.0444,348.91,265.487,1.1837,7.196956765861875,7.234935429533969,7.234935429533969,7.196956765861875
920174.BJ,20221230,7.62,7.7,7.59,7.64,7.58,0.06,0.7916,419.04,319.939,1.1837,7.253924761370016,7.234935429533969,7.310892756878159,7.206451431779899
920174.BJ,20230103,7.66,7.7,7.5,7.65,7.64,0.01,0.1309,826.64,628.378,1.1837,7.263419427288041,7.272914093206065,7.310892756878159,7.120999438517687
920174.BJ,20230104,7.63,7.79,7.6,7.78,7.65,0.13,1.6993,1070.0,825.758,1.1837,7.386850084222348,7.244430095451993,7.396344750140371,7.215946097697922
920174.BJ,20230105,7.8,7.88,7.8,7.88,7.78,0.1,1.2853,995.51,781.511,1.1837,7.481796743402583,7.405839416058393,7.481796743402583,7.405839416058393
920174.BJ,20230106,7.89,7.89,7.83,7.87,7.88,-0.01,-0.1269,910.22,715.027,1.1837,7.472302077484559,7.491291409320606,7.491291409320606,7.434323413812465
920174.BJ,20230109,7.84,7.88,7.8,7.86,7.87,-0.01,-0.1271,1368.29,1072.153,1.1837,7.462807411566536,7.443818079730489,7.481796743402583,7.405839416058393
920174.BJ,20230110,7.86,7.86,7.79,7.85,7.86,-0.01,-0.1272,668.89,522.878,1.1837,7.453312745648512,7.462807411566536,7.462807411566536,7.396344750140371
920174.BJ,20230111,7.83,7.83,7.79,7.81,7.85,-0.04,-0.5096,873.4,682.547,1.1837,7.415334081976417,7.434323413812465,7.434323413812465,7.396344750140371
920174.BJ,20230112,7.79,7.85,7.79,7.81,7.81,0.0,0.0,229.92,180.015,1.1837,7.415334081976417,7.396344750140371,7.453312745648512,7.396344750140371
920174.BJ,20230113,7.82,7.83,7.75,7.81,7.81,0.0,0.0,315.44,245.688,1.1837,7.415334081976417,7.424828747894442,7.434323413812465,7.358366086468276
920174.BJ,20230116,7.82,7.87,7.1,7.81,7.81,0.0,0.0,750.72,587.58,1.1837,7.415334081976417,7.424828747894442,7.472302077484559,6.741212801796743
920174.BJ,20230117,7.78,7.78,7.69,7.74,7.81,-0.07,-0.8963,706.31,546.176,1.1837,7.348871420550252,7.386850084222348,7.386850084222348,7.301398090960135
920174.BJ,20230118,7.72,7.82,7.71,7.82,7.74,0.08,1.0336,861.59,670.245,1.1837,7.424828747894442,7.329882088714205,7.424828747894442,7.320387422796182
920174.BJ,20230119,7.82,8.07,7.82,8.04,7.82,0.22,2.8133,1858.61,1486.248,1.1837,7.63371139809096,7.424828747894442,7.662195395845032,7.424828747894442
920174.BJ,20230120,8.04,8.09,8.04,8.07,8.04,0.03,0.3731,720.51,581.578,1.1837,7.662195395845032,7.63371139809096,7.681184727681079,7.63371139809096
920174.BJ,20230130,8.08,8.15,8.06,8.13,8.07,0.06,0.7435,979.56,792.417,1.1837,7.719163391353173,7.671690061763055,7.73815272318922,7.652700729927009
920174.BJ,20230131,8.15,8.99,8.15,8.58,8.13,0.45,5.5351,9528.6,8163.598,1.1837,8.146423357664235,7.73815272318922,8.535704660303201,7.73815272318922
920174.BJ,20230201,8.62,8.72,8.5,8.62,8.58,0.04,0.4662,5285.88,4542.542,1.1837,8.184402021336329,8.184402021336329,8.279348680516565,8.070466030320047
920174.BJ,20230202,8.63,8.65,8.35,8.35,8.62,-0.27,-3.1323,2422.32,2048.084,1.1837,7.928046041549691,8.193896687254353,8.2128860190904,7.928046041549691
920174.BJ,20230203,8.32,8.4,8.12,8.16,8.35,-0.19,-2.2754,5373.67,4419.731,1.1837,7.747647389107243,7.899562043795621,7.97551937113981,7.709668725435148
920174.BJ,20230206,8.17,8.17,8.02,8.05,8.16,-0.11,-1.348,2150.64,1734.047,1.1837,7.643206064008985,7.757142055025267,7.757142055025267,7.614722066254913
920174.BJ,20230207,8.06,8.2,8.06,8.15,8.05,0.1,1.2422,2224.07,1813.916,1.1837,7.73815272318922,7.652700729927009,7.785626052779337,7.652700729927009
920174.BJ,20230208,8.13,8.17,8.07,8.1,8.15,-0.05,-0.6135,1127.93,914.891,1.1837,7.690679393599101,7.719163391353173,7.757142055025267,7.662195395845032
920174.BJ,20230209,8.11,8.24,8.11,8.14,8.1,0.04,0.4938,2292.69,1876.095,1.1837,7.728658057271196,7.700174059517124,7.823604716451433,7.700174059517124
920174.BJ,20230210,8.13,8.24,8.13,8.2,8.14,0.06,0.7371,1329.49,1090.049,1.1837,7.785626052779337,7.719163391353173,7.823604716451433,7.719163391353173
920174.BJ,20230213,8.24,8.57,8.23,8.46,8.2,0.26,3.1707,6541.26,5502.578,1.1837,8.032487366647953,7.823604716451433,8.13692869174621,7.814110050533409
920174.BJ,20230214,8.48,8.5,8.28,8.35,8.46,-0.11,-1.3002,4697.32,3936.722,1.1837,7.928046041549691,8.051476698483999,8.070466030320047,7.861583380123527
920174.BJ,20230215,8.35,8.39,8.25,8.27,8.35,-0.08,-0.9581,1690.72,1402.675,1.1837,7.852088714205503,7.928046041549691,7.966024705221786,7.833099382369456
920174.BJ,20230216,8.27,8.33,8.08,8.16,8.27,-0.11,-1.3301,3526.45,2901.663,1.1837,7.747647389107243,7.852088714205503,7.909056709713644,7.671690061763055
920174.BJ,20230217,8.17,8.21,8.1,8.12,8.16,-0.04,-0.4902,1046.67,852.908,1.1837,7.709668725435148,7.757142055025267,7.795120718697362,7.690679393599101
920174.BJ,20230220,8.15,8.52,8.15,8.42,8.12,0.3,3.6946,5576.54,4666.762,1.1837,7.994508702975857,7.73815272318922,8.089455362156091,7.73815272318922
920174.BJ,20230221,8.4,8.41,8.28,8.41,8.42,-0.01,-0.1188,1816.74,1517.689,1.1837,7.985014037057833,7.97551937113981,7.985014037057833,7.861583380123527
920174.BJ,20230222,8.36,8.38,8.31,8.37,8.41,-0.04,-0.4756,1453.08,1211.566,1.1837,7.947035373385738,7.937540707467714,7.956530039303763,7.890067377877599
920174.BJ,20230223,8.33,8.33,8.21,8.24,8.37,-0.13,-1.5532,2981.25,2460.494,1.1837,7.823604716451433,7.909056709713644,7.909056709713644,7.795120718697362
920174.BJ,20230224,8.21,8.25,8.19,8.23,8.24,-0.01,-0.1214,843.53,693.441,1.1837,7.814110050533409,7.795120718697362,7.833099382369456,7.776131386861314
920174.BJ,20230227,8.24,8.24,8.11,8.19,8.23,-0.04,-0.486,1300.83,1062.444,1.1837,7.776131386861314,7.823604716451433,7.823604716451433,7.700174059517124
920174.BJ,20230228,8.14,8.2,8.11,8.19,8.19,0.0,0.0,799.96,652.731,1.1837,7.776131386861314,7.728658057271196,7.785626052779337,7.700174059517124
920174.BJ,20230301,8.18,8.28,8.18,8.28,8.19,0.09,1.0989,728.95,599.746,1.1837,7.861583380123527,7.76663672094329,7.861583380123527,7.76663672094329
920174.BJ,20230302,8.28,8.29,8.16,8.2,8.28,-0.08,-0.9662,1761.06,1447.368,1.1837,7.785626052779337,7.861583380123527,7.871078046041548,7.747647389107243
920174.BJ,20230303,8.21,8.23,8.13,8.18,8.2,-0.02,-0.2439,1245.65,1019.255,1.1837,7.76663672094329,7.795120718697362,7.814110050533409,7.719163391353173
920174.BJ,20230306,8.18,8.22,7.99,8.13,8.18,-0.05,-0.6112,1602.19,1298.438,1.1837,7.719163391353173,7.76663672094329,7.804615384615386,7.586238068500843
920174.BJ,20230307,8.13,8.13,7.99,8.0,8.13,-0.13,-1.599,1538.14,1237.576,1.1837,7.595732734418866,7.719163391353173,7.719163391353173,7.586238068500843
920174.BJ,20230308,8.0,8.05,7.98,7.99,8.0,-0.01,-0.125,1108.21,887.483,1.1837,7.586238068500843,7.595732734418866,7.643206064008985,7.576743402582819
920174.BJ,20230309,8.03,8.03,7.96,8.0,7.99,0.01,0.1252,876.43,699.955,1.1837,7.595732734418866,7.624216732172936,7.624216732172936,7.557754070746772
920174.BJ,20230310,8.0,8.0,7.81,7.88,8.0,-0.12,-1.5,1985.97,1564.988,1.1837,7.481796743402583,7.595732734418866,7.595732734418866,7.415334081976417
920174.BJ,20230313,7.88,7.91,7.82,7.88,7.88,0.0,0.0,863.18,678.062,1.1837,7.481796743402583,7.481796743402583,7.510280741156653,7.424828747894442
920174.BJ,20230314,7.86,7.88,7.74,7.79,7.88,-0.09,-1.1421,1090.27,849.305,1.1837,7.396344750140371,7.462807411566536,7.481796743402583,7.348871420550252
920174.BJ,20230315,7.79,7.84,7.78,7.84,7.79,0.05,0.6418,634.0,496.108,1.1837,7.443818079730489,7.396344750140371,7.443818079730489,7.386850084222348
920174.BJ,20230316,7.8,7.83,7.65,7.71,7.84,-0.13,-1.6582,873.1,676.527,1.1837,7.320387422796182,7.405839416058393,7.434323413812465,7.263419427288041
920174.BJ,20230317,7.71,7.79,7.71,7.78,7.71,0.07,0.9079,402.45,312.402,1.1837,7.386850084222348,7.320387422796182,7.396344750140371,7.320387422796182
920174.BJ,20230320,7.74,7.8,7.73,7.78,7.78,0.0,0.0,370.51,287.671,1.1837,7.386850084222348,7.348871420550252,7.405839416058393,7.339376754632229
920174.BJ,20230321,7.78,7.86,7.75,7.86,7.78,0.08,1.0283,472.91,368.138,1.1837,7.462807411566536,7.386850084222348,7.462807411566536,7.358366086468276
920174.BJ,20230322,7.86,7.93,7.86,7.91,7.86,0.05,0.6361,954.21,753.386,1.1837,7.510280741156653,7.462807411566536,7.5292700729927,7.462807411566536
920174.BJ,20230323,7.92,7.92,7.81,7.86,7.91,-0.05,-0.6321,761.92,598.549,1.1837,7.462807411566536,7.519775407074677,7.519775407074677,7.415334081976417
920174.BJ,20230324,7.83,7.9,7.78,7.84,7.86,-0.02,-0.2545,2158.55,1691.064,1.1837,7.443818079730489,7.434323413812465,7.500786075238631,7.386850084222348
920174.BJ,20230327,7.84,7.86,7.74,7.76,7.84,-0.08,-1.0204,888.83,691.835,1.1837,7.367860752386299,7.443818079730489,7.462807411566536,7.348871420550252
920174.BJ,20230328,7.78,7.78,7.65,7.71,7.76,-0.05,-0.6443,1676.42,1292.679,1.1837,7.320387422796182,7.386850084222348,7.386850084222348,7.263419427288041
920174.BJ,20230329,7.72,7.73,7.65,7.65,7.71,-0.06,-0.7782,584.39,449.442,1.1837,7.263419427288041,7.329882088714205,7.339376754632229,7.263419427288041
920174.BJ,20230330,7.66,7.66,7.58,7.66,7.65,0.01,0.1307,952.77,726.116,1.1837,7.272914093206065,7.272914093206065,7.272914093206065,7.196956765861875
920174.BJ,20230331,7.63,7.68,7.6,7.66,7.66,0.0,0.0,403.45,308.541,1.1837,7.272914093206065,7.244430095451993,7.291903425042112,7.215946097697922
920174.BJ,20230403,7.66,7.68,7.63,7.68,7.66,0.02,0.2611,753.0,576.748,1.1837,7.291903425042112,7.272914093206065,7.291903425042112,7.244430095451993
920174.BJ,20230404,7.67,7.72,7.56,7.63,7.68,-0.05,-0.651,796.42,609.192,1.1837,7.244430095451993,7.282408759124088,7.329882088714205,7.177967434025828
920174.BJ,20230406,7.62,7.62,7.54,7.55,7.63,-0.08,-1.0485,1267.9,959.756,1.1837,7.168472768107805,7.234935429533969,7.234935429533969,7.158978102189781
920174.BJ,20230407,7.54,7.64,7.54,7.61,7.55,0.06,0.7947,569.66,431.319,1.1837,7.225440763615946,7.158978102189781,7.253924761370016,7.158978102189781
920174.BJ,20230410,7.61,7.61,7.51,7.56,7.61,-0.05,-0.657,706.37,532.489,1.1837,7.177967434025828,7.225440763615946,7.225440763615946,7.1304941044357095
920174.BJ,20230411,7.57,7.57,7.42,7.51,7.56,-0.05,-0.6614,999.97,750.935,1.1837,7.1304941044357095,7.187462099943852,7.187462099943852,7.045042111173498
920174.BJ,20230412,7.52,7.62,7.49,7.52,7.51,0.01,0.1332,901.75,678.697,1.1837,7.1399887703537335,7.1399887703537335,7.234935429533969,7.111504772599664
920174.BJ,20230413,7.52,7.54,7.34,7.5,7.52,-0.02,-0.266,2057.32,1533.744,1.1837,7.120999438517687,7.1399887703537335,7.158978102189781,6.9690847838293095
920174.BJ,20230414,7.46,7.56,7.37,7.46,7.5,-0.04,-0.5333,2257.47,1675.422,1.1837,7.083020774845592,7.083020774845592,7.177967434025828,6.997568781583381
920174.BJ,20230417,7.46,7.5,7.35,7.49,7.46,0.03,0.4021,2727.97,2026.525,1.1837,7.111504772599664,7.083020774845592,7.120999438517687,6.978579449747333
920174.BJ,20230418,7.49,7.5,7.34,7.38,7.49,-0.11,-1.4686,5776.14,4258.131,1.1837,7.007063447501404,7.111504772599664,7.120999438517687,6.9690847838293095
920174.BJ,20230419,7.38,7.4,7.27,7.31,7.38,-0.07,-0.9485,2493.84,1822.503,1.1837,6.940600786075239,7.007063447501404,7.026052779337451,6.9026221224031445
920174.BJ,20230420,7.31,7.34,7.27,7.3,7.31,-0.01,-0.1368,1705.52,1243.24,1.1837,6.931106120157216,6.940600786075239,6.9690847838293095,6.9026221224031445
920174.BJ,20230421,7.3,7.32,7.15,7.19,7.3,-0.11,-1.5068,1536.24,1108.141,1.1837,6.8266647950589565,6.931106120157216,6.950095451993263,6.788686131386862
920174.BJ,20230424,7.16,7.32,7.15,7.24,7.19,0.05,0.6954,673.42,488.199,1.1837,6.8741381246490745,6.798180797304885,6.950095451993263,6.788686131386862
920174.BJ,20230425,7.24,7.25,7.14,7.25,7.24,0.01,0.1381,867.85,625.077,1.1837,6.8836327905670975,6.8741381246490745,6.8836327905670975,6.779191465468838
920174.BJ,20230426,7.26,7.42,7.26,7.38,7.25,0.13,1.7931,1562.12,1148.512,1.1837,7.007063447501404,6.8931274564851215,7.045042111173498,6.8931274564851215
920174.BJ,20230427,7.5,7.9,7.5,7.6,7.38,0.22,2.981,17769.08,13572.604,1.1837,7.215946097697922,7.120999438517687,7.500786075238631,7.120999438517687
920174.BJ,20230428,7.55,8.26,7.55,8.05,7.6,0.45,5.9211,17247.09,13665.374,1.1837,7.643206064008985,7.168472768107805,7.84259404828748,7.168472768107805
920174.BJ,20230504,8.04,8.54,8.04,8.38,8.05,0.33,4.0994,20212.17,16879.216,1.1837,7.956530039303763,7.63371139809096,8.108444693992139,7.63371139809096
920174.BJ,20230505,8.49,9.59,8.48,9.5,8.38,1.12,13.3652,37729.42,33744.366,1.1837,9.019932622122402,8.060971364402022,9.105384615384615,8.051476698483999
920174.BJ,20230508,9.37,10.3,9.15,9.65,9.5,0.15,1.5789,34449.14,33856.636,1.1837,9.162352610892755,8.896501965188095,9.779505895564292,8.687619314991577
920174.BJ,20230509,9.68,9.82,8.95,8.96,9.65,-0.69,-7.1503,23369.68,21539.431,1.1837,8.50722066254913,9.190836608646828,9.323761931499158,8.497725996631106
920174.BJ,20230510,8.84,9.03,8.5,8.74,8.96,-0.22,-2.4554,10895.55,9456.733,1.1837,8.29833801235261,8.393284671532847,8.573683323975295,8.070466030320047
920174.BJ,20230511,8.77,8.98,8.51,8.9,8.74,0.16,1.8307,7532.15,6636.954,1.1837,8.45025266704099,8.326822010106682,8.526209994385177,8.079960696238068
920174.BJ,20230512,8.9,8.9,8.55,8.6,8.9,-0.3,-3.3708,10255.82,8878.115,1.1837,8.16541268950028,8.45025266704099,8.45025266704099,8.117939359910164
920174.BJ,20230515,8.6,8.69,8.43,8.5,8.6,-0.1,-1.1628,3964.7,3399.759,1.1837,8.070466030320047,8.16541268950028,8.250864682762492,8.00400336889388
920174.BJ,20230516,8.59,8.59,8.24,8.3,8.5,-0.2,-2.3529,7572.8,6348.935,1.1837,7.880572711959575,8.155918023582258,8.155918023582258,7.823604716451433
920174.BJ,20230517,8.38,8.8,8.3,8.74,8.3,0.44,5.3012,9319.93,8052.37,1.1837,8.29833801235261,7.956530039303763,8.355306007860753,7.880572711959575
920174.BJ,20230518,8.74,9.16,8.59,9.08,8.74,0.34,3.8902,12903.74,11555.519,1.1837,8.621156653565414,8.29833801235261,8.697113980909602,8.155918023582258
920174.BJ,20230519,9.11,9.18,8.96,9.08,9.08,0.0,0.0,6287.48,5714.452,1.1837,8.621156653565414,8.649640651319483,8.716103312745648,8.50722066254913
920174.BJ,20230522,9.09,9.16,8.74,8.84,9.08,-0.24,-2.6432,5208.15,4627.928,1.1837,8.393284671532847,8.630651319483437,8.697113980909602,8.29833801235261
920174.BJ,20230523,8.89,8.9,8.55,8.71,8.84,-0.13,-1.4706,8361.56,7278.081,1.1837,8.269854014598542,8.440758001122965,8.45025266704099,8.117939359910164
920174.BJ,20230524,8.8,8.8,8.49,8.6,8.71,-0.11,-1.2629,10298.54,8844.102,1.1837,8.16541268950028,8.355306007860753,8.355306007860753,8.060971364402022
920174.BJ,20230525,8.63,8.68,8.18,8.39,8.6,-0.21,-2.4419,13484.54,11477.826,1.1837,7.966024705221786,8.193896687254353,8.24137001684447,7.76663672094329
920174.BJ,20230526,8.36,8.49,8.3,8.42,8.39,0.03,0.3576,3777.55,3159.63,1.1837,7.994508702975857,7.937540707467714,8.060971364402022,7.880572711959575
920174.BJ,20230529,8.3,8.39,8.18,8.21,8.42,-0.21,-2.4941,4255.67,3506.954,1.1837,7.795120718697362,7.880572711959575,7.966024705221786,7.76663672094329
920174.BJ,20230530,8.18,8.28,8.09,8.27,8.21,0.06,0.7308,3891.23,3192.635,1.1837,7.852088714205503,7.76663672094329,7.861583380123527,7.681184727681079
920174.BJ,20230531,8.28,8.64,8.16,8.55,8.27,0.28,3.3857,5477.96,4620.393,1.1837,8.117939359910164,7.861583380123527,8.203391353172377,7.747647389107243
920174.BJ,20230601,8.55,8.78,8.5,8.55,8.55,0.0,0.0,6578.53,5678.491,1.1837,8.117939359910164,8.117939359910164,8.336316676024705,8.070466030320047
920174.BJ,20230602,8.54,8.66,8.46,8.54,8.55,-0.01,-0.117,6191.64,5280.794,1.1837,8.108444693992139,8.108444693992139,8.222380685008423,8.032487366647953
920174.BJ,20230605,8.58,8.58,8.36,8.4,8.54,-0.14,-1.6393,1617.26,1366.947,1.1837,7.97551937113981,8.146423357664235,8.146423357664235,7.937540707467714
920174.BJ,20230606,8.43,8.46,8.24,8.25,8.4,-0.15,-1.7857,2415.53,2007.746,1.1837,7.833099382369456,8.00400336889388,8.032487366647953,7.823604716451433
920174.BJ,20230607,8.27,8.46,8.23,8.45,8.25,0.2,2.4242,3398.82,2838.989,1.1837,8.022992700729928,7.852088714205503,8.032487366647953,7.814110050533409
920174.BJ,20230608,8.45,8.46,8.26,8.34,8.45,-0.11,-1.3018,2529.94,2106.64,1.1837,7.918551375631667,8.022992700729928,8.032487366647953,7.84259404828748
920174.BJ,20230609,8.3,8.31,8.04,8.16,8.34,-0.18,-2.1583,7787.39,6325.358,1.1837,7.747647389107243,7.880572711959575,7.890067377877599,7.63371139809096
920174.BJ,20230612,8.08,8.2,8.05,8.18,8.16,0.02,0.2451,3569.3,2896.357,1.1837,7.76663672094329,7.671690061763055,7.785626052779337,7.643206064008985
920174.BJ,20230613,8.17,8.26,8.14,8.23,8.18,0.05,0.6112,2701.33,2212.434,1.1837,7.814110050533409,7.757142055025267,7.84259404828748,7.728658057271196
920174.BJ,20230614,8.22,8.44,8.22,8.34,8.23,0.11,1.3366,3621.92,3021.385,1.1837,7.918551375631667,7.804615384615386,8.013498034811903,7.804615384615386
920174.BJ,20230615,8.08,8.18,8.05,8.17,8.04,0.13,1.6169,3858.12,3127.507,1.2279,8.04679794657897,7.958155129541991,8.056647148471965,7.928607523863
920174.BJ,20230616,8.17,8.28,8.15,8.25,8.17,0.08,0.9792,1667.83,1372.108,1.2279,8.125591561722949,8.04679794657897,8.155139167401941,8.027099542792975
920174.BJ,20230619,8.22,8.22,7.9,8.0,8.25,-0.25,-3.0303,7068.56,5655.016,1.2279,7.879361514398012,8.096043956043957,8.096043956043957,7.7808694954680355
920174.BJ,20230620,7.97,7.97,7.86,7.96,8.0,-0.04,-0.5,5042.14,3988.687,1.2279,7.839964706826021,7.849813908719018,7.849813908719018,7.741472687896046
920174.BJ,20230621,7.92,8.21,7.87,8.12,7.96,0.16,2.0101,10168.17,8208.776,1.2279,7.997551937113981,7.800567899254031,8.086194754150961,7.751321889789043
920174.BJ,20230626,8.07,8.07,7.95,8.01,8.12,-0.11,-1.3547,3740.63,2993.879,1.2279,7.889210716291008,7.948305927648994,7.948305927648994,7.830115504933024
920174.BJ,20230627,8.0,8.14,7.98,8.09,8.01,0.08,0.9988,8249.99,6673.516,1.2279,7.968004331434989,7.879361514398012,8.017250340899976,7.859663110612017
920174.BJ,20230628,8.08,8.08,7.99,8.03,8.09,-0.06,-0.7417,4519.45,3623.233,1.2279,7.908909120077002,7.958155129541991,7.958155129541991,7.869512312505014
920174.BJ,20230629,8.03,8.27,7.98,8.14,8.03,0.11,1.3699,10608.18,8625.492,1.2279,8.017250340899976,7.908909120077002,8.145289965508944,7.859663110612017
920174.BJ,20230630,8.14,8.24,8.08,8.23,8.14,0.09,1.1057,8106.31,6617.41,1.2279,8.105893157936954,8.017250340899976,8.115742359829952,7.958155129541991
920174.BJ,20230703,8.24,8.78,8.19,8.59,8.23,0.36,4.3742,14394.68,12164.182,1.2279,8.460464426084865,8.115742359829952,8.647599262051816,8.066496350364963
920174.BJ,20230704,8.59,8.62,8.41,8.45,8.59,-0.14,-1.6298,9114.12,7744.17,1.2279,8.3225755995829,8.460464426084865,8.490012031763856,8.28317879201091
920174.BJ,20230705,8.42,8.49,8.32,8.49,8.45,0.04,0.4734,10468.22,8786.137,1.2279,8.361972407154889,8.293027993903907,8.361972407154889,8.194535974973931
920174.BJ,20230706,8.46,8.46,8.28,8.38,8.49,-0.11,-1.2956,9183.77,7668.283,1.2279,8.253631186331917,8.332424801475899,8.332424801475899,8.155139167401941
920174.BJ,20230707,8.37,8.38,8.25,8.32,8.38,-0.06,-0.716,3955.65,3279.912,1.2279,8.194535974973931,8.243781984438918,8.253631186331917,8.125591561722949
920174.BJ,20230710,8.28,8.5,8.28,8.36,8.32,0.04,0.4808,5573.89,4684.165,1.2279,8.23393278254592,8.155139167401941,8.371821609047887,8.155139167401941
920174.BJ,20230711,8.34,8.4,8.32,8.37,8.36,0.01,0.1196,7061.71,5902.715,1.2279,8.243781984438918,8.214234378759928,8.273329590117912,8.194535974973931
920174.BJ,20230712,8.39,8.39,8.23,8.28,8.37,-0.09,-1.0753,3477.99,2896.201,1.2279,8.155139167401941,8.263480388224915,8.263480388224915,8.105893157936954
920174.BJ,20230713,8.29,8.36,8.25,8.3,8.28,0.02,0.2415,3202.03,2654.134,1.2279,8.174837571187936,8.164988369294939,8.23393278254592,8.125591561722949
920174.BJ,20230714,8.27,8.47,8.26,8.45,8.3,0.15,1.8072,5557.57,4673.361,1.2279,8.3225755995829,8.145289965508944,8.342274003368894,8.135440763615946
920174.BJ,20230717,8.43,8.46,8.32,8.35,8.45,-0.1,-1.1834,3222.1,2703.88,1.2279,8.224083580652923,8.302877195796903,8.332424801475899,8.194535974973931
920174.BJ,20230718,8.34,8.35,8.14,8.19,8.35,-0.16,-1.9162,5973.8,4911.042,1.2279,8.066496350364963,8.214234378759928,8.224083580652923,8.017250340899976
920174.BJ,20230719,8.21,8.22,8.13,8.19,8.19,0.0,0.0,3085.65,2519.008,1.2279,8.066496350364963,8.086194754150961,8.096043956043957,8.00740113900698
920174.BJ,20230720,8.18,8.22,8.15,8.16,8.19,-0.03,-0.3663,3158.45,2582.384,1.2279,8.036948744685972,8.056647148471965,8.096043956043957,8.027099542792975
920174.BJ,20230721,8.19,8.19,8.08,8.11,8.16,-0.05,-0.6127,3542.43,2875.71,1.2279,7.987702735220983,8.066496350364963,8.066496350364963,7.958155129541991
920174.BJ,20230724,8.1,8.16,8.04,8.08,8.11,-0.03,-0.3699,3594.68,2905.473,1.2279,7.958155129541991,7.977853533327987,8.036948744685972,7.918758321970001
920174.BJ,20230725,8.1,8.16,8.08,8.13,8.08,0.05,0.6188,4373.26,3545.642,1.2279,8.00740113900698,7.977853533327987,8.036948744685972,7.958155129541991
920174.BJ,20230726,8.15,8.16,8.05,8.07,8.13,-0.06,-0.738,2158.28,1743.386,1.2279,7.948305927648994,8.027099542792975,8.036948744685972,7.928607523863
920174.BJ,20230727,8.07,8.11,7.92,7.99,8.07,-0.08,-0.9913,4362.13,3489.186,1.2279,7.869512312505014,7.948305927648994,7.987702735220983,7.800567899254031
920174.BJ,20230728,7.93,8.24,7.91,8.15,7.99,0.16,2.0025,4706.6,3810.707,1.2279,8.027099542792975,7.810417101147029,8.115742359829952,7.790718697361033
920174.BJ,20230731,8.22,8.3,8.16,8.23,8.15,0.08,0.9816,2931.52,2411.534,1.2279,8.105893157936954,8.096043956043957,8.174837571187936,8.036948744685972
920174.BJ,20230801,8.32,8.73,8.29,8.53,8.23,0.3,3.6452,10821.71,9252.382,1.2279,8.401369214726879,8.194535974973931,8.59835325258683,8.164988369294939
920174.BJ,20230802,8.57,8.57,8.35,8.48,8.53,-0.05,-0.5862,6026.47,5080.052,1.2279,8.352123205261892,8.44076602229887,8.44076602229887,8.224083580652923
920174.BJ,20230803,8.47,8.49,8.38,8.46,8.48,-0.02,-0.2358,4212.94,3550.771,1.2279,8.332424801475899,8.342274003368894,8.361972407154889,8.253631186331917
920174.BJ,20230804,8.46,8.47,8.39,8.47,8.46,0.01,0.1182,3862.75,3257.945,1.2279,8.342274003368894,8.332424801475899,8.342274003368894,8.263480388224915
920174.BJ,20230807,8.44,8.64,8.41,8.62,8.47,0.15,1.771,7426.24,6351.52,1.2279,8.490012031763856,8.3127263976899,8.509710435549852,8.28317879201091
920174.BJ,20230808,8.6,8.95,8.55,8.91,8.62,0.29,3.3643,11139.88,9760.348,1.2279,8.775638886660785,8.47031362797786,8.815035694232774,8.421067618512874
920174.BJ,20230809,8.89,9.17,8.72,8.8,8.91,-0.11,-1.2346,5388.55,4802.144,1.2279,8.667297665837813,8.75594048287479,9.03171813587872,8.588504050693832
920174.BJ,20230810,8.68,8.83,8.65,8.69,8.8,-0.11,-1.25,2678.21,2329.111,1.2279,8.55895644501484,8.549107243121842,8.696845271516805,8.51955963744285
920174.BJ,20230811,8.69,8.75,8.61,8.64,8.69,-0.05,-0.5754,2086.6,1808.109,1.2279,8.509710435549852,8.55895644501484,8.618051656372826,8.480162829870858
920174.BJ,20230814,8.61,8.64,8.49,8.57,8.64,-0.07,-0.8102,1311.32,1122.6,1.2279,8.44076602229887,8.480162829870858,8.509710435549852,8.361972407154889
920174.BJ,20230815,8.62,8.67,8.53,8.66,8.57,0.09,1.0502,885.63,758.451,1.2279,8.529408839335847,8.490012031763856,8.539258041228845,8.401369214726879
920174.BJ,20230816,8.61,8.66,8.55,8.61,8.66,-0.05,-0.5774,1286.62,1110.255,1.2279,8.480162829870858,8.480162829870858,8.529408839335847,8.421067618512874
920174.BJ,20230817,8.61,8.78,8.6,8.78,8.61,0.17,1.9744,2037.79,1775.006,1.2279,8.647599262051816,8.480162829870858,8.647599262051816,8.47031362797786
920174.BJ,20230818,8.78,9.0,8.78,8.83,8.78,0.05,0.5695,3378.0,2995.793,1.2279,8.696845271516805,8.647599262051816,8.864281703697763,8.647599262051816
920174.BJ,20230821,8.83,8.83,8.53,8.72,8.83,-0.11,-1.2458,2326.4,2021.646,1.2279,8.588504050693832,8.696845271516805,8.696845271516805,8.401369214726879
920174.BJ,20230822,9.9,10.5,9.53,9.54,8.72,0.82,9.4037,44091.27,43394.184,1.2279,9.396138605919628,9.75070987406754,10.34166198764739,9.38628940402663
920174.BJ,20230823,9.33,9.46,9.25,9.26,9.54,-0.28,-2.935,16737.38,15655.273,1.2279,9.120360952915696,9.189305366166682,9.317344990775648,9.1105117510227
920174.BJ,20230824,9.26,9.74,9.18,9.64,9.26,0.38,4.1037,12153.81,11567.097,1.2279,9.494630624849604,9.120360952915696,9.59312264377958,9.041567337771715
920174.BJ,20230825,9.61,9.76,9.52,9.63,9.64,-0.01,-0.1037,8987.77,8655.875,1.2279,9.484781422956608,9.46508301917061,9.612821047565571,9.376440202133631
920174.BJ,20230828,10.24,10.24,9.56,9.61,9.63,-0.02,-0.2077,13547.14,13311.725,1.2279,9.46508301917061,10.085582738429457,10.085582738429457,9.415837009705625
920174.BJ,20230829,9.7,9.78,9.51,9.71,9.61,0.1,1.0406,9466.91,9141.493,1.2279,9.563575038100586,9.553725836207589,9.632519451351568,9.366591000240636
920174.BJ,20230830,9.65,9.77,9.65,9.7,9.71,-0.01,-0.103,4097.69,3981.272,1.2279,9.553725836207589,9.5044798267426,9.62267024945857,9.5044798267426
920174.BJ,20230831,9.68,9.72,9.4,9.72,9.7,0.02,0.2062,7134.5,6824.991,1.2279,9.573424239993583,9.534027432421594,9.573424239993583,9.258249779417664
920174.BJ,20230901,9.76,11.65,9.75,11.13,9.72,1.41,14.5062,39618.01,43692.067,1.2279,10.962161706906231,9.612821047565571,11.474320205342105,9.602971845672576
920174.BJ,20230904,13.0,14.46,13.0,14.02,11.13,2.89,25.9659,73666.21,101551.682,1.2279,13.808581053982516,12.803962460896768,14.241945937274409,12.803962460896768
920174.BJ,20230905,13.4,13.49,12.53,13.02,14.02,-1.0,-7.1327,48854.57,63833.269,1.2279,12.823660864682765,13.197930536616669,13.286573353653647,12.341049971925884
920174.BJ,20230906,12.96,14.66,12.71,13.9,13.02,0.88,6.7588,51096.66,70988.038,1.2279,13.690390631266546,12.764565653324778,14.438929975134355,12.51833560599984
920174.BJ,20230907,13.84,14.4,13.31,13.8,13.9,-0.1,-0.7194,33406.61,46082.144,1.2279,13.59189861233657,13.63129541990856,14.18285072591642,13.109287719579692
920174.BJ,20230908,13.66,13.85,12.82,12.99,13.8,-0.81,-5.8696,26565.15,35162.265,1.2279,12.79411325900377,13.454009785834604,13.641144621801557,12.626676826822813
920174.BJ,20230911,12.9,13.18,12.51,12.97,12.99,-0.02,-0.154,20991.32,27075.798,1.2279,12.774414855217778,12.705470441966792,12.981248094970724,12.32135156813989
920174.BJ,20230912,12.99,13.78,12.81,13.43,12.97,0.46,3.5466,22373.16,29972.039,1.2279,13.227478142295665,12.79411325900377,13.572200208550576,12.616827624929815
920174.BJ,20230913,13.43,15.0,13.32,14.55,13.43,1.12,8.3395,47333.03,67460.734,1.2279,14.330588754311384,13.227478142295665,14.773802839496271,13.119136921472688
920174.BJ,20230914,14.42,15.29,14.05,14.38,14.55,-0.17,-1.1684,31842.67,46574.216,1.2279,14.163152322130427,14.202549129702415,15.059429694393195,13.838128659661509
920174.BJ,20230915,14.24,14.6,14.06,14.6,14.38,0.22,1.5299,23657.01,33904.344,1.2279,14.37983476377637,14.025263495628462,14.37983476377637,13.847977861554504
920174.BJ,20230918,14.65,15.47,14.45,15.18,14.6,0.58,3.9726,21067.24,31889.626,1.2279,14.951088473570223,14.42908077324136,15.236715328467156,14.232096735381406
920174.BJ,20230919,15.3,15.69,14.14,14.17,15.18,-1.01,-6.6535,43451.2,65068.242,1.2279,13.956319082377476,15.069278896286196,15.453397770113098,13.926771476698486
920174.BJ,20230920,13.7,13.84,13.03,13.45,14.17,-0.72,-5.0812,31124.01,41992.819,1.2279,13.247176546081656,13.493406593406592,13.63129541990856,12.83351006657576
920174.BJ,20230921,13.59,13.65,13.22,13.55,13.45,0.1,0.7435,12410.35,16680.169,1.2279,13.345668565011634,13.385065372583622,13.444160583941606,13.020644902542715
920174.BJ,20230922,13.54,13.55,13.11,13.28,13.55,-0.27,-1.9926,17760.41,23582.262,1.2279,13.079740113900696,13.335819363118633,13.345668565011634,12.91230368171974
920174.BJ,20230925,13.3,13.37,13.0,13.1,13.28,-0.18,-1.3554,9653.38,12681.99,1.2279,12.902454479826744,13.099438517686696,13.168382930937677,12.803962460896768
920174.BJ,20230926,13.17,13.17,12.27,12.38,13.1,-0.72,-5.4962,18869.72,23688.739,1.2279,12.193311943530924,12.971398893077726,12.971398893077726,12.08497072270795
920174.BJ,20230927,12.11,12.55,12.11,12.38,12.38,0.0,0.0,10836.54,13429.047,1.2279,12.193311943530924,11.92738349241999,12.36074837571188,11.92738349241999
920174.BJ,20230928,12.4,13.35,12.18,13.25,12.38,0.87,7.0275,19571.44,25050.164,1.2279,13.050192508221706,12.213010347316915,13.14868452715168,11.996327905670972
920174.BJ,20231009,13.0,13.5,12.81,12.9,13.25,-0.35,-2.6415,11770.94,15319.716,1.2279,12.705470441966792,12.803962460896768,13.296422555546645,12.616827624929815
920174.BJ,20231010,12.97,12.97,12.18,12.53,12.9,-0.37,-2.8682,11738.13,14638.86,1.2279,12.341049971925884,12.774414855217778,12.774414855217778,11.996327905670972
920174.BJ,20231011,12.5,12.5,12.21,12.34,12.53,-0.19,-1.5164,5492.15,6749.983,1.2279,12.153915135958933,12.311502366246891,12.311502366246891,12.025875511349966
920174.BJ,20231012,12.3,12.41,12.18,12.33,12.34,-0.01,-0.081,4003.09,4913.155,1.2279,12.144065934065935,12.114518328386945,12.222859549209916,11.996327905670972
920174.BJ,20231013,12.24,12.31,11.69,11.76,12.33,-0.57,-4.6229,10210.59,12176.086,1.2279,11.582661426165076,12.055423117028957,12.12436753027994,11.513717012914094
920174.BJ,20231016,11.76,11.76,11.02,11.06,11.76,-0.7,-5.9524,13991.13,15736.515,1.2279,10.893217293655251,11.582661426165076,11.582661426165076,10.85382048608326
920174.BJ,20231017,11.06,11.13,10.91,11.13,11.06,0.07,0.6329,6115.62,6772.821,1.2279,10.962161706906231,10.893217293655251,10.962161706906231,10.745479265260288
920174.BJ,20231018,11.22,11.65,11.05,11.15,11.13,0.02,0.1797,5888.23,6641.87,1.2279,10.98186011069223,11.050804523943212,11.474320205342105,10.883368091762254
920174.BJ,20231019,11.0,11.04,10.54,10.54,11.15,-0.61,-5.4709,9555.9,10278.643,1.2279,10.38105879521938,10.834122082297265,10.873518889869256,10.38105879521938
920174.BJ,20231020,10.53,10.96,10.53,10.76,10.54,0.22,2.0873,5383.95,5817.293,1.2279,10.597741236865325,10.371209593326382,10.794725274725277,10.371209593326382
920174.BJ,20231023,10.91,11.62,10.76,10.88,10.76,0.12,1.1152,12700.51,14297.974,1.2279,10.715931659581296,10.745479265260288,11.44477259966311,10.597741236865325
920174.BJ,20231024,11.05,11.6,10.72,11.45,10.88,0.57,5.239,9925.83,11153.848,1.2279,11.277336167482153,10.883368091762254,11.425074195877116,10.558344429293337
920174.BJ,20231025,11.71,12.35,11.71,11.9,11.45,0.45,3.9301,12618.87,15207.681,1.2279,11.720550252667042,11.53341541670009,12.16376433785193,11.53341541670009
920174.BJ,20231026,11.99,11.99,11.6,11.71,11.9,-0.19,-1.5966,10215.93,11969.719,1.2279,11.53341541670009,11.80919306970402,11.80919306970402,11.425074195877116
920174.BJ,20231027,11.71,12.49,11.66,12.29,11.71,0.58,4.953,11744.54,14298.275,1.2279,12.104669126493944,11.53341541670009,12.301653164353894,11.4841694072351
920174.BJ,20231030,12.29,12.49,12.01,12.34,12.29,0.05,0.4068,9453.91,11645.013,1.2279,12.153915135958933,12.104669126493944,12.301653164353894,11.828891473490014
920174.BJ,20231031,13.09,14.18,12.82,13.71,12.34,1.37,11.1021,29763.76,40366.708,1.2279,13.503255795299593,12.892605277933749,13.966168284270475,12.626676826822813
920174.BJ,20231101,13.3,13.79,13.22,13.31,13.71,-0.4,-2.9176,12913.5,17313.587,1.2279,13.109287719579692,13.099438517686696,13.582049410443572,13.020644902542715
920174.BJ,20231102,13.33,13.57,13.08,13.2,13.31,-0.11,-0.8264,9243.34,12303.194,1.2279,13.000946498756717,13.128986123365683,13.365366968797629,12.88275607604075
920174.BJ,20231103,13.24,13.39,13.06,13.25,13.2,0.05,0.3788,9964.01,13213.652,1.2279,13.050192508221706,13.040343306328708,13.188081334723671,12.863057672254754
920174.BJ,20231106,13.39,13.88,13.2,13.58,13.25,0.33,2.4906,8743.01,11812.315,1.2279,13.375216170690624,13.188081334723671,13.67069222748055,13.000946498756717
920174.BJ,20231107,13.58,14.07,13.46,13.92,13.58,0.34,2.5037,10468.03,14563.722,1.2279,13.71008903505254,13.375216170690624,13.857827063447502,13.257025747974652
920174.BJ,20231108,13.84,14.17,13.6,13.71,13.92,-0.21,-1.5086,12470.15,17313.092,1.2279,13.503255795299593,13.63129541990856,13.956319082377476,13.39491457447662
920174.BJ,20231109,13.79,13.79,13.3,13.48,13.71,-0.23,-1.6776,10774.93,14511.087,1.2279,13.27672415176065,13.582049410443572,13.582049410443572,13.099438517686696
920174.BJ,20231110,13.48,13.83,13.35,13.48,13.48,0.0,0.0,9884.92,13412.088,1.2279,13.27672415176065,13.27672415176065,13.621446218015564,13.14868452715168
920174.BJ,20231113,13.43,13.8,13.34,13.66,13.48,0.18,1.3353,7735.12,10477.042,1.2279,13.454009785834604,13.227478142295665,13.59189861233657,13.138835325258682
920174.BJ,20231114,13.75,13.8,13.51,13.64,13.66,-0.02,-0.1464,10119.17,13818.408,1.2279,13.434311382048609,13.54265260287158,13.59189861233657,13.306271757439642
920174.BJ,20231115,13.76,14.09,13.55,13.86,13.64,0.22,1.6129,15097.43,20899.317,1.2279,13.650993823694554,13.552501804764578,13.877525467233497,13.345668565011634
920174.BJ,20231116,13.86,13.86,13.35,13.35,13.86,-0.51,-3.6797,10757.28,14559.5,1.2279,13.14868452715168,13.650993823694554,13.650993823694554,13.14868452715168
920174.BJ,20231117,13.34,13.35,12.91,13.29,13.35,-0.06,-0.4494,13003.3,17136.794,1.2279,13.089589315793694,13.138835325258682,13.14868452715168,12.71531964385979
920174.BJ,20231120,13.29,14.08,13.29,13.92,13.29,0.63,4.7404,20181.8,27835.955,1.2279,13.71008903505254,13.089589315793694,13.8676762653405,13.089589315793694
920174.BJ,20231121,13.97,15.3,13.82,14.43,13.92,0.51,3.6638,40999.16,60212.799,1.2279,14.212398331595413,13.759335044517528,15.069278896286196,13.611597016122564
920174.BJ,20231122,14.4,15.45,14.26,15.39,14.43,0.96,6.6528,42082.92,63063.024,1.2279,15.157921713323171,14.18285072591642,15.21701692468116,14.044961899414456
920174.BJ,20231123,15.51,16.49,14.85,15.18,15.39,-0.21,-1.3645,50443.08,78633.837,1.2279,14.951088473570223,15.276112136039144,16.2413339215529,14.626064811101308
920174.BJ,20231124,15.0,16.58,14.92,16.58,15.18,1.4,9.2227,52985.01,84265.847,1.2279,16.329976738589878,14.773802839496271,16.329976738589878,14.69500922435229
920174.BJ,20231127,17.26,18.84,16.79,18.07,16.58,1.49,8.9867,71934.89,128670.866,1.2279,17.79750782064651,16.99972246731371,18.55589636640732,16.536809978342824
920174.BJ,20231128,17.31,19.43,17.0,17.73,18.07,-0.34,-1.8816,63663.78,116919.87,1.2279,17.462634956284592,17.048968476778697,19.13699927809417,16.743643218095773
920174.BJ,20231129,18.0,18.25,15.83,16.05,17.73,-1.68,-9.4755,54917.55,93049.492,1.2279,15.80796903826101,17.728563407395526,17.974793454720466,15.591286596615063
920174.BJ,20231130,16.11,16.66,15.61,16.38,16.05,0.33,2.0561,25968.53,42130.842,1.2279,16.132992700729925,15.867064249618991,16.40877035373386,15.374604154969118
920174.BJ,20231201,16.52,17.25,16.4,16.54,16.38,0.16,0.9768,20631.46,34676.169,1.2279,16.290579931017888,16.270881527231893,16.989873265420712,16.15269110451592
920174.BJ,20231204,16.78,16.78,15.6,16.3,16.54,-0.24,-1.451,15204.34,24736.523,1.2279,16.05419908558595,16.52696077644983,16.52696077644983,15.36475495307612
920174.BJ,20231205,16.31,17.77,16.11,17.45,16.3,1.15,7.0552,34743.52,59426.148,1.2279,17.18685730328066,16.064048287478943,17.502031763856582,15.867064249618991
920174.BJ,20231206,17.21,17.8,17.0,17.17,17.45,-0.28,-1.6046,21175.53,36666.967,1.2279,16.911079650276733,16.950476457848723,17.531579369535574,16.743643218095773
920174.BJ,20231207,17.29,17.75,17.05,17.47,17.17,0.3,1.7472,17795.45,30974.149,1.2279,17.206555707066656,17.0292700729927,17.482333360070587,16.79288922756076
920174.BJ,20231208,17.77,18.11,17.31,17.71,17.47,0.24,1.3738,21807.95,38603.859,1.2279,17.442936552498598,17.502031763856582,17.836904628218495,17.048968476778697
920174.BJ,20231211,17.79,17.87,17.05,17.07,17.71,-0.64,-3.6138,18075.97,31263.208,1.2279,16.81258763134676,17.521730167642577,17.600523782786556,16.79288922756076
920174.BJ,20231212,17.1,17.19,16.78,17.15,17.07,0.08,0.4687,11747.5,19938.066,1.2279,16.891381246490734,16.842135237025747,16.930778054062728,16.52696077644983
920174.BJ,20231213,17.17,17.98,16.97,17.61,17.15,0.46,2.6822,16853.28,29731.573,1.2279,17.34444453356862,16.911079650276733,17.70886500360953,16.71409561241678
920174.BJ,20231214,17.55,18.2,17.43,17.75,17.61,0.14,0.795,22544.61,40272.323,1.2279,17.482333360070587,17.28534932221064,17.925547445255475,17.167158899494666
920174.BJ,20231215,17.73,17.95,17.44,17.71,17.75,-0.04,-0.2254,10504.08,18589.486,1.2279,17.442936552498598,17.462634956284592,17.679317397930536,17.177008101387663
920174.BJ,20231218,17.73,18.53,17.61,18.21,17.71,0.5,2.8233,24763.09,44804.171,1.2279,17.935396647148472,17.462634956284592,18.2505711077244,17.34444453356862
920174.BJ,20231219,18.33,18.4,17.79,17.97,18.21,-0.24,-1.318,19974.07,35919.31,1.2279,17.69901580171653,18.05358706986444,18.122531483115424,17.521730167642577
920174.BJ,20231220,18.0,18.84,17.97,18.71,17.97,0.74,4.118,34283.94,63552.437,1.2279,18.42785674179835,17.728563407395526,18.55589636640732,17.69901580171653
920174.BJ,20231221,19.1,20.86,18.12,18.17,18.71,-0.54,-2.8862,65477.3,127581.471,1.2279,17.895999839576483,18.81197561562525,20.54543514879281,17.846753830111496
920174.BJ,20231222,17.83,19.29,17.45,19.25,18.17,1.08,5.9439,44728.52,81429.635,1.2279,18.959713644020216,17.561126975214567,18.9991104515922,17.18685730328066
920174.BJ,20231225,19.33,20.77,19.04,20.2,19.25,0.95,4.9351,48887.81,98244.393,1.2279,19.89538782385498,19.038507259164195,20.456792331755835,18.752880404267263
920174.BJ,20231226,20.08,20.66,18.83,19.85,20.2,-0.35,-1.7327,43332.7,85697.886,1.2279,19.550665757600065,19.77719740113901,20.348451110932864,18.54604716451432
920174.BJ,20231227,19.6,19.77,18.88,19.39,19.85,-0.46,-2.3174,23881.1,46034.239,1.2279,19.09760247052218,19.30443571027513,19.471872142456085,18.595293173979304
920174.BJ,20231228,19.38,19.98,19.17,19.8,19.39,0.41,2.1145,26709.64,52284.875,1.2279,19.50141974813508,19.087753268629186,19.678705382209035,18.88092002887624
920174.BJ,20231229,19.8,20.36,19.64,20.01,19.8,0.21,1.0606,23698.72,47364.904,1.2279,19.708252987888027,19.50141974813508,20.052975054142937,19.34383251784712
920174.BJ,20240102,20.03,20.68,19.89,20.53,20.01,0.52,2.5987,28458.47,57652.805,1.2279,20.220411486323897,19.727951391674026,20.36814951471886,19.59006256517205
920174.BJ,20240103,20.62,21.76,20.4,21.04,20.53,0.51,2.4842,29454.57,62108.769,1.2279,20.72272078286677,20.30905430336088,21.43186331916259,20.092371861714927
920174.BJ,20240104,21.12,23.06,20.92,22.75,21.04,1.71,8.1274,54141.98,118700.396,1.2279,22.406934306569344,20.801514398010752,22.712259565252268,20.6045303601508
920174.BJ,20240105,22.99,23.9,21.48,22.34,22.75,-0.41,-1.8022,51753.34,115971.465,1.2279,22.00311702895645,22.64331515200128,23.53959252426405,21.156085666158663
920174.BJ,20240108,22.1,22.6,21.22,21.22,22.34,-1.12,-5.0134,29373.65,64921.796,1.2279,20.900006416940723,21.766736183524507,22.259196278174382,20.900006416940723
920174.BJ,20240109,21.08,21.08,19.39,19.95,21.22,-1.27,-5.9849,45187.37,90967.388,1.2279,19.64915777653004,20.76211759043876,20.76211759043876,19.09760247052218
920174.BJ,20240110,19.92,20.46,19.39,20.42,19.95,0.47,2.3559,26090.96,52202.308,1.2279,20.112070265500925,19.619610170851047,20.151467073072915,19.09760247052218
920174.BJ,20240111,20.22,20.66,19.72,20.41,20.42,-0.01,-0.049,19544.14,39559.757,1.2279,20.102221063607928,19.915086227640973,20.348451110932864,19.4226261329911
920174.BJ,20240112,20.21,21.2,18.0,18.9,20.41,-1.51,-7.3983,34789.09,70466.311,1.2279,18.614991577765306,19.905237025747976,20.88030801315473,17.728563407395526
920174.BJ,20240115,18.76,19.07,17.81,17.82,18.9,-1.08,-5.7143,24321.25,44577.377,1.2279,17.55127777332157,18.47710275126333,18.782428009946265,17.541428571428572
920174.BJ,20240116,18.05,19.15,17.06,19.09,17.82,1.27,7.1268,32299.31,58420.254,1.2279,18.802126413732253,17.777809416860514,18.86122162509024,16.802738429453758
920174.BJ,20240117,18.85,20.08,18.75,19.15,19.09,0.06,0.3143,30772.62,59908.134,1.2279,18.86122162509024,18.565745568300315,19.77719740113901,18.46725354937034
920174.BJ,20240118,18.83,20.59,18.78,20.59,19.15,1.44,7.5196,28575.79,56151.202,1.2279,20.27950669768188,18.54604716451432,20.27950669768188,18.496801155049333
920174.BJ,20240119,20.95,22.46,20.59,22.45,20.59,1.86,9.0335,43306.79,93578.943,1.2279,22.111458249779417,20.6340779658298,22.12130745167242,20.27950669768188
920174.BJ,20240122,24.2,24.5,22.38,22.5,22.45,0.05,0.2227,65502.78,153993.338,1.2279,22.160704259244405,23.835068581053985,24.130544637843908,22.042513836528435
920174.BJ,20240123,22.5,23.56,21.5,23.45,22.5,0.95,4.2222,40112.66,90588.168,1.2279,23.09637843907917,22.160704259244405,23.204719659902143,21.17578406994465
920174.BJ,20240124,23.48,23.8,22.17,22.84,23.45,-0.61,-2.6013,25958.74,59640.966,1.2279,22.49557712360632,23.125926044758163,23.441100505334084,21.83568059677549
920174.BJ,20240125,23.55,25.73,23.0,24.59,22.84,1.75,7.662,58861.5,143071.678,1.2279,24.21918745488089,23.19487045800915,25.3419964706826,22.653164353894283
920174.BJ,20240126,24.19,25.38,23.52,23.83,24.59,-0.76,-3.0907,37246.87,90570.389,1.2279,23.47064811101308,23.825219379160988,24.99727440442769,23.16532285233016
920174.BJ,20240129,23.6,23.78,21.65,21.74,23.83,-2.09,-8.7705,31582.82,71082.058,1.2279,21.4121649153766,23.244116467474136,23.42140210154809,21.323522098339616
920174.BJ,20240130,21.26,22.12,20.5,20.95,21.74,-0.79,-3.6339,19963.9,42552.05,1.2279,20.6340779658298,20.93940322451272,21.786434587310502,20.1908638806449
920174.BJ,20240131,21.3,22.1,21.03,21.56,20.95,0.61,2.9117,20779.06,45158.796,1.2279,21.23487928130264,20.978800032084703,21.766736183524507,20.71287158097377
920174.BJ,20240201,21.45,22.0,20.52,20.62,21.56,-0.94,-4.3599,18134.09,38826.255,1.2279,20.30905430336088,21.126538060479668,21.66824416459453,20.210562284430896
920174.BJ,20240202,20.58,20.85,18.84,19.82,20.62,-0.8,-3.8797,25559.16,50275.445,1.2279,19.52111815192108,20.269657495788884,20.53558594689982,18.55589636640732
920174.BJ,20240205,19.6,21.0,18.68,20.42,19.82,0.6,3.0272,25223.72,50182.674,1.2279,20.112070265500925,19.30443571027513,20.68332397529478,18.398309136119355
920174.BJ,20240206,20.1,22.86,19.9,22.72,20.42,2.3,11.2635,30170.33,65593.951,1.2279,22.37738670089035,19.796895804925004,22.51527552739232,19.59991176706505
920174.BJ,20240207,22.9,23.96,21.68,21.92,22.72,-0.8,-3.5211,31054.27,70443.223,1.2279,21.58945054945055,22.554672334964305,23.598687735622047,21.35306970401861
920174.BJ,20240208,22.4,22.45,21.03,21.96,21.92,0.04,0.1825,20265.8,44438.498,1.2279,21.628847357022543,22.06221224031443,22.111458249779417,20.71287158097377
920174.BJ,20240219,21.96,21.99,20.75,21.36,21.96,-0.6,-2.7322,30380.44,64129.376,1.2279,21.03789524344269,21.628847357022543,21.65839496270153,20.43709392796984
920174.BJ,20240220,21.25,21.7,20.8,21.58,21.36,0.22,1.03,19508.76,41544.782,1.2279,21.25457768508864,20.929554022619715,21.372768107804603,20.48633993743483
920174.BJ,20240221,21.52,21.93,21.15,21.2,21.58,-0.38,-1.7609,19709.52,42239.857,1.2279,20.88030801315473,21.19548247373065,21.599299751343548,20.83106200368974
920174.BJ,20240222,21.01,21.5,20.5,20.75,21.2,-0.45,-2.1226,17080.81,35601.255,1.2279,20.43709392796984,20.693173177187777,21.17578406994465,20.1908638806449
920174.BJ,20240223,20.7,20.7,19.9,20.13,20.75,-0.62,-2.988,19003.87,38496.13,1.2279,19.826443410604,20.387847918504853,20.387847918504853,19.59991176706505
920174.BJ,20240226,20.41,21.65,20.41,21.36,20.13,1.23,6.1103,26155.27,55133.864,1.2279,21.03789524344269,20.102221063607928,21.323522098339616,20.102221063607928
920174.BJ,20240227,21.53,22.19,21.2,22.14,21.36,0.78,3.6517,27457.78,60050.74,1.2279,21.806132991096497,21.20533167562365,21.855379000561484,20.88030801315473
920174.BJ,20240228,22.29,22.44,20.7,20.86,22.14,-1.28,-5.7814,23532.95,50932.942,1.2279,20.54543514879281,21.95387101949146,22.101609047886424,20.387847918504853
920174.BJ,20240229,20.81,21.4,20.81,21.28,20.86,0.42,2.0134,14726.15,31158.356,1.2279,20.95910162829871,20.496189139327825,21.07729205101468,20.496189139327825
920174.BJ,20240301,21.94,21.98,21.4,21.53,21.28,0.25,1.1748,16411.47,35539.573,1.2279,21.20533167562365,21.60914895323655,21.64854576080854,21.07729205101468
920174.BJ,20240304,21.53,22.98,21.5,22.36,21.53,0.83,3.8551,24757.83,55563.665,1.2279,22.02281543274244,21.20533167562365,22.633465950108288,21.17578406994465
920174.BJ,20240305,22.28,22.28,21.1,21.3,22.36,-1.06,-4.7406,16433.5,35399.603,1.2279,20.978800032084703,21.94402181759846,21.94402181759846,20.78181599422476
920174.BJ,20240306,21.12,21.45,20.92,21.23,21.3,-0.07,-0.3286,9257.29,19662.055,1.2279,20.909855618833724,20.801514398010752,21.126538060479668,20.6045303601508
920174.BJ,20240307,21.23,21.94,21.14,21.2,21.23,-0.03,-0.1413,8970.66,19285.007,1.2279,20.88030801315473,20.909855618833724,21.60914895323655,20.821212801796747
920174.BJ,20240308,21.47,21.47,20.91,21.21,21.2,0.01,0.0472,7205.66,15250.569,1.2279,20.89015721504773,21.146236464265662,21.146236464265662,20.594681158257803
920174.BJ,20240311,21.38,21.38,20.7,21.37,21.21,0.16,0.7544,9599.66,20256.975,1.2279,21.047744445335688,21.05759364722869,21.05759364722869,20.387847918504853
920174.BJ,20240312,21.37,21.38,20.82,20.9,21.37,-0.47,-2.1993,6926.1,14552.639,1.2279,20.584831956364805,21.047744445335688,21.05759364722869,20.506038341220822
920174.BJ,20240313,20.93,20.99,19.92,20.02,20.9,-0.88,-4.2105,11140.39,22685.688,1.2279,19.71810218978102,20.6143795620438,20.673474773401782,19.619610170851047
920174.BJ,20240314,20.19,20.19,19.11,19.3,20.02,-0.72,-3.5964,10664.33,20847.803,1.2279,19.008959653485203,19.88553862196198,19.88553862196198,18.821824817518248
920174.BJ,20240315,19.3,20.56,19.03,20.12,19.3,0.82,4.2487,15550.9,31077.66,1.2279,19.816594208711,19.008959653485203,20.24995909200289,18.74303120237427
920174.BJ,20240318,20.0,20.35,19.72,20.27,20.12,0.15,0.7455,8560.77,17209.853,1.2279,19.96433223710596,19.698403785995023,20.043125852249943,19.4226261329911
920174.BJ,20240319,20.26,20.28,19.83,19.88,20.27,-0.39,-1.924,4122.02,8260.188,1.2279,19.580213363279057,19.954483035212963,19.97418143899896,19.53096735381407
920174.BJ,20240320,19.95,20.01,19.43,19.8,19.88,-0.08,-0.4024,7291.38,14314.816,1.2279,19.50141974813508,19.64915777653004,19.708252987888027,19.13699927809417
920174.BJ,20240321,19.79,20.38,19.38,19.53,19.8,-0.27,-1.3636,6498.82,12778.166,1.2279,19.235491297024147,19.49157054624208,20.07267345792893,19.087753268629186
920174.BJ,20240322,19.7,19.9,19.42,19.56,19.53,0.03,0.1536,7517.56,14744.4,1.2279,19.265038902703136,19.4029277292051,19.59991176706505,19.12715007620117
920174.BJ,20240325,19.56,19.57,18.8,18.9,19.56,-0.66,-3.3742,6193.65,11844.578,1.2279,18.614991577765306,19.265038902703136,19.274888104596137,18.516499558835328
920174.BJ,20240326,18.79,19.14,18.36,18.99,18.9,0.09,0.4762,8256.7,15464.739,1.2279,18.70363439480228,18.506650356942327,18.851372423197244,18.08313467554344
920174.BJ,20240327,19.02,19.84,18.89,19.0,18.99,0.01,0.0527,9158.62,17726.271,1.2279,18.71348359669528,18.73318200048127,19.540816555707067,18.605142375872305
920174.BJ,20240328,18.99,19.77,18.61,19.42,19.0,0.42,2.2105,10812.34,20725.453,1.2279,19.12715007620117,18.70363439480228,19.471872142456085,18.329364722868373
920174.BJ,20240329,19.4,19.77,19.3,19.56,19.42,0.14,0.7209,5124.97,10026.828,1.2279,19.265038902703136,19.107451672415177,19.471872142456085,19.008959653485203
920174.BJ,20240401,19.68,19.68,19.23,19.24,19.56,-0.32,-1.636,5978.29,11572.537,1.2279,18.94986444212721,19.383229325419105,19.383229325419105,18.94001524023422
920174.BJ,20240402,19.34,19.7,19.11,19.25,19.24,0.01,0.052,5509.26,10679.521,1.2279,18.959713644020216,19.048356461057192,19.4029277292051,18.821824817518248
920174.BJ,20240403,19.21,19.32,18.96,19.23,19.25,-0.02,-0.1039,3771.33,7194.878,1.2279,18.94001524023422,18.920316836448222,19.0286580572712,18.674086789123287
920174.BJ,20240408,19.16,19.26,18.68,18.69,19.23,-0.54,-2.8081,5958.77,11281.55,1.2279,18.40815833801236,18.87107082698324,18.969562845913213,18.398309136119355
920174.BJ,20240409,18.63,18.97,18.63,18.81,18.69,0.12,0.6421,3047.05,5720.199,1.2279,18.52634876072832,18.349063126654368,18.683935991016284,18.349063126654368
920174.BJ,20240410,18.79,19.44,18.63,19.04,18.81,0.23,1.2228,7232.01,13886.859,1.2279,18.752880404267263,18.506650356942327,19.146848479987167,18.349063126654368
920174.BJ,20240411,19.0,19.9,18.64,19.63,19.04,0.59,3.0987,12526.68,24419.996,1.2279,19.33398331595412,18.71348359669528,19.59991176706505,18.358912328547365
920174.BJ,20240412,19.81,20.37,19.23,19.35,19.63,-0.28,-1.4264,9250.91,18177.012,1.2279,19.05820566295019,19.511268950028075,20.06282425603593,18.94001524023422
920174.BJ,20240415,19.31,19.75,18.92,19.36,19.35,0.01,0.0517,7821.42,15200.699,1.2279,19.068054864843187,19.0188088553782,19.45217373867009,18.634689981551297
920174.BJ,20240416,19.24,19.35,18.41,18.6,19.36,-0.76,-3.9256,5902.04,11090.408,1.2279,18.319515520975376,18.94986444212721,19.05820566295019,18.132380685008425
920174.BJ,20240417,18.58,19.34,18.58,19.1,18.6,0.5,2.6882,8232.81,15694.089,1.2279,18.81197561562525,18.29981711718938,19.048356461057192,18.29981711718938
920174.BJ,20240418,19.13,19.5,18.92,19.15,19.1,0.05,0.2618,6869.22,13265.087,1.2279,18.86122162509024,18.841523221304243,19.20594369134515,18.634689981551297
920174.BJ,20240419,19.13,19.39,18.8,19.1,19.15,-0.05,-0.2611,6304.68,12009.605,1.2279,18.81197561562525,18.841523221304243,19.09760247052218,18.516499558835328
920174.BJ,20240422,19.15,19.63,19.15,19.51,19.1,0.41,2.1466,8556.88,16601.596,1.2279,19.21579289323815,18.86122162509024,19.33398331595412,18.86122162509024
920174.BJ,20240423,19.23,19.23,18.37,18.4,19.51,-1.11,-5.6894,16087.62,29987.41,1.2279,18.122531483115424,18.94001524023422,18.94001524023422,18.092983877436435
920174.BJ,20240424,18.42,18.68,18.42,18.55,18.4,0.15,0.8152,11262.87,20915.104,1.2279,18.27026951151039,18.142229886901426,18.398309136119355,18.142229886901426
920174.BJ,20240425,18.59,19.05,18.52,19.0,18.55,0.45,2.4259,7822.4,14789.742,1.2279,18.71348359669528,18.30966631908238,18.762729606160264,18.2407219058314
920174.BJ,20240426,18.89,19.04,18.47,18.53,19.0,-0.47,-2.4737,8790.93,16459.236,1.2279,18.2505711077244,18.605142375872305,18.752880404267263,18.19147589636641
920174.BJ,20240429,18.49,19.19,18.49,19.06,18.53,0.53,2.8602,17344.15,32907.056,1.2279,18.77257880805326,18.211174300152404,18.90061843266223,18.211174300152404
920174.BJ,20240430,18.93,19.13,18.86,18.98,19.06,-0.08,-0.4197,3786.55,7191.41,1.2279,18.69378519290928,18.64453918344429,18.841523221304243,18.57559477019331
920174.BJ,20240506,19.22,19.22,18.85,18.9,18.98,-0.08,-0.4215,5847.16,11077.722,1.2279,18.614991577765306,18.93016603834122,18.93016603834122,18.565745568300315
920174.BJ,20240507,19.0,19.14,18.86,19.06,18.9,0.16,0.8466,6709.25,12750.331,1.2279,18.77257880805326,18.71348359669528,18.851372423197244,18.57559477019331
920174.BJ,20240508,19.17,19.19,18.95,19.04,19.06,-0.02,-0.1049,7151.68,13646.446,1.2279,18.752880404267263,18.88092002887624,18.90061843266223,18.66423758723029
920174.BJ,20240509,19.14,19.18,18.95,19.06,19.04,0.02,0.105,7410.56,14108.455,1.2279,18.77257880805326,18.851372423197244,18.89076923076923,18.66423758723029
920174.BJ,20240510,19.12,19.12,19.01,19.03,19.06,-0.03,-0.1574,2512.8,4784.856,1.2279,18.74303120237427,18.83167401941125,18.83167401941125,18.72333279858828
920174.BJ,20240513,19.02,19.15,18.6,18.68,19.03,-0.35,-1.8392,4866.14,9161.909,1.2279,18.398309136119355,18.73318200048127,18.86122162509024,18.319515520975376
920174.BJ,20240514,18.89,18.89,18.6,18.6,18.68,-0.08,-0.4283,2401.83,4480.577,1.2279,18.319515520975376,18.605142375872305,18.605142375872305,18.319515520975376
920174.BJ,20240515,18.6,18.75,18.57,18.59,18.6,-0.01,-0.0538,2056.12,3836.19,1.2279,18.30966631908238,18.319515520975376,18.46725354937034,18.289967915296383
920174.BJ,20240516,18.72,18.72,18.11,18.11,18.59,-0.48,-2.582,3908.34,7183.545,1.2279,17.836904628218495,18.437705943691345,18.437705943691345,17.836904628218495
920174.BJ,20240517,18.27,18.6,17.21,18.42,18.11,0.31,1.7118,14436.03,25717.923,1.2279,18.142229886901426,17.994491858506457,18.319515520975376,16.950476457848723
920174.BJ,20240520,18.55,19.44,18.27,19.26,18.42,0.84,4.5603,19021.94,36184.792,1.2279,18.969562845913213,18.27026951151039,19.146848479987167,17.994491858506457
920174.BJ,20240521,19.33,20.05,19.33,19.97,19.26,0.71,3.6864,21454.53,42500.304,1.2279,19.66885618031604,19.038507259164195,19.747649795460017,19.038507259164195
920174.BJ,20240522,20.3,21.5,20.2,20.56,19.97,0.59,2.9544,25678.46,53704.336,1.2279,20.24995909200289,19.99387984278496,21.17578406994465,19.89538782385498
920174.BJ,20240523,20.72,21.58,20.1,21.17,20.56,0.61,2.9669,33055.22,69184.883,1.2279,20.85076040747574,20.407546322290848,21.25457768508864,19.796895804925004
920174.BJ,20240524,20.98,21.72,20.41,21.15,21.17,-0.02,-0.0945,12937.11,27263.331,1.2279,20.83106200368974,20.663625571508785,21.3924665115906,20.102221063607928
920174.BJ,20240527,21.12,21.5,20.8,21.23,21.15,0.08,0.3783,10953.39,23204.686,1.2279,20.909855618833724,20.801514398010752,21.17578406994465,20.48633993743483
920174.BJ,20240528,21.4,21.48,20.71,20.71,21.23,-0.52,-2.4494,14529.75,30616.064,1.2279,20.39769712039785,21.07729205101468,21.156085666158663,20.39769712039785
920174.BJ,20240529,20.7,20.7,19.9,20.1,20.71,-0.61,-2.9454,13843.88,27939.037,1.2279,19.796895804925004,20.387847918504853,20.387847918504853,19.59991176706505
920174.BJ,20240530,20.08,20.53,19.86,19.95,20.1,-0.15,-0.7463,9518.66,19226.202,1.2279,19.64915777653004,19.77719740113901,20.220411486323897,19.560514959493062
920174.BJ,20240531,20.1,20.19,19.6,19.71,19.95,-0.24,-1.203,5528.97,10966.19,1.2279,19.4127769310981,19.796895804925004,19.88553862196198,19.30443571027513
920174.BJ,20240603,19.73,19.88,19.16,19.19,19.71,-0.52,-2.6383,5406.24,10530.229,1.2279,18.90061843266223,19.432475334884096,19.580213363279057,18.87107082698324
920174.BJ,20240604,19.28,19.71,19.19,19.35,19.19,0.16,0.8338,7412.57,14448.777,1.2279,19.05820566295019,18.989261249699208,19.4127769310981,18.90061843266223
920174.BJ,20240605,19.26,19.49,19.02,19.15,19.35,-0.2,-1.0336,3946.76,7563.667,1.2279,18.86122162509024,18.969562845913213,19.19609448945216,18.73318200048127
920174.BJ,20240606,19.32,19.32,18.6,18.83,19.15,-0.32,-1.671,5503.91,10434.147,1.2279,18.54604716451432,19.0286580572712,19.0286580572712,18.319515520975376
920174.BJ,20240607,18.86,19.07,18.66,18.7,18.83,-0.13,-0.6904,2080.58,3913.94,1.2279,18.41800753990535,18.57559477019331,18.782428009946265,18.378610732333364
920174.BJ,20240611,18.83,19.39,18.72,19.29,18.7,0.59,3.1551,5629.27,10754.342,1.2279,18.9991104515922,18.54604716451432,19.09760247052218,18.437705943691345
920174.BJ,20240612,19.1,19.31,19.06,19.19,19.29,-0.1,-0.5184,2302.96,4419.419,1.2279,18.90061843266223,18.81197561562525,19.0188088553782,18.77257880805326
920174.BJ,20240613,19.16,19.16,18.8,18.85,18.9,-0.05,-0.2646,1704.79,3215.668,1.2467,18.85,19.16,19.16,18.8
920174.BJ,20240614,18.8,18.98,18.43,18.5,18.85,-0.35,-1.8568,3139.98,5854.509,1.2467,18.5,18.8,18.98,18.43
920174.BJ,20240617,18.7,18.86,18.25,18.3,18.5,-0.2,-1.0811,3582.93,6622.631,1.2467,18.3,18.7,18.86,18.25
920174.BJ,20240618,18.32,18.4,18.03,18.09,18.3,-0.21,-1.1475,3421.09,6206.773,1.2467,18.09,18.32,18.4,18.03
920174.BJ,20240619,18.1,18.73,17.98,18.2,18.09,0.11,0.6081,4699.27,8592.446,1.2467,18.2,18.1,18.73,17.98
920174.BJ,20240620,18.18,18.33,17.86,18.06,18.2,-0.14,-0.7692,3967.68,7140.811,1.2467,18.06,18.18,18.33,17.86
920174.BJ,20240621,18.29,18.58,18.06,18.16,18.06,0.1,0.5537,3833.14,7003.387,1.2467,18.16,18.29,18.58,18.06
920174.BJ,20240624,18.16,18.16,17.08,17.2,18.16,-0.96,-5.2863,3696.38,6469.209,1.2467,17.2,18.16,18.16,17.08
920174.BJ,20240625,17.22,17.54,17.06,17.14,17.2,-0.06,-0.3488,4143.35,7181.335,1.2467,17.14,17.22,17.54,17.06
920174.BJ,20240626,17.15,17.39,17.13,17.35,17.14,0.21,1.2252,2744.4,4743.455,1.2467,17.35,17.15,17.39,17.13
920174.BJ,20240627,17.44,17.44,17.18,17.26,17.35,-0.09,-0.5187,1882.41,3250.286,1.2467,17.26,17.44,17.44,17.18
920174.BJ,20240628,17.35,17.36,17.16,17.27,17.26,0.01,0.0579,1537.03,2652.05,1.2467,17.27,17.35,17.36,17.16
920174.BJ,20240701,17.27,17.36,16.81,16.99,17.27,-0.28,-1.6213,5474.39,9287.011,1.2467,16.99,17.27,17.36,16.81
920174.BJ,20240702,16.92,17.07,16.82,16.93,16.99,-0.06,-0.3531,2665.07,4513.674,1.2467,16.93,16.92,17.07,16.82
920174.BJ,20240703,17.05,17.06,16.76,16.85,16.93,-0.08,-0.4725,2754.05,4649.296,1.2467,16.85,17.05,17.06,16.76
920174.BJ,20240704,16.86,17.04,16.5,16.53,16.85,-0.32,-1.8991,3294.98,5519.755,1.2467,16.53,16.86,17.04,16.5
920174.BJ,20240705,16.55,16.55,15.89,16.09,16.53,-0.44,-2.6618,4901.61,7901.119,1.2467,16.09,16.55,16.55,15.89
920174.BJ,20240708,16.11,16.25,15.59,15.68,16.09,-0.41,-2.5482,3773.89,6007.9,1.2467,15.68,16.11,16.25,15.59
920174.BJ,20240709,15.59,16.1,15.2,15.83,15.68,0.15,0.9566,5192.67,8209.199,1.2467,15.83,15.59,16.1,15.2
920174.BJ,20240710,15.81,16.08,15.52,15.83,15.83,0.0,0.0,2013.65,3211.502,1.2467,15.83,15.81,16.08,15.52
920174.BJ,20240711,15.98,16.29,15.91,16.12,15.83,0.29,1.832,2838.18,4575.347,1.2467,16.12,15.980000000000002,16.29,15.909999999999998
920174.BJ,20240712,16.1,16.14,15.96,15.98,16.12,-0.14,-0.8685,1471.09,2357.972,1.2467,15.980000000000002,16.1,16.14,15.96
920174.BJ,20240715,15.98,16.11,15.73,15.84,15.98,-0.14,-0.8761,989.69,1575.593,1.2467,15.84,15.980000000000002,16.11,15.73
920174.BJ,20240716,15.75,16.18,15.5,16.17,15.84,0.33,2.0833,10332.55,16404.008,1.2467,16.17,15.75,16.18,15.500000000000002
920174.BJ,20240717,16.17,17.73,16.13,17.69,16.17,1.52,9.4001,19007.22,32647.2,1.2467,17.69,16.17,17.73,16.13
920174.BJ,20240718,17.7,17.79,16.5,16.66,17.69,-1.03,-5.8225,10452.91,17706.868,1.2467,16.66,17.7,17.79,16.5
920174.BJ,20240719,16.65,17.05,16.05,16.18,16.66,-0.48,-2.8812,9501.32,15618.963,1.2467,16.18,16.65,17.05,16.05
920174.BJ,20240722,16.19,16.19,15.43,15.6,16.18,-0.58,-3.5847,10407.4,16348.276,1.2467,15.6,16.19,16.19,15.43
920174.BJ,20240723,15.75,15.79,15.06,15.08,15.6,-0.52,-3.3333,6016.94,9258.269,1.2467,15.08,15.75,15.79,15.06
920174.BJ,20240724,15.25,15.25,14.56,14.56,15.08,-0.52,-3.4483,4534.53,6711.872,1.2467,14.56,15.25,15.25,14.56
920174.BJ,20240725,14.55,14.81,14.52,14.62,14.56,0.06,0.4121,2578.9,3786.667,1.2467,14.619999999999996,14.55,14.81,14.52
920174.BJ,20240726,14.76,14.88,14.63,14.82,14.62,0.2,1.368,3681.53,5438.395,1.2467,14.82,14.76,14.88,14.63
920174.BJ,20240729,14.9,15.29,14.82,15.27,14.82,0.45,3.0364,5570.5,8400.54,1.2467,15.27,14.9,15.29,14.82
920174.BJ,20240730,15.4,15.4,15.01,15.26,15.27,-0.01,-0.0655,4698.78,7142.489,1.2467,15.260000000000002,15.4,15.4,15.01
920174.BJ,20240731,15.15,15.58,15.15,15.46,15.26,0.2,1.3106,3876.22,5987.234,1.2467,15.46,15.150000000000002,15.580000000000002,15.150000000000002
920174.BJ,20240801,15.41,15.56,15.26,15.28,15.46,-0.18,-1.1643,4402.27,6800.975,1.2467,15.28,15.41,15.56,15.260000000000002
920174.BJ,20240802,15.19,15.47,14.88,14.91,15.28,-0.37,-2.4215,3292.55,4977.823,1.2467,14.910000000000002,15.19,15.470000000000002,14.88
920174.BJ,20240805,14.69,14.97,14.38,14.63,14.91,-0.28,-1.8779,3678.48,5389.808,1.2467,14.63,14.69,14.97,14.38
920174.BJ,20240806,14.68,14.8,14.54,14.66,14.63,0.03,0.2051,2908.01,4269.478,1.2467,14.66,14.68,14.8,14.539999999999996
920174.BJ,20240807,14.79,16.6,14.68,16.06,14.66,1.4,9.5498,29017.51,46083.546,1.2467,16.06,14.79,16.6,14.68
920174.BJ,20240808,15.6,15.75,14.98,15.0,16.06,-1.06,-6.6002,23695.05,36314.958,1.2467,15.0,15.6,15.75,14.98
920174.BJ,20240809,15.01,15.67,14.86,15.0,15.0,0.0,0.0,15780.65,23951.227,1.2467,15.0,15.01,15.67,14.86
920174.BJ,20240812,15.82,16.58,15.12,15.39,15.0,0.39,2.6,23804.91,37792.807,1.2467,15.390000000000002,15.820000000000002,16.58,15.12
920174.BJ,20240813,15.11,19.25,15.01,18.5,15.39,3.11,20.2079,86041.81,151211.238,1.2467,18.5,15.11,19.25,15.01
920174.BJ,20240814,19.2,19.98,17.21,17.78,18.5,-0.72,-3.8919,78744.96,147239.066,1.2467,17.78,19.2,19.98,17.21
920174.BJ,20240815,16.89,18.34,16.31,16.48,17.78,-1.3,-7.3116,58705.53,99683.105,1.2467,16.48,16.89,18.34,16.31
920174.BJ,20240816,16.2,16.6,15.86,16.19,16.48,-0.29,-1.7597,35648.23,57549.299,1.2467,16.19,16.2,16.6,15.859999999999998
920174.BJ,20240819,15.92,16.33,15.67,16.08,16.19,-0.11,-0.6794,19871.82,31739.474,1.2467,16.08,15.92,16.33,15.67
920174.BJ,20240820,16.26,16.86,16.13,16.16,16.08,0.08,0.4975,23372.69,38588.379,1.2467,16.16,16.26,16.86,16.13
920174.BJ,20240821,16.08,16.1,15.5,15.81,16.16,-0.35,-2.1658,15545.43,24552.877,1.2467,15.81,16.08,16.1,15.500000000000002
920174.BJ,20240822,15.66,15.87,15.25,15.32,15.81,-0.49,-3.0993,12733.43,19734.662,1.2467,15.32,15.660000000000002,15.87,15.25
920174.BJ,20240823,15.5,16.27,15.27,16.2,15.32,0.88,5.7441,13994.14,22017.024,1.2467,16.2,15.500000000000002,16.27,15.27
920174.BJ,20240826,16.3,16.76,16.08,16.33,16.2,0.13,0.8025,15541.34,25391.342,1.2467,16.33,16.3,16.76,16.08
920174.BJ,20240827,15.7,15.7,14.82,14.92,16.33,-1.41,-8.6344,25837.8,39366.966,1.2467,14.92,15.7,15.7,14.82
920174.BJ,20240828,14.9,15.48,14.7,15.12,14.92,0.2,1.3405,9450.92,14274.294,1.2467,15.12,14.9,15.48,14.699999999999998
920174.BJ,20240829,15.34,15.34,15.0,15.21,15.12,0.09,0.5952,5503.38,8348.764,1.2467,15.21,15.340000000000002,15.340000000000002,15.0
920174.BJ,20240830,15.22,15.71,15.15,15.48,15.21,0.27,1.7751,9125.42,14169.027,1.2467,15.48,15.22,15.710000000000004,15.150000000000002
920174.BJ,20240902,15.67,15.67,15.13,15.18,15.48,-0.3,-1.938,5421.81,8357.926,1.2467,15.18,15.67,15.67,15.13
920174.BJ,20240903,15.13,15.56,15.13,15.44,15.18,0.26,1.7128,4949.49,7603.254,1.2467,15.44,15.13,15.56,15.13
920174.BJ,20240904,15.43,15.86,15.13,15.78,15.44,0.34,2.2021,7364.55,11464.085,1.2467,15.779999999999998,15.43,15.859999999999998,15.13
920174.BJ,20240905,16.0,16.19,15.65,15.95,15.78,0.17,1.0773,8658.26,13804.864,1.2467,15.95,16.0,16.19,15.65
920174.BJ,20240906,16.08,16.64,15.94,16.23,15.95,0.28,1.7555,14333.78,23487.452,1.2467,16.23,16.08,16.64,15.939999999999998
920174.BJ,20240909,16.15,16.34,16.06,16.13,16.23,-0.1,-0.6161,5262.51,8531.169,1.2467,16.13,16.15,16.34,16.06
920174.BJ,20240910,16.34,16.58,16.16,16.58,16.13,0.45,2.7898,10053.67,16533.815,1.2467,16.58,16.34,16.58,16.16
920174.BJ,20240911,16.72,17.25,16.46,16.9,16.58,0.32,1.93,11152.85,18824.505,1.2467,16.9,16.72,17.25,16.46
920174.BJ,20240912,16.99,17.49,16.9,16.9,16.9,0.0,0.0,17943.01,30848.058,1.2467,16.9,16.99,17.49,16.9
920174.BJ,20240913,16.8,17.07,16.37,16.5,16.9,-0.4,-2.3669,15973.33,26778.387,1.2467,16.5,16.8,17.07,16.37
920174.BJ,20240918,16.45,16.69,16.09,16.32,16.5,-0.18,-1.0909,5265.49,8585.77,1.2467,16.32,16.45,16.69,16.09
920174.BJ,20240919,16.49,16.67,16.21,16.24,16.32,-0.08,-0.4902,6138.5,10076.969,1.2467,16.24,16.49,16.67,16.21
920174.BJ,20240920,16.3,16.39,15.81,15.89,16.24,-0.35,-2.1552,4765.27,7651.641,1.2467,15.89,16.3,16.39,15.81
920174.BJ,20240923,15.9,15.9,15.35,15.43,15.89,-0.46,-2.8949,5454.56,8495.88,1.2467,15.43,15.900000000000002,15.900000000000002,15.35
920174.BJ,20240924,15.49,15.95,15.35,15.86,15.43,0.43,2.7868,8298.05,13055.144,1.2467,15.859999999999998,15.49,15.95,15.35
920174.BJ,20240925,16.08,16.93,15.94,16.0,15.86,0.14,0.8827,10390.39,17007.831,1.2467,16.0,16.08,16.93,15.939999999999998
920174.BJ,20240926,15.91,16.57,15.82,16.52,16.0,0.52,3.25,9364.39,15254.246,1.2467,16.52,15.909999999999998,16.57,15.820000000000002
920174.BJ,20240927,17.0,18.56,16.72,18.1,16.52,1.58,9.5642,22202.31,39213.133,1.2467,18.1,17.0,18.56,16.72
920174.BJ,20240930,18.99,21.54,18.55,20.78,18.1,2.68,14.8066,40237.46,80814.234,1.2467,20.78,18.99,21.54,18.55
920174.BJ,20241008,25.71,26.37,21.21,24.49,20.78,3.71,17.8537,73529.8,174409.175,1.2467,24.49,25.71,26.37,21.21
920174.BJ,20241009,22.6,23.0,20.0,20.0,24.49,-4.49,-18.334,45568.04,98128.886,1.2467,20.0,22.6,23.0,20.0
920174.BJ,20241010,20.36,22.12,19.85,20.7,20.0,0.7,3.5,35704.73,75072.143,1.2467,20.7,20.36,22.12,19.85
920174.BJ,20241011,20.69,20.69,18.6,18.8,20.7,-1.9,-9.1787,22909.85,44276.239,1.2467,18.8,20.69,20.69,18.6
920174.BJ,20241014,18.98,22.47,18.45,21.35,18.8,2.55,13.5638,45356.66,93088.493,1.2467,21.35,18.98,22.47,18.45
920174.BJ,20241015,20.53,22.58,20.22,21.91,21.35,0.56,2.623,45709.61,98095.367,1.2467,21.91,20.53,22.58,20.22
920174.BJ,20241016,21.8,24.08,21.28,23.15,21.91,1.24,5.6595,46909.1,106944.932,1.2467,23.15,21.8,24.08,21.28
920174.BJ,20241017,22.6,24.8,22.39,22.94,23.15,-0.21,-0.9071,57966.04,135103.59,1.2467,22.94,22.6,24.8,22.39
920174.BJ,20241018,23.23,24.18,22.29,23.5,22.94,0.56,2.4412,51030.03,119182.44,1.2467,23.5,23.23,24.18,22.29
920174.BJ,20241021,24.0,25.58,23.79,25.06,23.5,1.56,6.6383,67735.96,166768.579,1.2467,25.06,24.0,25.58,23.79
920174.BJ,20241022,24.9,24.9,22.47,22.7,25.06,-2.36,-9.4174,54942.94,130299.157,1.2467,22.7,24.9,24.9,22.47
920174.BJ,20241023,22.71,24.02,22.7,22.85,22.7,0.15,0.6608,29504.68,68634.806,1.2467,22.85,22.71,24.02,22.7
920174.BJ,20241024,22.7,24.66,22.5,23.76,22.85,0.91,3.9825,34865.02,82290.508,1.2467,23.76,22.7,24.66,22.5
920174.BJ,20241025,24.17,25.99,23.72,23.91,23.76,0.15,0.6313,52227.37,129753.27,1.2467,23.91,24.17,25.989999999999995,23.72
920174.BJ,20241028,23.5,24.88,21.92,23.95,23.91,0.04,0.1673,52875.86,124277.93,1.2467,23.95,23.5,24.88,21.92
920174.BJ,20241029,23.4,26.37,23.01,25.93,23.95,1.98,8.2672,102046.05,254442.245,1.2467,25.93,23.4,26.37,23.01
920174.BJ,20241030,26.8,28.77,24.9,26.14,25.93,0.21,0.8099,87350.42,233737.362,1.2467,26.14,26.800000000000004,28.770000000000003,24.9
920174.BJ,20241031,25.55,26.53,24.13,24.6,26.14,-1.54,-5.8914,60422.67,152545.577,1.2467,24.6,25.55,26.53,24.13
920174.BJ,20241101,24.33,25.12,23.05,23.6,24.6,-1.0,-4.065,34266.91,82536.31,1.2467,23.6,24.33,25.12,23.05
920174.BJ,20241104,23.99,24.66,23.33,24.53,23.6,0.93,3.9407,29080.71,70764.396,1.2467,24.53,23.99,24.66,23.33
920174.BJ,20241105,24.64,26.08,24.3,25.75,24.53,1.22,4.9735,46100.85,117029.464,1.2467,25.75,24.64,26.08,24.3
920174.BJ,20241106,25.68,27.3,25.33,26.38,25.75,0.63,2.4466,57275.27,151686.656,1.2467,26.380000000000003,25.680000000000003,27.3,25.33
920174.BJ,20241107,26.28,33.99,25.83,32.04,26.38,5.66,21.4556,109463.63,330949.349,1.2467,32.04,26.28,33.99,25.829999999999995
920174.BJ,20241108,30.3,31.48,29.12,29.2,32.04,-2.84,-8.8639,75751.22,226798.511,1.2467,29.2,30.300000000000004,31.480000000000004,29.12
920174.BJ,20241111,28.31,29.63,26.83,28.29,29.2,-0.91,-3.1164,47900.56,134401.139,1.2467,28.290000000000003,28.31,29.630000000000003,26.83
920174.BJ,20241112,28.5,29.0,27.34,28.04,28.29,-0.25,-0.8837,29561.77,83080.586,1.2467,28.04,28.5,29.0,27.340000000000003
920174.BJ,20241113,28.19,28.98,27.01,28.94,28.04,0.9,3.2097,29529.08,83188.553,1.2467,28.94,28.19,28.98,27.01
920174.BJ,20241114,28.94,30.47,28.41,29.03,28.94,0.09,0.311,32760.23,96066.923,1.2467,29.030000000000005,28.94,30.47,28.41
920174.BJ,20241115,28.6,30.97,28.55,29.98,29.03,0.95,3.2725,44438.73,132446.115,1.2467,29.980000000000004,28.6,30.97,28.550000000000004
920174.BJ,20241118,30.58,31.2,27.48,27.81,29.98,-2.17,-7.2382,39690.17,115532.237,1.2467,27.81,30.58,31.2,27.48
920174.BJ,20241119,27.4,27.5,25.05,27.01,27.81,-0.8,-2.8767,39490.87,103848.237,1.2467,27.01,27.4,27.500000000000004,25.05
920174.BJ,20241120,27.58,28.35,27.0,27.78,27.01,0.77,2.8508,24740.84,68689.638,1.2467,27.78,27.579999999999995,28.35,27.0
920174.BJ,20241121,27.77,28.88,27.41,28.41,27.78,0.63,2.2678,29263.97,82553.97,1.2467,28.41,27.77,28.88,27.41
920174.BJ,20241122,28.45,29.99,27.26,27.68,28.41,-0.73,-2.5695,29132.09,83804.73,1.2467,27.68,28.450000000000003,29.99,27.26
920174.BJ,20241125,27.5,28.09,26.23,27.29,27.68,-0.39,-1.409,17162.8,46452.798,1.2467,27.29,27.500000000000004,28.09,26.23
920174.BJ,20241210,35.47,35.47,35.47,35.47,27.29,8.18,29.9743,5088.68,18049.547,1.2467,35.47,35.47,35.47,35.47
920174.BJ,20241211,46.11,46.11,39.11,42.0,35.47,6.53,18.4099,176797.98,768139.459,1.2467,42.0,46.11,46.11,39.11
920174.BJ,20241212,39.0,44.42,37.77,37.94,42.0,-4.06,-9.6667,109177.98,442109.312,1.2467,37.94,39.0,44.42,37.77
920174.BJ,20241213,36.68,40.5,36.01,37.2,37.94,-0.74,-1.9504,78460.08,297726.793,1.2467,37.2,36.68,40.5,36.01
920174.BJ,20241216,36.81,37.25,34.0,34.62,37.2,-2.58,-6.9355,72470.97,254277.042,1.2467,34.62,36.81,37.25,34.0
920174.BJ,20241217,34.64,37.47,34.01,34.75,34.62,0.13,0.3755,55468.23,197758.583,1.2467,34.75,34.64,37.47,34.01
920174.BJ,20241218,34.93,35.6,32.4,32.8,34.75,-1.95,-5.6115,53244.93,179728.601,1.2467,32.8,34.93,35.6,32.4
920174.BJ,20241219,32.0,33.49,30.7,32.55,32.8,-0.25,-0.7622,46362.86,148458.976,1.2467,32.55,32.0,33.49,30.7
920174.BJ,20241220,32.48,33.33,31.61,31.63,32.55,-0.92,-2.8264,39562.74,128740.03,1.2467,31.629999999999995,32.48,33.33,31.61
920174.BJ,20241223,31.95,35.7,31.63,33.92,31.63,2.29,7.24,69463.22,234883.515,1.2467,33.92,31.950000000000003,35.7,31.629999999999995
920174.BJ,20241224,33.9,37.5,33.8,36.59,33.92,2.67,7.8715,74794.69,266724.182,1.2467,36.59,33.9,37.5,33.8
920174.BJ,20241225,37.3,37.3,32.87,33.26,36.59,-3.33,-9.1008,62132.5,214064.58,1.2467,33.26,37.3,37.3,32.87
920174.BJ,20241226,32.96,33.96,32.51,32.59,33.26,-0.67,-2.0144,39682.47,130848.875,1.2467,32.59,32.96,33.96,32.51
920174.BJ,20241227,32.49,32.49,31.16,31.34,32.59,-1.25,-3.8355,40692.04,128327.755,1.2467,31.34,32.49,32.49,31.160000000000004
920174.BJ,20241230,31.3,31.36,28.88,29.02,31.34,-2.32,-7.4027,40179.73,118905.678,1.2467,29.02,31.3,31.36,28.88
920174.BJ,20241231,29.1,30.37,28.5,28.89,29.02,-0.13,-0.448,27722.82,81478.261,1.2467,28.89,29.1,30.37,28.5
920174.BJ,20250102,28.59,29.18,27.89,28.12,28.89,-0.77,-2.6653,24440.43,69448.1,1.2467,28.12,28.59,29.18,27.89
920174.BJ,20250103,28.36,28.83,27.83,28.54,28.12,0.42,1.4936,22773.13,64551.842,1.2467,28.54,28.36,28.83,27.83
920174.BJ,20250106,28.08,28.57,27.68,28.33,28.54,-0.21,-0.7358,15703.61,44322.47,1.2467,28.33,28.08,28.57,27.68
920174.BJ,20250107,28.4,29.34,28.32,29.33,28.33,1.0,3.5298,24955.84,72002.553,1.2467,29.329999999999995,28.4,29.34,28.32
920174.BJ,20250108,29.3,29.3,28.13,28.95,29.33,-0.38,-1.2956,21695.91,62422.965,1.2467,28.95,29.3,29.3,28.130000000000003
920174.BJ,20250109,28.81,29.7,28.67,29.14,28.95,0.19,0.6563,22455.6,65584.385,1.2467,29.14,28.81,29.7,28.67
920174.BJ,20250110,29.0,29.4,28.2,28.25,29.14,-0.89,-3.0542,20724.71,59455.737,1.2467,28.25,29.0,29.399999999999995,28.2
920174.BJ,20250113,28.01,28.16,26.7,26.71,28.25,-1.54,-5.4513,17865.29,48444.578,1.2467,26.71,28.010000000000005,28.16,26.700000000000003
920174.BJ,20250114,26.98,28.6,26.6,28.56,26.71,1.85,6.9262,27979.26,78319.196,1.2467,28.56,26.98,28.6,26.6
920174.BJ,20250115,28.55,30.96,28.2,29.14,28.56,0.58,2.0308,40971.4,121519.26,1.2467,29.14,28.550000000000004,30.96,28.2
920174.BJ,20250116,29.08,30.87,29.03,29.34,29.14,0.2,0.6863,30264.43,90299.051,1.2467,29.34,29.079999999999995,30.87,29.030000000000005
920174.BJ,20250117,29.03,29.34,28.5,28.57,29.34,-0.77,-2.6244,18440.0,53333.109,1.2467,28.57,29.030000000000005,29.34,28.5
920174.BJ,20250120,28.8,29.3,28.56,28.63,28.57,0.06,0.21,13100.39,37728.827,1.2467,28.63,28.8,29.3,28.56
920174.BJ,20250121,29.03,29.22,27.65,27.7,28.63,-0.93,-3.2483,17056.51,48038.584,1.2467,27.7,29.030000000000005,29.22,27.65
920174.BJ,20250122,27.76,27.77,26.3,26.39,27.7,-1.31,-4.7292,19498.43,52189.996,1.2467,26.39,27.760000000000005,27.77,26.3
920174.BJ,20250123,26.91,27.57,26.11,26.12,26.39,-0.27,-1.0231,17012.4,45664.062,1.2467,26.12,26.91,27.57,26.11
920174.BJ,20250124,26.24,26.54,25.55,26.26,26.12,0.14,0.536,13214.57,34504.948,1.2467,26.260000000000005,26.24,26.540000000000003,25.55
920174.BJ,20250127,26.64,26.78,26.0,26.02,26.26,-0.24,-0.9139,12888.46,33877.93,1.2467,26.02,26.640000000000004,26.78,26.000000000000004
920174.BJ,20250205,26.17,26.37,25.15,25.46,26.02,-0.56,-2.1522,14107.75,36045.728,1.2467,25.46,26.17,26.37,25.15
920174.BJ,20250206,25.32,26.58,25.0,26.47,25.46,1.01,3.967,22647.73,58493.612,1.2467,26.469999999999995,25.32,26.58,25.0
920174.BJ,20250207,26.58,27.94,26.31,27.19,26.47,0.72,2.7201,34390.98,93439.139,1.2467,27.19,26.58,27.94,26.309999999999995
920174.BJ,20250210,27.29,27.85,26.71,27.82,27.19,0.63,2.317,28305.83,77674.939,1.2467,27.82,27.29,27.850000000000005,26.71
920174.BJ,20250211,27.83,28.58,27.51,28.0,27.82,0.18,0.647,41328.12,116127.914,1.2467,28.0,27.83,28.58,27.51
920174.BJ,20250212,28.21,29.18,27.2,28.95,28.0,0.95,3.3929,42477.48,119552.425,1.2467,28.95,28.21,29.18,27.2
920174.BJ,20250213,29.68,30.88,28.17,28.3,28.95,-0.65,-2.2453,49093.73,146022.699,1.2467,28.3,29.68,30.88,28.170000000000005
920174.BJ,20250214,28.74,29.34,28.3,28.63,28.3,0.33,1.1661,32372.18,92927.104,1.2467,28.63,28.74,29.34,28.3
920174.BJ,20250217,28.1,28.6,27.68,28.32,28.63,-0.31,-1.0828,29892.07,84114.993,1.2467,28.32,28.1,28.6,27.68
920174.BJ,20250218,28.3,29.8,28.0,28.83,28.32,0.51,1.8008,44403.81,128686.934,1.2467,28.83,28.3,29.8,28.0
920174.BJ,20250219,28.79,29.49,28.37,29.44,28.83,0.61,2.1159,31942.17,93145.278,1.2467,29.44,28.79,29.489999999999995,28.37
920174.BJ,20250220,29.2,30.18,28.96,29.94,29.44,0.5,1.6984,41037.06,120778.634,1.2467,29.94,29.2,30.18,28.96
920174.BJ,20250221,29.86,29.88,29.04,29.45,29.94,-0.49,-1.6366,32942.88,96904.03,1.2467,29.45,29.86,29.880000000000003,29.04
920174.BJ,20250224,29.46,34.56,29.26,32.41,29.45,2.96,10.0509,91767.95,291366.004,1.2467,32.41,29.46,34.56,29.26
920174.BJ,20250225,31.6,31.94,30.8,31.3,32.41,-1.11,-3.4249,52138.64,163031.709,1.2467,31.3,31.6,31.94,30.8
920174.BJ,20250226,31.13,31.55,30.86,31.31,31.3,0.01,0.0319,32342.39,100976.088,1.2467,31.309999999999995,31.13,31.55,30.86
920174.BJ,20250227,30.72,32.66,30.72,31.9,31.31,0.59,1.8844,48466.96,153992.152,1.2467,31.9,30.72,32.66,30.72
920174.BJ,20250228,32.19,34.38,31.72,32.56,31.9,0.66,2.069,67173.12,222599.84,1.2467,32.56,32.19,34.38,31.719999999999995
920174.BJ,20250303,32.16,34.0,31.02,33.35,32.56,0.79,2.4263,49319.56,162242.501,1.2467,33.35,32.16,34.0,31.02
920174.BJ,20250304,33.34,33.34,32.0,33.15,33.35,-0.2,-0.5997,36077.51,117884.133,1.2467,33.15,33.34,33.34,32.0
920174.BJ,20250305,33.16,36.36,33.16,34.49,33.15,1.34,4.0422,67046.3,235710.178,1.2467,34.49,33.16,36.36,33.16
920174.BJ,20250306,33.8,34.44,33.1,33.8,34.49,-0.69,-2.0006,48423.21,163096.103,1.2467,33.8,33.8,34.44,33.1
920174.BJ,20250307,33.33,34.55,32.87,33.87,33.8,0.07,0.2071,34654.32,117015.265,1.2467,33.87,33.33,34.55,32.87
920174.BJ,20250310,34.35,34.99,33.75,34.57,33.87,0.7,2.0667,39492.95,135668.698,1.2467,34.57,34.35,34.99,33.75
920174.BJ,20250311,34.2,35.0,33.62,34.61,34.57,0.04,0.1157,36541.92,125529.671,1.2467,34.61,34.2,35.0,33.62
920174.BJ,20250312,34.79,35.39,34.01,34.08,34.61,-0.53,-1.5313,39501.49,137034.328,1.2467,34.08,34.79,35.39,34.01
920174.BJ,20250313,33.87,34.12,31.96,32.33,34.08,-1.75,-5.135,39621.77,129492.07,1.2467,32.33,33.87,34.12,31.960000000000004
920174.BJ,20250314,32.79,33.45,32.35,33.07,32.33,0.74,2.2889,29669.44,98033.125,1.2467,33.07,32.79,33.45,32.35
920174.BJ,20250317,33.45,34.5,33.1,34.21,33.07,1.14,3.4472,36224.24,122730.579,1.2467,34.21,33.45,34.5,33.1
920174.BJ,20250318,34.54,34.71,33.55,34.46,34.21,0.25,0.7308,32711.61,111588.292,1.2467,34.46,34.54,34.71,33.55
920174.BJ,20250319,33.96,34.18,32.0,32.53,34.46,-1.93,-5.6007,29449.63,98126.252,1.2467,32.53,33.96,34.18,32.0
920174.BJ,20250320,32.69,33.05,30.69,30.8,32.53,-1.73,-5.3182,31042.18,98506.627,1.2467,30.8,32.69,33.05,30.69
920174.BJ,20250321,30.62,31.1,29.23,29.53,30.8,-1.27,-4.1234,24392.41,73240.108,1.2467,29.53,30.620000000000005,31.100000000000005,29.23
920174.BJ,20250324,29.94,30.0,28.78,29.99,29.53,0.46,1.5577,17608.72,52031.121,1.2467,29.99,29.94,30.0,28.78
920174.BJ,20250325,30.08,30.67,29.9,30.55,29.99,0.56,1.8673,16506.19,50004.436,1.2467,30.55,30.08,30.67,29.9
920174.BJ,20250326,30.9,30.9,30.18,30.32,30.55,-0.23,-0.7529,13185.46,40261.91,1.2467,30.32,30.9,30.9,30.18
920174.BJ,20250327,30.32,30.46,29.36,30.27,30.32,-0.05,-0.1649,11565.99,34673.363,1.2467,30.27,30.32,30.460000000000004,29.36
920174.BJ,20250328,30.6,30.6,29.41,29.48,30.27,-0.79,-2.6098,8998.62,26897.913,1.2467,29.48,30.6,30.6,29.410000000000004
920174.BJ,20250331,29.47,29.47,28.04,28.2,29.48,-1.28,-4.3419,12668.81,36051.488,1.2467,28.2,29.47,29.47,28.04
920174.BJ,20250401,28.34,28.94,28.22,28.41,28.2,0.21,0.7447,7724.79,22086.409,1.2467,28.41,28.34,28.94,28.219999999999995
920174.BJ,20250402,28.32,28.77,28.23,28.67,28.41,0.26,0.9152,7086.01,20261.444,1.2467,28.67,28.32,28.770000000000003,28.230000000000004
920174.BJ,20250403,28.41,30.88,28.15,29.73,28.67,1.06,3.6972,23540.26,70631.069,1.2467,29.730000000000004,28.41,30.88,28.15
920174.BJ,20250407,28.37,28.49,25.03,25.5,29.73,-4.23,-14.2281,30089.35,80995.569,1.2467,25.5,28.37,28.49,25.03
920174.BJ,20250408,25.6,27.18,25.6,26.85,25.5,1.35,5.2941,22212.72,58837.615,1.2467,26.85,25.6,27.180000000000003,25.6
920174.BJ,20250409,26.22,30.55,26.22,30.53,26.85,3.68,13.7058,47980.97,137740.967,1.2467,30.53,26.22,30.55,26.22
920174.BJ,20250410,30.55,32.0,30.02,30.98,30.53,0.45,1.474,54534.98,170288.395,1.2467,30.98,30.55,32.0,30.02
920174.BJ,20250411,30.29,31.56,30.28,30.8,30.98,-0.18,-0.581,32828.32,102035.573,1.2467,30.8,30.29,31.559999999999995,30.28
920174.BJ,20250414,30.8,32.15,30.42,31.45,30.8,0.65,2.1104,36084.43,113082.849,1.2467,31.45,30.8,32.15,30.42
920174.BJ,20250415,31.59,31.6,30.66,30.92,31.45,-0.53,-1.6852,20349.66,62931.859,1.2467,30.92,31.59,31.6,30.66
920174.BJ,20250416,30.62,30.77,29.6,30.16,30.92,-0.76,-2.458,19774.72,59505.136,1.2467,30.16,30.620000000000005,30.77,29.6
920174.BJ,20250417,30.36,31.52,29.84,31.02,30.16,0.86,2.8515,22987.82,70715.221,1.2467,31.02,30.360000000000003,31.52,29.84
920174.BJ,20250418,31.17,32.66,30.7,32.3,31.02,1.28,4.1264,38749.79,123749.941,1.2467,32.3,31.17,32.66,30.7
920174.BJ,20250421,32.1,32.49,31.7,32.04,32.3,-0.26,-0.805,25818.92,82555.987,1.2467,32.04,32.1,32.49,31.700000000000003
920174.BJ,20250422,32.01,32.36,31.52,31.62,32.04,-0.42,-1.3109,19528.49,62283.057,1.2467,31.62,32.01,32.36,31.52
920174.BJ,20250423,31.96,34.58,31.39,32.6,31.62,0.98,3.0993,45957.8,151788.605,1.2467,32.6,31.960000000000004,34.58,31.39
920174.BJ,20250424,32.8,33.04,31.05,31.15,32.6,-1.45,-4.4479,29693.93,94992.311,1.2467,31.149999999999995,32.8,33.04,31.05
920174.BJ,20250425,31.22,31.47,30.5,31.21,31.15,0.06,0.1926,19073.6,59045.247,1.2467,31.21,31.22,31.469999999999995,30.5
920174.BJ,20250428,30.99,31.21,29.17,29.2,31.21,-2.01,-6.4402,16907.12,50741.774,1.2467,29.2,30.989999999999995,31.21,29.17
920174.BJ,20250429,30.99,32.51,30.41,31.96,29.2,2.76,9.4521,38342.7,120785.384,1.2467,31.960000000000004,30.989999999999995,32.51,30.41
920174.BJ,20250430,31.71,32.32,31.6,32.06,31.96,0.1,0.3129,24491.9,78371.945,1.2467,32.06,31.71,32.32,31.6
920174.BJ,20250506,35.03,37.7,34.8,34.8,32.06,2.74,8.5465,69815.5,250126.854,1.2467,34.8,35.03,37.7,34.8
920174.BJ,20250507,34.8,36.36,34.21,34.41,34.8,-0.39,-1.1207,47118.29,165525.074,1.2467,34.41,34.8,36.36,34.21
920174.BJ,20250508,34.03,34.5,33.35,33.74,34.41,-0.67,-1.9471,29928.62,101149.748,1.2467,33.74,34.03,34.5,33.35
920174.BJ,20250509,33.78,33.85,32.75,32.85,33.74,-0.89,-2.6378,22662.2,75136.206,1.2467,32.85,33.78,33.85,32.75
920174.BJ,20250512,33.17,35.05,32.82,34.6,32.85,1.75,5.3272,38364.66,130374.927,1.2467,34.6,33.17,35.05,32.82
920174.BJ,20250513,34.6,34.68,33.27,33.32,34.6,-1.28,-3.6994,26965.9,92045.003,1.2467,33.32,34.6,34.68,33.27
920174.BJ,20250514,33.4,33.57,32.62,33.28,33.32,-0.04,-0.12,16366.53,54143.942,1.2467,33.28,33.4,33.57,32.62
920174.BJ,20250515,33.02,33.66,32.72,33.57,33.28,0.29,0.8714,18327.15,60916.052,1.2467,33.57,33.02,33.66,32.72
920174.BJ,20250516,33.33,33.33,32.74,32.96,33.57,-0.61,-1.8171,17726.02,58489.362,1.2467,32.96,33.33,33.33,32.74
920174.BJ,20250519,40.0,42.84,36.85,42.84,32.96,9.88,29.9757,179132.8,733262.444,1.2467,42.84,40.0,42.84,36.85
920174.BJ,20250520,49.6,55.69,47.99,55.69,42.84,12.85,29.9953,192358.2,985373.22,1.2467,55.69,49.6,55.69,47.99
920174.BJ,20250521,59.0,61.86,48.01,49.0,55.69,-6.69,-12.0129,222988.04,1199386.79,1.2467,49.0,58.99999999999999,61.85999999999999,48.01
920174.BJ,20250522,48.68,50.0,43.5,44.51,49.0,-4.49,-9.1633,162292.38,749242.571,1.2467,44.51,48.68,50.0,43.5
920174.BJ,20250523,44.0,44.49,41.11,41.27,44.51,-3.24,-7.2793,121585.97,516611.762,1.2467,41.27,44.0,44.49,41.11
920174.BJ,20250526,42.54,42.9,40.87,41.93,41.27,0.66,1.5992,84275.96,352171.817,1.2467,41.93,42.54,42.9,40.87
920174.BJ,20250527,40.96,41.53,39.9,40.77,41.93,-1.16,-2.7665,82659.18,335079.25,1.2467,40.77,40.96,41.53,39.9
920174.BJ,20250528,40.52,41.36,39.23,39.84,40.77,-0.93,-2.2811,73851.59,296783.977,1.2467,39.84,40.52,41.36,39.23
920174.BJ,20250529,40.81,41.36,40.3,40.3,39.84,0.46,1.1546,70914.54,288572.499,1.2467,40.3,40.81,41.36,40.3
920174.BJ,20250530,39.5,42.8,39.4,41.74,40.3,1.44,3.5732,109571.65,451780.508,1.2467,41.74,39.5,42.8,39.4
920174.BJ,20250603,40.8,41.33,40.02,40.53,41.74,-1.21,-2.8989,68528.78,277802.099,1.2467,40.53,40.8,41.33,40.02
920174.BJ,20250604,40.45,40.98,40.03,40.38,40.53,-0.15,-0.3701,41659.76,168077.105,1.2467,40.38,40.45,40.98,40.03
920174.BJ,20250605,40.68,40.96,39.6,40.6,40.38,0.22,0.5448,59381.22,239076.83,1.2467,40.6,40.68,40.96,39.6
920174.BJ,20250606,40.52,43.51,40.18,42.46,40.6,1.86,4.5813,108188.82,456731.678,1.2467,42.46,40.52,43.51,40.18
920174.BJ,20250609,41.98,43.98,41.25,43.88,42.46,1.42,3.3443,80860.73,344234.92,1.2467,43.88,41.98,43.98,41.25
920174.BJ,20250610,43.5,44.15,41.61,42.6,43.88,-1.28,-2.917,66575.19,284180.385,1.2467,42.6,43.5,44.15,41.61
920174.BJ,20250611,42.15,42.99,42.15,42.26,42.6,-0.34,-0.7981,38914.29,165385.859,1.2467,42.26,42.15,42.99,42.15
920174.BJ,20250612,41.68,42.0,41.12,41.18,42.26,-1.08,-2.5556,48554.82,201110.946,1.2467,41.18,41.68,42.0,41.12
920174.BJ,20250613,41.11,41.53,39.35,39.86,41.18,-1.32,-3.2054,53995.64,216167.333,1.2467,39.86,41.11,41.53,39.35
920174.BJ,20250616,39.59,41.41,39.28,40.89,39.86,1.03,2.584,40468.2,164618.705,1.2467,40.89,39.59,41.41,39.28
920174.BJ,20250617,40.8,40.93,40.06,40.15,40.89,-0.74,-1.8097,27256.77,110113.114,1.2467,40.15,40.8,40.93,40.06
920174.BJ,20250618,40.0,40.15,38.11,38.26,40.15,-1.89,-4.7073,42508.33,164457.705,1.2467,38.26,40.0,40.15,38.11
920174.BJ,20250619,38.33,38.65,36.64,37.19,38.26,-1.07,-2.7967,28618.62,107518.402,1.2467,37.19,38.33,38.65,36.64
920174.BJ,20250620,37.5,38.69,36.81,37.95,37.19,0.76,2.0436,30977.99,117110.022,1.2467,37.95,37.5,38.69,36.81
920174.BJ,20250623,37.34,39.47,37.34,38.95,37.95,1.0,2.635,31526.91,122181.013,1.2467,38.95,37.34,39.47,37.34
920174.BJ,20250624,39.5,41.58,39.5,40.93,38.95,1.98,5.0834,60581.29,245971.451,1.2467,40.93,39.5,41.58,39.5
920174.BJ,20250625,40.93,41.5,40.62,41.2,40.93,0.27,0.6597,50038.9,205785.722,1.2467,41.2,40.93,41.5,40.62
920174.BJ,20250626,41.0,42.6,40.82,41.11,41.2,-0.09,-0.2184,52745.59,220219.134,1.2467,41.11,41.0,42.6,40.82
920174.BJ,20250627,41.0,42.5,40.9,41.46,41.11,0.35,0.8514,32557.73,135718.815,1.2467,41.46,41.0,42.5,40.9
920174.BJ,20250630,40.33,40.4,38.8,39.45,41.46,-2.01,-4.848,56385.48,221536.351,1.2467,39.45,40.33,40.4,38.8
920174.BJ,20250701,39.11,39.54,38.71,39.09,39.45,-0.36,-0.9125,31116.99,121289.915,1.2467,39.09,39.11,39.54,38.71
920174.BJ,20250702,38.82,39.39,38.82,39.34,39.09,0.25,0.6395,24899.47,97463.051,1.2467,39.34,38.82,39.39,38.82
920174.BJ,20250703,39.38,39.55,38.86,39.01,39.34,-0.33,-0.8388,20823.87,81358.585,1.2467,39.01,39.38,39.55,38.86
920174.BJ,20250704,38.93,39.41,38.52,38.95,39.01,-0.06,-0.1538,25066.16,97562.487,1.2467,38.95,38.93,39.41,38.52
920174.BJ,20250707,39.0,41.86,38.73,41.21,38.95,2.26,5.8023,67949.29,276120.942,1.2467,41.21,39.0,41.86,38.73
920174.BJ,20250708,41.45,41.55,40.39,41.15,41.21,-0.06,-0.1456,42721.61,175345.556,1.2467,41.15,41.45,41.55,40.39
920174.BJ,20250709,41.08,41.54,40.4,40.42,41.15,-0.73,-1.774,28705.6,117357.931,1.2467,40.42,41.08,41.54,40.4
920174.BJ,20250710,40.33,42.59,40.15,42.59,40.42,2.17,5.3686,56970.06,237589.064,1.2467,42.59,40.33,42.59,40.15
920174.BJ,20250711,43.35,43.38,41.67,42.16,42.59,-0.43,-1.0096,43627.38,184605.235,1.2467,42.16,43.35,43.38,41.67
920174.BJ,20250714,42.31,43.82,41.62,42.89,42.16,0.73,1.7315,44880.78,192350.181,1.2467,42.89,42.31,43.82,41.62
920174.BJ,20250715,42.32,43.5,41.69,42.15,42.89,-0.74,-1.7253,36239.08,153906.825,1.2467,42.15,42.32,43.5,41.69
920174.BJ,20250716,42.02,44.98,42.0,43.96,42.15,1.81,4.2942,84273.33,367793.802,1.2467,43.96,42.02,44.98,42.0
920174.BJ,20250717,43.28,52.99,43.22,47.79,43.96,3.83,8.7125,120980.82,580541.873,1.2467,47.79,43.28,52.99000000000001,43.22
920174.BJ,20250718,46.89,49.7,46.24,48.69,47.79,0.9,1.8832,69328.24,332742.063,1.2467,48.69,46.89,49.7,46.24
920174.BJ,20250721,63.29,63.29,63.29,63.29,48.69,14.6,29.9856,34681.91,219501.808,1.2467,63.28999999999999,63.28999999999999,63.28999999999999,63.28999999999999
920174.BJ,20250722,82.27,82.27,77.94,82.27,63.29,18.98,29.9889,174099.05,1418837.434,1.2467,82.27,82.27,82.27,77.94
920174.BJ,20250723,92.14,98.99,77.89,78.5,82.27,-3.77,-4.5825,290483.0,2642286.801,1.2467,78.5,92.14,98.99,77.89
920174.BJ,20250724,74.8,81.88,70.5,76.72,78.5,-1.78,-2.2675,173446.8,1324674.358,1.2467,76.72,74.8,81.88,70.5
920174.BJ,20250725,75.0,80.8,72.72,72.81,76.72,-3.91,-5.0965,139386.53,1067394.586,1.2467,72.81,75.0,80.8,72.72
920174.BJ,20250728,69.65,74.2,66.66,70.96,72.81,-1.85,-2.5409,137957.29,961716.846,1.2467,70.96,69.65,74.2,66.66
920174.BJ,20250729,70.1,78.0,68.17,76.33,70.96,5.37,7.5676,153018.84,1111994.891,1.2467,76.33,70.1,78.0,68.17
920174.BJ,20250730,73.09,75.5,69.6,69.68,76.33,-6.65,-8.7122,106588.32,774563.732,1.2467,69.68,73.09,75.5,69.6
920174.BJ,20250731,68.88,70.53,64.56,64.67,69.68,-5.01,-7.19,87544.84,583359.495,1.2467,64.67,68.88,70.53,64.56
920174.BJ,20250801,65.5,67.5,64.81,65.68,64.67,1.01,1.5618,63009.88,416612.221,1.2467,65.68,65.5,67.5,64.81
920174.BJ,20250804,65.44,67.45,63.09,63.13,65.68,-2.55,-3.8825,66889.06,433001.109,1.2467,63.13,65.44,67.45,63.09
920174.BJ,20250805,63.58,63.58,60.51,61.46,63.13,-1.67,-2.6453,60083.66,370004.921,1.2467,61.46,63.57999999999999,63.57999999999999,60.51
920174.BJ,20250806,61.47,61.98,58.7,59.41,61.46,-2.05,-3.3355,65892.78,394830.518,1.2467,59.41,61.47,61.97999999999999,58.70000000000001
920174.BJ,20250807,59.45,62.1,59.1,61.17,59.41,1.76,2.9625,65120.74,396025.325,1.2467,61.17,59.45,62.1,59.1
920174.BJ,20250808,60.53,70.27,60.23,67.46,61.17,6.29,10.2828,134161.3,884879.287,1.2467,67.46,60.53,70.27,60.22999999999999
920174.BJ,20250811,68.68,71.58,65.78,66.65,67.46,-0.81,-1.2007,89371.88,609397.857,1.2467,66.65,68.68,71.58,65.78
920174.BJ,20250812,65.97,65.97,63.6,63.65,66.65,-3.0,-4.5011,61119.49,393627.076,1.2467,63.65,65.97,65.97,63.60000000000001
920174.BJ,20250813,64.22,65.99,64.11,64.22,63.65,0.57,0.8955,51987.93,337184.469,1.2467,64.22,64.22,65.99,64.11
920174.BJ,20250814,63.01,64.81,61.4,61.44,64.22,-2.78,-4.3289,57719.24,364304.96,1.2467,61.44,63.01,64.81,61.4
920174.BJ,20250815,62.0,62.5,59.86,62.42,61.44,0.98,1.5951,54181.7,331198.77,1.2467,62.42,62.00000000000001,62.49999999999999,59.86
920174.BJ,20250818,62.42,65.62,62.05,64.95,62.42,2.53,4.0532,67638.1,430947.097,1.2467,64.95,62.42,65.62,62.05
920174.BJ,20250819,64.98,70.7,64.6,67.13,64.95,2.18,3.3564,90945.45,612511.186,1.2467,67.13,64.98,70.7,64.6
920174.BJ,20250820,68.13,68.66,66.03,66.5,67.13,-0.63,-0.9385,50355.06,336809.272,1.2467,66.5,68.13,68.66,66.03
920174.BJ,20250821,66.01,67.53,63.63,63.7,66.5,-2.8,-4.2105,62558.52,407999.201,1.2467,63.7,66.01,67.53,63.63000000000001
920174.BJ,20250822,63.39,63.89,61.68,62.58,63.7,-1.12,-1.7582,49760.79,310322.843,1.2467,62.58,63.39,63.89,61.68000000000001
920174.BJ,20250825,62.32,63.3,61.79,62.24,62.58,-0.34,-0.5433,43050.06,268543.406,1.2467,62.24,62.32000000000001,63.3,61.79
920174.BJ,20250826,62.02,62.58,61.11,61.28,62.24,-0.96,-1.5424,33397.36,205416.251,1.2467,61.28,62.02,62.58,61.11
920174.BJ,20250827,61.0,61.5,58.7,58.88,61.28,-2.4,-3.9164,46651.74,279575.257,1.2467,58.88,61.0,61.5,58.70000000000001
920174.BJ,20250828,59.45,59.5,57.03,58.45,58.88,-0.43,-0.7303,36289.55,211032.393,1.2467,58.45,59.45,59.49999999999999,57.03
920174.BJ,20250829,59.1,62.73,58.6,60.66,58.45,2.21,3.781,54264.68,332194.912,1.2467,60.66,59.1,62.73,58.6
920174.BJ,20250901,59.9,59.9,57.8,58.14,60.66,-2.52,-4.1543,38887.46,226346.875,1.2467,58.14,59.9,59.9,57.8
920174.BJ,20250902,58.23,58.56,56.31,56.98,58.14,-1.16,-1.9952,31838.45,181527.813,1.2467,56.98,58.23,58.56,56.31000000000001
920174.BJ,20250903,56.98,58.2,55.88,56.68,56.98,-0.3,-0.5265,25627.85,146192.324,1.2467,56.68,56.98,58.2,55.88
920174.BJ,20250904,56.8,57.7,55.99,56.51,56.68,-0.17,-0.2999,31195.6,177727.521,1.2467,56.51,56.8,57.7,55.99000000000001
920174.BJ,20250905,57.1,58.09,56.52,58.09,56.51,1.58,2.796,32509.96,186214.506,1.2467,58.09000000000001,57.10000000000001,58.09000000000001,56.52
920174.BJ,20250908,57.73,59.98,57.23,59.36,58.09,1.27,2.1863,35888.95,211264.679,1.2467,59.36,57.73,59.98,57.22999999999999
920174.BJ,20250909,59.43,59.45,56.83,56.83,59.36,-2.53,-4.2621,31689.67,182841.599,1.2467,56.83,59.43,59.45,56.83
920174.BJ,20250910,56.81,58.05,56.3,57.38,56.83,0.55,0.9678,21897.97,124934.579,1.2467,57.38,56.81,58.05,56.3
920174.BJ,20250911,56.99,58.37,56.8,57.64,57.38,0.26,0.4531,24943.95,143607.918,1.2467,57.64,56.99,58.37,56.8
920174.BJ,20250912,57.5,59.3,57.28,58.93,57.64,1.29,2.238,38751.48,226719.416,1.2467,58.93,57.5,59.29999999999999,57.28
920174.BJ,20250915,58.88,58.88,57.3,57.46,58.93,-1.47,-2.4945,24430.45,140876.973,1.2467,57.46,58.88,58.88,57.3
920174.BJ,20250916,57.78,57.78,56.0,56.29,57.46,-1.17,-2.0362,23407.2,131988.037,1.2467,56.28999999999999,57.78,57.78,55.99999999999999
920174.BJ,20250917,56.03,57.12,56.03,56.49,56.29,0.2,0.3553,19151.36,108285.682,1.2467,56.49,56.03,57.12,56.03
920174.BJ,20250918,56.4,57.37,56.0,56.28,56.49,-0.21,-0.3717,25327.87,143598.019,1.2467,56.28,56.4,57.370000000000005,55.99999999999999
920174.BJ,20250919,56.3,66.6,56.08,62.79,56.28,6.51,11.5672,107319.94,669591.778,1.2467,62.790000000000006,56.3,66.6,56.08
920174.BJ,20250922,62.42,62.42,60.0,60.06,62.79,-2.73,-4.3478,49639.75,301015.308,1.2467,60.06,62.42,62.42,60.0
920174.BJ,20250923,60.5,64.95,59.4,63.68,60.06,3.62,6.0273,65116.26,410637.755,1.2467,63.68,60.5,64.95,59.4
920174.BJ,20250924,65.67,68.48,63.08,63.22,63.68,-0.46,-0.7224,66973.78,436979.982,1.2467,63.22,65.67,68.48,63.080000000000005
920174.BJ,20250925,62.8,64.39,61.88,62.68,63.22,-0.54,-0.8542,39365.99,248642.635,1.2467,62.68,62.8,64.39,61.88000000000001
920174.BJ,20250926,62.89,68.39,60.46,67.68,62.68,5.0,7.977,87804.88,572272.992,1.2467,67.68,62.89,68.39,60.46
920174.BJ,20250929,68.0,71.0,65.6,65.95,67.68,-1.73,-2.5561,60240.94,410314.798,1.2467,65.95,68.0,71.0,65.6
920174.BJ,20250930,68.11,68.99,62.0,62.05,65.95,-3.9,-5.9136,63158.65,405337.386,1.2467,62.05,68.11,68.99,62.00000000000001
920174.BJ,20251009,61.98,61.98,58.49,58.55,62.05,-3.5,-5.6406,51246.4,303573.53,1.2467,58.55,61.97999999999999,61.97999999999999,58.49
920174.BJ,20251010,58.01,60.24,58.0,58.38,58.55,-0.17,-0.2904,31404.01,185710.134,1.2467,58.38000000000001,58.010000000000005,60.24,58.0
920174.BJ,20251013,56.02,56.64,54.46,56.4,58.38,-1.98,-3.3916,28866.72,161137.86,1.2467,56.4,56.02000000000001,56.63999999999999,54.46
920174.BJ,20251014,56.95,57.88,55.55,55.71,56.4,-0.69,-1.2234,26986.03,153280.148,1.2467,55.71,56.95000000000001,57.88,55.55
920174.BJ,20251015,55.42,56.5,55.37,56.09,55.71,0.38,0.6821,18359.22,102523.273,1.2467,56.09,55.42,56.5,55.37
920174.BJ,20251016,55.84,56.48,53.58,53.83,56.09,-2.26,-4.0292,29216.19,159524.185,1.2467,53.83,55.84000000000001,56.48,53.57999999999999
920174.BJ,20251017,53.83,54.54,51.99,52.33,53.83,-1.5,-2.7866,21716.99,115394.057,1.2467,52.32999999999999,53.83,54.53999999999999,51.99
920174.BJ,20251020,52.6,53.2,52.38,53.05,52.33,0.72,1.3759,15898.36,83881.28,1.2467,53.05,52.6,53.2,52.38
920174.BJ,20251021,54.45,57.9,54.45,57.34,53.05,4.29,8.0867,55822.8,318159.87,1.2467,57.34,54.45,57.9,54.45
920174.BJ,20251022,59.0,68.4,59.0,61.16,57.34,3.82,6.662,103380.85,651305.087,1.2467,61.16,58.99999999999999,68.4,58.99999999999999
920174.BJ,20251023,58.68,60.0,56.4,56.8,61.16,-4.36,-7.1288,53186.32,306034.437,1.2467,56.8,58.67999999999999,60.0,56.4
920174.BJ,20251024,56.9,57.1,54.61,55.95,56.8,-0.85,-1.4965,34739.27,192914.854,1.2467,55.95,56.900000000000006,57.10000000000001,54.61
920174.BJ,20251027,55.2,57.85,55.1,56.88,55.95,0.93,1.6622,32767.46,184852.25,1.2467,56.88,55.20000000000001,57.85,55.1
920174.BJ,20251028,56.87,57.96,55.87,56.26,56.88,-0.62,-1.09,29243.06,166186.708,1.2467,56.260000000000005,56.870000000000005,57.96,55.87
920174.BJ,20251029,56.0,58.3,54.6,57.6,56.26,1.34,2.3818,41694.2,234440.745,1.2467,57.6,55.99999999999999,58.3,54.6
920174.BJ,20251030,56.8,58.85,56.6,57.02,57.6,-0.58,-1.0069,40651.43,235475.19,1.2467,57.02,56.8,58.85000000000001,56.6
920174.BJ,20251031,57.04,58.42,56.5,57.74,57.02,0.72,1.2627,29293.24,169099.497,1.2467,57.74000000000001,57.04,58.42,56.5
920174.BJ,20251103,56.0,56.0,53.85,54.01,57.74,-3.73,-6.46,42944.33,234052.404,1.2467,54.01,55.99999999999999,55.99999999999999,53.85
920174.BJ,20251104,54.0,54.85,52.98,53.15,54.01,-0.86,-1.5923,24074.42,129819.937,1.2467,53.15,54.0,54.85,52.98
920174.BJ,20251105,52.5,54.0,52.37,53.8,53.15,0.65,1.223,20250.92,108308.463,1.2467,53.8,52.49999999999999,54.0,52.37
920174.BJ,20251106,54.38,54.38,53.03,53.3,53.8,-0.5,-0.9294,17337.34,92491.828,1.2467,53.3,54.38,54.38,53.03
920174.BJ,20251107,53.08,53.66,52.7,52.75,53.3,-0.55,-1.0319,18405.02,97606.477,1.2467,52.75,53.080000000000005,53.66,52.7
920174.BJ,20251110,53.45,53.45,52.6,53.23,52.75,0.48,0.91,16337.94,86632.804,1.2467,53.23,53.45000000000001,53.45000000000001,52.6
920174.BJ,20251111,52.87,53.66,52.62,52.82,53.23,-0.41,-0.7702,16328.38,86426.45,1.2467,52.81999999999999,52.87,53.66,52.61999999999999
920174.BJ,20251112,52.8,52.94,51.71,51.88,52.82,-0.94,-1.7796,15462.42,80731.492,1.2467,51.88000000000001,52.8,52.93999999999999,51.71
920174.BJ,20251113,51.89,53.12,51.88,52.63,51.88,0.75,1.4456,16682.65,87888.822,1.2467,52.63,51.89,53.12,51.88000000000001
920174.BJ,20251114,52.37,53.12,52.35,52.7,52.63,0.07,0.133,13946.4,73656.187,1.2467,52.7,52.37,53.12,52.35
920174.BJ,20251117,52.71,53.26,51.95,53.01,52.7,0.31,0.5882,15387.81,81069.126,1.2467,53.01,52.71,53.25999999999999,51.95
920174.BJ,20251118,52.95,52.96,51.39,51.45,53.01,-1.56,-2.9428,17762.84,92138.437,1.2467,51.45,52.95,52.96000000000001,51.38999999999999
920174.BJ,20251119,51.95,51.95,49.66,49.8,51.45,-1.65,-3.207,19594.32,98543.197,1.2467,49.8,51.95,51.95,49.66
920174.BJ,20251120,49.86,50.8,49.86,50.03,49.8,0.23,0.4618,13917.7,69909.138,1.2467,50.03,49.86,50.8,49.86
920174.BJ,20251121,49.79,50.2,47.5,47.5,50.03,-2.53,-5.057,20859.84,101408.579,1.2467,47.5,49.79,50.2,47.5
920174.BJ,20251124,48.2,51.5,48.2,50.48,47.5,2.98,6.2737,29721.82,147588.895,1.2467,50.48,48.2,51.5,48.2
920174.BJ,20251125,50.0,50.31,49.08,49.25,50.48,-1.23,-2.4366,20210.82,100383.598,1.2467,49.25,50.0,50.31,49.08
920174.BJ,20251126,49.99,51.88,49.42,49.45,49.25,0.2,0.4061,25330.06,128434.139,1.2467,49.45,49.99,51.88000000000001,49.42
920174.BJ,20251127,48.66,48.67,47.9,47.99,49.45,-1.46,-2.9525,20157.21,97004.188,1.2467,47.99,48.66,48.67,47.9
920174.BJ,20251128,48.14,48.5,47.56,48.28,47.99,0.29,0.6043,12999.66,62470.657,1.2467,48.28,48.14,48.5,47.56
920174.BJ,20251201,48.02,48.6,48.02,48.55,48.28,0.27,0.5592,11110.95,53767.106,1.2467,48.55,48.02,48.6,48.02
920174.BJ,20251202,49.2,50.8,49.1,49.22,48.55,0.67,1.38,27171.79,135782.473,1.2467,49.22,49.2,50.8,49.1
920174.BJ,20251203,49.56,50.39,49.08,50.08,49.22,0.86,1.7473,21374.74,106352.868,1.2467,50.08,49.56,50.39,49.08
920174.BJ,20251204,50.16,50.16,49.06,49.1,50.08,-0.98,-1.9569,13073.1,64492.519,1.2467,49.1,50.16,50.16,49.06
920174.BJ,20251205,49.36,50.15,48.98,50.07,49.1,0.97,1.9756,13661.3,67999.278,1.2467,50.07,49.36,50.15,48.98
920174.BJ,20251208,50.05,50.31,49.56,49.93,50.07,-0.14,-0.2796,14069.07,70122.142,1.2467,49.93,50.05,50.31,49.56
920174.BJ,20251209,50.15,50.3,48.05,48.25,49.93,-1.68,-3.3647,19684.45,96178.492,1.2467,48.25,50.15,50.3,48.05
920174.BJ,20251210,48.22,48.52,47.52,48.05,48.25,-0.2,-0.4145,13521.58,64809.272,1.2467,48.05,48.22,48.52,47.52
920174.BJ,20251211,47.98,50.15,47.5,48.95,48.05,0.9,1.873,26103.04,127653.394,1.2467,48.95,47.98,50.15,47.5
920174.BJ,20251212,48.52,48.88,47.84,48.43,48.95,-0.52,-1.0623,18164.59,88055.613,1.2467,48.43,48.52,48.88,47.84
920174.BJ,20251215,48.06,48.66,47.66,47.78,48.43,-0.65,-1.3421,12820.74,61459.27,1.2467,47.78,48.06,48.66,47.66
920174.BJ,20251216,48.02,48.98,47.8,47.94,47.78,0.16,0.3349,14933.3,72251.66,1.2467,47.94,48.02,48.98,47.8
920174.BJ,20251217,47.72,48.35,47.52,48.27,47.94,0.33,0.6884,13273.04,63535.252,1.2467,48.27,47.72,48.35,47.52
920174.BJ,20251218,48.0,48.39,47.8,47.87,48.27,-0.4,-0.8287,10029.95,48227.18,1.2467,47.87,48.0,48.39,47.8
920174.BJ,20251219,48.0,48.93,48.0,48.31,47.87,0.44,0.9192,13451.34,65203.136,1.2467,48.31,48.0,48.93,48.0
920174.BJ,20251222,50.38,51.95,49.65,49.65,48.31,1.34,2.7738,32990.05,167176.007,1.2467,49.65,50.38,51.95,49.65
920174.BJ,20251223,49.02,51.86,49.02,50.51,49.65,0.86,1.7321,33222.25,169219.559,1.2467,50.51,49.02,51.85999999999999,49.02
920174.BJ,20251224,50.9,50.9,49.5,49.95,50.51,-0.56,-1.1087,18326.07,91234.777,1.2467,49.95,50.9,50.9,49.5
920174.BJ,20251225,49.7,50.44,49.0,49.35,49.95,-0.6,-1.2012,17861.82,88125.014,1.2467,49.35,49.7,50.44,49.0
920174.BJ,20251226,49.52,49.52,48.85,49.51,49.35,0.16,0.3242,16631.7,81870.732,1.2467,49.51,49.52,49.52,48.85
920174.BJ,20251229,49.68,49.88,48.08,48.16,49.51,-1.35,-2.7267,17923.72,87230.124,1.2467,48.16,49.68,49.88,48.08
920174.BJ,20251230,48.55,49.37,48.22,48.45,48.16,0.29,0.6022,14533.65,71023.833,1.2467,48.45,48.55,49.37,48.22
920174.BJ,20251231,48.8,48.81,48.11,48.34,48.45,-0.11,-0.227,8976.54,43481.831,1.2467,48.34,48.8,48.81,48.11
920174.BJ,20260105,48.79,48.79,47.9,48.21,48.34,-0.13,-0.2689,13698.8,65943.784,1.2467,48.21,48.79,48.79,47.9
920174.BJ,20260106,48.21,48.67,48.03,48.67,48.21,0.46,0.9542,14928.11,72210.08,1.2467,48.67,48.21,48.67,48.03
920174.BJ,20260107,48.81,49.97,48.7,49.44,48.67,0.77,1.5821,20760.81,102582.951,1.2467,49.44,48.81,49.97,48.7
920174.BJ,20260108,49.7,49.7,49.04,49.26,49.44,-0.18,-0.3641,16668.36,82235.33,1.2467,49.26,49.7,49.7,49.04
920174.BJ,20260109,49.49,49.68,48.88,49.13,49.26,-0.13,-0.2639,19493.15,95765.314,1.2467,49.13,49.49,49.68,48.88
920174.BJ,20260112,49.16,49.69,48.41,49.69,49.13,0.56,1.1398,29760.44,145927.358,1.2467,49.69,49.16,49.69,48.41
920174.BJ,20260113,49.58,50.99,48.81,50.15,49.69,0.46,0.9257,34462.79,173303.412,1.2467,50.15,49.58,50.99,48.81
920174.BJ,20260114,50.15,50.15,48.91,49.25,50.15,-0.9,-1.7946,30304.63,149873.644,1.2467,49.25,50.15,50.15,48.91
920174.BJ,20260115,49.05,49.48,48.7,48.85,49.25,-0.4,-0.8122,18029.79,88371.084,1.2467,48.85,49.05,49.48,48.7
920174.BJ,20260116,48.73,50.89,48.73,49.89,48.85,1.04,2.129,37354.04,187387.242,1.2467,49.89,48.73,50.89,48.73
920174.BJ,20260119,50.0,51.0,49.62,49.91,49.89,0.02,0.0401,20884.44,104880.826,1.2467,49.91,50.0,51.0,49.62
920174.BJ,20260120,49.72,50.07,49.03,49.3,49.91,-0.61,-1.2222,16403.84,80934.757,1.2467,49.3,49.72,50.07,49.03
920174.BJ,20260121,49.3,49.3,48.66,49.0,49.3,-0.3,-0.6085,17641.77,86318.782,1.2467,49.0,49.3,49.3,48.66
920174.BJ,20260122,49.34,49.9,48.69,48.97,49.0,-0.03,-0.0612,15835.93,77763.013,1.2467,48.97,49.34,49.9,48.69
920174.BJ,20260123,48.98,49.45,48.79,49.21,48.97,0.24,0.4901,14209.49,69891.657,1.2467,49.21,48.98,49.45,48.79
920174.BJ,20260126,48.87,49.2,47.96,47.98,49.21,-1.23,-2.4995,18998.65,91949.811,1.2467,47.98,48.87,49.2,47.96
920174.BJ,20260127,47.83,47.98,46.0,47.2,47.98,-0.78,-1.6257,21720.84,101745.997,1.2467,47.2,47.83,47.98,46.0
920174.BJ,20260128,47.18,47.78,46.76,47.21,47.2,0.01,0.0212,11891.45,56164.501,1.2467,47.21,47.18,47.78,46.76
920174.BJ,20260129,46.8,47.74,46.46,47.43,47.21,0.22,0.466,18683.63,87927.476,1.2467,47.43,46.8,47.74,46.46
920174.BJ,20260130,47.12,47.18,46.21,46.34,47.43,-1.09,-2.2981,13706.66,63857.666,1.2467,46.34,47.12,47.18,46.21
920174.BJ,20260202,46.19,46.46,45.41,45.8,46.34,-0.54,-1.1653,14741.26,67538.391,1.2467,45.8,46.19,46.46,45.41
920174.BJ,20260203,45.88,46.56,45.21,46.32,45.8,0.52,1.1354,17039.58,78199.877,1.2467,46.32,45.88,46.56,45.21
920174.BJ,20260204,46.25,47.5,45.82,46.92,46.32,0.6,1.2953,17202.36,80585.848,1.2467,46.92,46.25,47.5,45.82
920174.BJ,20260205,46.66,49.49,46.51,47.14,46.92,0.22,0.4689,36883.29,178505.9,1.2467,47.14,46.66,49.49,46.51
920174.BJ,20260206,47.11,48.18,46.66,46.69,47.14,-0.45,-0.9546,19024.18,89959.725,1.2467,46.69,47.11,48.18,46.66
920174.BJ,20260209,46.76,48.44,46.76,47.95,46.69,1.26,2.6987,21449.49,102768.236,1.2467,47.95,46.76,48.44,46.76
920174.BJ,20260210,48.3,48.3,47.43,47.9,47.95,-0.05,-0.1043,11227.41,53628.066,1.2467,47.9,48.3,48.3,47.43
920174.BJ,20260211,47.62,48.35,47.07,47.08,47.9,-0.82,-1.7119,8742.71,41529.848,1.2467,47.08,47.62,48.35,47.07
920174.BJ,20260212,47.0,47.27,46.39,46.39,47.08,-0.69,-1.4656,9558.82,44648.922,1.2467,46.39,47.0,47.27,46.39
920174.BJ,20260213,46.51,46.74,46.15,46.22,46.39,-0.17,-0.3665,6960.92,32348.538,1.2467,46.22,46.51,46.74,46.15
920174.BJ,20260224,46.53,46.8,46.01,46.36,46.22,0.14,0.3029,9154.03,42484.162,1.2467,46.36,46.53,46.8,46.01
920174.BJ,20260225,46.34,46.49,46.01,46.18,46.36,-0.18,-0.3883,8311.91,38368.483,1.2467,46.18,46.34,46.49,46.01
920174.BJ,20260226,46.52,46.52,45.81,45.88,46.18,-0.3,-0.6496,8304.3,38207.19,1.2467,45.88,46.52,46.52,45.81
920174.BJ,20260227,46.35,46.35,45.56,45.7,45.88,-0.18,-0.3923,7860.33,35981.394,1.2467,45.7,46.35,46.35,45.56
920174.BJ,20260302,45.04,45.29,44.55,44.55,45.7,-1.15,-2.5164,12588.44,56426.769,1.2467,44.55,45.04,45.29,44.55
920174.BJ,20260303,44.82,46.59,43.8,45.04,44.55,0.49,1.0999,32860.2,149206.587,1.2467,45.04,44.82,46.59,43.8
920174.BJ,20260304,44.4,45.17,43.8,43.81,45.04,-1.23,-2.7309,15634.98,69201.654,1.2467,43.81,44.4,45.17,43.8
920174.BJ,20260305,44.39,44.8,43.8,43.87,43.81,0.06,0.137,11850.45,52336.447,1.2467,43.87,44.39,44.8,43.8
920174.BJ,20260306,43.98,44.43,43.48,44.08,43.87,0.21,0.4787,8655.22,38028.325,1.2467,44.08,43.98,44.43,43.48
920174.BJ,20260309,43.7,43.8,42.05,42.2,44.08,-1.88,-4.265,14392.78,61364.399,1.2467,42.2,43.7,43.8,42.05
920174.BJ,20260310,42.49,43.3,42.24,42.85,42.2,0.65,1.5403,8807.41,37789.346,1.2467,42.85,42.49,43.3,42.24
920174.BJ,20260311,42.96,43.57,42.81,43.3,42.85,0.45,1.0502,8785.11,38031.522,1.2467,43.3,42.96,43.57,42.81
920174.BJ,20260312,43.5,43.56,42.0,42.16,43.3,-1.14,-2.6328,9753.58,41569.49,1.2467,42.16,43.5,43.56,42.0
920174.BJ,20260313,42.5,43.09,42.04,42.54,42.16,0.38,0.9013,9891.9,42106.329,1.2467,42.54,42.5,43.09,42.04
920174.BJ,20260316,42.56,42.96,41.33,41.45,42.54,-1.09,-2.5623,9944.15,41569.154,1.2467,41.45,42.56,42.96,41.33
920174.BJ,20260317,41.85,41.86,40.15,40.19,41.45,-1.26,-3.0398,9711.17,39780.555,1.2467,40.19,41.85,41.86,40.15
920174.BJ,20260318,40.4,40.69,39.72,39.93,40.19,-0.26,-0.6469,9975.46,39935.982,1.2467,39.93,40.4,40.69,39.72
920174.BJ,20260319,39.8,40.09,38.25,38.34,39.93,-1.59,-3.982,13403.19,52148.352,1.2467,38.34,39.8,40.09,38.25
920174.BJ,20260320,38.5,39.47,38.19,38.41,38.34,0.07,0.1826,14066.15,54603.631,1.2467,38.41,38.5,39.47,38.19
920174.BJ,20260323,38.24,38.24,34.85,35.29,38.41,-3.12,-8.1229,16359.29,59201.861,1.2467,35.29,38.24,38.24,34.85
920174.BJ,20260324,35.82,36.29,35.34,36.24,35.29,0.95,2.692,11926.1,42777.639,1.2467,36.24,35.82,36.29,35.34
920174.BJ,20260325,36.5,36.98,36.44,36.78,36.24,0.54,1.4901,8596.51,31625.078,1.2467,36.78,36.5,36.98,36.44
920174.BJ,20260326,36.97,37.38,36.1,36.13,36.78,-0.65,-1.7673,11261.61,41394.022,1.2467,36.13,36.97,37.38,36.1
920174.BJ,20260327,36.0,36.34,35.57,35.87,36.13,-0.26,-0.7196,7564.67,27155.347,1.2467,35.87,36.0,36.34,35.57
920174.BJ,20260330,35.4,38.89,35.38,37.42,35.87,1.55,4.3212,22761.76,84895.597,1.2467,37.42,35.4,38.89,35.38
920174.BJ,20260331,37.29,40.97,37.0,39.32,37.42,1.9,5.0775,45496.51,181357.498,1.2467,39.32,37.29,40.97,37.0
920174.BJ,20260401,41.5,41.9,38.46,38.8,39.32,-0.52,-1.3225,27413.39,108146.286,1.2467,38.8,41.5,41.9,38.46
920174.BJ,20260402,38.47,39.48,38.06,38.88,38.8,0.08,0.2062,17565.22,68442.988,1.2467,38.88,38.47,39.48,38.06
920174.BJ,20260403,39.28,40.23,38.81,40.04,38.88,1.16,2.9835,23593.45,93517.916,1.2467,40.04,39.28,40.23,38.81
920174.BJ,20260407,40.22,40.4,38.1,38.86,40.04,-1.18,-2.9471,20184.22,78815.041,1.2467,38.86,40.22,40.4,38.1
